-179769313486231570000000000000000000000000000000000000000000000000000000000000000000000000000000000000000000000000000000000000000000000000000000000000000000000000000000000000000000000000000000000000000000000000000000000000000000000000000000000000000000000000000000000000000000000000000000000000000000000000000	0
1.2000000000000002	0
1.2033333333333331	0.0003304270635102774
1.206666666666666	0.000663598457951437
1.211666666666666	0.0011685524543804584
1.2191666666666663	0.0019379102262972894
1.2304166666666667	0.003119624772834121
1.2472916666666665	0.00495754828109865
1.2726041666666665	0.007873150153444818
1.3105729166666666	0.012646554704782374
1.3675260416666664	0.02086522650542261
1.452955729166666	0.03610214731282521
1.5529557291666656	0.059615074958991404
1.6529557291666652	0.09119042248725795
1.7529557291666649	0.13333114981157462
1.8529557291666645	0.1890248949323191
1.9529557291666642	0.261757200997554
2.052955729166664	0.35460422989548207
2.1529557291666634	0.46718401709550417
2.252955729166663	0.5983803967164761
2.3529557291666627	0.7469543758922885
2.4529557291666624	0.9117183468752628
2.552955729166662	1.0915922408481928
2.6529557291666617	1.2856104420925838
2.7529557291666613	1.4929095588308514
2.852955729166661	1.7127153872110135
2.9529557291666606	1.9443282415947092
3.0529557291666602	2.187112736796719
3.15295572916666	2.440486946566433
3.2529557291666595	2.70391532809359
3.352955729166659	2.976902341670813
3.452955729166659	3.258987177444476
3.5529557291666585	3.5497389448846457
3.652955729166658	3.848753965997413
3.75	4.447794895254308
179769313486231570000000000000000000000000000000000000000000000000000000000000000000000000000000000000000000000000000000000000000000000000000000000000000000000000000000000000000000000000000000000000000000000000000000000000000000000000000000000000000000000000000000000000000000000000000000000000000000000000000	4.447794895254308
