-179769313486231570000000000000000000000000000000000000000000000000000000000000000000000000000000000000000000000000000000000000000000000000000000000000000000000000000000000000000000000000000000000000000000000000000000000000000000000000000000000000000000000000000000000000000000000000000000000000000000000000000	0
0	0
0.0033333333333334103	0.0009349617463810554
0.006666666666666821	0.001869266982094963
0.011666666666666714	0.0032694842640160777
0.019166666666666554	0.005366992533902948
0.030416666666666536	0.00850712940715664
0.04729166666666673	0.013204922253580898
0.0726041666666668	0.020226430527550646
0.11057291666666691	0.030712815156127095
0.16752604166666707	0.04637767539835978
0.2529557291666671	0.06986547242619696
0.3529557291666672	0.09764086058414961
0.45295572916666726	0.12612279288755807
0.5529557291666674	0.15576701675319285
0.652955729166667	0.18706397625420798
0.7529557291666666	0.22054124614900997
0.8529557291666663	0.2567663262746521
0.9529557291666659	0.29635080432209154
1.0529557291666656	0.33995676867725483
1.1529557291666652	0.3883054797637893
1.2529557291666649	0.4421904612725866
1.3529557291666645	0.5024956690432153
1.4529557291666642	0.5702240626115461
1.5529557291666638	0.6465397872865674
1.6529557291666634	0.732835144175636
1.752955729166663	0.8308428938230693
1.8529557291666627	0.942836370236804
1.9529557291666624	1.071459657002862
2.052955729166662	1.216994711423782
2.1529557291666617	1.3789019053138876
2.2529557291666613	1.5564161824892757
2.352955729166661	1.7486793427040426
2.4529557291666606	1.9548465699365356
2.5529557291666602	2.1741271484520293
2.65295572916666	2.405795075770962
2.7529557291666595	2.6491863560011786
2.852955729166659	2.767567740014647
2.952955729166659	2.767567740014647
3.0529557291666585	2.767567740014647
3.152955729166658	2.767567740014647
3.2529557291666578	2.767567740014647
3.3529557291666574	2.767567740014647
3.452955729166657	2.767567740014647
3.5529557291666567	2.767567740014647
3.6529557291666563	2.767567740014647
3.75	2.767567740014647
179769313486231570000000000000000000000000000000000000000000000000000000000000000000000000000000000000000000000000000000000000000000000000000000000000000000000000000000000000000000000000000000000000000000000000000000000000000000000000000000000000000000000000000000000000000000000000000000000000000000000000000	2.767567740014647
