-179769313486231570000000000000000000000000000000000000000000000000000000000000000000000000000000000000000000000000000000000000000000000000000000000000000000000000000000000000000000000000000000000000000000000000000000000000000000000000000000000000000000000000000000000000000000000000000000000000000000000000000	0
2.7823819556698277	0
2.7857152890031607	0.00000012443667801374342
2.7890486223364936	0.0000009954934241216974
2.7940486223364935	0.000005335222569916411
2.801548622336494	0.00002359052819105544
2.8127986223364942	0.00009337940421134484
2.829673622336494	0.0003458514566430619
2.854986122336494	0.0012245467283545624
2.892954872336494	0.004195131432364501
2.949907997336494	0.013765315493260865
3.0353376848364935	0.03962661021912522
3.135337684836493	0.08542522558271498
3.2353376848364928	0.1463091917879561
3.3353376848364924	0.22105068451043722
3.435337684836492	0.30870913507696934
3.5353376848364917	0.4085172736388194
3.6353376848364913	0.5198230474004075
3.735337684836491	0.6420566382541264
3.75	0.6797888508893869
179769313486231570000000000000000000000000000000000000000000000000000000000000000000000000000000000000000000000000000000000000000000000000000000000000000000000000000000000000000000000000000000000000000000000000000000000000000000000000000000000000000000000000000000000000000000000000000000000000000000000000000	0.6797888508893869
