-100000	0
1.0999999999912689	0
1.1033333333246023	0.03255999991876294
1.1083333333246022	0.08139999991875821
1.1158333333246022	0.1546599999187592
1.1270833333246022	0.26454999991876016
1.1439583333246022	0.4293849999187597
1.1692708333246022	0.6766374999187573
1.2072395833246023	1.0475162499187598
1.2641927083246023	1.6038343749187605
1.3496223958246023	2.4383115624187703
1.4496223958246024	3.4151115624187884
1.5496223958246025	4.391911562418814
1.6496223958246026	5.368711562418845
1.7496223958246027	6.3455115624188885
1.8496223958246027	7.322311562418938
1.9496223958246028	8.299111562418993
2.0496223958246027	9.275911562419058
2.149622395824603	10.252711562419126
2.249622395824603	11.229511562419209
2.349622395824603	12.206311562419302
2.449622395824603	13.183111562419395
2.549622395824603	14.159911562419502
2.6496223958246032	15.136711562419602
2.7496223958246033	16.113511562419728
2.8496223958246034	17.090311562419856
2.9496223958246035	18.067111562419992
3.0496223958246036	19.043911562420135
3.1496223958246037	20.02071156242028
3.2496223958246038	20.997511562420442
3.349622395824604	21.974311562420606
3.449622395824604	22.95111156242078
3.549622395824604	23.927911562420974
3.649622395824604	24.90471156242116
3.749622395824604	25.881511562421363
3.8496223958246043	26.858311562421555
3.9496223958246044	27.83511156242177
4.0496223958246045	28.81191156242199
4.149622395824604	29.78871156242221
4.249622395824604	30.76551156242245
4.349622395824603	31.7423115624227
4.449622395824603	32.71911156242295
4.549622395824603	33.695911562423206
4.649622395824602	34.672711562423444
4.749622395824602	35.649511562423726
4.849622395824602	36.62631156242401
4.949622395824601	37.60311156242429
5.049622395824601	38.579911562424584
5.149622395824601	39.556711562424894
5.2496223958246	40.533511562425204
5.3496223958246	41.51031156242553
5.4496223958245995	42.48711156242586
5.549622395824599	43.46391156242618
5.649622395824599	44.44071156242653
5.749622395824598	45.41751156242688
5.849622395824598	46.39431156242723
5.949622395824598	47.37111156242759
6.049622395824597	48.347911562427974
6.149622395824597	49.324711562428355
6.249622395824597	50.30151156242876
6.349622395824596	51.278311562429145
6.449622395824596	52.25511156242955
6.549622395824596	53.23191156242983
6.649622395824595	54.20871156243025
6.749622395824595	55.18551156243065
6.8496223958245945	56.16231156243104
6.949622395824594	57.139111562431374
7.049622395824594	58.1159115624317
7.1496223958245935	59.09271156243201
7.249622395824593	60.06951156243231
7.349622395824593	61.046311562432585
7.449622395824592	62.02311156243283
7.549622395824592	62.99991156243307
7.649622395824592	63.976711562433266
7.749622395824591	64.95351156243346
7.849622395824591	65.93031156243362
7.949622395824591	66.90711156243378
8.04962239582459	67.88391156243392
8.14962239582459	68.86071156243406
8.24962239582459	69.83751156243413
8.34962239582459	70.81431156243421
8.449622395824589	71.79111156243427
8.549622395824588	72.76791156243432
8.649622395824588	73.74471156243435
8.749622395824588	74.72151156243439
8.849622395824587	75.69831156243437
8.949622395824587	76.67511156243438
9.049622395824587	77.65191156243439
9.149622395824586	78.62871156243435
9.249622395824586	79.60551156243437
9.349622395824586	80.5823115624343
9.449622395824585	81.55911156243432
9.549622395824585	82.5359115624343
9.649622395824585	83.51271156243428
9.749622395824584	84.48951156243429
9.849622395824584	85.46631156243421
9.949622395824584	86.44311156243425
10.049622395824583	87.41991156243427
10.149622395824583	88.39671156243422
10.249622395824582	89.37351156243422
10.349622395824582	90.35031156243426
10.449622395824582	91.3271115624342
10.549622395824581	92.30391156243421
10.649622395824581	93.28071156243415
10.74962239582458	94.25751156243412
10.84962239582458	95.23431156243409
10.94962239582458	96.21111156243406
11.04962239582458	97.1879115624341
11.14962239582458	98.16471156243412
11.249622395824579	99.1415115624341
11.349622395824579	100.1183115624341
11.449622395824578	101.09511156243406
11.549622395824578	102.07191156243408
11.649622395824577	103.04871156243411
11.749622395824577	104.02551156243395
11.849622395824577	105.00231156243407
11.905	105.54324000001951
1000011.905	105.54324000001951
