-100000	0
1.0999999999912689	0
1.1033333333246023	0.03799069893695181
1.1083333333246022	0.09499186178956419
1.1158333333246022	0.18052758316092835
1.1270833333246022	0.3089075120628931
1.1439583333246022	0.5016488428728044
1.1692708333246022	0.7911454159294902
1.2072395833246023	1.2262516670609327
1.2641927083246023	1.880835990814049
1.3496223958246023	2.8669991115779943
1.4496223958246024	4.027799171162924
1.5496223958246025	5.195433349355017
1.6496223958246026	6.369779948164106
1.7496223958246027	7.550717269599968
1.8496223958246027	8.712119361526184
1.9496223958246028	9.86307287851358
2.0496223958246027	11.011418541475008
2.149622395824603	12.157168924056439
2.249622395824603	13.300336599903952
2.349622395824603	14.440934142663453
2.449622395824603	15.578974125981016
2.549622395824603	16.714469123502678
2.6496223958246032	17.84743170887438
2.7496223958246033	18.97787445574221
2.8496223958246034	20.10580993775207
2.9496223958246035	21.231250728550094
3.0496223958246036	22.354209401782114
3.1496223958246037	23.47469853109437
3.2496223958246038	24.592730690132743
3.349622395824604	25.70831845254319
3.449622395824604	26.821474391971833
3.549622395824604	27.93221108206461
3.649622395824604	29.04054109646757
3.749622395824604	30.146477008826594
3.8496223958246043	31.25003139278794
3.9496223958246044	32.35121682199746
4.0496223958246045	33.45004587010111
4.149622395824604	34.546531110745065
4.249622395824604	35.64068511757516
4.349622395824603	36.732520464237524
4.449622395824603	37.82204972437809
4.549622395824603	38.90928547164289
4.649622395824602	39.99424027967799
4.749622395824602	41.07692672212932
4.849622395824602	42.15735737264301
4.949622395824601	43.23554480486491
5.049622395824601	44.31150159244113
5.149622395824601	45.38524030901761
5.2496223958246	46.456773528240404
5.3496223958246	47.52611382375549
5.4496223958245995	48.59327376920903
5.549622395824599	49.65826593824692
5.649622395824599	50.721102904515014
5.749622395824598	51.781797241659625
5.849622395824598	52.840361523326436
5.949622395824598	53.89680832316163
6.049622395824597	54.951150214811264
6.149622395824597	56.003399771921366
6.249622395824597	57.05356956813787
6.349622395824596	58.10167217710668
6.449622395824596	59.14772017247402
6.549622395824596	60.19172612788577
6.649622395824595	61.21882395146268
6.749622395824595	62.282588272340305
6.8496223958245945	63.3448946725686
6.949622395824594	64.40573977027371
7.049622395824594	65.46512018358233
7.1496223958245935	66.5230325306203
7.249622395824593	67.57947342951407
7.349622395824593	68.6344394983898
7.449622395824592	69.68792735537374
7.549622395824592	70.73993361859237
7.649622395824592	71.79045490617153
7.749622395824591	72.8394878362376
7.849622395824591	73.88702902691712
7.949622395824591	74.93307509633603
8.04962239582459	75.97762266262052
8.14962239582459	77.02066834389724
8.24962239582459	78.06220875829209
8.34962239582459	79.10224052393123
8.449622395824589	80.14076025894138
8.549622395824588	81.17776458144839
8.649622395824588	82.21325010957852
8.749622395824588	83.24721346145817
8.849622395824587	84.27965125521358
8.949622395824587	85.31056010897088
9.049622395824587	86.33993664085656
9.149622395824586	87.36777746899642
9.249622395824586	88.39407921151724
9.349622395824586	89.418838486545
9.449622395824585	90.4420519122057
9.549622395824585	91.46371610662598
9.649622395824585	92.48382768793209
9.749622395824584	93.50238327425004
9.849622395824584	94.51937948370612
9.949622395824584	95.53481293442665
10.049622395824583	96.54868024453788
10.149622395824583	97.56097803216605
10.249622395824582	98.57170291543741
10.349622395824582	99.58085151247818
10.449622395824582	100.58842044141475
10.549622395824581	101.59440632037297
10.649622395824581	102.5988057674795
10.74962239582458	103.60161540086061
10.84962239582458	104.60283183864205
10.94962239582458	105.60245169895056
11.04962239582458	106.60047159991247
11.14962239582458	107.59688815965352
11.249622395824579	108.59169799630014
11.349622395824579	109.58489772797896
11.449622395824578	110.5764839728158
11.549622395824578	111.56645334893699
11.649622395824577	112.55480247446884
11.749622395824577	113.54152796753763
11.849622395824577	114.5266264462697
11.905	116.53732750003093
1000011.905	116.53732750003093
