-179769313486231570000000000000000000000000000000000000000000000000000000000000000000000000000000000000000000000000000000000000000000000000000000000000000000000000000000000000000000000000000000000000000000000000000000000000000000000000000000000000000000000000000000000000000000000000000000000000000000000000000	0
0.0000000000000004440892098500626	0
0.0033333333333338544	0.02684531216487131
0.006666666666667265	0.0536906243294857
0.011666666666667158	0.09395859257592379
0.01916666666666722	0.1543605449444988
0.030416666666667203	0.24496347349492176
0.047291666666667176	0.38086786631506897
0.07260416666666725	0.5847244555329447
0.11057291666666735	0.8905093393319797
0.1675260416666673	1.3491866649680286
0.2529557291666673	2.0372026532814735
0.3529557291666674	2.8425620175309323
0.4529557291666675	3.647921381549164
0.5529557291666676	4.453280745336168
0.6529557291666677	5.258640108891946
0.7529557291666678	6.063999472216496
0.8529557291666678	6.869358835309819
0.9529557291666677	7.674718198171912
1.0529557291666678	8.48007756080278
1.1529557291666679	9.285436923207913
1.252955729166668	10.090796285453804
1.352955729166668	10.896155647643058
1.4529557291666682	11.70151500982984
1.5529557291666682	12.506874372016624
1.6529557291666683	13.312233734203406
1.7529557291666684	14.11759309639019
1.8529557291666685	14.922952458576972
1.9529557291666686	15.728311820763755
2.0529557291666687	16.53367118295054
2.1529557291666688	17.339030545137323
2.252955729166669	18.144389907324108
2.352955729166669	18.949749269510892
2.452955729166669	19.755108631697677
2.552955729166669	20.560467993884462
2.652955729166669	21.365827356071247
2.7529557291666693	22.17118671825803
2.8529557291666694	22.976546080444816
2.9529557291666695	23.7819054426316
3.052955729166669	24.587264804818382
3.1529557291666688	25.392624167005163
3.2529557291666684	26.197983529191944
3.352955729166668	27.003342891378725
3.4529557291666677	27.808702253565507
3.5529557291666674	28.614061615752288
3.652955729166667	29.41942097793907
3.7529557291666666	30.22478034012585
3.8529557291666663	31.03013970231263
3.952955729166666	31.835499064499412
4.052955729166666	32.640858426686194
4.152955729166665	33.44621778887297
4.252955729166665	34.25157715105975
4.3529557291666645	35.05693651324653
4.452955729166664	35.862295875433304
4.552955729166664	36.66765523762008
4.6529557291666634	37.47301459980686
4.752955729166663	38.27837396199364
4.852955729166663	39.083733324180415
4.952955729166662	39.88909268636719
5.052955729166662	40.69445204855397
5.152955729166662	41.49981141074075
5.252955729166661	42.37367112985377
5.352955729166661	43.35047112985376
5.452955729166661	44.32727112985375
5.55295572916666	45.30407112985374
5.65295572916666	46.28087112985373
5.7529557291666595	47.25767112985372
5.852955729166659	48.23447112985371
5.952955729166659	49.2112711298537
6.0529557291666585	50.18807112985369
6.152955729166658	51.16487112985368
6.252955729166658	52.14167112985367
6.352955729166657	53.11847112985366
6.452955729166657	54.09527112985365
6.552955729166657	55.07207112985364
6.652955729166656	56.04887112985363
6.752955729166656	57.02567112985362
6.852955729166656	58.00247112985361
6.952955729166655	58.9792711298536
7.052955729166655	59.95607112985359
7.152955729166655	60.93287112985358
7.252955729166654	61.90967112985357
7.352955729166654	62.88647112985356
7.4529557291666535	63.86327112985355
7.552955729166653	64.84007112985354
7.652955729166653	65.81687112985352
7.752955729166652	66.79367112985351
7.852955729166652	67.77047112985349
7.952955729166652	68.74727112985347
8.052955729166651	69.72407112985346
8.152955729166651	70.70087112985344
8.25295572916665	71.67767112985342
8.35295572916665	72.6544711298534
8.45295572916665	73.63127112985339
8.55295572916665	74.60807112985337
8.65295572916665	75.58487112985335
8.752955729166649	76.56167112985334
8.852955729166649	77.53847112985332
8.952955729166648	78.5152711298533
9.052955729166648	79.49207112985329
9.152955729166647	80.46887112985327
9.252955729166647	81.44567112985325
9.352955729166647	82.42247112985324
9.452955729166646	83.39927112985322
9.552955729166646	84.3760711298532
9.652955729166646	85.35287112985318
9.752955729166645	86.32967112985317
9.852955729166645	87.30647112985315
9.952955729166645	88.28327112985313
10.052955729166644	89.26007112985312
10.152955729166644	90.2368711298531
10.252955729166644	91.21367112985308
10.352955729166643	92.19047112985307
10.452955729166643	93.16727112985305
10.552955729166642	94.14407112985303
10.652955729166642	95.12087112985301
10.752955729166642	96.097671129853
10.805	97.11440800485347
179769313486231570000000000000000000000000000000000000000000000000000000000000000000000000000000000000000000000000000000000000000000000000000000000000000000000000000000000000000000000000000000000000000000000000000000000000000000000000000000000000000000000000000000000000000000000000000000000000000000000000000	97.11440800485347
