-179769313486231570000000000000000000000000000000000000000000000000000000000000000000000000000000000000000000000000000000000000000000000000000000000000000000000000000000000000000000000000000000000000000000000000000000000000000000000000000000000000000000000000000000000000000000000000000000000000000000000000000	0
0.0000000000000004440892098500626	0
0.0033333333333338544	0.024741397240543153
0.006666666666667265	0.04948279448082939
0.011666666666667158	0.08659489034077536
0.01916666666666722	0.14226303412961205
0.030416666666667203	0.22576524981042762
0.047291666666667176	0.3510185733261638
0.07260416666666725	0.5388985585874229
0.11057291666666735	0.820718536451533
0.1675260416666673	1.2434485031851947
0.2529557291666673	1.8775434531450585
0.3529557291666674	2.6197853696646742
0.4529557291666675	3.3620272859530624
0.5529557291666676	4.104269202010224
0.6529557291666677	4.846511117836158
0.7529557291666678	5.588753033430865
0.8529557291666678	6.330994948794344
0.9529557291666677	7.073236863926595
1.0529557291666678	7.81547877882762
1.1529557291666679	8.557720693497417
1.252955729166668	9.299962607935989
1.352955729166668	10.042204522143331
1.4529557291666682	10.784446436119447
1.5529557291666682	11.52668834986472
1.6529557291666683	12.26893026341472
1.7529557291666684	13.011172176868007
1.8529557291666685	13.753414090307652
1.9529557291666686	14.495656003747298
2.0529557291666687	15.237897917186944
2.1529557291666688	15.98013983062659
2.252955729166669	16.722381744066233
2.352955729166669	17.46462365750588
2.452955729166669	18.206865570945524
2.552955729166669	18.94910748438517
2.652955729166669	19.691349397824816
2.7529557291666693	20.43359131126446
2.8529557291666694	21.175833224704107
2.9529557291666695	21.918075138143752
3.052955729166669	22.660317051583394
3.1529557291666688	23.402558965023037
3.2529557291666684	24.14480087846268
3.352955729166668	24.88704279190232
3.4529557291666677	25.629284705341963
3.5529557291666674	26.371526618781605
3.652955729166667	27.113768532221247
3.7529557291666666	27.85601044566089
3.8529557291666663	28.59825235910053
3.952955729166666	29.340494272540173
4.052955729166666	30.082736185979815
4.152955729166665	30.824978099419457
4.252955729166665	31.5672200128591
4.3529557291666645	32.309461926298745
4.452955729166664	33.05170383973839
4.552955729166664	33.79394575317803
4.6529557291666634	34.53618766661767
4.752955729166663	35.27842958005731
4.852955729166663	36.020671493496955
4.952955729166662	36.7629134069366
5.052955729166662	37.50515532037624
5.152955729166662	38.24739723381588
5.252955729166661	39.083358541060086
5.352955729166661	40.0601585410601
5.452955729166661	41.03695854106011
5.55295572916666	42.01375854106012
5.65295572916666	42.99055854106013
5.7529557291666595	43.96735854106014
5.852955729166659	44.944158541060155
5.952955729166659	45.920958541060166
6.0529557291666585	46.89775854106018
6.152955729166658	47.87455854106019
6.252955729166658	48.8513585410602
6.352955729166657	49.82815854106021
6.452955729166657	50.80495854106022
6.552955729166657	51.781758541060235
6.652955729166656	52.758558541060246
6.752955729166656	53.73535854106026
6.852955729166656	54.71215854106027
6.952955729166655	55.68895854106028
7.052955729166655	56.66575854106029
7.152955729166655	57.6425585410603
7.252955729166654	58.619358541060315
7.352955729166654	59.596158541060326
7.4529557291666535	60.57295854106034
7.552955729166653	61.54975854106035
7.652955729166653	62.52655854106036
7.752955729166652	63.50335854106037
7.852955729166652	64.48015854106038
7.952955729166652	65.45695854106039
8.052955729166651	66.4337585410604
8.152955729166651	67.41055854106041
8.25295572916665	68.38735854106042
8.35295572916665	69.36415854106043
8.45295572916665	70.34095854106044
8.55295572916665	71.31775854106046
8.65295572916665	72.29455854106047
8.752955729166649	73.27135854106048
8.852955729166649	74.24815854106049
8.952955729166648	75.2249585410605
9.052955729166648	76.20175854106051
9.152955729166647	77.17855854106053
9.252955729166647	78.15535854106054
9.352955729166647	79.13215854106055
9.452955729166646	80.10895854106056
9.552955729166646	81.08575854106057
9.652955729166646	82.06255854106058
9.752955729166645	83.0393585410606
9.852955729166645	84.0161585410606
9.952955729166645	84.99295854106062
10.052955729166644	85.96975854106063
10.152955729166644	86.94655854106064
10.252955729166644	87.92335854106065
10.352955729166643	88.90015854106066
10.452955729166643	89.87695854106067
10.552955729166642	90.85375854106069
10.652955729166642	91.8305585410607
10.752955729166642	92.80735854106071
10.805	93.8240954160612
179769313486231570000000000000000000000000000000000000000000000000000000000000000000000000000000000000000000000000000000000000000000000000000000000000000000000000000000000000000000000000000000000000000000000000000000000000000000000000000000000000000000000000000000000000000000000000000000000000000000000000000	93.8240954160612
