-179769313486231570000000000000000000000000000000000000000000000000000000000000000000000000000000000000000000000000000000000000000000000000000000000000000000000000000000000000000000000000000000000000000000000000000000000000000000000000000000000000000000000000000000000000000000000000000000000000000000000000000	0
0.0000000000000004440892098500626	0
0.0033333333333338544	0.0032930000000000537
0.006666666666667265	0.006586000000000107
0.011666666666667158	0.011525499999999966
0.01916666666666722	0.018934749999999976
0.030416666666667203	0.03004862499999988
0.047291666666667176	0.04671943749999974
0.07260416666666725	0.07172565624999963
0.11057291666666735	0.10923498437499948
0.1675260416666673	0.16549897656249904
0.2529557291666673	0.24989496484374846
0.3529557291666674	0.3486849648437479
0.4529557291666675	0.44747496484374727
0.5529557291666676	0.5462649648437466
0.6529557291666677	0.645054964843746
0.7529557291666678	0.7438449648437454
0.8529557291666678	0.8426349648437448
0.9529557291666677	0.9414249648437439
1.0529557291666678	1.0402149648437433
1.1529557291666679	1.1390049648437428
1.252955729166668	1.2377949648437423
1.352955729166668	1.3365849648437418
1.4529557291666682	1.4353749648437413
1.5529557291666682	1.5341649648437408
1.6529557291666683	1.6329549648437403
1.7529557291666684	1.7317449648437397
1.8529557291666685	1.8305349648437392
1.9529557291666686	1.9293249648437387
2.0529557291666687	2.028114964843738
2.1529557291666688	2.1269049648437375
2.252955729166669	2.2256949648437367
2.352955729166669	2.324484964843736
2.452955729166669	2.4232749648437353
2.552955729166669	2.5220649648437345
2.652955729166669	2.620854964843734
2.7529557291666693	2.719644964843733
2.8529557291666694	2.8184349648437323
2.9529557291666695	2.9172249648437316
3.052955729166669	3.0160149648437304
3.1529557291666688	3.1148049648437293
3.2529557291666684	3.213594964843728
3.352955729166668	3.312384964843727
3.4529557291666677	3.4111749648437257
3.5529557291666674	3.5099649648437246
3.652955729166667	3.6087549648437234
3.7529557291666666	3.707544964843722
3.8529557291666663	3.806334964843721
3.952955729166666	3.90512496484372
4.052955729166666	4.003914964843719
4.152955729166665	4.102704964843718
4.252955729166665	4.201494964843717
4.3529557291666645	4.3002849648437165
4.452955729166664	4.399074964843716
4.552955729166664	4.497864964843715
4.6529557291666634	4.596654964843714
4.752955729166663	4.6954449648437135
4.852955729166663	4.794234964843713
4.952955729166662	4.893024964843712
5.052955729166662	4.991814964843711
5.152955729166662	5.090604964843711
5.252955729166661	5.18939496484371
5.352955729166661	5.288184964843709
5.452955729166661	5.386974964843708
5.55295572916666	5.485764964843708
5.65295572916666	5.584554964843707
5.7529557291666595	5.683344964843706
5.852955729166659	5.7821349648437055
5.952955729166659	5.880924964843705
6.0529557291666585	5.979714964843704
6.152955729166658	6.078504964843703
6.252955729166658	6.1772949648437026
6.352955729166657	6.276084964843702
6.452955729166657	6.374874964843701
6.552955729166657	6.4736649648437
6.652955729166656	6.5724549648437
6.752955729166656	6.671244964843699
6.852955729166656	6.770034964843698
6.952955729166655	6.868824964843697
7.052955729166655	6.967614964843697
7.152955729166655	7.066404964843696
7.252955729166654	7.165194964843695
7.352955729166654	7.2639849648436945
7.4529557291666535	7.362774964843694
7.552955729166653	7.461564964843693
7.652955729166653	7.560354964843692
7.752955729166652	7.659144964843692
7.852955729166652	7.757934964843691
7.952955729166652	7.85672496484369
8.052955729166651	7.955514964843689
8.152955729166651	8.054304964843688
8.25295572916665	8.153094964843687
8.35295572916665	8.251884964843686
8.45295572916665	8.350674964843686
8.55	8.54241503515622
179769313486231570000000000000000000000000000000000000000000000000000000000000000000000000000000000000000000000000000000000000000000000000000000000000000000000000000000000000000000000000000000000000000000000000000000000000000000000000000000000000000000000000000000000000000000000000000000000000000000000000000	8.54241503515622
