-100001.1	0
0	0
0.0033333333333334103	0.003280269773241222
0.008333333333333304	0.008200784959712408
0.015833333333333366	0.015581806424289456
0.027083333333333348	0.026653874710669816
0.04395833333333332	0.043262249710670005
0.06927083333333339	0.06817481221067039
0.1072395833333335	0.10554365596067097
0.16419270833333344	0.16159692158567154
0.24962239583333345	0.24567682002317262
0.34962239583333354	0.34409682002317393
0.44962239583333363	0.44251682002317516
0.5496223958333337	0.5409368200231766
0.6496223958333338	0.639356820023178
0.7496223958333339	0.737776820023179
0.849622395833334	0.8361968200231807
0.9496223958333339	0.9346168200231816
1.049622395833334	1.0330368200231828
1.149622395833334	1.1314568200231843
1.2496223958333341	1.2298768200231853
1.3496223958333342	1.3282968200231868
1.4496223958333343	1.4267168200231872
1.5496223958333344	1.525136820023189
1.6496223958333345	1.623556820023191
1.7496223958333346	1.7219768200231926
1.8496223958333347	1.8203968200231935
1.9496223958333347	1.9188168200231945
2.049622395833335	2.017236820023196
2.149622395833335	2.1156568200231973
2.249622395833335	2.214076820023198
2.349622395833335	2.3124968200232
2.449622395833335	2.4109168200232016
2.5496223958333353	2.5093368200232016
2.6496223958333354	2.6077568200232037
2.7496223958333355	2.7061768200232046
2.8496223958333355	2.804596820023207
2.9496223958333356	2.903016820023207
3.0496223958333353	3.0014368200232084
3.149622395833335	3.0998568200232093
3.2496223958333346	3.1982768200232106
3.349622395833334	3.2966968200232114
3.449622395833334	3.3951168200232122
3.5496223958333335	3.493536820023213
3.649622395833333	3.591956820023205
3.749622395833333	3.690376820023209
3.8496223958333324	3.78879682002321
3.949622395833332	3.887216820023212
4.049622395833332	3.9856368200232115
4.149622395833331	4.084056820023213
4.249622395833331	4.182476820023213
4.349622395833331	4.280896820023222
4.44962239583333	4.379316820023222
4.54962239583333	4.477736820023223
4.64962239583333	4.576156820023224
4.749622395833329	4.6745768200232245
4.849622395833329	4.772996820023226
4.9496223958333285	4.871416820023227
5.049622395833328	4.969836820023226
5.149622395833328	5.068256820023228
5.2496223958333275	5.166676820023229
5.349622395833327	5.2650968200232295
5.449622395833327	5.36351682002323
5.549622395833326	5.461936820023232
5.649622395833326	5.560356820023231
5.749622395833326	5.658776820023232
5.849622395833325	5.757196820023234
5.949622395833325	5.855616820023234
6.049622395833325	5.954036820023236
6.149622395833324	6.052456820023236
6.249622395833324	6.150876820023237
6.3496223958333236	6.249296820023237
6.449622395833323	6.347716820023241
6.549622395833323	6.446136820023241
6.6496223958333225	6.54455682002324
6.749622395833322	6.642976820023243
6.849622395833322	6.741396820023242
6.949622395833321	6.839816820023245
7.049622395833321	6.938236820023244
7.149622395833321	7.036656820023248
7.24962239583332	7.135076820023245
7.34962239583332	7.233496820023244
7.44962239583332	7.331916820023244
7.549622395833319	7.4303368200232445
7.649622395833319	7.5287568200232435
7.749622395833319	7.6271768200232435
7.849622395833318	7.725596820023244
7.949622395833318	7.8240168200232585
8.049622395833318	7.922436820023257
8.149622395833317	8.020856820023255
8.249622395833317	8.119276820023256
8.349622395833316	8.217696820023255
8.449622395833316	8.316116820023256
8.549622395833316	8.414536820023255
8.55	8.414908458044108
1000008.55	8.414908458044108
