-100001.1	0
0	0
0.0033333333333334103	0.003280269773241158
0.008333333333333304	0.008200784959712248
0.015833333333333366	0.015581806424289107
0.027083333333333348	0.026653874710669382
0.04395833333333332	0.043262249710669165
0.06927083333333339	0.06817481221066907
0.1072395833333335	0.1055436559606689
0.16419270833333344	0.16159692158566838
0.24962239583333345	0.24567682002316796
0.34962239583333354	0.3440968200231672
0.44962239583333363	0.44251682002316683
0.5496223958333337	0.5409368200231662
0.6496223958333338	0.6393568200231654
0.7496223958333339	0.7377768200231646
0.849622395833334	0.8361968200231642
0.9496223958333339	0.9346168200231633
1.049622395833334	1.0330368200231632
1.149622395833334	1.1314568200231625
1.2496223958333341	1.2298768200231618
1.3496223958333342	1.3282968200231613
1.4496223958333343	1.426716820023161
1.5496223958333344	1.52513682002316
1.6496223958333345	1.6235568200231596
1.7496223958333346	1.7219768200231589
1.8496223958333347	1.820396820023165
1.9496223958333347	1.9188168200231646
2.049622395833335	2.017236820023165
2.149622395833335	2.1156568200231645
2.249622395833335	2.214076820023164
2.349622395833335	2.3124968200231644
2.449622395833335	2.4109168200231643
2.5496223958333353	2.5093368200231625
2.6496223958333354	2.607756820023164
2.7496223958333355	2.7061768200231624
2.8496223958333355	2.804596820023163
2.9496223958333356	2.9030168200231627
3.0496223958333353	3.001436820023161
3.149622395833335	3.09985682002316
3.2496223958333346	3.1982768200231586
3.349622395833334	3.296696820023159
3.449622395833334	3.395116820023157
3.5496223958333335	3.4935368200231576
3.649622395833333	3.5919568200231566
3.749622395833333	3.690376820023156
3.8496223958333324	3.788796820023155
3.949622395833332	3.8872168200231547
4.049622395833332	3.9856368200231533
4.149622395833331	4.084056820023154
4.249622395833331	4.182476820023153
4.349622395833331	4.280896820023152
4.44962239583333	4.379316820023151
4.54962239583333	4.477736820023151
4.64962239583333	4.576156820023151
4.749622395833329	4.67457682002315
4.849622395833329	4.772996820023149
4.9496223958333285	4.871416820023149
5.049622395833328	4.969836820023147
5.149622395833328	5.068256820023146
5.2496223958333275	5.166685994118337
5.349622395833327	5.265096820023146
5.449622395833327	5.363516820023145
5.549622395833326	5.461936820023146
5.649622395833326	5.560356820023143
5.749622395833326	5.658776820023144
5.849622395833325	5.757196820023144
5.949622395833325	5.855616820023144
6.049622395833325	5.9540368200231395
6.149622395833324	6.0524568200231394
6.249622395833324	6.150876820023138
6.3496223958333236	6.249296820023136
6.449622395833323	6.347716820023135
6.549622395833323	6.446136820023132
6.6496223958333225	6.544556820023134
6.749622395833322	6.642976820023133
6.849622395833322	6.741396820023134
6.949622395833321	6.839816820023129
7.049622395833321	6.93823682002313
7.149622395833321	7.036656820023129
7.24962239583332	7.1350768200231265
7.34962239583332	7.233496820023127
7.44962239583332	7.331916820023127
7.549622395833319	7.430336820023126
7.649622395833319	7.528756820023125
7.749622395833319	7.627176820023123
7.849622395833318	7.725596820023122
7.949622395833318	7.824016820023123
8.049622395833318	7.922436820023121
8.149622395833317	8.020856820023123
8.249622395833317	8.119276820023117
8.349622395833316	8.217696820023118
8.449622395833316	8.316116820023119
8.549622395833316	8.414536820023116
8.55	8.414908458043968
1000008.55	8.414908458043968
