-179769313486231570000000000000000000000000000000000000000000000000000000000000000000000000000000000000000000000000000000000000000000000000000000000000000000000000000000000000000000000000000000000000000000000000000000000000000000000000000000000000000000000000000000000000000000000000000000000000000000000000000	0
0	0
0.0033333333333334103	0
0.006666666666666821	0
0.011666666666666714	0
0.019166666666666776	0
0.03041666666666676	0
0.04729166666666673	0
0.0726041666666668	0
0.11057291666666691	0
0.16752604166666685	0
0.25295572916666687	0
0.35295572916666695	0
0.45295572916666704	0
0.5529557291666671	0
0.6529557291666672	0
0.7529557291666673	0
0.8529557291666674	0
0.9529557291666673	0
1.0529557291666674	0
1.1529557291666674	0
1.2529557291666675	0
1.3529557291666676	0
1.4529557291666677	0
1.5529557291666678	0
1.6529557291666679	0
1.752955729166668	0
1.852955729166668	0
1.9529557291666682	0
2.0529557291666682	0
2.1529557291666683	0
2.2529557291666684	0
2.3529557291666685	0
2.4529557291666686	0
2.5529557291666687	0
2.6529557291666688	0
2.752955729166669	0
2.852955729166669	0
2.9529557291666686	0
3.0529557291666682	0
3.152955729166668	0
3.2529557291666675	0
3.352955729166667	0
3.452955729166667	0
3.5529557291666665	0
3.652955729166666	0
3.7529557291666658	0
3.8529557291666654	0
3.952955729166665	0
4.052955729166665	0
4.152955729166664	0
4.252955729166664	0
4.352955729166664	0
4.452955729166663	0
4.552955729166663	0
4.652955729166663	0
4.752955729166662	0
4.852955729166662	0
4.9529557291666615	0
5.052955729166661	0
5.152955729166661	0
5.25295572916666	0
5.35295572916666	0
5.45295572916666	0
5.552955729166659	0
5.652955729166659	0
5.752955729166659	0
5.852955729166658	0
5.952955729166658	0
6.052955729166658	0
6.152955729166657	0
6.252955729166657	0
6.3529557291666565	0
6.452955729166656	0
6.552955729166656	0
6.6529557291666555	0
6.752955729166655	0
6.852955729166655	0
6.952955729166655	0
7.052955729166655	0
7.152955729166655	0
7.252955729166654	0
7.352955729166654	0
7.4529557291666535	0
7.552955729166653	0
7.652955729166653	0
7.752955729166652	0
7.852955729166652	0
7.952955729166652	0
8.052955729166651	0
8.152955729166651	0
8.25295572916665	0
8.35295572916665	0
8.45295572916665	0
8.55295572916665	0
8.65295572916665	0
8.752955729166649	0
8.852955729166649	0
8.952955729166648	0
9.052955729166648	0
9.152955729166647	0
9.252955729166647	0
9.352955729166647	0
9.452955729166646	0
9.552955729166646	0
9.652955729166646	0
9.752955729166645	0
9.852955729166645	0
9.952955729166645	0
10.052955729166644	0
10.152955729166644	0
10.252955729166644	0
10.352955729166643	0
10.452955729166643	0
10.552955729166642	0
10.652955729166642	0
10.752955729166642	0
10.805	0
179769313486231570000000000000000000000000000000000000000000000000000000000000000000000000000000000000000000000000000000000000000000000000000000000000000000000000000000000000000000000000000000000000000000000000000000000000000000000000000000000000000000000000000000000000000000000000000000000000000000000000000	0
