-100000	0
1.0999999999999996	0
1.103333333333333	0
1.108333333333333	0
1.115833333333333	0
1.127083333333333	0
1.143958333333333	0
1.169270833333333	0
1.2072395833333331	0
1.264192708333333	0
1.349622395833333	0
1.4496223958333332	0
1.5496223958333333	0
1.6496223958333334	0
1.7496223958333335	0
1.8496223958333335	0
1.9496223958333336	0
2.0496223958333335	0
2.1496223958333336	0
2.2496223958333337	0
2.3496223958333338	0
2.449622395833334	0
2.549622395833334	0
2.649622395833334	0
2.749622395833334	0
2.849622395833334	0
2.9496223958333343	0
3.0496223958333344	0
3.1496223958333345	0
3.2496223958333346	0
3.3496223958333347	0
3.4496223958333347	0
3.549622395833335	0
3.649622395833335	0
3.749622395833335	0
3.849622395833335	0
3.949622395833335	0
4.049622395833335	0
4.149622395833335	0
4.249622395833335	0
4.349622395833334	0
4.449622395833334	0
4.5496223958333335	0
4.649622395833333	0
4.749622395833333	0
4.849622395833332	0
4.949622395833332	0
5.049622395833332	0
5.149622395833331	0
5.249622395833331	0.0000000000000000000000000000015777218104420236
5.349622395833331	0.0000000000000000000000000000021693674893577825
5.44962239583333	0
5.54962239583333	0.000000000000000000000000000005127595883936577
5.64962239583333	0
5.749622395833329	0
5.849622395833329	0
5.9496223958333285	0
6.049622395833328	0
6.149622395833328	0
6.2496223958333275	0
6.349622395833327	0
6.449622395833327	0
6.549622395833326	0
6.649622395833326	0
6.749622395833326	0
6.849622395833325	0.00000000000000000000000000001370645822821508
6.949622395833325	0.0000000000000000000000000000031554436208840472
7.049622395833325	0.0000000000000000000000000000057192415628523356
7.149622395833324	0.000000000000000000000000000008874685183736383
7.249622395833324	0.0000000000000000000000000000033526588471893
7.3496223958333236	0
7.449622395833323	0
7.549622395833323	0
7.6496223958333225	0
7.749622395833322	0
7.849622395833322	0
7.949622395833321	0
8.049622395833321	0
8.14962239583332	0
8.24962239583332	0
8.34962239583332	0
8.44962239583332	0
8.54962239583332	0
8.649622395833319	0.000000000000000000000000000011044052673094165
8.749622395833319	0.000000000000000000000000000022383928185646207
8.849622395833318	0.00000000000000000000000000000019721522630525295
8.949622395833318	0.000000000000000000000000000013213420162451948
9.049622395833318	0.0000000000000000000000000000009860761315262648
9.149622395833317	0.0000000000000000000000000000015777218104420236
9.249622395833317	0
9.349622395833316	0
9.449622395833316	0
9.549622395833316	0
9.649622395833315	0
9.65	0
1000009.65	0
