-100000	0
1.0999999999999996	0
1.103333333333333	0.001031999021192131
1.108333333333333	0.0025857187442062243
1.115833333333333	0.004928848414278822
1.127083333333333	0.008472273060595566
1.143958333333333	0.01390403682565796
1.169270833333333	0.022342565817392163
1.2072395833333331	0.0356013749903907
1.264192708333333	0.05666174622630196
1.349622395833333	0.09049688078855403
1.4496223958333332	0.13322273855248928
1.5496223958333333	0.17911874483596513
1.6496223958333334	0.22798098528183194
1.7496223958333335	0.27954500244562447
1.8496223958333335	0.3338035332079263
1.9496223958333336	0.3904789902165168
2.0496223958333335	0.4495153768091399
2.1496223958333336	0.5106866587255693
2.2496223958333337	0.5739596567768769
2.3496223958333338	0.6391264904103237
2.449622395833334	0.7061525937193015
2.549622395833334	0.7748923663167068
2.649622395833334	0.8452603911803724
2.749622395833334	0.9171668571488931
2.849622395833334	0.9905094033442144
2.9496223958333343	1.0652448405233412
3.0496223958333344	1.1412720704685324
3.1496223958333345	1.218492064376052
3.2496223958333346	1.296868026302224
3.3496223958333347	1.3763782808077452
3.4496223958333347	1.456906864498305
3.549622395833335	1.5384318914444814
3.649622395833335	1.6209175417677644
3.749622395833335	1.7042720017470856
3.849622395833335	1.7884892776196364
3.949622395833335	1.8735142779741536
4.049622395833335	1.9593000178332172
4.149622395833335	2.045826515177306
4.249622395833335	2.1330391079378197
4.349622395833334	2.2209256523073826
4.449622395833334	2.309419852936686
4.5496223958333335	2.398540270519825
4.649622395833333	2.488242608257938
4.749622395833333	2.5784853299840402
4.849622395833332	2.669285620833703
4.949622395833332	2.7605769987658917
5.049622395833332	2.8523445637554348
5.149622395833331	2.9446084916927213
5.249622395833331	3.03735183274083
5.349622395833331	3.1305148750569964
5.44962239583333	3.224111162832366
5.54962239583333	3.31815507057211
5.64962239583333	3.4126163001751895
5.749622395833329	3.507475292498273
5.849622395833329	3.602724162803178
5.9496223958333285	3.6983441606046807
6.049622395833328	3.7943184084408736
6.149622395833328	3.8906592509081186
6.2496223958333275	3.987378705345871
6.349622395833327	4.081951824723177
6.449622395833327	4.172527068189042
6.549622395833326	4.263439288080715
6.649622395833326	4.354689066416861
6.749622395833326	4.446276312436066
6.849622395833325	4.5381894372903755
6.949622395833325	4.630422584150563
7.049622395833325	4.722978214500993
7.149622395833324	4.815848311958217
7.249622395833324	4.9090247457452865
7.3496223958333236	5.002505949615758
7.449622395833323	5.096282575288346
7.549622395833323	5.190350684933783
7.6496223958333225	5.284711752204471
7.749622395833322	5.379367098643831
7.849622395833322	5.474317782121044
7.949622395833321	5.569540476622006
8.049622395833321	5.665032901039935
8.14962239583332	5.760782891992026
8.24962239583332	5.856790426699733
8.34962239583332	5.953053416693179
8.44962239583332	6.049553682888261
8.54962239583332	6.146289312693507
8.649622395833319	6.243253751976065
8.749622395833319	6.3404308580474105
8.849622395833318	6.437805427337692
8.949622395833318	6.535364094719275
9.049622395833318	6.6330918762750555
9.149622395833317	6.730970399700997
9.249622395833317	6.828987798224845
9.349622395833316	6.927140107456149
9.449622395833316	7.025360449236774
9.549622395833316	7.12363528922839
9.649622395833315	7.221997690991928
9.65	7.22236932819267
1000009.65	7.22236932819267
