-100000	0
1.0999999999999996	0
1.103333333333333	0.001166777693389337
1.108333333333333	0.002923258935236355
1.115833333333333	0.005572160175729742
1.127083333333333	0.009579401003037728
1.143958333333333	0.015720622627814717
1.169270833333333	0.02524595106581918
1.2072395833333331	0.04017530486055976
1.264192708333333	0.06384647180736802
1.349622395833333	0.10183556855218483
1.4496223958333332	0.1497480015303853
1.5496223958333333	0.2011669761146498
1.6496223958333334	0.2558927553799935
1.7496223958333335	0.31366705778467685
1.8496223958333335	0.37435145428344857
1.9496223958333336	0.43772742135477294
2.0496223958333335	0.5036979779833948
2.1496223958333336	0.5720289887614648
2.2496223958333337	0.6426597938753034
2.3496223958333338	0.7153882599177875
2.449622395833334	0.7901858939429578
2.549622395833334	0.8668921153573677
2.649622395833334	0.9454112761572239
2.749622395833334	1.0256518771020082
2.849622395833334	1.1075017107603866
2.9496223958333343	1.1909200677252008
3.0496223958333344	1.2757897069844228
3.1496223958333345	1.3619768005306352
3.2496223958333346	1.4494762907020995
3.3496223958333347	1.5382738715014612
3.4496223958333347	1.6282134712631813
3.549622395833335	1.7193007517397065
3.649622395833335	1.8114912070934173
3.749622395833335	1.9046698378122393
3.849622395833335	1.9988579816961232
3.949622395833335	2.093989640415245
4.049622395833335	2.1900137337804986
4.149622395833335	2.2868978276896836
4.249622395833335	2.3845943614188663
4.349622395833334	2.483080797940623
4.449622395833334	2.5822948395608747
4.5496223958333335	2.6822581079019776
4.649622395833333	2.782913044856071
4.749622395833333	2.884228194747523
4.849622395833332	2.9862188533087717
4.949622395833332	3.088812045113916
5.049622395833332	3.1920002115452486
5.149622395833331	3.295800792154185
5.249622395833331	3.400188792646864
5.349622395833331	3.505108191998757
5.44962239583333	3.6105772276286356
5.54962239583333	3.716608808213128
5.64962239583333	3.8231679094849853
5.749622395833329	3.9302356971119594
5.849622395833329	4.037804721869875
5.9496223958333285	4.145851705353096
6.049622395833328	4.254358509728566
6.149622395833328	4.363345940521626
6.2496223958333275	4.472828331955736
6.349622395833327	4.574480072197962
6.449622395833327	4.662257390424398
6.549622395833326	4.750507395546545
6.649622395833326	4.839204627812948
6.749622395833326	4.928328364958825
6.849622395833325	5.0179006690149786
6.949622395833325	5.107920910063278
7.049622395833325	5.198338966609692
7.149622395833324	5.2891682299964335
7.249622395833324	5.380426837414183
7.3496223958333236	5.47212598976859
7.449622395833323	5.56422275735742
7.549622395833323	5.656694632854578
7.6496223958333225	5.749560616667795
7.749622395833322	5.842839626887054
7.849622395833322	5.93654736959918
7.949622395833321	6.030646553610125
8.049622395833321	6.125094835856619
8.14962239583332	6.219875994569689
8.24962239583332	6.315008542431827
8.34962239583332	6.4104997612892625
8.44962239583332	6.506313450210883
8.54962239583332	6.602432727285142
8.649622395833319	6.698850106796677
8.749622395833319	6.7955596220938785
8.849622395833318	6.892539513367741
8.949622395833318	6.989767009840968
9.049622395833318	7.087210808544736
9.149622395833317	7.184853324146927
9.249622395833317	7.282718362473538
9.349622395833316	7.380765111888301
9.449622395833316	7.478937416682449
9.549622395833316	7.577187201247075
9.649622395833315	7.675549249962906
9.65	7.675920887163651
1000009.65	7.675920887163651
