-100000	0
1.0999999999999996	0
1.103333333333333	0.0012731549766844977
1.108333333333333	0.0031899764407264685
1.115833333333333	0.006081470239185525
1.127083333333333	0.010456989180044483
1.143958333333333	0.017160138620594866
1.169270833333333	0.02754107706526725
1.2072395833333331	0.04376800057156951
1.264192708333333	0.06942783426936293
1.349622395833333	0.11051438576774304
1.4496223958333332	0.16228413155113494
1.5496223958333333	0.2178225392120932
1.6496223958333334	0.276880027956118
1.7496223958333335	0.3391803646557238
1.8496223958333335	0.40459618699307276
1.9496223958333336	0.4728867793725057
2.0496223958333335	0.543965156518388
2.1496223958333336	0.6175930103181042
2.2496223958333337	0.6937206207308736
2.3496223958333338	0.7721300729150459
2.449622395833334	0.8527838620858333
2.549622395833334	0.9355284077942058
2.649622395833334	1.0202696830767535
2.749622395833334	1.1068952125053089
2.849622395833334	1.195291474728896
2.9496223958333343	1.285399827123667
3.0496223958333344	1.3771248041452429
3.1496223958333345	1.4703362118648182
3.2496223958333346	1.5650064880275647
3.3496223958333347	1.6611213986937226
3.4496223958333347	1.758529642989798
3.549622395833335	1.857226817052363
3.649622395833335	1.957172719790529
3.749622395833335	2.058251772456653
3.849622395833335	2.1604790386488655
3.949622395833335	2.2637944447710394
4.049622395833335	2.368142000556337
4.149622395833335	2.4734931195244685
4.249622395833335	2.579796457585895
4.349622395833334	2.6870335506072327
4.449622395833334	2.7951399659718956
4.5496223958333335	2.9041358250907434
4.649622395833333	3.013969711330329
4.749622395833333	3.1246045693317175
4.849622395833332	3.236058920008395
4.949622395833332	3.3482645847719783
5.049622395833332	3.4612073136428294
5.149622395833331	3.5749076671246804
5.249622395833331	3.6893468554350055
5.349622395833331	3.804464622487509
5.44962239583333	3.9202774684431527
5.54962239583333	4.036803614831909
5.64962239583333	4.15399255607702
5.749622395833329	4.271831767659955
5.849622395833329	4.390337545217266
5.9496223958333285	4.5094953872805785
6.049622395833328	4.629268455073412
6.149622395833328	4.749676968690372
6.2496223958333275	4.870735657968154
6.349622395833327	4.9783409792718105
6.449622395833327	5.062227509981634
6.549622395833326	5.146743419009131
6.649622395833326	5.2318685532363745
6.749622395833326	5.317579613679769
6.849622395833325	5.4038887770487305
6.949622395833325	5.490797126955747
7.049622395833325	5.578279482231216
7.149622395833324	5.666337893217458
7.249622395833324	5.754976945770347
7.3496223958333236	5.844200513660386
7.449622395833323	5.933965849981804
7.549622395833323	6.024249698359125
7.6496223958333225	6.115070286126769
7.749622395833322	6.206449091898863
7.849622395833322	6.298391374554042
7.949622395833321	6.390840816031604
8.049622395833321	6.483802956917091
8.14962239583332	6.577250626917882
8.24962239583332	6.671170230285023
8.34962239583332	6.765565887262515
8.44962239583332	6.860425174282324
8.54962239583332	6.955715549463059
8.649622395833319	7.05140035234186
8.749622395833319	7.147470315893523
8.849622395833318	7.243899054166639
8.949622395833318	7.340673775518249
9.049622395833318	7.437757140776031
9.149622395833317	7.535110673183415
9.249622395833317	7.6327562264928055
9.349622395833316	7.730625390724677
9.449622395833316	7.828695168088289
9.549622395833316	7.926938676034782
9.649622395833315	8.025300724750604
9.65	8.025672361951356
1000009.65	8.025672361951356
