-100000	0
1.0999999999999996	0
1.103333333333333	0.001352078966451178
1.108333333333333	0.0033877224327495833
1.115833333333333	0.006458341939633519
1.127083333333333	0.011106487881697576
1.143958333333333	0.018217436694562626
1.169270833333333	0.029210235903678033
1.2072395833333331	0.046327119531501
1.264192708333333	0.07326159943372731
1.349622395833333	0.11625454731819747
1.4496223958333332	0.1703199003519923
1.5496223958333333	0.22817616941080568
1.6496223958333334	0.28959695813809955
1.7496223958333335	0.3543630615025718
1.8496223958333335	0.42233715835094493
1.9496223958333336	0.49330822518191286
2.0496223958333335	0.5671650601125392
2.1496223958333336	0.6436993107887838
2.2496223958333337	0.7228319404587015
2.3496223958333338	0.804379672720159
2.449622395833334	0.8883027095124365
2.549622395833334	0.9744343584292771
2.649622395833334	1.0626584752913313
2.749622395833334	1.1528907827176544
2.849622395833334	1.245035631826886
2.9496223958333343	1.3390137807327471
3.0496223958333344	1.4347325450216817
3.1496223958333345	1.53210470680573
3.2496223958333346	1.6310735310846167
3.3496223958333347	1.7316200100100207
3.4496223958333347	1.833620761822496
3.549622395833335	1.937051820312305
3.649622395833335	2.041876609676372
3.749622395833335	2.148000115949943
3.849622395833335	2.255410633044236
3.949622395833335	2.3640730508391443
4.049622395833335	2.4739450164782735
4.149622395833335	2.584989167655992
4.249622395833335	2.6971515019085284
4.349622395833334	2.8104107419834587
4.449622395833334	2.92471715620498
4.5496223958333335	3.040090233090326
4.649622395833333	3.1564873686410433
4.749622395833333	3.273868428626061
4.849622395833332	3.392251772431945
4.949622395833332	3.5115858740990338
5.049622395833332	3.6318567465752065
5.149622395833331	3.753079302729361
5.249622395833331	3.875240964719627
5.349622395833331	3.998297332630074
5.44962239583333	4.122253080104992
5.54962239583333	4.24710455723781
5.64962239583333	4.372801284698302
5.749622395833329	4.499354997072898
5.849622395833329	4.626791635865
5.9496223958333285	4.755109375643238
6.049622395833328	4.884260831015473
6.149622395833328	5.014255347509566
6.2496223958333275	5.145118385738211
6.349622395833327	5.256986810369706
6.449622395833327	5.335360360099942
6.549622395833326	5.41457122175952
6.649622395833326	5.494600887389271
6.749622395833326	5.575435058098414
6.849622395833325	5.657100178197961
6.949622395833325	5.739606842288155
7.049622395833325	5.822905780619458
7.149622395833324	5.9069899922639895
7.249622395833324	5.991860198321949
7.3496223958333236	6.077529165530436
7.449622395833323	6.16398056396421
7.549622395833323	6.2511755918593055
7.6496223958333225	6.3391028872560415
7.749622395833322	6.427771677746224
7.849622395833322	6.517190734659051
7.949622395833321	6.60732835165554
8.049622395833321	6.698191541201999
8.14962239583332	6.7897621347344375
8.24962239583332	6.881988390886196
8.34962239583332	6.974859326484767
8.44962239583332	7.06834669073013
8.54962239583332	7.162390110241546
8.649622395833319	7.257009839786545
8.749622395833319	7.352171301459486
8.849622395833318	7.447789497138022
8.949622395833318	7.543907266193852
9.049622395833318	7.640512329821414
9.149622395833317	7.737496501869079
9.249622395833317	7.834840040143522
9.349622395833316	7.9325095863039055
9.449622395833316	8.030441184726211
9.549622395833316	8.128623661237754
9.649622395833315	8.2269760236189
9.65	8.227347589924628
1000009.65	8.227347589924628
