-100000	0
1.0999999999999996	0
1.103333333333333	0.0014062604829963542
1.108333333333333	0.003523713542748815
1.115833333333333	0.006719062465810438
1.127083333333333	0.011557763921315176
1.143958333333333	0.01895865544667496
1.169270833333333	0.030365189092762052
1.2072395833333331	0.048058056413672647
1.264192708333333	0.07579651588943016
1.349622395833333	0.11991841292014976
1.4496223958333332	0.17526991089352031
1.5496223958333333	0.23438765404298342
1.6496223958333334	0.2970753977905061
1.7496223958333335	0.3631243996665701
1.8496223958333335	0.4323508435568649
1.9496223958333336	0.5046156702151612
2.0496223958333335	0.579748414690601
2.1496223958333336	0.6576135809652548
2.2496223958333337	0.7380775805493166
2.3496223958333338	0.8210017619481115
2.449622395833334	0.9062370964896541
2.549622395833334	0.9937087373828032
2.649622395833334	1.0833678557876947
2.749622395833334	1.1750517454387912
2.849622395833334	1.268702988292812
2.9496223958333343	1.3642597534143006
3.0496223958333344	1.4616082419544416
3.1496223958333345	1.5607183327696914
3.2496223958333346	1.6614880666324765
3.3496223958333347	1.76389450560606
3.4496223958333347	1.8678510485750812
3.549622395833335	1.9733338371728757
3.649622395833335	2.080276770598279
3.749622395833335	2.1886507204596666
3.849622395833335	2.2983958567986016
3.949622395833335	2.4094766222893775
4.049622395833335	2.5218835026821957
4.149622395833335	2.6355947710137477
4.249622395833335	2.7505814294301363
4.349622395833334	2.86680439654669
4.449622395833334	2.9842352215795134
4.5496223958333335	3.1028559038942336
4.649622395833333	3.2226730507683956
4.749622395833333	3.343660474529097
4.849622395833332	3.465778849955085
4.949622395833332	3.589058064096025
5.049622395833332	3.713488670024733
5.149622395833331	3.8390351170593
5.249622395833331	3.965663245109416
5.349622395833331	4.093388308118489
5.44962239583333	4.222243707509606
5.54962239583333	4.352268096358639
5.64962239583333	4.483445413959718
5.749622395833329	4.615750738058197
5.849622395833329	4.749169566561748
5.9496223958333285	4.883669298538551
6.049622395833328	5.019234744232605
6.149622395833328	5.155927388276345
6.2496223958333275	5.293722071580369
6.349622395833327	5.406960255042334
6.449622395833327	5.476927918594628
6.549622395833326	5.5480291865515605
6.649622395833326	5.6202854736482095
6.749622395833326	5.693616203288517
6.849622395833325	5.767980909721416
6.949622395833325	5.843436455631608
7.049622395833325	5.92005281687435
7.149622395833324	5.99776533372784
7.249622395833324	6.076523910034794
7.3496223958333236	6.156380560115536
7.449622395833323	6.237312597609282
7.549622395833323	6.319292888216011
7.6496223958333225	6.40227834092166
7.749622395833322	6.486246533548931
7.849622395833322	6.571237553398315
7.949622395833321	6.657287892507141
8.049622395833321	6.744362183646118
8.14962239583332	6.832374261378277
8.24962239583332	6.921317236695106
8.34962239583332	7.011174189143459
8.44962239583332	7.101896704325013
8.54962239583332	7.193475059969944
8.649622395833319	7.2858774215423034
8.749622395833319	7.37905204762589
8.849622395833318	7.472991249492271
8.949622395833318	7.5676418996121875
9.049622395833318	7.6629904333285666
9.149622395833317	7.758939254003945
9.249622395833317	7.85548099982459
9.349622395833316	7.952552401516492
9.449622395833316	8.050039295472136
9.549622395833316	8.14794155890409
9.649622395833315	8.24616464569753
9.65	8.246536335041421
1000009.65	8.246536335041421
