-100000	0
1.0999999999999996	0
1.103333333333333	0.0014390550673275405
1.108333333333333	0.0036067263098637724
1.115833333333333	0.006878862372908843
1.127083333333333	0.011834727117130272
1.143958333333333	0.01941104886211554
1.169270833333333	0.031074027839684194
1.2072395833333331	0.04916729629950054
1.264192708333333	0.07753405164547446
1.349622395833333	0.12264526047171154
1.4496223958333332	0.1792142702162581
1.5496223958333333	0.23956430706902748
1.6496223958333334	0.303504503754505
1.7496223958333335	0.3708452745949868
1.8496223958333335	0.44138669196841496
1.9496223958333336	0.5149681971284873
2.0496223958333335	0.5914136559393878
2.1496223958333336	0.6706151509038718
2.2496223958333337	0.7524083079366758
2.3496223958333338	0.8366580479011504
2.449622395833334	0.9231971257153286
2.549622395833334	1.0119519970766466
2.649622395833334	1.102904531678815
2.749622395833334	1.1958622437984932
2.849622395833334	1.2907839931615146
2.9496223958333343	1.3876363629835236
3.0496223958333344	1.4862816860203016
3.1496223958333345	1.5866978578106097
3.2496223958333346	1.6887880205134589
3.3496223958333347	1.792525971770373
3.4496223958333347	1.897848001904733
3.549622395833335	2.004714346736515
3.649622395833335	2.1130909021086954
3.749622395833335	2.2229345136859706
3.849622395833335	2.334214221423669
3.949622395833335	2.4468905874670486
4.049622395833335	2.5609480828473936
4.149622395833335	2.6763730357635307
4.249622395833335	2.793155982737195
4.349622395833334	2.9112877390260774
4.449622395833334	3.0307531104733036
4.5496223958333335	3.1515299790069533
4.649622395833333	3.273589269284789
4.749622395833333	3.3969046131733887
4.849622395833332	3.5214749752785632
4.949622395833332	3.647317125881469
5.049622395833332	3.774453188071063
5.149622395833331	3.902906042505771
5.249622395833331	4.032622147280175
5.349622395833331	4.163613608909801
5.44962239583333	4.295911014368312
5.54962239583333	4.429544197140608
5.64962239583333	4.5644577995834705
5.749622395833329	4.700683203694587
5.849622395833329	4.8382569808318445
5.9496223958333285	4.97712405924843
6.049622395833328	5.117339794247429
6.149622395833328	5.258913401448644
6.2496223958333275	5.401802387373582
6.349622395833327	5.514687265215275
6.449622395833327	5.574602590935748
6.549622395833326	5.635890941690862
6.649622395833326	5.698552264921037
6.749622395833326	5.762589572929967
6.849622395833325	5.828015125660458
6.949622395833325	5.894814441614941
7.049622395833325	5.963012742691249
7.149622395833324	6.0325785569794474
7.249622395833324	6.103572743673376
7.3496223958333236	6.175935756017289
7.449622395833323	6.249673261971286
7.549622395833323	6.324790744988596
7.6496223958333225	6.40126487660041
7.749622395833322	6.479017903587793
7.849622395833322	6.558083357119527
7.949622395833321	6.6385027914222805
8.049622395833321	6.720277816075816
8.14962239583332	6.803292841981721
8.24962239583332	6.887613642753819
8.34962239583332	6.97313120197712
8.44962239583332	7.059878804196585
8.54962239583332	7.147813486845147
8.649622395833319	7.236903703086535
8.749622395833319	7.327082096495906
8.849622395833318	7.418362530896452
8.949622395833318	7.510687007858862
9.049622395833318	7.603993512904102
9.149622395833317	7.698229356556155
9.249622395833317	7.793252757549358
9.349622395833316	7.889130048023132
9.449622395833316	7.9858491746035165
9.549622395833316	8.08328258334797
9.649622395833315	8.181351722891753
9.65	8.181723355428229
1000009.65	8.181723355428229
