-100000	0
1.0999999999999996	0
1.103333333333333	0.0014531705162046666
1.108333333333333	0.003642931780904757
1.115833333333333	0.006949889265371378
1.127083333333333	0.011960661409130543
1.143958333333333	0.01962017042726473
1.169270833333333	0.03141254496298329
1.2072395833333331	0.04970490876679924
1.264192708333333	0.07838591539701237
1.349622395833333	0.12403533071749168
1.4496223958333332	0.1812810989708499
1.5496223958333333	0.24237892811428158
1.6496223958333334	0.3071038361908647
1.7496223958333335	0.37524655794982315
1.8496223958333335	0.44660491850821016
1.9496223958333336	0.5210355270588016
2.0496223958333335	0.5983327151764156
2.1496223958333336	0.6784034974879024
2.2496223958333337	0.7610699827232541
2.3496223958333338	0.8461952542009719
2.449622395833334	0.9336223079168472
2.549622395833334	1.0232547946507173
2.649622395833334	1.11508422796399
2.749622395833334	1.2089335928934974
2.849622395833334	1.304739985220426
2.9496223958333343	1.402484682089864
3.0496223958333344	1.5020345914555415
3.1496223958333345	1.6033607413972712
3.2496223958333346	1.7063982353921618
3.3496223958333347	1.8110866937413117
3.4496223958333347	1.9174018286622345
3.549622395833335	2.0252851662508493
3.649622395833335	2.134716844138639
3.749622395833335	2.2456726902057906
3.849622395833335	2.3581188735597665
3.949622395833335	2.4720340730347146
4.049622395833335	2.58740589542468
4.149622395833335	2.704218369859555
4.249622395833335	2.8224519394965033
4.349622395833334	2.9420925214835445
4.449622395833334	3.0631386484048546
4.5496223958333335	3.1855978615333913
4.649622395833333	3.309477795537674
4.749622395833333	3.4347796942951154
4.849622395833332	3.5615066913652527
4.949622395833332	3.6896719822863493
5.049622395833332	3.819292169593278
5.149622395833331	3.9503486688521274
5.249622395833331	4.082828064236535
5.349622395833331	4.216744128281342
5.44962239583333	4.3521531392399755
5.54962239583333	4.489087920650002
5.64962239583333	4.627514578539512
5.749622395833329	4.767454302902983
5.849622395833329	4.908961087183963
5.9496223958333285	5.0519933981572684
6.049622395833328	5.196597225861595
6.149622395833328	5.342812177402666
6.2496223958333275	5.49058902695634
6.349622395833327	5.602825564212282
6.449622395833327	5.652375746336358
6.549622395833326	5.703549963283402
6.649622395833326	5.756394515342259
6.749622395833326	5.810879941591985
6.849622395833325	5.867074191199734
6.949622395833325	5.924956998170929
7.049622395833325	5.984520226720035
7.149622395833324	6.045754569959749
7.249622395833324	6.1087133096318595
7.3496223958333236	6.173342850159775
7.449622395833323	6.239655023415989
7.549622395833323	6.307674503394497
7.6496223958333225	6.37740168111271
7.749622395833322	6.448763129276133
7.849622395833322	6.5217644919433395
7.949622395833321	6.5964310506542825
8.049622395833321	6.672792244413146
8.14962239583332	6.750737602549842
8.24962239583332	6.8303048067365415
8.34962239583332	6.911435163638353
8.44962239583332	6.994104821994955
8.54962239583332	7.078320881202648
8.649622395833319	7.1640109189125205
8.749622395833319	7.251168063191854
8.849622395833318	7.339735726001523
8.949622395833318	7.429653396330505
9.049622395833318	7.520881981282723
9.149622395833317	7.613390771799804
9.249622395833317	7.707071241060186
9.349622395833316	7.801912786314841
9.449622395833316	7.89785268780604
9.549622395833316	7.994817904438207
9.649622395833315	8.09272889848156
9.65	8.093100528825554
1000009.65	8.093100528825554
