-100001.1	0
0	0
0.0033333333333334103	0.0014514834962289973
0.008333333333333304	0.0036392317740014525
0.015833333333333366	0.00694450074753121
0.027083333333333348	0.011956131596335547
0.04395833333333332	0.019618528105282865
0.06927083333333339	0.031419544850173065
0.1072395833333335	0.04973569980613317
0.16419270833333344	0.07846639833823416
0.24962239583333345	0.12423851206589122
0.34962239583333354	0.18170544873050537
0.44962239583333363	0.2430980576732992
0.5496223958333337	0.3081797422333207
0.6496223958333338	0.3766984460389298
0.7496223958333339	0.4484547545999528
0.849622395833334	0.523321584338075
0.9496223958333339	0.6010663865127291
1.049622395833334	0.6816079639259872
1.149622395833334	0.7647577824698821
1.2496223958333341	0.8503751406210377
1.3496223958333342	0.9383151297194029
1.4496223958333343	1.0284579603659887
1.5496223958333344	1.120800615429853
1.6496223958333345	1.2151868431488715
1.7496223958333346	1.3115307392311093
1.8496223958333347	1.40982273763932
1.9496223958333347	1.5099413094791394
2.049622395833335	1.6118479343258418
2.149622395833335	1.7154923949919882
2.249622395833335	1.8208141907115984
2.349622395833335	1.927796034532522
2.449622395833335	2.0363844119957197
2.5496223958333353	2.146563143696556
2.6496223958333354	2.2583118864780767
2.7496223958333355	2.371601316473739
2.8496223958333355	2.486432239626983
2.9496223958333356	2.602794197307453
3.0496223958333353	2.720674483136406
3.149622395833335	2.840059565534081
3.2496223958333346	2.9609672037572223
3.349622395833334	3.0834091243539596
3.449622395833334	3.207367976390244
3.5496223958333335	3.3328304798809167
3.649622395833333	3.459844220270332
3.749622395833333	3.5884023498014015
3.8496223958333324	3.7185619410326725
3.949622395833332	3.8503079979732178
4.049622395833332	3.9836304765362547
4.149622395833331	4.118604061113116
4.249622395833331	4.255216829264718
4.349622395833331	4.393463147057402
4.44962239583333	4.533396506479253
4.54962239583333	4.67504762859763
4.64962239583333	4.818428912469236
4.749622395833329	4.963573321134061
4.849622395833329	5.110537009296524
4.9496223958333285	5.259331905121788
5.049622395833328	5.409920968994415
5.149622395833328	5.562388066232256
5.2496223958333275	5.673791884432847
5.349622395833327	5.712696118621155
5.449622395833327	5.75347409532948
5.549622395833326	5.7962084975616515
5.649622395833326	5.840867264990911
5.749622395833326	5.8875335159105555
5.849622395833325	5.936210898197886
5.949622395833325	5.986870212967562
6.049622395833325	6.0395064414369894
6.149622395833324	6.094173422997085
6.249622395833324	6.150846806193201
6.3496223958333236	6.2095290875189235
6.449622395833323	6.270239323742818
6.549622395833323	6.332993335935675
6.6496223958333225	6.3977676309882225
6.749622395833322	6.464557812748041
6.849622395833322	6.5333612969648645
6.949622395833321	6.604147066456704
7.049622395833321	6.676841894456144
7.149622395833321	6.751508312615282
7.24962239583332	6.828080703631619
7.34962239583332	6.906537947846366
7.44962239583332	6.986896413783135
7.549622395833319	7.069072624008561
7.649622395833319	7.1530470343885915
7.749622395833319	7.238779417248411
7.849622395833318	7.32617898162778
7.949622395833318	7.415204874644769
8.049622395833318	7.5059057651780785
8.149622395833317	7.598113495487191
8.249622395833317	7.691807206514135
8.349622395833316	7.786943824387016
8.449622395833316	7.8834304227695835
8.549622395833316	7.981180800952462
8.55	7.981552429053361
1000008.55	7.981552429053361
