-100001.1	0
0	0
0.0033333333333334103	0.0013936887514424193
0.008333333333333304	0.0034956633971709177
0.015833333333333366	0.00667426204640487
0.027083333333333348	0.011501207558523605
0.04395833333333332	0.018889187775051334
0.06927083333333339	0.030283743080791247
0.1072395833333335	0.04801197323729659
0.16419270833333344	0.07592285665861709
0.24962239583333345	0.1206168476547081
0.34962239583333354	0.1770136382365993
0.44962239583333363	0.23751593111628436
0.5496223958333337	0.3018554841707274
0.6496223958333338	0.36979442563824255
0.7496223958333339	0.441127565272342
0.849622395833334	0.5156302889479749
0.9496223958333339	0.5930850665701023
1.049622395833334	0.6733863547770852
1.149622395833334	0.7563344374897034
1.2496223958333341	0.8418196288969575
1.3496223958333342	0.9296931454110947
1.4496223958333343	1.0198542879050823
1.5496223958333344	1.1121752698982383
1.6496223958333345	1.2066116118657195
1.7496223958333346	1.303035856311821
1.8496223958333347	1.4014267564846663
1.9496223958333347	1.5017252649006472
2.049622395833335	1.603850852729045
2.149622395833335	1.7078026713288295
2.249622395833335	1.8135340720840556
2.349622395833335	1.9209990738322231
2.449622395833335	2.0301885257843053
2.5496223958333353	2.141105227952954
2.6496223958333354	2.253752629561169
2.7496223958333355	2.3681280551495165
2.8496223958333355	2.4842217269452718
2.9496223958333356	2.60204316390739
3.0496223958333353	2.721617773597159
3.149622395833335	2.8429615217440483
3.2496223958333346	2.9660756128254193
3.349622395833334	3.0910295721951417
3.449622395833334	3.2178106534120494
3.5496223958333335	3.346448239340821
3.649622395833333	3.4770097513273432
3.749622395833333	3.609506696653888
3.8496223958333324	3.744017191926631
3.949622395833332	3.8805366042509544
4.049622395833332	4.019104262426308
4.149622395833331	4.159813534738441
4.249622395833331	4.302681830981658
4.349622395833331	4.447784821536908
4.44962239583333	4.59516249756775
4.54962239583333	4.744827474910276
4.64962239583333	4.896842267225792
4.749622395833329	5.051252150413848
4.849622395833329	5.2081362541050575
4.9496223958333285	5.367574233842323
5.049622395833328	5.529563992905709
5.149622395833328	5.694105444609634
5.2496223958333275	5.809955457141882
5.349622395833327	5.839623902286308
5.449622395833327	5.872056230034896
5.549622395833326	5.907274938811252
5.649622395833326	5.9453819512964845
5.749622395833326	5.986312364926269
5.849622395833325	6.030165192156766
5.949622395833325	6.076959255734042
6.049622395833325	6.126695921816576
6.149622395833324	6.179433810020347
6.249622395833324	6.235239217360191
6.3496223958333236	6.294154730193706
6.449622395833323	6.35615192350662
6.549622395833323	6.421189227336578
6.6496223958333225	6.489279735273903
6.749622395833322	6.560497254665863
6.849622395833322	6.6348114533876075
6.949622395833321	6.712195578888792
7.049622395833321	6.792645431374602
7.149622395833321	6.876190696667066
7.24962239583332	6.962788631917816
7.34962239583332	7.0524097759031825
7.44962239583332	7.145006382278177
7.549622395833319	7.240553757716887
7.649622395833319	7.339002944029755
7.749622395833319	7.440318279328494
7.849622395833318	7.544413223107684
7.949622395833318	7.651191315453999
8.049622395833318	7.760666810235496
8.149622395833317	7.872771410246507
8.249622395833317	7.987376481583628
8.349622395833316	8.104457582533207
8.449622395833316	8.223875301246672
8.549622395833316	8.345539147708054
8.55	8.346002979656445
1000008.55	8.346002979656445
