-100000	0
1.0999999999999996	0
1.103333333333333	0.0013404476511038649
1.108333333333333	0.003363238591905494
1.115833333333333	0.006424830755495509
1.127083333333333	0.01107939833928825
1.143958333333333	0.018207820293181357
1.169270833333333	0.029212122640472193
1.2072395833333331	0.04635983915008283
1.264192708333333	0.07342377983077118
1.349622395833333	0.1168538065992935
1.4496223958333332	0.1717986887207751
1.5496223958333333	0.23089463185867543
1.6496223958333334	0.29386369017379155
1.7496223958333335	0.36046969426864783
1.8496223958333335	0.43046207667781766
1.9496223958333336	0.5036190093049532
2.0496223958333335	0.5797365239038552
2.1496223958333336	0.6586480481352764
2.2496223958333337	0.7401635748791846
2.3496223958333338	0.8241724689693762
2.449622395833334	0.9105396061947834
2.549622395833334	0.999117177070917
2.649622395833334	1.0898665504573597
2.749622395833334	1.1826505701330527
2.849622395833334	1.277440190053095
2.9496223958333343	1.3741317780656888
3.0496223958333344	1.472705419624238
3.1496223958333345	1.5730851278156641
3.2496223958333346	1.6752719359354857
3.3496223958333347	1.7792130169194327
3.4496223958333347	1.884898945450849
3.549622395833335	1.9923344653425328
3.649622395833335	2.101522489983
3.749622395833335	2.208929075489763
3.849622395833335	2.312720743556732
3.949622395833335	2.4183046053768207
4.049622395833335	2.5256783366921645
4.149622395833335	2.6348454587653647
4.249622395833335	2.745887083131745
4.349622395833334	2.858821472201156
4.449622395833334	2.9737217666068636
4.5496223958333335	3.0906530699198367
4.649622395833333	3.209601254304438
4.749622395833333	3.3305888326577477
4.849622395833332	3.453744128257191
4.949622395833332	3.579081132610615
5.049622395833332	3.706655140586576
5.149622395833331	3.836552712603545
5.249622395833331	3.968843200849179
5.349622395833331	4.103575344024083
5.44962239583333	4.240846842650478
5.54962239583333	4.380688492972889
5.64962239583333	4.523222029691902
5.749622395833329	4.6684735304763905
5.849622395833329	4.816540799184139
5.9496223958333285	4.967448718854335
6.049622395833328	5.1212932263778965
6.149622395833328	5.278152268330616
6.2496223958333275	5.438065608614293
6.349622395833327	5.553450092632808
6.449622395833327	5.5894979370129985
6.549622395833326	5.628843465668923
6.649622395833326	5.671535845333981
6.749622395833326	5.717643543731552
6.849622395833325	5.767248625757439
6.949622395833325	5.820352464845336
7.049622395833325	5.877033336682197
7.149622395833324	5.937344522921817
7.249622395833324	6.001355152986953
7.3496223958333236	6.069119583628855
7.449622395833323	6.1406687484854485
7.549622395833323	6.216010208737418
7.6496223958333225	6.295186589662447
7.749622395833322	6.378253013404626
7.849622395833322	6.465185562866018
7.949622395833321	6.556007541207764
8.049622395833321	6.650727606466351
8.14962239583332	6.749334297540547
8.24962239583332	6.851882064216297
8.34962239583332	6.958356162510409
8.44962239583332	7.068678754862173
8.54962239583332	7.182769437234741
8.649622395833319	7.300617901677951
8.749622395833319	7.422264256719614
8.849622395833318	7.547584619081641
8.949622395833318	7.676560446939107
9.049622395833318	7.809073840786353
9.149622395833317	7.945100703288367
9.249622395833317	8.084527087329974
9.349622395833316	8.22726876278832
9.449622395833316	8.373240690640763
9.549622395833316	8.522342574726236
9.649622395833315	8.674472034723685
9.65	8.675052315266019
1000009.65	8.675052315266019
