-100000	0
1.0999999999999996	0
1.103333333333333	0.0013031800916084883
1.108333333333333	0.003269938347060076
1.115833333333333	0.006247417262118718
1.127083333333333	0.010776546073247371
1.143958333333333	0.01771430930547745
1.169270833333333	0.02842970043643487
1.2072395833333331	0.04513771952149268
1.264192708333333	0.0715330688036257
1.349622395833333	0.11395398501683435
1.4496223958333332	0.1676891954845097
1.5496223958333333	0.2255040399247088
1.6496223958333334	0.287148599706356
1.7496223958333335	0.35227861566072294
1.8496223958333335	0.4207577936742355
1.9496223958333336	0.4923015264581981
2.0496223958333335	0.5667486009733659
2.1496223958333336	0.6438699993228078
2.2496223958333337	0.7234854173072184
2.3496223958333338	0.8054855202636705
2.449622395833334	0.8897205294600996
2.549622395833334	0.9760486863622876
2.649622395833334	1.0644234963893793
2.749622395833334	1.1547292929928328
2.849622395833334	1.246917068468812
2.9496223958333343	1.3408832273178393
3.0496223958333344	1.4366259152164356
3.1496223958333345	1.5340616740299942
3.2496223958333346	1.6331769587357343
3.3496223958333347	1.7339970495400692
3.4496223958333347	1.8365027829892673
3.549622395833335	1.9406739766502137
3.649622395833335	2.0465315346908834
3.749622395833335	2.1380413480882776
3.849622395833335	2.2068306921686514
3.949622395833335	2.2773765878013483
4.049622395833335	2.3496904050317373
4.149622395833335	2.4238411078593636
4.249622395833335	2.49989765452376
4.349622395833334	2.5778680322677237
4.449622395833334	2.6577846778023657
4.5496223958333335	2.7397565345673396
4.649622395833333	2.8238289369216565
4.749622395833333	2.910068208566185
4.849622395833332	2.9985670239103044
4.949622395833332	3.089373742690319
5.049622395833332	3.182593806268325
5.149622395833331	3.278285270230955
5.249622395833331	3.376571162625327
5.349622395833331	3.4774599142710345
5.44962239583333	3.581120312971622
5.54962239583333	3.687557675735559
5.64962239583333	3.7969165343802933
5.749622395833329	3.9092727432168646
5.849622395833329	4.0247087482283
5.9496223958333285	4.143318328789847
6.049622395833328	4.265168447701696
6.149622395833328	4.390425158448835
6.2496223958333275	4.519106406694676
6.349622395833327	4.6155946943569885
6.449622395833327	4.65384010941469
6.549622395833326	4.69577519180491
6.649622395833326	4.741568672174381
6.749622395833326	4.791210412938768
6.849622395833325	4.844849170033796
6.949622395833325	4.902522704109333
7.049622395833325	4.964363888133242
7.149622395833324	5.030423070094194
7.249622395833324	5.10079020709256
7.3496223958333236	5.175514996244448
7.449622395833323	5.25468975670105
7.549622395833323	5.338350837966889
7.6496223958333225	5.426544848581214
7.749622395833322	5.519314734569985
7.849622395833322	5.616724304392207
7.949622395833321	5.718774336297053
8.049622395833321	5.825496944424786
8.14962239583332	5.93689837606943
8.24962239583332	6.053022592878785
8.34962239583332	6.173846165511112
8.44962239583332	6.299354025789298
8.54962239583332	6.429527446140907
8.649622395833319	6.564286606392991
8.749622395833319	6.703640303368686
8.849622395833318	6.847501635639479
8.949622395833318	6.995819418205417
9.049622395833318	7.148471541346117
9.149622395833317	7.305452353924415
9.249622395833317	7.466613414707727
9.349622395833316	7.631880654484319
9.449622395833316	7.801128720928506
9.549622395833316	7.974299458664221
9.649622395833315	8.151226123088668
9.65	8.151901257495885
1000009.65	8.151901257495885
