-100000	0
4.267688964843751	0
4.271022298177084	0
4.276022298177084	0
4.283522298177084	0
4.294772298177085	0
4.311647298177085	0
4.336959798177085	0
4.374928548177085	0
4.4318816731770845	0
4.517311360677084	0
4.617311360677084	0
4.717311360677083	0
4.817311360677083	0
4.917311360677083	0
5.017311360677082	0
5.117311360677082	0.00000000000000000000000000000008218906037672529
5.217311360677082	0.00000000000000000000000000000003692970668362525
5.317311360677081	0.00000000000000000000000000000009244463733058732
5.417311360677081	0.000000000000000002087805760129488
5.5173113606770805	0.000000000000000018825235507554053
5.61731136067708	0.00000000000000009510111148582701
5.71731136067708	0.00000000000000021925127710562904
5.817311360677079	0.00000000000000039079227645235275
5.917311360677079	0.0000000000000003835305809139868
6.017311360677079	0.000000000000000566390444114476
6.117311360677078	0.0000000000000007807205107511239
6.217311360677078	0.0000000000000010264063561388796
6.317311360677078	0.0000000000000007322803047027589
6.417311360677077	0.0000000000000007322803047027589
6.517311360677077	0.0000000000000007322803047027589
6.617311360677077	0.0000000000000012636094970047225
6.717311360677076	0.0000000000000013483081240847935
6.817311360677076	0.0000000000000014483338919070469
6.9173113606770755	0.0000000000000014845211224384396
7.017311360677075	0.0000000000000015700051012781183
7.117311360677075	0.0000000000000016562512524745072
7.2173113606770745	0.0000000000000017477974570858393
7.317311360677074	0.0000000000000018276102186545517
7.417311360677074	0.0000000000000018965303145618655
7.517311360677073	0.0000000000000019651895857157524
7.617311360677073	0.0000000000000020363254230679346
7.717311360677073	0.0000000000000020824124366268483
7.817311360677072	0.000000000000002120586507935226
7.917311360677072	0.000000000000002187849493411993
8.017311360677072	0.0000000000000022194858541651434
8.117311360677071	0.000000000000002246036230955986
8.217311360677071	0.0000000000000021036644408052557
8.31731136067707	0.0000000000000021394868919395445
8.41731136067707	0.000000000000002179977291153722
8.51731136067707	0.0000000000000022192807376239643
8.61731136067707	0.000000000000002253226738250288
8.71731136067707	0.000000000000002291345083831238
8.817311360677069	0.0000000000000023249122265040944
8.917311360677068	0.0000000000000023627384222968144
9.017311360677068	0.0000000000000023968223302967384
9.117311360677068	0.000000000000002435596904851105
9.217311360677067	0.0000000000000024714252824567658
9.317311360677067	0.0000000000000025129966712917982
9.417311360677067	0.0000000000000025544286444322866
9.517311360677066	0.0000000000000026014976797529885
9.617311360677066	0.0000000000000026634091957305627
9.65	0.000000000000002171281996265126
1000009.65	0.000000000000002171281996265126
