-100000	0
4.058646422135437	0
4.06197975546877	0.000000020913835122774813
4.06697975546877	0.00000032677867379326046
4.07447975546877	0.0000022413749235480663
4.085729755468771	0.000011217699796763102
4.102604755468771	0.000048179191152864846
4.127917255468771	0.00019095986495608935
4.165886005468771	0.0007221128522577379
4.2228391304687705	0.0026757444220363107
4.30826881796877	0.00979888873759579
4.40826881796877	0.026210362307100436
4.508268817968769	0.051168911718011224
4.608268817968769	0.08350923208981784
4.708268817968769	0.12247386622533486
4.808268817968768	0.16966259143089113
4.908268817968768	0.22562135091925267
5.0082688179687676	0.2909853570247929
5.108268817968767	0.36586210245563244
5.208268817968767	0.44987087427711453
5.3082688179687665	0.5430892628996047
5.408268817968766	0.6452300276299552
5.508268817968766	0.7528021805519831
5.608268817968765	0.8666453273292781
5.708268817968765	0.9853665692767012
5.808268817968765	1.1076581675765944
5.908268817968764	1.235708340939127
6.008268817968764	1.3709551251715761
6.108268817968764	1.5183905838155918
6.208268817968763	1.6742412572435283
6.308268817968763	1.8464321909886015
6.408268817968763	1.8420969947651153
6.508268817968762	1.8377490694869747
6.608268817968762	1.8555423153856099
6.7082688179687615	1.8763079681170944
6.808268817968761	1.8959509801218475
6.908268817968761	1.9165058803841706
7.0082688179687604	1.9426493308068153
7.10826881796876	1.9730243906988472
7.20826881796876	2.005993123065462
7.308268817968759	2.0442866367798427
7.408268817968759	2.0848377633396584
7.508268817968759	2.13089472792638
7.608268817968758	2.1789495324421386
7.708268817968758	2.2301716532594402
7.808268817968758	2.2834985130426224
7.908268817968757	2.339646184771496
8.008268817968757	2.3994636400474363
8.108268817968757	2.462055148016911
8.208268817968756	2.5262397012492066
8.308268817968756	2.5922329877751866
8.408268817968755	2.662144660294033
8.508268817968755	2.7341463809609166
8.608268817968755	2.805505472318637
8.708268817968754	2.877980115007249
8.808268817968754	2.95295595629395
8.908268817968754	3.0299926923605693
9.008268817968753	3.107548145009701
9.108268817968753	3.1829053444881374
9.208268817968753	3.260051015358259
9.308268817968752	3.3432174510276385
9.408268817968752	3.4200475703227524
9.508268817968752	3.4982981381489764
9.608268817968751	3.5828247053652773
9.65	3.6167490147854537
1000009.65	3.6167490147854537
