-100000	0
1.5999999999999996	0
1.603333333333333	0.004560674262285056
1.608333333333333	0.011410751924086755
1.615833333333333	0.02170624238564526
1.627083333333333	0.0371952254867754
1.643958333333333	0.06053109757357366
1.669270833333333	0.09576325671644612
1.7072395833333331	0.1491270835978263
1.764192708333333	0.23036827681610836
1.849622395833333	0.35498082067925346
1.9496223958333332	0.5051534974199668
2.049622395833333	0.6601234036164916
2.149622395833333	0.8200097705281542
2.2496223958333332	0.9849418504412456
2.3496223958333333	1.1549929264737835
2.4496223958333334	1.330272163332688
2.5496223958333335	1.4424464612074983
2.6496223958333336	1.4905436007132016
2.7496223958333337	1.5440529961119778
2.8496223958333338	1.603002677896262
2.949622395833334	1.6674360701900486
3.049622395833334	1.7373571799740555
3.149622395833334	1.8127535576187943
3.249622395833334	1.8936445536892181
3.349622395833334	1.9800041790743355
3.4496223958333343	2.071799384062485
3.5496223958333344	2.169017915771071
3.6496223958333345	2.271645640472151
3.7496223958333346	2.3796410194934494
3.8496223958333347	2.4929493791326958
3.9496223958333347	2.6115216119893327
4.049622395833334	2.7353016042558043
4.149622395833334	2.8642246232708417
4.249622395833334	2.9982442770437894
4.349622395833333	3.1372835342995797
4.449622395833333	3.28126899780965
4.549622395833333	3.4301757254828904
4.649622395833332	3.583901731396637
4.749622395833332	3.742367463265263
4.8496223958333315	3.9055145368554602
4.949622395833331	4.073248601255326
5.049622395833331	4.245481022206446
5.1496223958333305	4.422146411192991
5.24962239583333	4.603143087284305
5.34962239583333	4.788384717333212
5.449622395833329	4.977736358532664
5.549622395833329	5.171174060509345
5.649622395833329	5.368575506080604
5.749622395833328	5.569863473812043
5.849622395833328	5.7749437751809385
5.949622395833328	5.983707642515519
6.049622395833327	6.196105323345932
6.149622395833327	6.412022664832177
6.249622395833327	6.6313287043537725
6.349622395833326	6.78546975277005
6.449622395833326	6.82438356483751
6.5496223958333255	6.86639896552652
6.649622395833325	6.911427739966649
6.749622395833325	6.959386274861262
6.849622395833324	7.010162238148058
6.949622395833324	7.063650341684059
7.049622395833324	7.119739038099388
7.149622395833323	7.178334664036187
7.249622395833323	7.239360228932362
7.349622395833323	7.302711921479701
7.449622395833322	7.368269113935425
7.549622395833322	7.43596204078747
7.649622395833322	7.505672855993196
7.749622395833321	7.577333776048908
7.849622395833321	7.650823457372576
7.9496223958333205	7.7260772833045275
8.049622395833321	7.802986899413441
8.14962239583332	7.881476753170081
8.24962239583332	7.96144487362959
8.34962239583332	8.042811335840419
8.44962239583332	8.125495890614676
8.54962239583332	8.209394810032109
8.649622395833319	8.294501706202531
8.749622395833319	8.380722568868864
8.849622395833318	8.467972366128063
8.949622395833318	8.556220327297348
9.049622395833318	8.645327424965618
9.149622395833317	8.73524214850366
9.249622395833317	8.82588984647161
9.349622395833316	8.917200221743157
9.449622395833316	9.009120040202216
9.549622395833316	9.101564236065538
9.649622395833315	9.194477679222256
9.65	9.194829226326904
1000009.65	9.194829226326904
