-100000	0
1.5999999999999996	0
1.603333333333333	0.006923646540475298
1.608333333333333	0.01732034313726126
1.615833333333333	0.03294067412748767
1.627083333333333	0.056428041641222254
1.643958333333333	0.091786996271496
1.669270833333333	0.1451131082218396
1.7072395833333331	0.2257492885254834
1.764192708333333	0.3481628075386103
1.849622395833333	0.535106642617085
1.9496223958333332	0.7590748638406968
2.049622395833333	0.9886787956488328
2.149622395833333	1.223976516210082
2.2496223958333332	1.4649927096646485
2.3496223958333333	1.7117362649844683
2.4496223958333334	1.9641936331687389
2.5496223958333335	2.155072905480974
2.6496223958333336	2.2903647653080546
2.7496223958333337	2.4352556627574753
2.8496223958333338	2.580542220019909
2.949622395833334	2.730733131678667
3.049622395833334	2.8897139823323745
3.149622395833334	3.0492248902410504
3.249622395833334	3.2105699435425055
3.349622395833334	3.3713845025962765
3.4496223958333343	3.532622572533394
3.5496223958333344	3.6935905540908927
3.6496223958333345	3.8565109415377035
3.7496223958333346	4.031551849038631
3.8496223958333347	4.218257568314266
3.9496223958333347	4.416483232823505
4.049622395833334	4.611426604008162
4.149622395833334	4.797921834030693
4.249622395833334	4.99098294236141
4.349622395833333	5.192955257124663
4.449622395833333	5.3989831513073
4.549622395833333	5.606096288104174
4.649622395833332	5.815452175349653
4.749622395833332	6.029626992696772
4.8496223958333315	6.249251489604885
4.949622395833331	6.472337855581662
5.049622395833331	6.697188903753782
5.1496223958333305	6.927217628399008
5.24962239583333	7.161565532762158
5.34962239583333	7.399359468161739
5.449622395833329	7.640716391841391
5.549622395833329	7.884276235856839
5.649622395833329	8.13164467796189
5.749622395833328	8.380564924462284
5.849622395833328	8.63371143950361
5.949622395833328	8.890186381317008
6.049622395833327	9.148397683737013
6.149622395833327	9.250463466753908
6.249622395833327	9.690338078807683
6.349622395833326	9.996687870671197
6.449622395833326	10.338935758098584
6.5496223958333255	10.683845236177705
6.649622395833325	11.02904890168629
6.749622395833325	11.369736422370284
6.849622395833324	11.716423720764123
6.949622395833324	12.063878898896037
7.049622395833324	12.411011166595895
7.149622395833323	12.760316020548037
7.249622395833323	13.114552874675883
7.349622395833323	13.468323882620343
7.449622395833322	13.823812919189752
7.549622395833322	14.179861984257169
7.649622395833322	14.534457245831879
7.749622395833321	14.88990181931461
7.849622395833321	15.243900426898788
7.9496223958333205	15.609688328665964
8.049622395833321	15.975410309924264
8.14962239583332	16.338460978303072
8.24962239583332	16.706524727756204
8.34962239583332	17.072277039218307
8.44962239583332	17.444297948659052
8.54962239583332	17.82255120638973
8.649622395833319	18.2040409508772
8.749622395833319	18.576555343223024
8.849622395833318	18.975919796736655
8.949622395833318	19.357522085096218
9.049622395833318	19.720574428402582
9.149622395833317	20.08659115830393
9.249622395833317	20.44841501656198
9.349622395833316	20.8111195121226
9.449622395833316	21.153559812456958
9.549622395833316	21.500219281383778
9.649622395833315	21.81895142442108
9.65	21.783601738769832
1000009.65	21.783601738769832
