-100001.6	0
0	0
0.0033333333333334103	0
0.008333333333333304	0
0.015833333333333366	0
0.027083333333333348	0
0.04395833333333332	0
0.06927083333333339	0
0.1072395833333335	0
0.16419270833333344	0.00000000000000000000000000000003389636702121535
0.24962239583333345	0.00000000000000000000000000000012017802852976352
0.34962239583333354	0
0.4496223958333334	0.0000000000000000000000000000001910522504832138
0.5496223958333335	0.00000000000000000000000000000016640034719505718
0.6496223958333336	0.00000000000000000000000000000019721522630525295
0.7496223958333337	0.00000000000000000000000000000009860761315262648
0.8496223958333338	0.00000000000000000000000000000007395570986446986
0.9496223958333339	0.0000000000000000000000000000012942249226282223
1.049622395833334	0.0000000000000000000000000000009367723249499515
1.149622395833334	0.00000000000000000000000000000071490519535654195
1.2496223958333341	0.00000000000000000000000000000167632942359465
1.3496223958333342	0.00000000000000000000000000000002465190328815662
1.4496223958333343	0.0000000000000000000000000000009367723249499515
1.5496223958333344	0.00000000000000000000000000000022803010541544873
1.6496223958333345	0.0000000000000000000000000000004437342591868191
1.7496223958333346	0.0000000000000000000000000000012818989709841442
1.8496223958333347	0.0000000000000000000000000000005669937756276022
1.9496223958333347	0.0000000000000000000000000000007765349535769335
2.049622395833335	0.0000000000000000000000000000001232595164407831
2.149622395833335	0.0000000000000000000000000000006656013887802287
2.249622395833335	0.000000000000000000000000000003623829783359023
2.349622395833335	0.0000000000000000004338717660109104
2.4496223958333347	0.000000000000000019267837383761824
2.5496223958333344	0
2.649622395833334	0.00000000000000017267242537446755
2.7496223958333337	0.00000000000000035564487668752144
2.8496223958333333	0.0000000000000005453495519359721
2.949622395833333	0.00000000000000010815623156849606
3.0496223958333326	0
3.1496223958333323	0
3.249622395833332	0
3.3496223958333315	0
3.449622395833331	0.0000000000000007062695515358492
3.549622395833331	0.0000000000000004190328927361989
3.6496223958333305	0.0000000000000014716954372418276
3.74962239583333	0.0000000000000020352367088364295
3.8496223958333298	0.0000000000000013010641197956349
3.9496223958333294	0.0000000000000029558668841491435
4.049622395833329	0.0000000000000008330355182195515
4.149622395833329	0.0000000000000009327384514446153
4.249622395833328	0.0000000000000031142265621374194
4.349622395833328	0.0000000000000034471401780694024
4.449622395833328	0.000000000000006328260336882944
4.549622395833327	0.0000000000000041695389424851285
4.649622395833327	0.0000000000000016782425777318708
4.749622395833327	0.000000000000001675047433490224
4.849622395833326	0.000000000000001675047433490223
4.949622395833326	0.000000000000006700189733960883
5.0496223958333255	0.0000000000000067001897339609114
5.149622395833325	0.000000000000006700189733960906
5.249622395833325	0.0000000000000067001897339609075
5.349622395833324	0.000000000000006700189733960896
5.449622395833324	0.00000000000000670018973396089
5.549622395833324	0.0000000000000067001897339609
5.649622395833323	0.000000000000006700189733960892
5.749622395833323	0.000000000000006700189733960904
5.849622395833323	0.00000000000000670018973396091
5.949622395833322	0.000000000000006700189733960893
6.049622395833322	0.00000000000000670166560775388
6.149622395833322	0.000000000000006763365011013605
6.249622395833321	0.0000000000000068121979899342304
6.349622395833321	0.0000000000000017060994624860123
6.449622395833321	0.0000000000000017060994624860123
6.549622395833321	0.0000000000000017060994624860123
6.649622395833321	0.0000000000000017060994624860144
6.74962239583332	0.0000000000000017060994624860115
6.84962239583332	0.0000000000000017060994624860119
6.94962239583332	0.0000000000000017060994624860107
7.049622395833319	0.000000000000010236596774916075
7.149622395833319	0.000000000000006824397849944056
7.249622395833319	0.000000000000006824397849944056
7.349622395833318	0.000000000000006824397849944039
7.449622395833318	0.000000000000006824397849944036
7.5496223958333175	0.0000000000000068243978499440546
7.649622395833317	0.000000000000006824397849944039
7.749622395833317	0.000000000000006824397849944041
7.8496223958333164	0.000000000000006824397849944068
7.949622395833316	0.000000000000006824397849944056
8.049622395833316	0.00000000000000682439784994406
8.05	0.000000000000006824397849944049
1000008.05	0.000000000000006824397849944049
