-100000	0
0	0
0.0033333333333333335	0.00000000000000000000000000000006143716522595282
0.008333333333333333	0.0000000000000000000000000000001196965460436667
0.01583333333333333	0.0000000000000000000000000000002393930920873334
0.02708333333333333	0.0000000000000000000000000000012017802852976352
0.043958333333333335	0.0000000000000000000000000000021826564059740544
0.06927083333333334	0.00000000000000000000000000000935944175073865
0.10723958333333333	0.000000000000000000000000000013026412364851947
0.16419270833333333	0.00000000000000000000000000005317877762442036
0.24962239583333334	0.00000000000000000000000000007053988051510466
0.3496223958333333	0.000000000000000128591802656194
0.4496223958333333	0.00000000000000014672258424256103
0.5496223958333333	0.00000000000000014585010516873932
0.6496223958333333	0.00000000000000008268159659713394
0.7496223958333332	0.00000000000000013860768921929803
0.8496223958333332	0.0000000000000007246789558931881
0.9496223958333332	0.0000000000000010021229652355681
1.0496223958333333	0.0000000000000012250958732038251
1.1496223958333334	0.0000000000000014605142459414145
1.2496223958333335	0.000000000000001882314756897658
1.3496223958333335	0.0000000000000017986887950672822
1.4496223958333336	0.000000000000002198560615225994
1.5496223958333337	0.0000000000000023493942134565196
1.600000000005821	0.0000000000000013433873277722655
1000001.6	0.0000000000000013433873277722655
