-100000	0
-0.0000000000000002220446049250313	0
0.0033333333333331115	0.0000000000000000000000000000001355854680848614
0.008333333333333111	0.00000000000000000000000000000022803010541544873
0.01583333333333311	0.0000000000000000000000000000002157041537713704
0.02708333333333311	0.000000000000000000000000000001292491585678274
0.04395833333333311	0.000000000000000000000000000004019030607947284
0.06927083333333311	0.000000000000000000000000000009081144873774694
0.10723958333333311	0.000000000000000000000000000016492123299776778
0.1641927083333331	0
0.24962239583333312	0.00000000000000000000000000014079934563030653
0.3496223958333331	0.00000000000000015938443802115748
0.4496223958333331	0.00000000000000015900478481128285
0.549622395833333	0.00000000000000018240961398773611
0.649622395833333	0.00000000000000013152037849675509
0.749622395833333	0.00000000000000014204251879556914
0.849622395833333	0.0000000000000007136325042354521
0.949622395833333	0.000000000000000888471688500637
1.049622395833333	0.0000000000000010547167060382113
1.1496223958333331	0.0000000000000015526664064096164
1.2496223958333332	0.00000000000000204042537900884
1.3496223958333333	0.0000000000000020144726500303906
1.4496223958333334	0.0000000000000024424005492584967
1.5496223958333335	0.000000000000002295477076059945
1.6000000000058208	0.0000000000000015342856893053051
1000001.6	0.0000000000000015342856893053051
