-179769313486231570000000000000000000000000000000000000000000000000000000000000000000000000000000000000000000000000000000000000000000000000000000000000000000000000000000000000000000000000000000000000000000000000000000000000000000000000000000000000000000000000000000000000000000000000000000000000000000000000000	0
0.00000000000000010302869668521452	0
0.0033333333333334368	0.01938799999999867
0.00666666666666677	0.03877599999999891
0.01166666666666677	0.06785799999999927
0.01916666666666677	0.1114809999999998
0.03041666666666677	0.17691550000000061
0.04729166666666677	0.2750672500000019
0.07260416666666678	0.42229487500000373
0.11057291666666677	0.6431363125000065
0.1675260416666668	0.9743984687500107
0.2529557291666668	1.471291703125017
0.35295572916666684	2.0529317031250245
0.4529557291666668	2.6345717031250313
0.5529557291666668	3.2162117031250386
0.6529557291666668	3.797851703125046
0.7529557291666668	4.379491703125053
0.8529557291666667	4.96113170312506
0.9529557291666667	5.542771703125068
1.0529557291666667	6.124411703125075
1.1000000000000005	6.671668296875088
179769313486231570000000000000000000000000000000000000000000000000000000000000000000000000000000000000000000000000000000000000000000000000000000000000000000000000000000000000000000000000000000000000000000000000000000000000000000000000000000000000000000000000000000000000000000000000000000000000000000000000000	6.671668296875088
