-179769313486231570000000000000000000000000000000000000000000000000000000000000000000000000000000000000000000000000000000000000000000000000000000000000000000000000000000000000000000000000000000000000000000000000000000000000000000000000000000000000000000000000000000000000000000000000000000000000000000000000000	0
0.003052734375000643	0
0.006386067708334053	0.0018202641147174144
0.009719401041667464	0.003647902179843073
0.014719401041667357	0.00640281749644645
0.02221940104166742	0.010564468106494144
0.0334694010416674	0.01686967344753743
0.050344401041667375	0.02645902011741901
0.07565690104166745	0.04111207867015969
0.11362565104166755	0.06362784235894753
0.1705787760416675	0.09843903956788419
0.2560084635416675	0.15262629791007906
0.3560084635416676	0.21864581059391025
0.4560084635416677	0.28721647877470335
0.5560084635416678	0.3582590941257683
0.6560084635416679	0.4317835959654023
0.756008463541668	0.5078330329891332
0.856008463541668	0.5864491906876977
0.9560084635416679	0.6676536075718017
1.056008463541668	0.751441770048728
1.156008463541668	0.8377938821088552
1.2560084635416682	0.9267094932594786
1.3560084635416683	1.0182255249080654
1.4560084635416684	1.1123258851443887
1.5560084635416684	1.2089256129123507
1.6560084635416685	1.3079423794553033
1.7560084635416686	1.4093019009522774
1.8560084635416687	1.5129364577707571
1.9560084635416688	1.6187859003995089
2.056008463541669	1.72679644029287
2.156008463541669	1.8369206747667546
2.256008463541669	1.9491173835847555
2.356008463541669	2.063350996639495
2.4560084635416692	2.179591495766189
2.5560084635416693	2.2978141888832195
2.6560084635416694	2.4179837062701064
2.7560084635416695	2.540079952740938
2.8560084635416696	2.664112645350451
2.9560084635416697	2.790075573044143
3.0560084635416693	2.9179660844479107
3.156008463541669	3.0477855763316266
3.2560084635416686	3.179538713383709
3.3560084635416683	3.3132336315616344
3.456008463541668	3.448881676187836
3.5560084635416676	3.5864963939702634
3.656008463541667	3.726094981353422
3.756008463541667	3.86769632518617
3.8560084635416665	4.011322028631649
3.956008463541666	4.1569956818245615
4.056008463541666	4.304742779934729
4.156008463541665	4.45459087702733
4.256008463541665	4.606568369190778
4.356008463541665	4.76070601155769
4.456008463541664	4.917035306699156
4.556008463541664	5.075589454827267
4.656008463541664	5.236401814046192
4.756008463541663	5.3995076193725104
4.856008463541663	5.564942041898759
4.956008463541663	5.732741685312372
5.056008463541662	5.902942924463042
5.156008463541662	6.075582802011466
5.2560084635416615	6.19489711561125
5.356008463541661	6.232867029628796
5.456008463541661	6.273388831140832
5.5560084635416604	6.3165004294090075
5.65600846354166	6.362240099641906
5.75600846354166	6.410645030784017
5.856008463541659	6.461752839565818
5.956008463541659	6.515601541377658
6.056008463541659	6.572227999965856
6.156008463541658	6.631668663473804
6.256008463541658	6.693960579653696
6.356008463541658	6.759140051724423
6.456008463541657	6.827241368039673
6.556008463541657	6.898301134092655
6.6560084635416565	6.972354180976619
6.756008463541656	7.049433133261888
6.856008463541656	7.129573190882715
6.9560084635416555	7.212807140762323
7.056008463541655	7.299166953145921
7.156008463541655	7.38868555805647
7.256008463541654	7.481394794432585
7.356008463541654	7.577325044379922
7.456008463541654	7.676507622645638
7.556008463541653	7.778973138070453
7.656008463541653	7.884750586830926
7.756008463541653	7.99386979572361
7.856008463541652	8.106361102254382
7.956008463541652	8.222251712091971
8.056008463541652	8.341571460968742
8.156008463541651	8.464349773120803
8.25600846354165	8.590613199333035
8.35600846354165	8.72039158923682
8.45600846354165	8.853713710972833
8.553052734375001	9.12098828672161
179769313486231570000000000000000000000000000000000000000000000000000000000000000000000000000000000000000000000000000000000000000000000000000000000000000000000000000000000000000000000000000000000000000000000000000000000000000000000000000000000000000000000000000000000000000000000000000000000000000000000000000	9.12098828672161
