-179769313486231570000000000000000000000000000000000000000000000000000000000000000000000000000000000000000000000000000000000000000000000000000000000000000000000000000000000000000000000000000000000000000000000000000000000000000000000000000000000000000000000000000000000000000000000000000000000000000000000000000	0
0.003052734375000643	0
0.006386067708334053	0.0016345101925767833
0.009719401041667464	0.0032726769521962476
0.014719401041667357	0.005736782002631992
0.02221940104166742	0.009448359609730434
0.0334694010416674	0.015050409216798073
0.050344401041667375	0.023531382440279913
0.07565690104166745	0.036423908614674615
0.11362565104166755	0.05614196548318026
0.1705787760416675	0.08654647694040843
0.2560084635416675	0.1339377496260346
0.3560084635416676	0.19198458184545888
0.4560084635416677	0.252634636183741
0.5560084635416678	0.31572124798800905
0.6560084635416679	0.3810884705793328
0.756008463541668	0.4485886381835532
0.856008463541668	0.5180809752775665
0.9560084635416679	0.5894304540722696
1.056008463541668	0.6625074133530929
1.156008463541668	0.7371876859937448
1.2560084635416682	0.8133530429253938
1.3560084635416683	0.8908920088555553
1.4560084635416684	0.9697009457474073
1.5560084635416684	1.0496854794769148
1.6560084635416685	1.130762178990631
1.7560084635416686	1.212860567163942
1.8560084635416687	1.295925377810866
1.9560084635416688	1.379919028130031
2.056008463541669	1.4648244714850802
2.156008463541669	1.550648329876351
2.256008463541669	1.6374242765426268
2.356008463541669	1.7252169402649065
2.4560084635416692	1.8141262463486156
2.5560084635416693	1.9042922671450084
2.6560084635416694	1.9622933030673542
2.7560084635416695	1.9773015901101547
2.8560084635416696	1.9940829313936412
2.9560084635416697	2.012710172482147
3.0560084635416693	2.0332591628070262
3.156008463541669	2.055841045050454
3.2560084635416686	2.080574369409921
3.3560084635416683	2.107582598524365
3.456008463541668	2.136992306221906
3.5560084635416676	2.16893153565327
3.656008463541667	2.2035284919078126
3.756008463541667	2.2409103989664687
3.8560084635416665	2.281202474394712
3.956008463541666	2.3245270779445115
4.056008463541666	2.371003169210247
4.156008463541665	2.420745706291773
4.256008463541665	2.4738651876153384
4.356008463541665	2.530467295816859
4.456008463541664	2.5906527874925698
4.556008463541664	2.6545172194049655
4.656008463541664	2.7221508276900597
4.756008463541663	2.793638750735379
4.856008463541663	2.869060812756202
4.956008463541663	2.948491524856087
5.056008463541662	3.032000606781278
5.156008463541662	3.119652787102626
5.2560084635416615	3.188150133054012
5.356008463541661	3.225804590753194
5.456008463541661	3.2677695679570062
5.5560084635416604	3.314093054159413
5.65600846354166	3.364819064553112
5.75600846354166	3.419988827330241
5.856008463541659	3.4796405865914295
5.956008463541659	3.5438100534078494
6.056008463541659	3.612531146092867
6.156008463541658	3.685835730802878
6.256008463541658	3.7637548015004865
6.356008463541658	3.846318227096288
6.456008463541657	3.933555623971417
6.556008463541657	4.025496500298881
6.6560084635416565	4.122170902512543
6.756008463541656	4.223609748811308
6.856008463541656	4.329845665045506
6.9560084635416555	4.4409122310297455
7.056008463541655	4.556846493431916
7.156008463541655	4.677686682493736
7.256008463541654	4.803476095710754
7.356008463541654	4.934259391707564
7.456008463541654	5.070087913181718
7.556008463541653	5.211014707687779
7.656008463541653	5.357100968115514
7.756008463541653	5.508409832610122
7.856008463541652	5.665014410899538
7.956008463541652	5.826989588750161
8.056008463541652	5.99442230546389
8.156008463541651	6.167401101926969
8.25600846354165	6.3460280274773195
8.35600846354165	6.530407728242704
8.45600846354165	6.7206592916481895
8.553052734375001	7.104226956620692
179769313486231570000000000000000000000000000000000000000000000000000000000000000000000000000000000000000000000000000000000000000000000000000000000000000000000000000000000000000000000000000000000000000000000000000000000000000000000000000000000000000000000000000000000000000000000000000000000000000000000000000	7.104226956620692
