-179769313486231570000000000000000000000000000000000000000000000000000000000000000000000000000000000000000000000000000000000000000000000000000000000000000000000000000000000000000000000000000000000000000000000000000000000000000000000000000000000000000000000000000000000000000000000000000000000000000000000000000	0
-0.0000000000000008881784197001252	0
0.003333333333332078	0.006781333333332585
0.006666666666665044	0.01356266666666517
0.011666666666664938	0.023734666666664954
0.019166666666665222	0.038992666666665524
0.030416666666665648	0.06187966666666639
0.0472916666666654	0.09621016666666588
0.07260416666666547	0.14770591666666602
0.11057291666666558	0.2249495416666662
0.1675260416666653	0.3408149791666656
0.25295572916666487	0.5146131354166648
0.3529557291666645	0.7180531354166639
0.45295572916666416	0.9214931354166631
0.5529557291666638	1.1249331354166623
0.6529557291666634	1.3283731354166615
0.7529557291666631	1.5318131354166606
0.8529557291666627	1.7352531354166598
0.9529557291666624	1.938693135416659
1.052955729166662	2.142133135416658
1.1529557291666617	2.3455731354166574
1.2529557291666613	2.5490131354166565
1.352955729166661	2.7524531354166557
1.4529557291666606	2.955893135416655
1.5529557291666602	3.159333135416654
1.65295572916666	3.3627731354166532
1.7529557291666595	3.5662131354166524
1.8529557291666592	3.7696531354166516
1.9529557291666588	3.9730931354166508
2.0529557291666585	4.17653313541665
2.152955729166658	4.37997313541665
2.2529557291666578	4.58341313541665
2.3529557291666574	4.786853135416649
2.452955729166657	4.990293135416649
2.5529557291666567	5.1937331354166485
2.6529557291666563	5.397173135416648
2.752955729166656	5.600613135416648
2.8529557291666556	5.804053135416647
2.9529557291666553	6.007493135416647
3.052955729166655	6.210933135416647
3.1529557291666546	6.414373135416646
3.252955729166654	6.617813135416646
3.3369999999999997	6.959772464583362
179769313486231570000000000000000000000000000000000000000000000000000000000000000000000000000000000000000000000000000000000000000000000000000000000000000000000000000000000000000000000000000000000000000000000000000000000000000000000000000000000000000000000000000000000000000000000000000000000000000000000000000	6.959772464583362
