-179769313486231570000000000000000000000000000000000000000000000000000000000000000000000000000000000000000000000000000000000000000000000000000000000000000000000000000000000000000000000000000000000000000000000000000000000000000000000000000000000000000000000000000000000000000000000000000000000000000000000000000	0
0.00000001223002335670742	0
0.0033333455633566904	0.0018615589729476275
0.006666678896690024	0.0039614787171248275
0.011666678896690024	0.0074046845911367645
0.019166678896690024	0.013065346302470283
0.030416678896690023	0.022413165089871588
0.047291678896690025	0.037933370133286425
0.07260417889669002	0.06384443467198028
0.11057292889669001	0.10732857331309824
0.16752605389669	0.1806442824816263
0.25295574139669	0.30474338409519025
0.35295574139669006	0.4670069044569837
0.45295574139669004	0.6442662236937104
0.55295574139669	0.8343311617674627
0.65295574139669	1.035718048875892
0.75295574139669	1.2473549565138593
0.85295574139669	1.4684362074871684
0.9529557413966899	1.6983354832182782
1.05295574139669	1.9365565343725593
1.1000000078661387	2.167084658384766
179769313486231570000000000000000000000000000000000000000000000000000000000000000000000000000000000000000000000000000000000000000000000000000000000000000000000000000000000000000000000000000000000000000000000000000000000000000000000000000000000000000000000000000000000000000000000000000000000000000000000000000	2.167084658384766
