-100000	0
0.0000000000000004440892098500626	0
0.0033333333333337776	0.009973742349698547
0.008333333333333777	0.0250875428033432
0.015833333333333775	0.04810183590072625
0.027083333333333775	0.08337160355118906
0.04395833333333378	0.13755699377793254
0.06927083333333378	0.22138765202384103
0.10723958333333378	0.3517222575006709
0.16419270833333377	0.5555666479832729
0.2496223958333338	0.8758206278848644
0.34962239583333377	1.2679390249278302
0.44962239583333374	1.6747728590081123
0.5496223958333337	2.0935667006300216
0.6496223958333337	2.522319961036826
0.7496223958333337	2.959488666727541
0.8496223958333337	3.4038923340174754
0.9496223958333336	3.8544989864853134
1.0496223958333337	4.310425477408705
1.1000000000058217	4.541883283931776
1000001.1	4.541883283931776
