-100000	0
1.0999999999999996	0
1.103333333333333	0.0010319990211921318
1.108333333333333	0.0025857187442062234
1.115833333333333	0.004928848414278822
1.127083333333333	0.008472273060595573
1.143958333333333	0.013904036825657957
1.169270833333333	0.022342565817392163
1.2072395833333331	0.03560137499039075
1.264192708333333	0.05666174622630202
1.349622395833333	0.09049688078855408
1.4496223958333332	0.13322273855248928
1.5496223958333333	0.17911874483596524
1.6496223958333334	0.22798098528183203
1.7496223958333335	0.27954500244562436
1.8496223958333335	0.3338035332079265
1.9496223958333336	0.39047899021651705
2.0496223958333335	0.44951537680914005
2.1496223958333336	0.5106866587255694
2.2496223958333337	0.5739596567768773
2.3496223958333338	0.6391264904103238
2.449622395833334	0.7061525937193017
2.549622395833334	0.7748923663167075
2.649622395833334	0.8452603911803726
2.749622395833334	0.9171668571488937
2.849622395833334	0.9905094033442149
2.9496223958333343	1.0652448405233412
3.0496223958333344	1.1412720704685326
3.1496223958333345	1.2184920643760528
3.2496223958333346	1.296868026302224
3.3496223958333347	1.3763782808077458
3.4496223958333347	1.4569068644983063
3.549622395833335	1.5384318914444803
3.649622395833335	1.6209175417677646
3.749622395833335	1.7042720017470865
3.849622395833335	1.7884892776196366
3.949622395833335	1.873514277974153
4.049622395833335	1.9593000178332163
4.149622395833335	2.0458265151773065
4.249622395833335	2.133039107937821
4.349622395833334	2.220925652307383
4.449622395833334	2.309419852936687
4.5496223958333335	2.398540270519824
4.649622395833333	2.488242608257937
4.749622395833333	2.5784853299840425
4.849622395833332	2.6692856208337035
4.949622395833332	2.7605769987658917
5.049622395833332	2.8523445637554343
5.149622395833331	2.944608491692722
5.249622395833331	3.0373518327408324
5.349622395833331	3.130514875057
5.44962239583333	3.224111162832368
5.54962239583333	3.318155070572111
5.64962239583333	3.412616300175191
5.749622395833329	3.507475292498271
5.849622395833329	3.602724162803177
5.9496223958333285	3.698344160604683
6.049622395833328	3.794318408440872
6.149622395833328	3.8906592509081195
6.2496223958333275	3.9873787053458676
6.349622395833327	4.08195182472317
6.449622395833327	4.1725270681889315
6.549622395833326	4.263439288080421
6.649622395833326	4.354689066416192
6.749622395833326	4.446276312434978
6.849622395833325	4.538189437288899
6.949622395833325	4.630422584148711
7.049622395833325	4.722978214498784
7.149622395833324	4.815848311955665
7.249622395833324	4.909024745742417
7.3496223958333236	5.002505949612574
7.449622395833323	5.0962825752848735
7.549622395833323	5.190350684930038
7.6496223958333225	5.284711752200471
7.749622395833322	5.379367098639594
7.849622395833322	5.474317782116625
7.949622395833321	5.569540476617424
8.049622395833321	5.665032901035155
8.14962239583332	5.760782891987079
8.24962239583332	5.8567904266946345
8.34962239583332	5.953053416687939
8.44962239583332	6.049553682882898
8.54962239583332	6.146289312688043
8.649622395833319	6.243253751970523
8.749622395833319	6.340430858041786
8.849622395833318	6.437805427332013
8.949622395833318	6.535364094713548
9.049622395833318	6.6330918762693125
9.149622395833317	6.730970399695243
9.249622395833317	6.8289877982190905
9.349622395833316	6.927140107450401
9.449622395833316	7.025360449231018
9.549622395833316	7.123635289222632
9.649622395833315	7.221997690986178
9.65	7.222369328186914
1000009.65	7.222369328186914
