-100000	0
1.0999999999999996	0
1.103333333333333	0.001166777693389337
1.108333333333333	0.0029232589352363534
1.115833333333333	0.0055721601757297385
1.127083333333333	0.009579401003037733
1.143958333333333	0.015720622627814717
1.169270833333333	0.025245951065819186
1.2072395833333331	0.040175304860559764
1.264192708333333	0.06384647180736804
1.349622395833333	0.10183556855218488
1.4496223958333332	0.14974800153038545
1.5496223958333333	0.20116697611464984
1.6496223958333334	0.25589275537999373
1.7496223958333335	0.3136670577846771
1.8496223958333335	0.3743514542834491
1.9496223958333336	0.43772742135477355
2.0496223958333335	0.5036979779833956
2.1496223958333336	0.5720289887614657
2.2496223958333337	0.6426597938753043
2.3496223958333338	0.7153882599177879
2.449622395833334	0.7901858939429588
2.549622395833334	0.8668921153573683
2.649622395833334	0.9454112761572251
2.749622395833334	1.025651877102009
2.849622395833334	1.1075017107603882
2.9496223958333343	1.1909200677252012
3.0496223958333344	1.2757897069844244
3.1496223958333345	1.3619768005306372
3.2496223958333346	1.4494762907021008
3.3496223958333347	1.5382738715014623
3.4496223958333347	1.6282134712631824
3.549622395833335	1.7193007517397083
3.649622395833335	1.8114912070934177
3.749622395833335	1.9046698378122393
3.849622395833335	1.9988579816961254
3.949622395833335	2.0939896404152445
4.049622395833335	2.190013733780499
4.149622395833335	2.2868978276896867
4.249622395833335	2.3845943614188685
4.349622395833334	2.4830807979406244
4.449622395833334	2.5822948395608756
4.5496223958333335	2.6822581079019785
4.649622395833333	2.7829130448560706
4.749622395833333	2.8842281947475246
4.849622395833332	2.986218853308773
4.949622395833332	3.088812045113916
5.049622395833332	3.1920002115452486
5.149622395833331	3.295800792154185
5.249622395833331	3.400188792646866
5.349622395833331	3.505108191998756
5.44962239583333	3.6105772276286365
5.54962239583333	3.716608808213127
5.64962239583333	3.823167909484988
5.749622395833329	3.930235697111961
5.849622395833329	4.0378047218698745
5.9496223958333285	4.145851705353092
6.049622395833328	4.254358509728535
6.149622395833328	4.363345940521504
6.2496223958333275	4.472828331955486
6.349622395833327	4.574480072197881
6.449622395833327	4.662257390424183
6.549622395833326	4.750507395546053
6.649622395833326	4.839204627812046
6.749622395833326	4.928328364957511
6.849622395833325	5.017900669013273
6.949622395833325	5.107920910061205
7.049622395833325	5.198338966607276
7.149622395833324	5.289168229993682
7.249622395833324	5.380426837411131
7.3496223958333236	5.472125989765246
7.449622395833323	5.5642227573538126
7.549622395833323	5.656694632850728
7.6496223958333225	5.749560616663717
7.749622395833322	5.842839626882767
7.849622395833322	5.9365473695946935
7.949622395833321	6.0306465536055525
8.049622395833321	6.125094835851975
8.14962239583332	6.219875994564914
8.24962239583332	6.315008542426938
8.34962239583332	6.410499761284282
8.44962239583332	6.506313450205819
8.54962239583332	6.602432727280025
8.649622395833319	6.698850106791521
8.749622395833319	6.795559622088705
8.849622395833318	6.892539513362548
8.949622395833318	6.989767009835779
9.049622395833318	7.087210808539549
9.149622395833317	7.184853324141743
9.249622395833317	7.282718362468337
9.349622395833316	7.380765111883111
9.449622395833316	7.478937416677253
9.549622395833316	7.577187201241883
9.649622395833315	7.675549249957709
9.65	7.675920887158464
1000009.65	7.675920887158464
