-100000	0
1.0999999999999996	0
1.103333333333333	0.0012731549766844981
1.108333333333333	0.00318997644072647
1.115833333333333	0.006081470239185523
1.127083333333333	0.010456989180044483
1.143958333333333	0.017160138620594866
1.169270833333333	0.027541077065267282
1.2072395833333331	0.043768000571569515
1.264192708333333	0.06942783426936294
1.349622395833333	0.11051438576774314
1.4496223958333332	0.16228413155113522
1.5496223958333333	0.21782253921209335
1.6496223958333334	0.27688002795611816
1.7496223958333335	0.3391803646557239
1.8496223958333335	0.40459618699307337
1.9496223958333336	0.4728867793725059
2.0496223958333335	0.5439651565183878
2.1496223958333336	0.6175930103181043
2.2496223958333337	0.6937206207308744
2.3496223958333338	0.772130072915046
2.449622395833334	0.8527838620858333
2.549622395833334	0.9355284077942065
2.649622395833334	1.020269683076754
2.749622395833334	1.1068952125053098
2.849622395833334	1.195291474728897
2.9496223958333343	1.2853998271236682
3.0496223958333344	1.377124804145243
3.1496223958333345	1.4703362118648196
3.2496223958333346	1.5650064880275665
3.3496223958333347	1.6611213986937226
3.4496223958333347	1.7585296429897972
3.549622395833335	1.8572268170523634
3.649622395833335	1.9571727197905295
3.749622395833335	2.058251772456653
3.849622395833335	2.1604790386488673
3.949622395833335	2.2637944447710403
4.049622395833335	2.3681420005563374
4.149622395833335	2.473493119524466
4.249622395833335	2.579796457585898
4.349622395833334	2.687033550607234
4.449622395833334	2.795139965971896
4.5496223958333335	2.904135825090742
4.649622395833333	3.0139697113303274
4.749622395833333	3.1246045693317175
4.849622395833332	3.236058920008396
4.949622395833332	3.348264584771977
5.049622395833332	3.461207313642828
5.149622395833331	3.574907667124679
5.249622395833331	3.6893468554350055
5.349622395833331	3.804464622487508
5.44962239583333	3.920277468443157
5.54962239583333	4.036803614831907
5.64962239583333	4.153992556077018
5.749622395833329	4.271831767659949
5.849622395833329	4.39033754521718
5.9496223958333285	4.509495387280264
6.049622395833328	4.629268455072738
6.149622395833328	4.7496769686893545
6.2496223958333275	4.8707356579669066
6.349622395833327	4.978340979270779
6.449622395833327	5.062227509980469
6.549622395833326	5.1467434190076835
6.649622395833326	5.23186855323452
6.749622395833326	5.317579613677512
6.849622395833325	5.403888777046087
6.949622395833325	5.490797126952758
7.049622395833325	5.578279482227891
7.149622395833324	5.6663378932138215
7.249622395833324	5.754976945766432
7.3496223958333236	5.844200513656204
7.449622395833323	5.933965849977385
7.549622395833323	6.024249698354491
7.6496223958333225	6.115070286121948
7.749622395833322	6.2064490918938695
7.849622395833322	6.298391374548863
7.949622395833321	6.390840816026307
8.049622395833321	6.4838029569116875
8.14962239583332	6.5772506269124005
8.24962239583332	6.6711702302794835
8.34962239583332	6.76556588725694
8.44962239583332	6.860425174276717
8.54962239583332	6.955715549457457
8.649622395833319	7.051400352336252
8.749622395833319	7.147470315887913
8.849622395833318	7.243899054161035
8.949622395833318	7.340673775512642
9.049622395833318	7.437757140770429
9.149622395833317	7.535110673177802
9.249622395833317	7.632756226487193
9.349622395833316	7.730625390719062
9.449622395833316	7.828695168082687
9.549622395833316	7.926938676029166
9.649622395833315	8.025300724744993
9.65	8.025672361945745
1000009.65	8.025672361945745
