-100000	0
1.0999999999999996	0
1.103333333333333	0.0013520789664511782
1.108333333333333	0.0033877224327495785
1.115833333333333	0.006458341939633509
1.127083333333333	0.011106487881697569
1.143958333333333	0.01821743669456262
1.169270833333333	0.029210235903678026
1.2072395833333331	0.04632711953150095
1.264192708333333	0.07326159943372733
1.349622395833333	0.11625454731819748
1.4496223958333332	0.17031990035199226
1.5496223958333333	0.2281761694108055
1.6496223958333334	0.2895969581380996
1.7496223958333335	0.35436306150257174
1.8496223958333335	0.42233715835094493
1.9496223958333336	0.49330822518191364
2.0496223958333335	0.5671650601125395
2.1496223958333336	0.6436993107887842
2.2496223958333337	0.7228319404587017
2.3496223958333338	0.8043796727201593
2.449622395833334	0.8883027095124366
2.549622395833334	0.9744343584292771
2.649622395833334	1.0626584752913328
2.749622395833334	1.1528907827176547
2.849622395833334	1.2450356318268867
2.9496223958333343	1.3390137807327473
3.0496223958333344	1.4347325450216821
3.1496223958333345	1.5321047068057299
3.2496223958333346	1.6310735310846183
3.3496223958333347	1.7316200100100192
3.4496223958333347	1.833620761822498
3.549622395833335	1.9370518203123068
3.649622395833335	2.0418766096763736
3.749622395833335	2.1480001159499427
3.849622395833335	2.2554106330442365
3.949622395833335	2.3640730508391448
4.049622395833335	2.4739450164782752
4.149622395833335	2.5849891676559937
4.249622395833335	2.697151501908528
4.349622395833334	2.810410741983459
4.449622395833334	2.9247171562049803
4.5496223958333335	3.0400902330903268
4.649622395833333	3.156487368641041
4.749622395833333	3.273868428626061
4.849622395833332	3.392251772431945
4.949622395833332	3.511585874099036
5.049622395833332	3.6318567465752096
5.149622395833331	3.7530793027293585
5.249622395833331	3.875240964719629
5.349622395833331	3.9982973326300733
5.44962239583333	4.1222530801049935
5.54962239583333	4.247104557237816
5.64962239583333	4.372801284698337
5.749622395833329	4.499354997072976
5.849622395833329	4.626791635865012
5.9496223958333285	4.755109375643044
6.049622395833328	4.884260831015034
6.149622395833328	5.014255347508893
6.2496223958333275	5.145118385737388
6.349622395833327	5.256986810369518
6.449622395833327	5.335360360099614
6.549622395833326	5.41457122175891
6.649622395833326	5.494600887388264
6.749622395833326	5.575435058096999
6.849622395833325	5.657100178196183
6.949622395833325	5.7396068422860305
7.049622395833325	5.82290578061703
7.149622395833324	5.906989992261279
7.249622395833324	5.991860198318988
7.3496223958333236	6.077529165527244
7.449622395833323	6.163980563960819
7.549622395833323	6.251175591855761
7.6496223958333225	6.339102887252354
7.749622395833322	6.427771677742417
7.849622395833322	6.517190734655144
7.949622395833321	6.607328351651566
8.049622395833321	6.698191541851967
8.14962239583332	6.789762138708744
8.24962239583332	6.881988401219042
8.34962239583332	6.974859323059838
8.44962239583332	7.068346684516274
8.54962239583332	7.162390103340477
8.649622395833319	7.257009833425766
8.749622395833319	7.3521712879190595
8.849622395833318	7.447789482148086
8.949622395833318	7.5439072539257985
9.049622395833318	7.6405123141303095
9.149622395833317	7.737496479659586
9.249622395833317	7.8348400211402565
9.349622395833316	7.932509562237639
9.449622395833316	8.030441164757477
9.549622395833316	8.128623639651435
9.649622395833315	8.226976000250533
9.65	8.22734756676639
1000009.65	8.22734756676639
