-100000	0
1.0999999999999996	0
1.103333333333333	0.001451483496228998
1.108333333333333	0.0036392317740014555
1.115833333333333	0.006944500747531215
1.127083333333333	0.011956131596335557
1.143958333333333	0.019618528105282883
1.169270833333333	0.03141954485017309
1.2072395833333331	0.04973569980613322
1.264192708333333	0.07846639833823423
1.349622395833333	0.12423851206589133
1.4496223958333332	0.18170544873050562
1.5496223958333333	0.24309805767329948
1.6496223958333334	0.3081797422333209
1.7496223958333335	0.3766984460389302
1.8496223958333335	0.4484547545999529
1.9496223958333336	0.5233215843380755
2.0496223958333335	0.6010663865127298
2.1496223958333336	0.6816079639259879
2.2496223958333337	0.7647577824698827
2.3496223958333338	0.8503751406210386
2.449622395833334	0.9383151297194039
2.549622395833334	1.0284579603659905
2.649622395833334	1.1208006154298544
2.749622395833334	1.2151868431488717
2.849622395833334	1.31153073923111
2.9496223958333343	1.4098227376393209
3.0496223958333344	1.5099413094791398
3.1496223958333345	1.6118479343258438
3.2496223958333346	1.7154923949919891
3.3496223958333347	1.820814190711599
3.4496223958333347	1.9277960345325234
3.549622395833335	2.0363844119957215
3.649622395833335	2.1465631436965578
3.749622395833335	2.258311886478077
3.849622395833335	2.3716013164737397
3.949622395833335	2.4864322396269842
4.049622395833335	2.6027941973074515
4.149622395833335	2.720674483136406
4.249622395833335	2.840059565534081
4.349622395833334	2.960967203757224
4.449622395833334	3.083409124353961
4.5496223958333335	3.207367976390244
4.649622395833333	3.332830479880931
4.749622395833333	3.459844220270462
4.849622395833332	3.5884023498018833
4.949622395833332	3.7185619410335398
5.049622395833332	3.8503079979742854
5.149622395833331	3.9836304765373884
5.249622395833331	4.1186040611142465
5.349622395833331	4.255216829265779
5.44962239583333	4.393463147058351
5.54962239583333	4.533396506480045
5.64962239583333	4.675047628598252
5.749622395833329	4.818428912469672
5.849622395833329	4.963573321134318
5.9496223958333285	5.110537009296601
6.049622395833328	5.259331905121715
6.149622395833328	5.409920968994237
6.2496223958333275	5.562388066232009
6.349622395833327	5.673791884433997
6.449622395833327	5.712696118622174
6.549622395833326	5.753474095330223
6.649622395833326	5.796208497562051
6.749622395833326	5.840867264991179
6.849622395833325	5.887533515910777
6.949622395833325	5.936210898198093
7.049622395833325	5.98687021296777
7.149622395833324	6.039506441437199
7.249622395833324	6.094173422997293
7.3496223958333236	6.15084680619335
7.449622395833323	6.209529087518956
7.549622395833323	6.27023932374279
7.6496223958333225	6.332993335935634
7.749622395833322	6.397767630988178
7.849622395833322	6.464557812747999
7.949622395833321	6.533361296964829
8.049622395833321	6.6041470664566715
8.14962239583332	6.676841894456103
8.24962239583332	6.751508312615245
8.34962239583332	6.8280807036315725
8.44962239583332	6.9065379478463305
8.54962239583332	6.986896413783085
8.649622395833319	7.069072624008522
8.749622395833319	7.153047034388549
8.849622395833318	7.238779417248371
8.949622395833318	7.326178981627747
9.049622395833318	7.415204874644731
9.149622395833317	7.505905765178035
9.249622395833317	7.598113495487144
9.349622395833316	7.691807206514095
9.449622395833316	7.786943824386978
9.549622395833316	7.883430422769525
9.649622395833315	7.981180800952423
9.65	7.981552429053327
1000009.65	7.981552429053327
