-100000	0
1.0999999999999996	0
1.103333333333333	0.001418275337748632
1.108333333333333	0.0035574261610744045
1.115833333333333	0.006792211787346539
1.127083333333333	0.011701644366429339
1.143958333333333	0.019211453196384315
1.169270833333333	0.03078783810320427
1.2072395833333331	0.048783548444221767
1.264192708333333	0.07707885350855882
1.349622395833333	0.12229680597786406
1.4496223958333332	0.17926223792176887
1.5496223958333333	0.2402804942618567
1.6496223958333334	0.30509805749312485
1.7496223958333335	0.37348227678147505
1.8496223958333335	0.44521713202613916
1.9496223958333336	0.5200796257157966
2.0496223958333335	0.597864243696722
2.1496223958333336	0.6784936295659925
2.2496223958333337	0.7617639675974763
2.3496223958333338	0.8475384363644458
2.449622395833334	0.9356869381298812
2.549622395833334	1.0260631609011386
2.649622395833334	1.1186400085616304
2.749622395833334	1.2133213402937628
2.849622395833334	1.3099747501538972
2.9496223958333343	1.408597152806377
3.0496223958333344	1.5091084959951493
3.1496223958333345	1.6114358836609077
3.2496223958333346	1.7155579430776358
3.3496223958333347	1.8214119031713178
3.4496223958333347	1.9289820911222664
3.549622395833335	2.038257187294651
3.649622395833335	2.149210363156306
3.749622395833335	2.2618267805421053
3.849622395833335	2.3761141413704667
3.949622395833335	2.492075302926585
4.049622395833335	2.6096986819617247
4.149622395833335	2.728976440398797
4.249622395833335	2.8499276563307987
4.349622395833334	2.972589734632074
4.449622395833334	3.097003604328542
4.5496223958333335	3.2231480892861244
4.649622395833333	3.3510217721607414
4.749622395833333	3.480675219953824
4.849622395833332	3.6121860918010875
4.949622395833332	3.745540888628063
5.049622395833332	3.8807388352636307
5.149622395833331	4.017896534495604
5.249622395833331	4.157027894607919
5.349622395833331	4.298101984014364
5.44962239583333	4.4412371612548895
5.54962239583333	4.586427358753895
5.64962239583333	4.733700246559197
5.749622395833329	4.883184898931336
5.849622395833329	5.0348444470140015
5.9496223958333285	5.188688900265073
6.049622395833328	5.344856369586432
6.149622395833328	5.503324853477169
6.2496223958333275	5.664109199208211
6.349622395833327	5.775763149862336
6.449622395833327	5.800667334494684
6.549622395833326	5.828013853421166
6.649622395833326	5.857860294384859
6.749622395833326	5.890241786070164
6.849622395833325	5.925185934073967
6.949622395833325	5.962765994468399
7.049622395833325	6.002968058887982
7.149622395833324	6.045832795638033
7.249622395833324	6.091370860202644
7.3496223958333236	6.139555378659273
7.449622395833323	6.190433829295636
7.549622395833323	6.244022384994855
7.6496223958333225	6.300336526220842
7.749622395833322	6.359364115538534
7.849622395833322	6.421093518340539
7.949622395833321	6.485541106043129
8.049622395833321	6.552724582437738
8.14962239583332	6.6225802329155306
8.24962239583332	6.695107300711717
8.34962239583332	6.77031484521967
8.44962239583332	6.848109720685723
8.54962239583332	6.928558577189164
8.649622395833319	7.011541296098294
8.749622395833319	7.097069752265312
8.849622395833318	7.185064325998836
8.949622395833318	7.275454600556273
9.049622395833318	7.368162310649901
9.149622395833317	7.463273372454502
9.249622395833317	7.560635254758998
9.349622395833316	7.6601704503812
9.449622395833316	7.761793007809592
9.549622395833316	7.865431285141676
9.649622395833315	7.970994102556816
9.65	7.971396463011263
1000009.65	7.971396463011263
