-100000	0
1.0999999999999996	0
1.103333333333333	0.0013666355056528709
1.108333333333333	0.0034279659844306284
1.115833333333333	0.0065463244035793644
1.127083333333333	0.011284711944625348
1.143958333333333	0.018539174418879315
1.169270833333333	0.029733375487748383
1.2072395833333331	0.04716494096339823
1.264192708333333	0.074643640095656
1.349622395833333	0.11872331705002616
1.4496223958333332	0.17442317457096465
1.5496223958333333	0.23423996251252122
1.6496223958333334	0.29792662464650876
1.7496223958333335	0.36525318580426913
1.8496223958333335	0.4359712094413107
1.9496223958333336	0.5098561246365254
2.0496223958333335	0.5866658882965944
2.1496223958333336	0.6663412983067071
2.2496223958333337	0.7486698889041606
2.3496223958333338	0.8335138799987303
2.449622395833334	0.920745700579434
2.549622395833334	1.0102262864813865
2.649622395833334	1.101889690755808
2.749622395833334	1.1956287044331428
2.849622395833334	1.29137029637984
2.9496223958333343	1.3890570966307134
3.0496223958333344	1.4886605530780677
3.1496223958333345	1.5900924654087183
3.2496223958333346	1.6933475479295297
3.3496223958333347	1.7983801491765203
3.4496223958333347	1.9051651483110128
3.549622395833335	2.0137003656904096
3.649622395833335	2.1239836615851244
3.749622395833335	2.236001868412057
3.849622395833335	2.349758116243854
3.949622395833335	2.4652867270095395
4.049622395833335	2.582599704040582
4.149622395833335	2.7017051943525123
4.249622395833335	2.8226213207301125
4.349622395833334	2.945377828521724
4.449622395833334	3.070062420626632
4.5496223958333335	3.196689078983464
4.649622395833333	3.325252790605424
4.749622395833333	3.455799922398064
4.849622395833332	3.5884291324119193
4.949622395833332	3.72319291389327
5.049622395833332	3.860077053590092
5.149622395833331	3.999150406954968
5.249622395833331	4.140502232673619
5.349622395833331	4.284152800628715
5.44962239583333	4.4301931904502965
5.54962239583333	4.5787077125749835
5.64962239583333	4.729696277367292
5.749622395833329	4.883228848887041
5.849622395833329	5.039369798658704
5.9496223958333285	5.198176870866969
6.049622395833328	5.359765799931797
6.149622395833328	5.5241511769968294
6.2496223958333275	5.6913876077772185
6.349622395833327	5.810408626352547
6.449622395833327	5.843847995370844
6.549622395833326	5.880359915408935
6.649622395833326	5.919924716708709
6.749622395833326	5.962617329462881
6.849622395833325	6.008494737852687
6.949622395833325	6.0575825294465195
7.049622395833325	6.109946716319642
7.149622395833324	6.165609189108965
7.249622395833324	6.224643585281559
7.3496223958333236	6.287051938676057
7.449622395833323	6.352876111592863
7.549622395833323	6.422143368798691
7.6496223958333225	6.494877459191162
7.749622395833322	6.5711193155646805
7.849622395833322	6.650821352139597
7.949622395833321	6.733993546752535
8.049622395833321	6.8206679961511725
8.14962239583332	6.910844955602943
8.24962239583332	7.004560403719185
8.34962239583332	7.101779071648779
8.44962239583332	7.202415152996891
8.54962239583332	7.306415148498818
8.649622395833319	7.413768929029063
8.749622395833319	7.524429657559274
8.849622395833318	7.638363450150879
8.949622395833318	7.755547899111511
9.049622395833318	7.875858942104781
9.149622395833317	7.999260944203038
9.249622395833317	8.12564760051515
9.349622395833316	8.254927646127122
9.449622395833316	8.387055713198988
9.549622395833316	8.521923091827254
9.649622395833315	8.659450697887708
9.65	8.65997502243098
1000009.65	8.65997502243098
