-100000	0
1.0999999999999996	0
1.103333333333333	0.0013188861604684792
1.108333333333333	0.0033092965744275313
1.115833333333333	0.006322117520714287
1.127083333333333	0.010902288084291873
1.143958333333333	0.017916309646962062
1.169270833333333	0.028746977746400785
1.2072395833333331	0.04563260543476128
1.264192708333333	0.07231014852446507
1.349622395833333	0.11516996553790862
1.4496223958333332	0.1694319325615157
1.5496223958333333	0.2278031469624436
1.6496223958333334	0.2900591900071774
1.7496223958333335	0.35590895299162856
1.8496223958333335	0.4251400939310395
1.9496223958333336	0.49750206668700825
2.0496223958333335	0.5727943289788612
2.1496223958333336	0.6508302827031339
2.2496223958333337	0.7314202290726232
2.3496223958333338	0.8144615778484448
2.449622395833334	0.8998102271282032
2.549622395833334	0.9873187872847351
2.649622395833334	1.076949478333237
2.749622395833334	1.168564044851619
2.849622395833334	1.2621373241990466
2.9496223958333343	1.35756462245629
3.0496223958333344	1.4548336033027576
3.1496223958333345	1.5538596455711515
3.2496223958333346	1.654649554974648
3.3496223958333347	1.7571780203496532
3.4496223958333347	1.8614194865818112
3.549622395833335	1.9673849445270468
3.649622395833335	2.075082278672668
3.749622395833335	2.174720438841256
3.849622395833335	2.261186523719296
3.949622395833335	2.3494308675799127
4.049622395833335	2.439481307012391
4.149622395833335	2.5313612792442894
4.249622395833335	2.6251330936460078
4.349622395833334	2.7208321171879963
4.449622395833334	2.818506668545112
4.5496223958333335	2.9182636521067926
4.649622395833333	3.0200985456296316
4.749622395833333	3.1240180791075924
4.849622395833332	3.230151471239624
4.949622395833332	3.3385456493949737
5.049622395833332	3.449289181029307
5.149622395833331	3.5624589976184873
5.249622395833331	3.678128918593107
5.349622395833331	3.7963337594963775
5.44962239583333	3.9172112535957218
5.54962239583333	4.040753633545911
5.64962239583333	4.167097893405993
5.749622395833329	4.2963146431543136
5.849622395833329	4.42847976661049
5.9496223958333285	4.5636728594947265
6.049622395833328	4.7019847524671015
6.149622395833328	4.843525608325774
6.2496223958333275	4.988319427726996
6.349622395833327	5.094807995979568
6.449622395833327	5.132505068869
6.549622395833326	5.1737038563357185
6.649622395833326	5.2185158912972085
6.749622395833326	5.266936388882986
6.849622395833325	5.319132080396066
6.949622395833325	5.375107851505293
7.049622395833325	5.434959050689122
7.149622395833324	5.498747266911001
7.249622395833324	5.566539195396876
7.3496223958333236	5.638382739596072
7.449622395833323	5.714381553130807
7.549622395833323	5.794534395138564
7.6496223958333225	5.878875906795017
7.749622395833322	5.9674375282724075
7.849622395833322	6.060267332984937
7.949622395833321	6.157400955666567
8.049622395833321	6.25882388830876
8.14962239583332	6.364573925757426
8.24962239583332	6.474615454420816
8.34962239583332	6.58892289295195
8.44962239583332	6.707512296960901
8.54962239583332	6.830355889567546
8.649622395833319	6.957381266195069
8.749622395833319	7.08860998782681
8.849622395833318	7.223940524444749
8.949622395833318	7.363320123728367
9.049622395833318	7.506639681323339
9.149622395833317	7.6538793049604665
9.249622395833317	7.8049158286893245
9.349622395833316	7.959659641593705
9.449622395833316	8.118019133948529
9.549622395833316	8.279913961802553
9.649622395833315	8.445215125832497
9.65	8.445845764174974
1000009.65	8.445845764174974
