-100000	0
1.0999999999999996	0
1.103333333333333	0.0012972978675281253
1.108333333333333	0.0032549295667611733
1.115833333333333	0.006218107016638303
1.127083333333333	0.010724784345002765
1.143958333333333	0.017624526958411917
1.169270833333333	0.028278129524395613
1.2072395833333331	0.04488541060354524
1.264192708333333	0.07111063186179713
1.349622395833333	0.11325324037629175
1.4496223958333332	0.16659699154318217
1.5496223958333333	0.224007001015811
1.6496223958333334	0.28517162210986735
1.7496223958333335	0.3497955423272897
1.8496223958333335	0.41765239067859955
1.9496223958333336	0.4884527213697575
2.0496223958333335	0.5620741602299347
2.1496223958333336	0.6382839035543884
2.2496223958333337	0.7169352916501757
2.3496223958333338	0.7978798232324746
2.449622395833334	0.8809637463064898
2.549622395833334	0.9660551125936662
2.649622395833334	1.0530918623800996
2.749622395833334	1.141983491714727
2.849622395833334	1.2326409107652692
2.9496223958333343	1.3249764044572554
3.0496223958333344	1.4190178872025114
3.1496223958333345	1.5146826902628328
3.2496223958333346	1.6119392042963063
3.3496223958333347	1.710813717445462
3.4496223958333347	1.8113151633849165
3.549622395833335	1.913413299312337
3.649622395833335	2.017126516134861
3.749622395833335	2.1001773814930864
3.849622395833335	2.150926720579952
3.949622395833335	2.203387574616905
4.049622395833335	2.2575782312688744
4.149622395833335	2.313553361779646
4.249622395833335	2.3714100947985295
4.349622395833334	2.431170393270825
4.449622395833334	2.4928546113756607
4.5496223958333335	2.5565877012307743
4.649622395833333	2.6224129262454574
4.749622395833333	2.6904185623966073
4.849622395833332	2.7606832864897264
4.949622395833332	2.833288086828512
5.049622395833332	2.908320939735645
5.149622395833331	2.9858654254979617
5.249622395833331	3.0660498452854394
5.349622395833331	3.148900942703986
5.44962239583333	3.2345772531419716
5.54962239583333	3.3231285452259844
5.64962239583333	3.414671062236404
5.749622395833329	3.5093327335764197
5.849622395833329	3.60714855459386
5.9496223958333285	3.7082821739068836
6.049622395833328	3.8127847270617488
6.149622395833328	3.920818196751852
6.2496223958333275	4.0324321909722105
6.349622395833327	4.11788274343776
6.449622395833327	4.155563066686384
6.549622395833326	4.197143994357398
6.649622395833326	4.242821419854369
6.749622395833326	4.292582737899828
6.849622395833325	4.346541188121358
6.949622395833325	4.404799666947649
7.049622395833325	4.467442672068155
7.149622395833324	4.53460071385818
7.249622395833324	4.606295721746505
7.3496223958333236	4.682636061924518
7.449622395833323	4.763637930225838
7.549622395833323	4.8494448548361095
7.6496223958333225	4.940166123065713
7.749622395833322	5.035803846957528
7.849622395833322	5.136416731123432
7.949622395833321	5.24203519356596
8.049622395833321	5.352696113690419
8.14962239583332	5.4684028259952076
8.24962239583332	5.589191480769142
8.34962239583332	5.715052865122546
8.44962239583332	5.845993256828602
8.54962239583332	5.982008841896488
8.649622395833319	6.12303467434512
8.749622395833319	6.269025651889066
8.849622395833318	6.419933970479154
8.949622395833318	6.57568829173575
9.049622395833318	6.736168793579944
9.149622395833317	6.901354484549698
9.249622395833317	7.071101568015892
9.349622395833316	7.245317175800159
9.449622395833316	7.423879236997484
9.549622395833316	7.606683811481709
9.649622395833315	7.7935860220264574
9.65	7.794299571689754
1000009.65	7.794299571689754
