-100000	0
1.0999999999999996	0
1.103333333333333	0.0012999667209258189
1.108333333333333	0.0032622843030110874
1.115833333333333	0.006233858038589011
1.127083333333333	0.010753801044825708
1.143958333333333	0.017670979977980235
1.169270833333333	0.02834926128673147
1.2072395833333331	0.04498241090720398
1.264192708333333	0.07121698024618213
1.349622395833333	0.11332659131323886
1.4496223958333332	0.16656896613562525
1.5496223958333333	0.2237694999536344
1.6496223958333334	0.2846327003306228
1.7496223958333335	0.34890087445538004
1.8496223958333335	0.41628391931599446
1.9496223958333336	0.4865054110187098
2.0496223958333335	0.5594459554876575
2.1496223958333336	0.6348544459838877
2.2496223958333337	0.7126043356673067
2.3496223958333338	0.7925318990015375
2.449622395833334	0.8744807035405832
2.549622395833334	0.958329264352563
2.649622395833334	1.0439975160474049
2.749622395833334	1.1314133930116934
2.849622395833334	1.2204829216330393
2.9496223958333343	1.3111119846816899
3.0496223958333344	1.403332430734807
3.1496223958333345	1.4970821817909223
3.2496223958333346	1.5923134009926618
3.3496223958333347	1.6890552042390126
3.4496223958333347	1.7873284991170335
3.549622395833335	1.8871088699494818
3.649622395833335	1.9884150961150235
3.749622395833335	2.062718123490125
3.849622395833335	2.0951032406018544
3.949622395833335	2.1291405716865723
4.049622395833335	2.1648552358383353
4.149622395833335	2.2022670430497837
4.249622395833335	2.2414680595413685
4.349622395833334	2.2825260219825734
4.449622395833334	2.325504260676345
4.5496223958333335	2.3705129926125728
4.649622395833333	2.4176145426525566
4.749622395833333	2.4668346760455884
4.849622395833332	2.5183414980464294
4.949622395833332	2.572185851014113
5.049622395833332	2.6284192071068317
5.149622395833331	2.687230197467146
5.249622395833331	2.748645193293314
5.349622395833331	2.8127648812104464
5.44962239583333	2.8797670026398206
5.54962239583333	2.9496569966731627
5.64962239583333	3.0226168146682655
5.749622395833329	3.0987714885467788
5.849622395833329	3.1781325553235007
5.9496223958333285	3.2608912615112953
6.049622395833328	3.3471063925177362
6.149622395833328	3.436923078223972
6.2496223958333275	3.5304888746235474
6.349622395833327	3.6039810309161533
6.449622395833327	3.640166766118606
6.549622395833326	3.68039493346613
6.649622395833326	3.724853842305714
6.749622395833326	3.7736189760371666
6.849622395833325	3.826725714760522
6.949622395833325	3.8843365463787185
7.049622395833325	3.9465560136241766
7.149622395833324	4.013530502081748
7.249622395833324	4.085293544971106
7.3496223958333236	4.1619704717754695
7.449622395833323	4.243574791014328
7.549622395833323	4.3302482705631045
7.6496223958333225	4.422130233897542
7.749622395833322	4.519222490100117
7.849622395833322	4.621587573365568
7.949622395833321	4.729324826557425
8.049622395833321	4.842467896646397
8.14962239583332	4.961013131052069
8.24962239583332	5.085002529991982
8.34962239583332	5.214448604106929
8.44962239583332	5.34934747371973
8.54962239583332	5.4896847163697755
8.649622395833319	5.635412197965815
8.749622395833319	5.786499855318948
8.849622395833318	5.9428989246537745
8.949622395833318	6.104510678585121
9.049622395833318	6.271209035265829
9.149622395833317	6.442994036268498
9.249622395833317	6.619695385242166
9.349622395833316	6.801233331436767
9.449622395833316	6.987455390844469
9.549622395833316	7.17827239751335
9.649622395833315	7.37351726384035
9.65	7.374262924612063
1000009.65	7.374262924612063
