-100000	0
1.0999999999999996	0
1.103333333333333	0.00134912479991512
1.108333333333333	0.0033866061643383805
1.115833333333333	0.006473910153333841
1.127083333333333	0.011174389844919499
1.143958333333333	0.018376567100208942
1.169270833333333	0.029502487765911967
1.2072395833333331	0.04688999767130934
1.264192708333333	0.07446216774102848
1.349622395833333	0.1190526651438353
1.4496223958333332	0.17583006677402344
1.5496223958333333	0.23651452546446086
1.6496223958333334	0.3014441377571623
1.7496223958333335	0.36764127693623405
1.8496223958333335	0.4338857598408356
1.9496223958333336	0.5030820961923198
2.0496223958333335	0.5756093949402538
2.1496223958333336	0.6507640981394326
2.2496223958333337	0.7290609878845857
2.3496223958333338	0.8099098058373146
2.449622395833334	0.8933534140549243
2.549622395833334	0.9794936399265544
2.649622395833334	1.0668407853711066
2.749622395833334	1.1520770580579236
2.849622395833334	1.2348758810550402
2.9496223958333343	1.3218867279074302
3.0496223958333344	1.411277100688316
3.1496223958333345	1.5019334038027201
3.2496223958333346	1.5923697300485258
3.3496223958333347	1.6843724831686833
3.4496223958333347	1.7792736435578862
3.549622395833335	1.874811266681522
3.649622395833335	1.9733972558633708
3.749622395833335	2.040447428916999
3.849622395833335	2.0671048800808443
3.949622395833335	2.0936748056025816
4.049622395833335	2.1200859496671733
4.149622395833335	2.148353708799242
4.249622395833335	2.177704058650984
4.349622395833334	2.209558699468648
4.449622395833334	2.2429469053668734
4.5496223958333335	2.2778175405449095
4.649622395833333	2.3150086617186574
4.749622395833333	2.3545653659144166
4.849622395833332	2.395121257604342
4.949622395833332	2.437963647752568
5.049622395833332	2.4845124995775305
5.149622395833331	2.5339750365466447
5.249622395833331	2.585879613621502
5.349622395833331	2.6417087017750878
5.44962239583333	2.701184642130541
5.54962239583333	2.763864920956034
5.64962239583333	2.829680265550436
5.749622395833329	2.8980709818641404
5.849622395833329	2.9695992847356436
5.9496223958333285	3.043180625626467
6.049622395833328	3.1209709828489016
6.149622395833328	3.202148202848477
6.2496223958333275	3.285790882023455
6.349622395833327	3.3477234660688344
6.449622395833327	3.3775155568137376
6.549622395833326	3.4117915402334784
6.649622395833326	3.4502692222613613
6.749622395833326	3.492855170903009
6.849622395833325	3.5399768651066488
6.949622395833325	3.592116645016443
7.049622395833325	3.649267683529587
7.149622395833324	3.711299785106356
7.249622395833324	3.7798230512882847
7.3496223958333236	3.8556743718322277
7.449622395833323	3.938626533436087
7.549622395833323	4.027175585099003
7.6496223958333225	4.1213792667099
7.749622395833322	4.220379118199174
7.849622395833322	4.326235751606185
7.949622395833321	4.437663876745927
8.049622395833321	4.555496664359852
8.14962239583332	4.682228712337963
8.24962239583332	4.817140794600494
8.34962239583332	4.959462592490658
8.44962239583332	5.10704262011521
8.54962239583332	5.259743593797307
8.649622395833319	5.418404392352674
8.749622395833319	5.5872678978776005
8.849622395833318	5.764707635941252
8.949622395833318	5.950996220230815
9.049622395833318	6.148672794801006
9.149622395833317	6.355024454059522
9.249622395833317	6.56421550690374
9.349622395833316	6.763199275690852
9.449622395833316	6.982815049220301
9.549622395833316	7.211372267722081
9.649622395833315	7.428668328856528
9.65	7.437534491420256
1000009.65	7.437534491420256
