-100000	0
1.0999999999999996	0
1.103333333333333	0
1.108333333333333	0
1.115833333333333	0
1.127083333333333	0
1.143958333333333	0
1.169270833333333	0
1.2072395833333331	0
1.264192708333333	0
1.349622395833333	0
1.4496223958333332	0
1.5496223958333333	0
1.6496223958333334	0.000000000000005592500011167874
1.7496223958333335	0
1.8496223958333335	0.00000000000000026679714585933945
1.9496223958333336	0.000000000000005938753183348882
2.0496223958333335	0.0000000000000004546784236594905
2.1496223958333336	0.0000000000000015559923364869863
2.2496223958333337	0.000000000000024894129216869317
2.3496223958333338	0.000000000000027555442264517584
2.449622395833334	0.000000000000025470045309674116
2.549622395833334	0.000000000000028207078595809223
2.649622395833334	0.000000000000031244657186555427
2.749622395833334	0.000000000000033571549692727003
2.849622395833334	0.00000000000003544158850631909
2.9496223958333343	0.000000000000038448378433934415
3.0496223958333344	0.000000000000041417438098850686
3.1496223958333345	0.000000000000041659397800359276
3.2496223958333346	0.000000000000044489572086301064
3.3496223958333347	0.00000000000004714301122199641
3.4496223958333347	0.00000000000004980229538964402
3.549622395833335	0.00000000000005197933683540879
3.649622395833335	0.00000000000005460885329967066
3.749622395833335	0.000000000000056717667133069116
3.849622395833335	0.00000000000005733404109061661
3.949622395833335	0.00000000000004621368706730381
4.049622395833335	0.00000000000004692808714296735
4.149622395833335	0.000000000000047427951694919634
4.249622395833335	0.000000000000047962402062009113
4.349622395833334	0.00000000000004853661978298461
4.449622395833334	0.00000000000004915036797367816
4.5496223958333335	0.000000000000049802902088310644
4.649622395833333	0.00000000000006544774282858964
4.749622395833333	0.00000000000003740917374121866
4.849622395833332	0.000000000000038187041934615026
4.949622395833332	0.000000000000008657060624394137
5.049622395833332	0.000000000000008937177895502634
5.149622395833331	0.00000000000005698798272613495
5.249622395833331	0.00000000000003864830809552055
5.349622395833331	0.00000000000003934852880135025
5.44962239583333	0.0000000000000951020797379776
5.54962239583333	0.00000000000009732114432303518
5.64962239583333	0.000000000000006044002836731007
5.749622395833329	0.00000000000018642507506245302
5.849622395833329	0.00000000000019084682113711064
5.9496223958333285	0.00000000000007008056984757178
6.049622395833328	0.00000000000007195019858229942
6.149622395833328	0.000000000000005660902785659556
6.2496223958333275	0.0000000000000057261888129206095
6.349622395833327	0.00000000000021407239968418358
6.449622395833327	0.0000000000002157869330800191
6.549622395833326	0.00000000000021780184525770627
6.649622395833326	0.00000000000022011264394860877
6.749622395833326	0.0000000000002227320202375636
6.849622395833325	0.00000000000022566379284670972
6.949622395833325	0.00000000000020637172125724057
7.049622395833325	0.0000000000002095988751166109
7.149622395833324	0.00000000000021282063075523884
7.249622395833324	0.0000000000001843694939539979
7.3496223958333236	0.0000000000001880525071700382
7.449622395833323	0.000000000000020622467817126333
7.549622395833323	0.0000000000002469956434488662
7.6496223958333225	0.00000000000025268180935340477
7.749622395833322	0.00000000000025874412228647426
7.849622395833322	0.0000000000002386231428000945
7.949622395833321	0.00000000000033381435850885275
8.049622395833321	0.0000000000003425217066469156
8.14962239583332	0.00000000000035170686543609266
8.24962239583332	0.000000000000027127558240215158
8.34962239583332	0.00000000000002793793541201298
8.44962239583332	0.000000000000028788682248519086
8.54962239583332	0.000000000000029679798749733465
8.649622395833319	0.00000000000020332679394014498
8.749622395833319	0.00000000000020940103939632714
8.849622395833318	0.000000000000246471487609244
8.949622395833318	0.00000000000018487679082014438
9.049622395833318	0.0000000000001905802821639416
9.149622395833317	0.0000000000004650077838074724
9.249622395833317	0.0000000000004792385940314105
9.349622395833316	0.000000000000039815944412963016
9.449622395833316	0.00000000000004089831219528259
9.549622395833316	0.00000000000022096690612695307
9.649622395833315	0.0000000000002279434705302899
9.65	0.0000000000005446733943755123
1000009.65	0.0000000000005446733943755123
