-179769313486231570000000000000000000000000000000000000000000000000000000000000000000000000000000000000000000000000000000000000000000000000000000000000000000000000000000000000000000000000000000000000000000000000000000000000000000000000000000000000000000000000000000000000000000000000000000000000000000000000000	0
0.0000000000000010018652574217414	0
0.0033333333333343354	0.000024328111408459143
0.006666666666667669	0.0001409133143377234
0.011666666666667668	0.0005200841829837075
0.019166666666667668	0.001455525141762671
0.030416666666667667	0.003498867686466839
0.04729166666666767	0.007689006179543906
0.07260416666666766	0.015952653347621006
0.11057291666666766	0.03181169803292043
0.16752604166666768	0.06161369081821577
0.2529557291666677	0.11662708408257122
0.35295572916666773	0.19305918429117613
0.4529557291666677	0.27967679022750175
0.5529557291666677	0.3745794665948175
0.6529557291666677	0.4764341216326836
0.7529557291666676	0.5842452000016918
0.8529557291666676	0.6972381160288281
0.9529557291666676	0.814793068531929
1.0529557291666676	0.9364043640398863
1.1529557291666677	1.0616538526913313
1.2529557291666678	1.1901930217820802
1.3529557291666678	1.3217304916647488
1.452955729166668	1.4560230872208892
1.552955729166668	1.5928694884589776
1.600000000000001	1.7235565601461422
179769313486231570000000000000000000000000000000000000000000000000000000000000000000000000000000000000000000000000000000000000000000000000000000000000000000000000000000000000000000000000000000000000000000000000000000000000000000000000000000000000000000000000000000000000000000000000000000000000000000000000000	1.7235565601461422
