-179769313486231570000000000000000000000000000000000000000000000000000000000000000000000000000000000000000000000000000000000000000000000000000000000000000000000000000000000000000000000000000000000000000000000000000000000000000000000000000000000000000000000000000000000000000000000000000000000000000000000000000	0
3.0337165510911692	0
3.037049884424502	0.00000011101927196222773
3.040383217757835	0.0000008867024597205761
3.045383217757835	0.00000432309877655582
3.0528832177578353	0.000015272022807703607
3.0641332177578358	0.00004585370690353554
3.0810082177578355	0.00012720569967809446
3.1063207177578356	0.000339503261018671
3.1442894677578357	0.0008905095535539341
3.2012425927578354	0.0023202277486752444
3.286672280257836	0.006034235445049822
3.3866722802578355	0.013114033417330237
3.486672280257835	0.023486165619026653
3.586672280257835	0.03744969930745302
3.6866722802578344	0.05525877360552697
3.75	0.08282966289388127
179769313486231570000000000000000000000000000000000000000000000000000000000000000000000000000000000000000000000000000000000000000000000000000000000000000000000000000000000000000000000000000000000000000000000000000000000000000000000000000000000000000000000000000000000000000000000000000000000000000000000000000	0.08282966289388127
