-179769313486231570000000000000000000000000000000000000000000000000000000000000000000000000000000000000000000000000000000000000000000000000000000000000000000000000000000000000000000000000000000000000000000000000000000000000000000000000000000000000000000000000000000000000000000000000000000000000000000000000000	0
1.2000000000000002	0
1.2033333333333331	0.0003304270635102782
1.206666666666666	0.0006635984579514396
1.211666666666666	0.0011685524543804582
1.2191666666666663	0.001937910226297282
1.2304166666666667	0.0031196247728341032
1.2472916666666665	0.004957548281098643
1.2726041666666665	0.007873150153444825
1.3105729166666666	0.012646554704782424
1.3675260416666664	0.020865226505422656
1.452955729166666	0.03610214731282527
1.5529557291666656	0.05961507495899153
1.6529557291666652	0.09119042248725814
1.7529557291666649	0.1333311498115749
1.8529557291666645	0.1890248949323195
1.9529557291666642	0.26175720099755445
2.052955729166664	0.35460422989548257
2.1529557291666634	0.46718401709550483
2.252955729166663	0.5983803967164769
2.3529557291666627	0.7469543758922893
2.4529557291666624	0.9117183468752637
2.552955729166662	1.0915922408481937
2.6529557291666617	1.2856104420925847
2.7529557291666613	1.4929095588308523
2.852955729166661	1.7127153872110144
2.9529557291666606	1.94432824159471
3.0529557291666602	2.18711273679672
3.15295572916666	2.440486946566434
3.2529557291666595	2.703915328093591
3.352955729166659	2.976902341670814
3.452955729166659	3.2589871774444767
3.5529557291666585	3.5497389448846466
3.652955729166658	3.848753965997414
3.75	4.447794895254309
179769313486231570000000000000000000000000000000000000000000000000000000000000000000000000000000000000000000000000000000000000000000000000000000000000000000000000000000000000000000000000000000000000000000000000000000000000000000000000000000000000000000000000000000000000000000000000000000000000000000000000000	4.447794895254309
