-179769313486231570000000000000000000000000000000000000000000000000000000000000000000000000000000000000000000000000000000000000000000000000000000000000000000000000000000000000000000000000000000000000000000000000000000000000000000000000000000000000000000000000000000000000000000000000000000000000000000000000000	0
2.7823819556698277	0
2.7857152890031607	0.000000124436678014604
2.7890486223364936	0.0000009954934241234185
2.7940486223364935	0.000005335222569919108
2.801548622336494	0.000023590528191057264
2.8127986223364942	0.00009337940421134841
2.829673622336494	0.00034585145664306943
2.854986122336494	0.0012245467283545678
2.892954872336494	0.004195131432364508
2.949907997336494	0.013765315493260875
3.0353376848364935	0.03962661021912518
3.135337684836493	0.085425225582715
3.2353376848364928	0.14630919178795615
3.3353376848364924	0.22105068451043733
3.435337684836492	0.30870913507696957
3.5353376848364917	0.4085172736388196
3.6353376848364913	0.5198230474004077
3.735337684836491	0.6420566382541267
3.75	0.6797888508893872
179769313486231570000000000000000000000000000000000000000000000000000000000000000000000000000000000000000000000000000000000000000000000000000000000000000000000000000000000000000000000000000000000000000000000000000000000000000000000000000000000000000000000000000000000000000000000000000000000000000000000000000	0.6797888508893872
