-179769313486231570000000000000000000000000000000000000000000000000000000000000000000000000000000000000000000000000000000000000000000000000000000000000000000000000000000000000000000000000000000000000000000000000000000000000000000000000000000000000000000000000000000000000000000000000000000000000000000000000000	0
2.0283779296875	0
2.031711263020833	0.00000014246323516812212
2.035044596354166	0.0000011397058813373994
2.040044596354166	0.000006108102179069055
2.0475445963541663	0.000027047546555294892
2.0587945963541667	0.00010772351313818349
2.0756695963541665	0.00040254302817828555
2.1009820963541666	0.0014435023478866402
2.1389508463541667	0.005029573184695585
2.1959039713541664	0.016861404160046875
2.281333658854166	0.049750239758463266
2.3813336588541656	0.10928099356705617
2.4813336588541652	0.18939004547807178
2.581333658854165	0.28828198206678024
2.6813336588541645	0.4044639549662005
2.781333658854164	0.53666483362777
2.881333658854164	0.6837835057406396
2.9813336588541635	0.8448532321272448
3.081333658854163	1.019016015777472
3.1813336588541627	1.2055034679345302
3.2813336588541624	1.4036221841762138
3.381333658854162	1.6127425229622656
3.4813336588541617	1.8322892480326995
3.5813336588541613	2.0617345896607953
3.681333658854161	2.3005917617793976
3.75	2.6411223534525052
179769313486231570000000000000000000000000000000000000000000000000000000000000000000000000000000000000000000000000000000000000000000000000000000000000000000000000000000000000000000000000000000000000000000000000000000000000000000000000000000000000000000000000000000000000000000000000000000000000000000000000000	2.6411223534525052
