-179769313486231570000000000000000000000000000000000000000000000000000000000000000000000000000000000000000000000000000000000000000000000000000000000000000000000000000000000000000000000000000000000000000000000000000000000000000000000000000000000000000000000000000000000000000000000000000000000000000000000000000	0
0.0000000000000004440892098500626	0
0.0033333333333338544	0.018040000000000424
0.006666666666667265	0.03608000000000085
0.011666666666667158	0.06314000000000028
0.019166666666666998	0.10372999999999943
0.03041666666666698	0.16461499999999937
0.047291666666667176	0.25594250000000046
0.07260416666666725	0.3929337500000009
0.11057291666666735	0.5984206250000016
0.1675260416666675	0.9066509375000026
0.25295572916666753	1.3689964062500029
0.3529557291666676	1.9101964062500036
0.45295572916666726	2.451396406250002
0.5529557291666669	2.9925964062500006
0.6529557291666666	3.5337964062499987
0.7529557291666662	4.074996406249997
0.8529557291666658	4.616196406249995
0.9529557291666655	5.157396406249993
1.0529557291666651	5.698596406249991
1.1529557291666648	6.239796406249989
1.2529557291666644	6.7809964062499875
1.352955729166664	7.322196406249986
1.4529557291666637	7.863396406249984
1.5529557291666634	8.404596406249983
1.652955729166663	8.94579640624998
1.7529557291666626	9.486996406249979
1.8529557291666623	10.028196406249977
1.952955729166662	10.569396406249975
2.0529557291666616	11.110596406249973
2.1529557291666612	11.651796406249971
2.252955729166661	12.19299640624997
2.3529557291666605	12.734196406249968
2.45295572916666	13.275396406249966
2.55295572916666	13.816596406249964
2.6529557291666594	14.357796406249962
2.752955729166659	14.89899640624996
2.8529557291666587	15.440196406249958
2.9529557291666584	15.981396406249956
3.052955729166658	16.522596406249956
3.1529557291666577	17.063796406249956
3.2529557291666573	17.604996406249956
3.352955729166657	18.146196406249956
3.4529557291666566	18.687396406249956
3.5529557291666563	19.228596406249956
3.652955729166656	19.769796406249956
3.7529557291666555	20.310996406249956
3.852955729166655	20.852196406249956
3.952955729166655	21.393396406249956
4.052955729166655	21.934596406249955
4.152955729166655	22.475796406249955
4.252955729166654	23.016996406249955
4.352955729166654	23.558196406249955
4.4529557291666535	24.099396406249955
4.552955729166653	24.640596406249955
4.652955729166653	25.181796406249955
4.752955729166652	25.722996406249955
4.852955729166652	26.264196406249955
4.952955729166652	26.805396406249955
5.052955729166651	27.346596406249954
5.152955729166651	27.887796406249954
5.252955729166651	28.428996406249954
5.35295572916665	28.970196406249954
5.45295572916665	29.511396406249954
5.55295572916665	30.052596406249954
5.640000000000001	30.994763593750147
179769313486231570000000000000000000000000000000000000000000000000000000000000000000000000000000000000000000000000000000000000000000000000000000000000000000000000000000000000000000000000000000000000000000000000000000000000000000000000000000000000000000000000000000000000000000000000000000000000000000000000000	30.994763593750147
