-179769313486231570000000000000000000000000000000000000000000000000000000000000000000000000000000000000000000000000000000000000000000000000000000000000000000000000000000000000000000000000000000000000000000000000000000000000000000000000000000000000000000000000000000000000000000000000000000000000000000000000000	0
0.00000000000000016506132398397267	0
0.0033333333333334988	0.0015079203805387785
0.006666666666666833	0.003219030562562109
0.011666666666666832	0.006031871039337791
0.01916666666666683	0.010666536655419835
0.03041666666666683	0.01833628653026023
0.04729166666666683	0.031096095518822205
0.07260416666666683	0.05243838514517146
0.11057291666666683	0.08830819075195367
0.16752604166666685	0.1488302220770093
0.25295572916666687	0.25119386870742944
0.35295572916666684	0.3846438366285447
0.4529557291666668	0.5297445076438032
0.5529557291666668	0.6844309958677518
0.6529557291666668	0.8472627275005762
0.7529557291666668	1.0171720635970014
0.8529557291666667	1.1933364624864702
0.9529557291666667	1.375110426820039
1.0529557291666667	1.5619807559752739
1.1529557291666668	1.7535403319806655
1.2529557291666669	1.9494724093979212
1.352955729166667	2.1495408502771274
1.452955729166667	2.3535868057719163
1.5529557291666671	2.5615318619816954
1.6000000000000003	2.7603183205722064
179769313486231570000000000000000000000000000000000000000000000000000000000000000000000000000000000000000000000000000000000000000000000000000000000000000000000000000000000000000000000000000000000000000000000000000000000000000000000000000000000000000000000000000000000000000000000000000000000000000000000000000	2.7603183205722064
