-179769313486231570000000000000000000000000000000000000000000000000000000000000000000000000000000000000000000000000000000000000000000000000000000000000000000000000000000000000000000000000000000000000000000000000000000000000000000000000000000000000000000000000000000000000000000000000000000000000000000000000000	0
0.00000000000000010835776720341528	0
0.003333333333333442	0.0018713754256015182
0.0066666666666667755	0.003955633513620022
0.011666666666666776	0.007337819671225402
0.019166666666666776	0.01284118927662141
0.030416666666666776	0.021838516201245207
0.04729166666666677	0.03663088632947925
0.07260416666666678	0.061089390119888974
0.11057291666666677	0.1017467033613412
0.1675260416666668	0.16963401714069026
0.2529557291666668	0.28333633952617876
0.35295572916666684	0.4303748320255259
0.4529557291666668	0.5893213886046867
0.5529557291666668	0.7580705034047277
0.6529557291666668	0.9351692745918285
0.7529557291666668	1.119558458457736
0.8529557291666667	1.3104429656770413
0.9529557291666667	1.507219736722166
1.0529557291666667	1.7094361803440827
1.1529557291666668	1.9167660181485702
1.2529557291666669	2.1289973727119484
1.352955729166667	2.3460306156772557
1.452955729166667	2.5678844977836324
1.5529557291666671	2.79436706732684
1.6000000000000003	3.010678110145706
179769313486231570000000000000000000000000000000000000000000000000000000000000000000000000000000000000000000000000000000000000000000000000000000000000000000000000000000000000000000000000000000000000000000000000000000000000000000000000000000000000000000000000000000000000000000000000000000000000000000000000000	3.010678110145706
