-179769313486231570000000000000000000000000000000000000000000000000000000000000000000000000000000000000000000000000000000000000000000000000000000000000000000000000000000000000000000000000000000000000000000000000000000000000000000000000000000000000000000000000000000000000000000000000000000000000000000000000000	0
0.003052734375000643	0
0.006386067708334053	0.0017289292976912921
0.009719401041667464	0.0034623277649773665
0.014719401041667357	0.00607079229184824
0.02221940104166742	0.010002275150072775
0.0334694010416674	0.015941628116444725
0.050344401041667375	0.024943354209490988
0.07565690104166745	0.03865197430442916
0.11362565104166755	0.05966515699933744
0.1705787760416675	0.0921589097901994
0.2560084635416675	0.14296798676233835
0.3560084635416676	0.20537325565032766
0.4560084635416677	0.27068904459889875
0.5560084635416678	0.33868164703598
0.6560084635416679	0.40914045149782585
0.756008463541668	0.48187317922838907
0.856008463541668	0.5567037158348234
0.9560084635416679	0.6334715182894897
1.056008463541668	0.7120324536595218
1.156008463541668	0.7922610675691251
1.2560084635416682	0.874053808590118
1.3560084635416683	0.957333422406419
1.4560084635416684	1.042054402216261
1.5560084635416684	1.1282093664995307
1.6560084635416685	1.2158367744936385
1.7560084635416686	1.3050296840618345
1.8560084635416687	1.3959541864454228
1.9560084635416688	1.488880850707145
2.056008463541669	1.5840399875431053
2.156008463541669	1.6815219494609022
2.256008463541669	1.7813057211972225
2.356008463541669	1.883367704806522
2.4560084635416692	1.9876934092005132
2.5560084635416693	2.094276677613653
2.6560084635416694	2.1857156530087405
2.7560084635416695	2.256310680893678
2.8560084635416696	2.329187516369894
2.9560084635416697	2.404366079159657
3.0560084635416693	2.4818712574663873
3.156008463541669	2.561732119021423
3.2560084635416686	2.64398176527763
3.3560084635416683	2.7286563140483326
3.456008463541668	2.815795006033691
3.5560084635416676	2.905439150167114
3.656008463541667	2.997632421835228
3.756008463541667	3.0924198849192854
3.8560084635416665	3.1898480268772103
3.956008463541666	3.2899642474308406
4.056008463541666	3.392816722654434
4.156008463541665	3.498454095088961
4.256008463541665	3.6069252103643445
4.356008463541665	3.7182788129677546
4.456008463541664	3.832563783503814
4.556008463541664	3.949828224379417
4.656008463541664	4.070120382933309
4.756008463541663	4.193487041508572
4.856008463541663	4.319975284615307
4.956008463541663	4.449630541943171
5.056008463541662	4.5824979520674685
5.156008463541662	4.718621541443097
5.2560084635416615	4.819015530054422
5.356008463541661	4.864099849419748
5.456008463541661	4.91256676388377
5.5560084635416604	4.964456646033786
5.65600846354166	5.0198089016553675
5.75600846354166	5.078661996670513
5.856008463541659	5.14105357435517
5.956008463541659	5.207020863357438
6.056008463541659	5.2765997121437
6.156008463541658	5.3498262127434435
6.256008463541658	5.426735566866626
6.356008463541658	5.50736224049238
6.456008463541657	5.591741534860594
6.556008463541657	5.679907198634439
6.6560084635416565	5.771894530644334
6.756008463541656	5.867738025599636
6.856008463541656	5.967472525019594
6.9560084635416555	6.071134530769482
7.056008463541655	6.178759094803691
7.156008463541655	6.290384817511866
7.256008463541654	6.406049034050548
7.356008463541654	6.525791508063081
7.456008463541654	6.649654047396751
7.556008463541653	6.77767790373166
7.656008463541653	6.909909586488455
7.756008463541653	7.046394730382813
7.856008463541652	7.18718253263905
7.956008463541652	7.332326186935822
8.056008463541652	7.481878353147329
8.156008463541651	7.635898851258019
8.25600846354165	7.794448134499329
8.35600846354165	7.9575900385145815
8.45600846354165	8.125395858187597
8.553052734375001	8.462381950201411
179769313486231570000000000000000000000000000000000000000000000000000000000000000000000000000000000000000000000000000000000000000000000000000000000000000000000000000000000000000000000000000000000000000000000000000000000000000000000000000000000000000000000000000000000000000000000000000000000000000000000000000	8.462381950201411
