-179769313486231570000000000000000000000000000000000000000000000000000000000000000000000000000000000000000000000000000000000000000000000000000000000000000000000000000000000000000000000000000000000000000000000000000000000000000000000000000000000000000000000000000000000000000000000000000000000000000000000000000	0
-0.0000000000000004440892098500626	0
0.0033333333333329662	0.0012295830272793296
0.0066666666666663765	0.002464007921673674
0.01166666666666627	0.004322761517081204
0.019166666666666332	0.0071222280130676914
0.030416666666666314	0.011345032826606549
0.04729166666666629	0.017732378049430255
0.07260416666666636	0.02743327983460493
0.11057291666666647	0.042258999190830836
0.1675260416666664	0.0651285912573769
0.2529557291666664	0.10089420152465059
0.3529557291666665	0.14506494008467066
0.4529557291666666	0.19181272899204146
0.5529557291666667	0.2412223489124467
0.6529557291666668	0.2933676408033761
0.7529557291666669	0.34831224564376584
0.852955729166667	0.4061081011348032
0.9529557291666668	0.4667980655207176
1.052955729166667	0.5304128815939229
1.152955729166667	0.5969756137930294
1.252955729166667	0.6664972622263471
1.3529557291666672	0.7389824952456772
1.4529557291666673	0.8144246438245681
1.5529557291666674	0.8928116262910355
1.6529557291666674	0.9741215760290008
1.7529557291666675	1.058327504331623
1.8529557291666676	1.1453949074956675
1.9529557291666677	1.235283953682689
2.052955729166668	1.3279498377192531
2.152955729166668	1.4233421639136121
2.252955729166668	1.5214078535655038
2.352955729166668	1.62208825029175
2.452955729166668	1.7253237233972618
2.5529557291666682	1.8310495397318518
2.6529557291666683	1.9155096188474356
2.7529557291666684	1.9708648745986992
2.8529557291666685	2.028508566488769
2.9529557291666686	2.0883695699856166
3.0529557291666682	2.1503766823362844
3.152955729166668	2.214458104048272
3.2529557291666675	2.2805406780622395
3.352955729166667	2.3485531901722676
3.452955729166667	2.4184214307163163
3.5529557291666665	2.490075429401156
3.652955729166666	2.563441189091336
3.7529557291666658	2.638449934549485
3.8529557291666654	2.7150295328025877
3.952955729166665	2.793111829499708
4.052955729166665	2.8726282551082893
4.152955729166664	2.9535109108237605
4.252955729166664	3.0356953269582365
4.352955729166664	3.119114866946435
4.452955729166663	3.203708034945984
4.552955729166663	3.2894116777686553
4.652955729166663	3.3761657708468635
4.752955729166662	3.4639121818000334
4.852955729166662	3.5525922241394894
4.9529557291666615	3.642151850893475
5.052955729166661	3.732535840913357
5.152955729166661	3.8236923842074604
5.212999999999999	3.9339910707000367
179769313486231570000000000000000000000000000000000000000000000000000000000000000000000000000000000000000000000000000000000000000000000000000000000000000000000000000000000000000000000000000000000000000000000000000000000000000000000000000000000000000000000000000000000000000000000000000000000000000000000000000	3.9339910707000367
