-179769313486231570000000000000000000000000000000000000000000000000000000000000000000000000000000000000000000000000000000000000000000000000000000000000000000000000000000000000000000000000000000000000000000000000000000000000000000000000000000000000000000000000000000000000000000000000000000000000000000000000000	0
-0.0000000000000004440892098500626	0
0.0033333333333329662	0.0009035392938162196
0.0066666666666663765	0.0018115327281350133
0.01166666666666627	0.0031818763733183052
0.019166666666666332	0.005256193623997181
0.030416666666666314	0.00840880057320377
0.04729166666666629	0.013185996018550677
0.07260416666666636	0.02043011203104239
0.11057291666666647	0.03147263531107133
0.1675260416666664	0.04844165714875698
0.2529557291666664	0.07482886958556617
0.3529557291666665	0.10717859933510689
0.4529557291666666	0.14114988525362926
0.5529557291666667	0.17678330390361713
0.6529557291666668	0.2141143323439004
0.7529557291666669	0.2531714385210305
0.852955729166667	0.29397872815578413
0.9529557291666668	0.33655301805354715
1.052955729166667	0.3809075390524022
1.152955729166667	0.42704826262496565
1.252955729166667	0.47497824331207256
1.3529557291666672	0.5246936378542466
1.4529557291666673	0.5761882278576614
1.5529557291666674	0.629449551431458
1.6529557291666674	0.6844631179371339
1.7529557291666675	0.7412091101324383
1.8529557291666676	0.7996658237797352
1.9529557291666677	0.8598073208413581
2.052955729166668	0.9216058458786058
2.152955729166668	0.9850304612065397
2.252955729166668	1.050048561088139
2.352955729166668	1.1166251398194031
2.452955729166668	1.1847239119240336
2.5529557291666682	1.254306646165794
2.6529557291666683	1.3253345045091174
2.7529557291666684	1.397766718701039
2.8529557291666685	1.4715629184508958
2.9529557291666686	1.5466804208362164
3.0529557291666682	1.6230781498709497
3.152955729166668	1.7007121606574989
3.2529557291666675	1.779541236080088
3.352955729166667	1.8595208858783843
3.452955729166667	1.9406100537048978
3.5529557291666665	2.0227645156140626
3.652955729166666	2.10594339851583
3.7529557291666658	2.190103674408999
3.8529557291666654	2.275204466719961
3.952955729166665	2.361204840913712
4.052955729166665	2.448063856773106
4.152955729166664	2.5357428766711885
4.252955729166664	2.624201602292517
4.352955729166664	2.713403154552806
4.452955729166663	2.8033090411938164
4.552955729166663	2.893883352248425
4.652955729166663	2.9850904595319365
4.752955729166662	3.076895062640125
4.852955729166662	3.169264336173843
4.9529557291666615	3.2621643945013385
5.052955729166661	3.3555643056129445
5.152955729166661	3.4494328608130824
5.212999999999999	3.562662350751391
179769313486231570000000000000000000000000000000000000000000000000000000000000000000000000000000000000000000000000000000000000000000000000000000000000000000000000000000000000000000000000000000000000000000000000000000000000000000000000000000000000000000000000000000000000000000000000000000000000000000000000000	3.562662350751391
