-179769313486231570000000000000000000000000000000000000000000000000000000000000000000000000000000000000000000000000000000000000000000000000000000000000000000000000000000000000000000000000000000000000000000000000000000000000000000000000000000000000000000000000000000000000000000000000000000000000000000000000000	0
-0.0000000000000004440892098500626	0
0.0033333333333329662	0.0032145317479355573
0.0066666666666663765	0.00642922627979654
0.01166666666666627	0.011251419980346965
0.019166666666666332	0.018485018960920807
0.030416666666666314	0.029336109394772047
0.04729166666666629	0.045614294592599525
0.07260416666666636	0.07003503360295257
0.11057291666666647	0.10667379285068673
0.1675260416666664	0.16164959812594548
0.2529557291666664	0.24415212984598056
0.3529557291666665	0.340783499894324
0.4529557291666666	0.4374748953905281
0.5529557291666667	0.5342240448281818
0.6529557291666668	0.6310285994967881
0.7529557291666669	0.7278860058340272
0.852955729166667	0.8247939720058022
0.9529557291666668	0.9217497854435361
1.052955729166667	1.0187511834688443
1.152955729166667	1.1157954452999472
1.252955729166667	1.212880303210817
1.3529557291666672	1.3100031403498915
1.4529557291666673	1.4071616637947066
1.5529557291666674	1.5043534736975144
1.6529557291666674	1.601576253723771
1.7529557291666675	1.6988278477321563
1.8529557291666676	1.7961059812642404
1.9529557291666677	1.8934087565559505
2.052955729166668	1.9907340119763535
2.152955729166668	2.088080062291409
2.252955729166668	2.185444960887386
2.352955729166668	2.2828271982890436
2.452955729166668	2.380225118941141
2.5529557291666682	2.47763736450806
2.6529557291666683	2.5750626243427126
2.7529557291666684	2.6724996878338803
2.8529557291666685	2.769947566532279
2.9529557291666686	2.867405254068839
3.0529557291666682	2.9648720860419577
3.152955729166668	3.062347295844634
3.2529557291666675	3.159830461368527
3.352955729166667	3.2573211071028294
3.452955729166667	3.354819040596093
3.5529557291666665	3.4523241222080827
3.652955729166666	3.549836338310236
3.7529557291666658	3.647355874158323
3.8529557291666654	3.744882922333429
3.952955729166665	3.8424179326904895
4.052955729166665	3.939961336791459
4.152955729166664	4.037513795255932
4.252955729166664	4.135075993006035
4.352955729166664	4.232648782613859
4.452955729166663	4.330233087579261
4.552955729166663	4.427829904346934
4.652955729166663	4.525440372639902
4.752955729166662	4.623065652690262
4.852955729166662	4.720707032134778
4.9529557291666615	4.8183658039603525
5.052955729166661	4.916043381674509
5.152955729166661	5.013741191532416
5.212999999999999	5.131089722483925
179769313486231570000000000000000000000000000000000000000000000000000000000000000000000000000000000000000000000000000000000000000000000000000000000000000000000000000000000000000000000000000000000000000000000000000000000000000000000000000000000000000000000000000000000000000000000000000000000000000000000000000	5.131089722483925
