-179769313486231570000000000000000000000000000000000000000000000000000000000000000000000000000000000000000000000000000000000000000000000000000000000000000000000000000000000000000000000000000000000000000000000000000000000000000000000000000000000000000000000000000000000000000000000000000000000000000000000000000	0
0.00000000000000010835776720341528	0
0.003333333333333442	0.00682121574474738
0.0066666666666667755	0.01382092768864824
0.011666666666666776	0.024524552842473877
0.019166666666666776	0.04091955462811487
0.030416666666666776	0.06609239400042766
0.04729166666666677	0.10485443294143071
0.07260416666666678	0.16473275107025923
0.11057291666666677	0.2575338059202788
0.1675260416666668	0.4017921966958477
0.2529557291666668	0.6265396382471807
0.35295572916666684	0.8988619805577291
0.4529557291666668	1.1784385986895167
0.5529557291666668	1.4633739472536087
0.6529557291666668	1.752297976083383
0.7529557291666668	2.0441549661481124
0.8529557291666667	2.338095118318819
0.9529557291666667	2.6334122235009363
1.0529557291666667	2.92950581314258
1.1000000000000003	3.2083438875391876
179769313486231570000000000000000000000000000000000000000000000000000000000000000000000000000000000000000000000000000000000000000000000000000000000000000000000000000000000000000000000000000000000000000000000000000000000000000000000000000000000000000000000000000000000000000000000000000000000000000000000000000	3.2083438875391876
