-100000	0
-0.0000000000000002220446049250313	0
0.0033333333333331115	0
0.008333333333333111	0
0.01583333333333311	0.0000000000000000000000000000000034666738998970245
0.02708333333333311	0.000000000000000000000000000000016948183510607676
0.04395833333333311	0.000000000000000000000000000000007896312771987667
0.06927083333333311	0.00000000000000000000000000000005354085245396516
0.10723958333333311	0.0000000000000000000000000000000257111647575696
0.1641927083333331	0.000000000000000000000000000000010785207688568521
0.24962239583333312	0.00000000000000000000000000000030814879110195774
0.3496223958333331	0.0000000000000000000000000000001355854680848614
0.4496223958333331	0.0000000000000000000000000000004252453317207017
0.549622395833333	0.00000000000000000000000000000030814879110195774
0.649622395833333	0
0.749622395833333	0.0000000000000000000000000000005669937756276022
0.849622395833333	0
0.949622395833333	0.000000000000000000000000000002797991023205776
1.049622395833333	0.0000000000000000000000000000001355854680848614
1.1496223958333331	0.0000000000000000000000000000016085366895522194
1.2496223958333332	0.00000000000000000000000000000020954117794933126
1.3496223958333333	0.0000000000000000000000000000016054552016411998
1.4496223958333334	0.000000000000000000000000000005586737582678493
1.5496223958333335	0.000000000000000000000000000004075267762323391
1.6	0
1000001.6	0
