-100000	0
0.6541887991995026	0
0.6575221325328359	0.0000008234570779177712
0.6625221325328359	0.000008870651069737038
0.6700221325328358	0.0000460020870814331
0.6812721325328358	0.00018200612741982753
0.6981471325328358	0.0006227070197194904
0.7234596325328357	0.0019456606429835296
0.7614283825328357	0.005747755349832614
0.8183815075328358	0.016460312912789613
0.9038111950328358	0.04594660163809929
1.003811195032836	0.10298477872505273
1.103811195032836	0.17931489078009757
1.203811195032836	0.2705340367328098
1.3038111950328362	0.3743287527092394
1.4038111950328362	0.48911372691769056
1.5038111950328363	0.6136883999179713
1.6038111950328364	0.7470856770791559
1.7038111950328365	0.888474242835577
1.8038111950328366	1.0371447737984623
1.9038111950328367	1.1924514149526424
2.003811195032837	1.3538426650317874
2.103811195032837	1.5208439223294288
2.203811195032837	1.6930990974452627
2.303811195032837	1.8702976293369402
2.403811195032837	2.052047002945828
2.5038111950328372	2.237988170724658
2.6038111950328373	2.4277462300881223
2.7038111950328374	2.6209225748004736
2.8038111950328375	2.8170334170777553
2.9038111950328376	3.015602227515943
3.0038111950328377	3.2160692323547297
3.1038111950328378	3.4177546824221334
3.203811195032838	3.6202321973131033
3.303811195032838	3.8227421829972696
3.403811195032838	4.024574573326708
3.503811195032838	4.225037461550721
3.603811195032838	4.423469782723713
3.7038111950328383	4.619373118078812
3.8038111950328384	4.812449735137657
3.9038111950328385	5.002225777355785
4.0038111950328386	5.18837261937549
4.103811195032838	5.370435239068859
4.203811195032838	5.548036488012597
4.3038111950328375	5.720740409480047
4.403811195032837	5.888126358472217
4.503811195032837	6.049777086384827
4.603811195032836	6.205232564982551
4.703811195032836	6.354078539619139
4.803811195032836	6.495807607648919
4.903811195032835	6.630000968638822
5.003811195032835	6.756111150217685
5.103811195032835	6.873684269491333
5.203811195032834	6.9821875236325965
5.303811195032834	7.081074175754916
5.403811195032834	7.169806915674435
5.503811195032833	7.247797045353807
5.603811195032833	7.31442980144753
5.7038111950328325	7.369024585021753
5.803811195032832	7.410914834242764
5.903811195032832	7.439383680914234
6.0038111950328314	7.455568186307614
6.103811195032831	7.463097532820816
6.203811195032831	7.4654993820074464
6.30381119503283	7.465741350071199
6.40381119503283	7.465741350071199
6.50381119503283	7.465741350071199
6.603811195032829	7.465741350071199
6.703811195032829	7.465741350071199
6.803811195032829	7.465741350071199
6.903811195032828	7.465741350071199
7.003811195032828	7.465741350071199
7.1038111950328275	7.465741350071199
7.203811195032827	7.465741350071199
7.303811195032827	7.465746763362825
7.4038111950328265	7.465986677606441
7.503811195032826	7.467049782809708
7.603811195032826	7.469681797848294
7.703811195032825	7.474702148528185
7.803811195032825	7.482962161429935
7.903811195032825	7.495340536836853
8.003811195032824	7.512767470462317
8.103811195032824	7.536199676849078
8.203811195032824	7.566655661704206
8.303811195032823	7.605145458497516
8.403811195032823	7.652629806283435
8.503811195032823	7.709506011877708
8.603811195032822	7.776028885029238
8.703811195032822	7.852458639788411
8.803811195032822	7.939058814770476
8.903811195032821	8.03597861938649
9.00381119503282	8.143433000243137
9.10381119503282	8.261644179133183
9.20381119503282	8.390880196429094
9.30381119503282	8.531268119727105
9.40381119503282	8.68305412346769
9.503811195032819	8.846536991436224
9.603811195032819	9.021992929729386
9.65	9.107127799145148
1000009.65	9.107127799145148
