-100000	0
0	0
0.0033333333333333335	0.0004667849066525989
0.008333333333333333	0.002570741778889352
0.01583333333333333	0.006874452717281752
0.02708333333333333	0.01421223083474285
0.043958333333333335	0.026705280044921433
0.06927083333333334	0.04830715754867163
0.10723958333333333	0.08625750425509032
0.16419270833333333	0.15227027777657012
0.24962239583333334	0.2678996168464749
0.3496223958333333	0.4230546845808161
0.4496223958333333	0.6032375788312937
0.5496223958333333	0.8071627323885776
0.6496223958333333	1.0067588516983708
0.7496223958333332	1.1263648236480268
0.8496223958333332	1.2005610255294576
0.9496223958333332	1.244244091868261
1.0496223958333333	1.2645859457904618
1.1496223958333334	1.2724865402889192
1.2496223958333335	1.2724865402889192
1.3496223958333335	1.2724865402889192
1.4496223958333336	1.2724865402889192
1.5496223958333337	1.2724865402889192
1.6496223958333338	1.2724865402889192
1.749622395833334	1.2700004754679202
1.849622395833334	1.269583301663784
1.949622395833334	1.2694317363936165
2.049622395833334	1.2688973716590153
2.149622395833334	1.2687109776359677
2.249622395833334	1.2685285920864446
2.349622395833334	1.2684388622974123
2.4496223958333343	1.268394356322073
2.5496223958333344	1.2684836069107899
2.6496223958333345	1.2684836069107912
2.7496223958333346	1.2687109776359666
2.8496223958333347	1.2687109776359673
2.9496223958333347	1.2688973716590128
3.049622395833335	1.2691362052261566
3.149622395833335	1.2691362052261594
3.249622395833335	1.2691362052261577
3.349622395833335	1.2693817855041765
3.449622395833335	1.2693817855041793
3.5496223958333353	1.2693817855041767
3.6496223958333354	1.2693817855041767
3.7496223958333355	1.269431736393617
3.8496223958333355	1.269431736393615
3.9496223958333356	1.2694317363936176
4.049622395833335	1.2694317363936163
4.149622395833335	1.2693321160281972
4.249622395833335	1.2693321160281976
4.349622395833334	1.2692336118574126
4.449622395833334	1.2692336118574095
4.5496223958333335	1.269282725594265
4.649622395833333	1.2683060526892527
4.749622395833333	1.2683060526892522
4.849622395833332	1.268218681020977
4.949622395833332	1.2682186810209797
5.049622395833332	1.2681322266405277
5.149622395833331	1.2680466751778279
5.249622395833331	1.2679620125614448
5.349622395833331	1.267962012561445
5.44962239583333	1.2678782250109235
5.54962239583333	1.2677952990291252
5.64962239583333	1.2677952990291257
5.749622395833329	1.2677132213949334
5.849622395833329	1.2676319791564106
5.9496223958333285	1.2675116544775076
6.049622395833328	1.2675116544775085
6.149622395833328	1.2673931391922597
6.2496223958333275	1.267354029148076
6.349622395833327	1.2672763927917716
6.449622395833327	1.2672763927917752
6.549622395833326	1.2671995251123698
6.649622395833326	1.2671234147498711
6.749622395833326	1.2670480505674508
6.849622395833325	1.2670480505674544
6.949622395833325	1.266973421645384
7.049622395833325	1.2668995172760085
7.149622395833324	1.266899517276009
7.249622395833324	1.2668263269583662
7.3496223958333236	1.2667538403938599
7.449622395833323	1.2667538403938596
7.549622395833323	1.2666820474806517
7.6496223958333225	1.266682047480651
7.749622395833322	1.2666109383094684
7.849622395833322	1.266610938309472
7.949622395833321	1.2665405031589905
8.049622395833321	1.266470732490967
8.14962239583332	1.2664707324909648
8.24962239583332	1.2663673019690553
8.34962239583332	1.2663673019690558
8.44962239583332	1.2663673019690542
8.54962239583332	1.2662316344011912
8.649622395833319	1.2662316344011937
8.749622395833319	1.266231634401191
8.849622395833318	1.2662316344011904
8.949622395833318	1.2660984618691202
9.049622395833318	1.2660984618691218
9.149622395833317	1.2659677161713554
9.249622395833317	1.2659677161713563
9.349622395833316	1.2658393315696879
9.449622395833316	1.2658393315696868
9.549622395833316	1.2657445543722305
9.649622395833315	1.26574455437223
9.65	1.2669734216453863
1000009.65	1.2669734216453863
