-100000	0
0.007169524787958181	0
0.010502858121291515	0.00005323635753347156
0.015502858121291516	0.0006112139546371352
0.023002858121291516	0.002601014779095917
0.034252858121291516	0.007690162237575972
0.05112785812129152	0.017205610948634455
0.07644035812129152	0.033832767997299756
0.11440910812129151	0.06291961002790934
0.1713622331212915	0.11455071596874103
0.2567919206212915	0.20720345952061128
0.3567919206212915	0.3344077318832261
0.4567919206212915	0.47825304952453224
0.5567919206212915	0.6358729816653972
0.6567919206212914	0.8051932608478114
0.7567919206212914	0.9845424731601888
0.8567919206212914	1.17257244364209
0.9567919206212914	1.3681241834114946
1.0567919206212915	1.5703250927392374
1.1567919206212915	1.7778700132115883
1.2567919206212916	1.9824100698564302
1.3567919206212917	2.1849805634595763
1.4567919206212918	2.389569912077233
1.556791920621292	2.600521695825637
1.656791920621292	2.822751929379277
1.756791920621292	3.052915292832581
1.8567919206212922	3.2756896189692735
1.9567919206212923	3.5036385022603094
2.056791920621292	3.7425781887912613
2.156791920621292	3.9844418399270634
2.2567919206212923	4.2333376696990515
2.3567919206212924	4.484980243288923
2.4567919206212925	4.738001099225563
2.5567919206212926	4.99217092121082
2.6567919206212927	5.247266924001859
2.7567919206212927	5.503256126572771
2.856791920621293	5.759843566667389
2.956791920621293	6.018516359902575
3.056791920621293	6.280976988425227
3.156791920621293	6.535327440552844
3.256791920621293	6.777088515723121
3.3567919206212933	7.006135051513356
3.4567919206212934	7.229585834490173
3.5567919206212935	7.452737684822622
3.6567919206212935	7.6767168208731436
3.7567919206212936	7.942661908905492
3.8567919206212937	8.209159084683666
3.956791920621294	8.4710940959678
4.0567919206212935	8.715424935085666
4.156791920621293	8.95680921336773
4.256791920621293	9.206893334855398
4.356791920621292	9.47200084265403
4.456791920621292	9.731918833948624
4.556791920621292	9.967943486928712
4.656791920621291	10.161804102748032
4.756791920621291	10.372140010090417
4.856791920621291	10.606135889549858
4.95679192062129	10.848268694059326
5.05679192062129	11.094833393606818
5.1567919206212895	11.324103526019982
5.256791920621289	11.563769727805814
5.356791920621289	11.779740534070244
5.4567919206212885	12.015318883119324
5.556791920621288	12.235217728746012
5.656791920621288	12.474456522139002
5.756791920621287	12.72242516165707
5.856791920621287	12.944782892975626
5.956791920621287	13.19084254853099
6.056791920621286	13.435083333550555
6.156791920621286	13.6841187884773
6.256791920621286	13.95635573980295
6.356791920621285	14.218411369642869
6.456791920621285	14.445641435112234
6.556791920621285	14.679576246107414
6.656791920621284	14.9176858535617
6.756791920621284	15.162140472711023
6.8567919206212835	15.442965898610655
6.956791920621283	15.7067349291173
7.056791920621283	15.982999306014966
7.156791920621282	16.30686204564151
7.256791920621282	16.64211389099949
7.356791920621282	16.953193199251068
7.456791920621281	17.279212297337903
7.556791920621281	17.59948780897797
7.656791920621281	17.911972575086686
7.75679192062128	18.234790261572982
7.85679192062128	18.57076834866446
7.95679192062128	18.981538481594058
8.05679192062128	19.405706768508253
8.156791920621279	19.840889830030303
8.256791920621279	20.253558984467443
8.356791920621278	20.653093150438043
8.456791920621278	21.091182928303244
8.556791920621277	21.556057644014274
8.656791920621277	22.024175905566356
8.756791920621277	22.482652123910807
8.856791920621276	22.93506866976812
8.956791920621276	23.451012696532484
9.056791920621276	23.965758349864647
9.156791920621275	24.46007144879155
9.256791920621275	24.997871601127812
9.356791920621275	25.573761525235348
9.456791920621274	26.158454477740644
9.556791920621274	26.741382783960457
9.65	27.27334017788672
1000009.65	27.27334017788672
