-100000	0
0.10164507246429721	0
0.10497840579763054	0.000007766910835167797
0.10997840579763055	0.00007924434863388407
0.11747840579763055	0.00039439998205912703
0.12872840579763056	0.0014831481354756443
0.14560340579763056	0.004694503195255092
0.17091590579763055	0.013224819015512385
0.20888465579763055	0.03211131231291428
0.26583778079763054	0.06803172347108126
0.35126746829763056	0.1351863735247916
0.45126746829763054	0.2303852093640375
0.5512674682976305	0.34050280788746623
0.6512674682976305	0.4631930722257042
0.7512674682976305	0.5966651465247245
0.8512674682976304	0.7395238829015887
0.9512674682976304	0.8905870599958715
1.0512674682976304	1.0490736497744706
1.1512674682976305	1.2144806441501534
1.2512674682976306	1.3862271027551296
1.3512674682976307	1.5635403923675923
1.4512674682976308	1.7458853702334687
1.5512674682976308	1.9327926098819566
1.651267468297631	2.123745967475433
1.751267468297631	2.318301955096872
1.8512674682976311	2.5161063182786423
1.9512674682976312	2.7167368688476627
2.051267468297631	2.919829457102342
2.151267468297631	3.1250460326647516
2.2512674682976312	3.332062946754458
2.3512674682976313	3.5405615508794552
2.4512674682976314	3.750325624733466
2.5512674682976315	3.961066380761778
2.6512674682976316	4.172538832776316
2.7512674682976317	4.384537371873614
2.851267468297632	4.596830647208191
2.951267468297632	4.809201678784598
3.051267468297632	5.021444048615914
3.151267468297632	5.233336343177976
3.251267468297632	5.444803881871578
3.3512674682976322	5.655627217137844
3.4512674682976323	5.865631174116642
3.5512674682976324	6.074735415210522
3.6512674682976325	6.2827314313868206
3.7512674682976326	6.489515972489539
3.8512674682976327	6.69495557721424
3.9512674682976328	6.898905232229407
4.051267468297633	7.101248136221266
4.1512674682976325	7.301913291981577
4.251267468297632	7.5007886905675205
4.351267468297632	7.697714891384418
4.451267468297631	7.892688341308808
4.551267468297631	8.085617667632672
4.651267468297631	8.276400874578048
4.75126746829763	8.464974706863083
4.85126746829763	8.651259710706476
4.95126746829763	8.835225349669617
5.051267468297629	9.0167869469331
5.151267468297629	9.195814034315232
5.251267468297629	9.372237701031638
5.351267468297628	9.546214766592506
5.451267468297628	9.71757957608963
5.5512674682976275	9.886391033669327
5.651267468297627	10.052775776563099
5.751267468297627	10.216603467430083
5.8512674682976265	10.377878463034092
5.951267468297626	10.536808949662806
6.051267468297626	10.693373673593504
6.151267468297625	10.847579782528381
6.251267468297625	10.997482857515916
6.351267468297625	11.142573794976165
6.451267468297624	11.283839150496977
6.551267468297624	11.422425707236911
6.651267468297624	11.55958850796836
6.751267468297623	11.696605262879702
6.851267468297623	11.834836226650157
6.9512674682976225	11.975548592885835
7.051267468297622	12.120055614261721
7.151267468297622	12.269540922972308
7.2512674682976215	12.425032162194762
7.351267468297621	12.587549887931239
7.451267468297621	12.758000172853704
7.55126746829762	12.93718220869634
7.65126746829762	13.125774728815635
7.75126746829762	13.324408627527419
7.851267468297619	13.533619723651276
7.951267468297619	13.753782224598805
8.051267468297619	13.985343879516035
8.151267468297618	14.228616656424238
8.251267468297618	14.483899429214382
8.351267468297618	14.751417454872191
8.451267468297617	15.031373312246036
8.551267468297617	15.32385005174113
8.651267468297617	15.62890818082106
8.751267468297616	15.946594141388662
8.851267468297616	16.276901299566873
8.951267468297615	16.619843660431464
9.051267468297615	16.97542735409424
9.151267468297615	17.343556788764648
9.251267468297614	17.724048160217084
9.351267468297614	18.11669613256508
9.451267468297614	18.52140822074697
9.551267468297613	18.938021510102015
9.65	19.360754681443925
1000009.65	19.360754681443925
