-100000	0
1.2423217292241215	0
1.245655062557455	0.00000032149854158784946
1.2506550625574548	0.000003205177827882332
1.258155062557455	0.000017045310653508465
1.2694050625574549	0.00007040283765851436
1.2862800625574549	0.00025186531065215807
1.311592562557455	0.0008322593054771927
1.349561312557455	0.0026200713261991192
1.406514437557455	0.00800640908856196
1.491944125057455	0.02379492486627633
1.591944125057455	0.05659431813289104
1.6919441250574552	0.10655466321509506
1.7919441250574553	0.17041829617267576
1.8919441250574554	0.2453223837341771
1.9919441250574554	0.32960241711478755
2.0919441250574553	0.4220570806778571
2.1919441250574554	0.5217468947597146
2.2919441250574555	0.6279293772741512
2.3919441250574556	0.7400422976149207
2.4919441250574557	0.8576692421193223
2.5919441250574558	0.980465239623432
2.691944125057456	1.1080016814783322
2.791944125057456	1.2397983891325957
2.891944125057456	1.3753313487989993
2.991944125057456	1.5139114016786703
3.091944125057456	1.654820337797537
3.1919441250574563	1.7973094877800626
3.2919441250574564	1.9406359118262615
3.3919441250574565	2.0840447816266825
3.4919441250574565	2.2267866313134514
3.5919441250574566	2.368247520687657
3.6919441250574567	2.5078149724701486
3.791944125057457	2.6451835898133496
3.891944125057457	2.7798514285733362
3.991944125057457	2.911301916639157
4.091944125057457	3.039163819668954
4.191944125057456	3.162842796275995
4.291944125057456	3.281939330608321
4.391944125057456	3.3959218463293253
4.491944125057455	3.5042474636671384
4.591944125057455	3.606275726463729
4.6919441250574545	3.701358875968086
4.791944125057454	3.7888678150874266
4.891944125057454	3.8680237029917617
4.991944125057453	3.937990278395428
5.091944125057453	3.997790532088161
5.191944125057453	4.046116931793443
5.291944125057452	4.08141686932295
5.391944125057452	4.1018974106656625
5.491944125057452	4.10996838754403
5.591944125057451	4.1112770308101725
5.691944125057451	4.111277033810938
5.791944125057451	4.111277033810938
5.89194412505745	4.111277033810938
5.99194412505745	4.111277033810938
6.0919441250574495	4.111277033810938
6.191944125057449	4.111277033810938
6.291944125057449	4.111277033810938
6.3919441250574485	4.111277033810938
6.491944125057448	4.111277033810938
6.591944125057448	4.111277033810938
6.691944125057447	4.111277033810938
6.791944125057447	4.111277033810938
6.891944125057447	4.111277033810938
6.991944125057446	4.111277033810938
7.091944125057446	4.111277033810938
7.191944125057446	4.111277033810938
7.291944125057445	4.111277033810938
7.391944125057445	4.111277033810938
7.491944125057445	4.111277033810938
7.591944125057444	4.111277033810938
7.691944125057444	4.111277033810938
7.7919441250574435	4.111277033810938
7.891944125057443	4.111277033810938
7.991944125057443	4.111277033810938
8.091944125057443	4.111277033810938
8.191944125057443	4.111277033810938
8.291944125057443	4.111277033810938
8.391944125057442	4.111277033810938
8.491944125057442	4.111277033810938
8.591944125057442	4.111277033810938
8.691944125057441	4.111277033810938
8.79194412505744	4.111277033810938
8.89194412505744	4.111277033810938
8.99194412505744	4.111277033810938
9.09194412505744	4.111277033810938
9.19194412505744	4.111277305333836
9.291944125057439	4.111533663659996
9.391944125057439	4.112904795312051
9.491944125057438	4.116451007037043
9.591944125057438	4.123193882908021
9.65	4.12898133170925
1000009.65	4.12898133170925
