-100000	0
0.011851011468982264	0
0.015184344802315598	0.000042252740380893504
0.0201843448023156	0.00040927205221277156
0.0276843448023156	0.00187056748458871
0.0389343448023156	0.006205119220551124
0.0558093448023156	0.016316066230996847
0.0811218448023156	0.03497739956870892
0.1190905948023156	0.06807349695497482
0.1760437198023156	0.12729093919274118
0.2614734073023156	0.23463697509613568
0.3614734073023156	0.383383764849072
0.46147340730231556	0.5527412508243437
0.5614734073023155	0.7391884335567547
0.6614734073023155	0.9401335398618197
0.7614734073023155	1.1535121491136453
0.8614734073023155	1.377638292591416
0.9614734073023155	1.6110695428011184
1.0614734073023155	1.8527490055003744
1.1614734073023156	2.1020099622547743
1.2614734073023157	2.358232916285353
1.3614734073023158	2.6207595742800867
1.461473407302316	2.8888661157268305
1.561473407302316	3.1618691976109794
1.661473407302316	3.4391053733825983
1.7614734073023162	3.719964619034776
1.8614734073023163	4.003929889422663
1.9614734073023163	4.290428847163889
2.061473407302316	4.579079448362107
2.1614734073023163	4.869421034640469
2.2614734073023164	5.161049334168115
2.3614734073023165	5.453659673210293
2.4614734073023166	5.746863438823916
2.5614734073023167	6.040440410813151
2.6614734073023167	6.3340883557359025
2.761473407302317	6.627572448713081
2.861473407302317	6.920695817424042
2.961473407302317	7.213260567309948
3.061473407302317	7.505121696767307
3.161473407302317	7.7961449383279495
3.2614734073023173	8.086249487047219
3.3614734073023174	8.37528297495646
3.4614734073023175	8.663225356578229
3.5614734073023175	8.950002715785455
3.6614734073023176	9.235563748414398
3.7614734073023177	9.519907892582061
3.861473407302318	9.803041655949935
3.961473407302318	10.084959251706865
4.0614734073023175	10.365690138084485
4.161473407302317	10.645265798072916
4.261473407302317	10.923699141115076
4.3614734073023165	11.201031426483356
4.461473407302316	11.477373024118464
4.561473407302316	11.752803001041864
4.661473407302315	12.02740932111302
4.761473407302315	12.301322538094288
4.861473407302315	12.574639630279774
4.961473407302314	12.84746800324824
5.061473407302314	13.120000816090998
5.161473407302314	13.392327819753632
5.261473407302313	13.664626911419104
5.361473407302313	13.93703727097635
5.461473407302313	14.209826735976732
5.561473407302312	14.483148071883562
5.661473407302312	14.75714628993508
5.7614734073023115	15.032100792563782
5.861473407302311	15.308236096002952
5.961473407302311	15.585831367323353
6.06147340730231	15.865153928165828
6.16147340730231	16.1459234879757
6.26147340730231	16.427547830232413
6.361473407302309	16.71069998681411
6.461473407302309	16.99622081850667
6.561473407302309	17.284961448424735
6.661473407302308	17.577887055414294
6.761473407302308	17.87591765831023
6.861473407302308	18.17995903063432
6.961473407302307	18.490957815875166
7.061473407302307	18.809861101955118
7.1614734073023065	19.13753370773509
7.261473407302306	19.47473176952271
7.361473407302306	19.822287957913424
7.4614734073023055	20.180908233818222
7.561473407302305	20.55127167405172
7.661473407302305	20.93395609836006
7.761473407302304	21.329502125910697
7.861473407302304	21.738382118812588
7.961473407302304	22.16105683056551
8.061473407302303	22.59791701599602
8.161473407302303	23.049354758697877
8.261473407302303	23.515514495821098
8.361473407302302	23.996708762398605
8.461473407302302	24.493103674083596
8.561473407302302	25.004708108991444
8.661473407302301	25.53161949199929
8.7614734073023	26.07385246175693
8.8614734073023	26.631351007223138
8.9614734073023	27.204121769896528
9.0614734073023	27.792167680982423
9.1614734073023	28.395405987936392
9.261473407302299	29.013765123986456
9.361473407302299	29.64681267235829
9.461473407302298	30.294151743262955
9.561473407302298	30.95538717421355
9.65	31.55193161785898
1000009.65	31.55193161785898
