-100000	0
0.17084332610165198	0
0.1741766594349853	0.000005347610767418235
0.1791766594349853	0.00005247352007706214
0.18667665943498532	0.00026015262505411967
0.19792665943498533	0.0009719088230683356
0.21480165943498533	0.003085380825224454
0.24011415943498532	0.00890653474622109
0.2780829094349853	0.02415823920615286
0.3350360344349853	0.06019479537963232
0.4204657219349853	0.13167850086565527
0.5204657219349853	0.23509554627321472
0.6204657219349853	0.35586862059272073
0.7204657219349853	0.49127903227399033
0.8204657219349852	0.6393198499173757
0.9204657219349852	0.7984817432093494
1.0204657219349853	0.9675152261536857
1.1204657219349854	1.1456591640115525
1.2204657219349855	1.3324292542049678
1.3204657219349856	1.5270291478608462
1.4204657219349857	1.7284748298796069
1.5204657219349857	1.9361211253305155
1.6204657219349858	2.1494119915807666
1.720465721934986	2.3677812753663563
1.820465721934986	2.590701596876648
1.920465721934986	2.817765814631066
2.020465721934986	3.0484795571192684
2.1204657219349863	3.282389816198082
2.2204657219349864	3.519064092331586
2.3204657219349865	3.758228153256274
2.4204657219349865	3.9994313162883013
2.5204657219349866	4.242434671580051
2.6204657219349867	4.486818867407011
2.720465721934987	4.732354869872937
2.820465721934987	4.978664958584844
2.920465721934987	5.225531013632913
3.020465721934987	5.472593200051005
3.120465721934987	5.719644680105564
3.2204657219349873	5.966387289011358
3.3204657219349873	6.212569899099444
3.4204657219349874	6.457913930596679
3.5204657219349875	6.702151264359719
3.6204657219349876	6.945208447787743
3.7204657219349877	7.186695320268221
3.820465721934988	7.426503779619753
3.920465721934988	7.66433170825745
4.020465721934988	7.899954971250079
4.120465721934988	8.13325425128427
4.220465721934987	8.363874619557448
4.320465721934987	8.59174835016827
4.4204657219349865	8.816576694514207
4.520465721934986	9.038197704731026
4.620465721934986	9.25648045663704
4.7204657219349855	9.471135631083884
4.820465721934985	9.682081001405585
4.920465721934985	9.889046424505631
5.020465721934984	10.091872702727686
5.120465721934984	10.290483762416446
5.220465721934984	10.484710885385176
5.320465721934983	10.674407639842975
5.420465721934983	10.85932856100159
5.520465721934983	11.039361436998078
5.620465721934982	11.214436953301934
5.720465721934982	11.384397906849749
5.820465721934982	11.549103614376934
5.920465721934981	11.708738938855308
6.020465721934981	11.863185061101754
6.1204657219349805	12.012341463062693
6.22046572193498	12.15561373367629
6.32046572193498	12.2903086399963
6.420465721934979	12.41700733761318
6.520465721934979	12.537457113113316
6.620465721934979	12.653644878164071
6.720465721934978	12.76765091044848
6.820465721934978	12.881617233779748
6.920465721934978	12.997540811389957
7.020465721934977	13.117256090883009
7.120465721934977	13.242423754810696
7.220465721934977	13.374382884755533
7.320465721934976	13.514317147425372
7.420465721934976	13.663217904759495
7.5204657219349755	13.82194511840286
7.620465721934975	13.991205599948273
7.720465721934975	14.171676936726506
7.8204657219349745	14.363784171829106
7.920465721934974	14.568051471422983
8.020465721934974	14.784904019862799
8.120465721934973	15.014746752827945
8.220465721934973	15.257938143715743
8.320465721934973	15.514822604961626
8.420465721934972	15.78567079807617
8.520465721934972	16.070718108920964
8.620465721934972	16.370198731620604
8.720465721934971	16.68429169480654
8.820465721934971	17.013172819643426
8.92046572193497	17.35694825110486
9.02046572193497	17.71563023739363
9.12046572193497	18.08928138948207
9.22046572193497	18.477902304246097
9.32046572193497	18.88148971877663
9.420465721934969	19.300060674788032
9.520465721934968	19.733473080732157
9.620465721934968	20.181665486871918
9.65	20.316856395957622
1000009.65	20.316856395957622
