-100000	0
0.4396474905227894	0
0.44298082385612275	0.000002257173050598263
0.44798082385612276	0.000020505576019562202
0.45548082385612276	0.0000966476258569656
0.46673082385612275	0.00035388552734020944
0.4836058238561227	0.0011500620005240809
0.5089183238561227	0.00347726672058287
0.5468870738561227	0.00992975358303268
0.6038401988561227	0.026981617432263228
0.6892698863561227	0.07097078823255004
0.7892698863561227	0.14471359228845748
0.8892698863561227	0.23552253973738013
0.9892698863561227	0.3402590362013932
1.0892698863561228	0.4570581981508756
1.1892698863561229	0.5845479677233183
1.289269886356123	0.7216273121115061
1.389269886356123	0.8674256886377093
1.4892698863561231	1.0211965573034476
1.5892698863561232	1.1822121479255407
1.6892698863561233	1.3498941525043138
1.7892698863561234	1.5236050731860578
1.8892698863561235	1.702840554721879
1.9892698863561236	1.8871951276198986
2.0892698863561234	2.076207190028496
2.1892698863561235	2.269406666214943
2.2892698863561236	2.4665248985371484
2.3892698863561237	2.6671031673695076
2.489269886356124	2.870808595521172
2.589269886356124	3.0772320937709843
2.689269886356124	3.2860680679816534
2.789269886356124	3.496899029037
2.889269886356124	3.709401524049028
2.9892698863561242	3.9232088127839884
3.0892698863561243	4.138003283746705
3.1892698863561244	4.35332382852423
3.2892698863561245	4.568933289951167
3.3892698863561246	4.784288909305076
3.4892698863561247	4.9989577493804775
3.5892698863561248	5.212551486015789
3.689269886356125	5.424663446348184
3.789269886356125	5.634998719766672
3.889269886356125	5.843177566998002
3.989269886356125	6.048855138868041
4.089269886356125	6.251685198099029
4.189269886356125	6.45127481587758
4.2892698863561245	6.647303255952997
4.389269886356124	6.839396257330896
4.489269886356124	7.027202838232083
4.589269886356123	7.21035402832153
4.689269886356123	7.388506193357229
4.789269886356123	7.5612321260022535
4.889269886356122	7.728223432023681
4.989269886356122	7.889007106547225
5.089269886356122	8.043273129961387
5.189269886356121	8.19062050186947
5.289269886356121	8.330593963952147
5.389269886356121	8.462852675400768
5.48926988635612	8.586993202057942
5.58926988635612	8.702612346288145
5.6892698863561195	8.809299215258267
5.789269886356119	8.906640037182493
5.889269886356119	8.99424925247873
5.9892698863561185	9.071773427299107
6.089269886356118	9.138815518322161
6.189269886356118	9.194976048503191
6.289269886356117	9.23982137341567
6.389269886356117	9.272728788158972
6.489269886356117	9.296935862749203
6.589269886356116	9.316717596892925
6.689269886356116	9.334831007433733
6.789269886356116	9.353084799600639
6.889269886356115	9.372846212605841
6.989269886356115	9.395279818561555
7.0892698863561145	9.421432369492708
7.189269886356114	9.452422249704217
7.289269886356114	9.48940134795881
7.3892698863561135	9.533283062397183
7.489269886356113	9.584603451289295
7.589269886356113	9.643711704681747
7.689269886356112	9.710988409779496
7.789269886356112	9.786698103728389
7.889269886356112	9.87118381722841
7.989269886356111	9.964693432250257
8.089269886356112	10.067469290860434
8.189269886356112	10.179793416167156
8.289269886356111	10.301832088768483
8.38926988635611	10.433828099818589
8.48926988635611	10.575978647616068
8.58926988635611	10.728491456833199
8.68926988635611	10.891546501921859
8.78926988635611	11.06536057896245
8.889269886356109	11.250157915604039
8.989269886356109	11.44617024470008
9.089269886356108	11.653671322026176
9.189269886356108	11.8729720217697
9.289269886356108	12.104308392001988
9.389269886356107	12.348046107731845
9.489269886356107	12.604541760056787
9.589269886356107	12.874158205535986
9.65	13.04444380441025
1000009.65	13.04444380441025
