-100000	0
1.0999999999912689	0
1.1033333333246023	0.00000000000000020842586888334244
1.1083333333246022	0.0000000000000005210646726177523
1.1158333333246022	0.0000000000000009900228782194294
1.1270833333246022	0.0000000000000016934601866219429
1.1439583333246022	0.0000000000000027486161492257022
1.1692708333246022	0.000000000000004331350093131305
1.2072395833246023	0.00000000000000670545100898978
1.2641927083246023	0.000000000000010266602382777459
1.3496223958246023	0.000000000000015608329443459026
1.4496223958246024	0.00000000000002186110551814808
1.5496223958246025	0.000000000000028113881592837166
1.6496223958246026	0.00000000000003436665766752629
1.7496223958246027	0.00000000000004061943374221548
1.8496223958246027	0.00000000000004687220981690472
1.9496223958246028	0.00000000000005312498589159402
2.0496223958246027	0.00000000000005937776196628333
2.149622395824603	0.00000000000006563053804097273
2.249622395824603	0.00000000000007188331411566218
2.349622395824603	0.00000000000007813609019035167
2.449622395824603	0.00000000000008438886626504119
2.549622395824603	0.00000000000009064164233973079
2.6496223958246032	0.0000000000000968944184144204
2.7496223958246033	0.0000000000001031471944891101
2.8496223958246034	0.00000000000010939997056379985
2.9496223958246035	0.00000000000011565274663848967
3.0496223958246036	0.0000000000001219055227131795
3.1496223958246037	0.00000000000012815829878786939
3.2496223958246038	0.00000000000013441107486255932
3.349622395824604	0.0000000000001406638509372493
3.449622395824604	0.00000000000014691662701193934
3.549622395824604	0.00000000000015316940308662945
3.649622395824604	0.0000000000001594221791613196
3.749622395824604	0.00000000000016567495523600975
3.8496223958246043	0.00000000000017192773131070002
3.9496223958246044	0.00000000000017818050738539028
4.0496223958246045	0.0000000000001844332834600806
4.149622395824604	0.00000000000019068605953477098
4.249622395824604	0.00000000000019693883560946145
4.349622395824603	0.0000000000002031916116841519
4.449622395824603	0.0000000000002094443877588424
4.549622395824603	0.000000000000215697163833533
4.649622395824602	0.00000000000022194993990822356
4.749622395824602	0.0000000000002282027159829142
4.849622395824602	0.000000000000234455492057605
4.949622395824601	0.0000000000002407082681322957
5.049622395824601	0.00000000000024696104420698653
5.149622395824601	0.0000000000002532138202816774
5.2496223958246	0.00000000000025946659635636827
5.3496223958246	0.0000000000002657193724310593
5.4496223958245995	0.0000000000002719721485057503
5.549622395824599	0.0000000000002782249245804414
5.649622395824599	0.0000000000002844777006551325
5.749622395824598	0.00000000000029073047672982367
5.849622395824598	0.0000000000002969832528045149
5.949622395824598	0.0000000000003032360288792061
6.049622395824597	0.00000000000030948880495389744
6.149622395824597	0.0000000000003157415810285888
6.249622395824597	0.0000000000003219943571032802
6.349622395824596	0.00000000000032824713317797166
6.449622395824596	0.0000000000003344999092526632
6.549622395824596	0.00000000000034075268532735476
6.649622395824595	0.00000000000034700546140204634
6.749622395824595	0.0000000000003532582374767379
6.8496223958245945	0.0000000000003595110135514295
6.949622395824594	0.00000000000036576378962612096
7.049622395824594	0.0000000000003720165657008124
7.1496223958245935	0.00000000000037826934177550366
7.249622395824593	0.00000000000038452211785019493
7.349622395824593	0.00000000000039077489392488625
7.449622395824592	0.00000000000039702766999957743
7.549622395824592	0.0000000000004032804460742686
7.649622395824592	0.0000000000004095332221489597
7.749622395824591	0.00000000000041578599822365074
7.849622395824591	0.0000000000004220387742983417
7.949622395824591	0.00000000000042829155037303273
8.04962239582459	0.0000000000004345443264477235
8.14962239582459	0.00000000000044079710252241447
8.24962239582459	0.0000000000004470498785971052
8.34962239582459	0.0000000000004533026546717958
8.449622395824589	0.0000000000004595554307464866
8.549622395824588	0.0000000000004658082068211772
8.649622395824588	0.0000000000004720609828958679
8.749622395824588	0.0000000000004783137589705583
8.849622395824587	0.0000000000004845665350452488
8.949622395824587	0.0000000000004908193111199392
9.049622395824587	0.0000000000004970720871946296
9.149622395824586	0.0000000000005033248632693199
9.249622395824586	0.0000000000005095776393440101
9.349622395824586	0.0000000000005158304154187004
9.449622395824585	0.0000000000005220831914933905
9.549622395824585	0.0000000000005283359675680807
9.649622395824585	0.0000000000005345887436427708
9.749622395824584	0.0000000000005408415197174607
9.849622395824584	0.0000000000005470942957921508
9.949622395824584	0.0000000000005533470718668406
10.049622395824583	0.0000000000005595998479415305
10.149622395824583	0.0000000000005658526240162203
10.249622395824582	0.0000000000005721054000909099
10.349622395824582	0.0000000000005783581761655996
10.449622395824582	0.0000000000005846109522402894
10.549622395824581	0.0000000000005908637283149789
10.649622395824581	0.0000000000005971165043896684
10.74962239582458	0.0000000000006033692804643579
10.84962239582458	0.0000000000006096220565390474
10.94962239582458	0.0000000000006158748326137368
11.04962239582458	0.0000000000006221276086884261
11.14962239582458	0.0000000000006283803847631153
11.249622395824579	0.0000000000006346331608378046
11.349622395824579	0.0000000000006408859369124937
11.449622395824578	0.0000000000006471387129871829
11.549622395824578	0.0000000000006533914890618718
11.649622395824577	0.0000000000006596442651365611
11.749622395824577	0.0000000000006658970412112499
11.849622395824577	0.0000000000006721498172859389
11.905	0.0000000000006756124548705555
1000011.905	0.0000000000006756124548705555
