-179769313486231570000000000000000000000000000000000000000000000000000000000000000000000000000000000000000000000000000000000000000000000000000000000000000000000000000000000000000000000000000000000000000000000000000000000000000000000000000000000000000000000000000000000000000000000000000000000000000000000000000	0
0.0000000000000004440892098500626	0
0.0033333333333338544	0.0032874021539850227
0.006666666666667265	0.006574708352900002
0.011666666666667158	0.011505488928602722
0.01916666666666722	0.018901261309326248
0.030416666666667203	0.029994035589760267
0.047291666666667176	0.046631248854494545
0.07260416666666725	0.07158282545669677
0.11057291666666735	0.10900111563518405
0.1675260416666673	0.16510971567577287
0.2529557291666673	0.24923321640277862
0.3529557291666674	0.347639976645024
0.4529557291666675	0.4459813237238792
0.5529557291666676	0.5442581820426338
0.6529557291666677	0.6424760104540531
0.7529557291666678	0.740636141828099
0.8529557291666678	0.8387421595647363
0.9529557291666677	0.9367981830344309
1.0529557291666678	1.0348057028090127
1.1529557291666679	1.1327684135258225
1.252955729166668	1.2306898358567624
1.352955729166668	1.3285721974812585
1.4529557291666682	1.4264185262426827
1.5529557291666682	1.5242322286407828
1.6529557291666683	1.6220160703150162
1.7529557291666684	1.7197723138874241
1.8529557291666685	1.8175041941493106
1.9529557291666686	1.915214688202427
2.0529557291666687	2.012905909850637
2.1529557291666688	2.1105806435288095
2.252955729166669	2.20824174555268
2.352955729166669	2.30589155641368
2.452955729166669	2.403532314979172
2.552955729166669	2.501166663448721
2.652955729166669	2.5987969788450567
2.7529557291666693	2.696425215638386
2.8529557291666694	2.794053723444406
2.9529557291666695	2.89168467203507
3.052955729166669	2.9893200426938407
3.1529557291666688	3.086961768188459
3.2529557291666684	3.1846117911694543
3.352955729166668	3.28227189042463
3.4529557291666677	3.3799437802391035
3.5529557291666674	3.4776291759783544
3.652955729166667	3.5753296288039813
3.7529557291666666	3.6730465273833257
3.8529557291666663	3.770781373222293
3.952955729166666	3.868535557410587
4.052955729166666	3.9663102244069406
4.152955729166665	4.064106401581308
4.252955729166665	4.161925421558621
4.3529557291666645	4.259768242578752
4.452955729166664	4.357635575492807
4.552955729166664	4.455528243009374
4.6529557291666634	4.553447304969928
4.752955729166663	4.651393203302126
4.852955729166663	4.749366254883565
4.952955729166662	4.84736735567147
5.052955729166662	4.945396903585966
5.152955729166662	5.043454878209305
5.252955729166661	5.141541643717073
5.352955729166661	5.239657747638807
5.452955729166661	5.337802873070052
5.55295572916666	5.435976887870543
5.65295572916666	5.5341803613915745
5.7529557291666595	5.6324127693416015
5.852955729166659	5.7306735910203415
5.952955729166659	5.8289632975061085
6.0529557291666585	5.927281161863845
6.152955729166658	6.025626419682436
6.252955729166658	6.123999419188941
6.352955729166657	6.222399152495979
6.452955729166657	6.320824775147565
6.552955729166657	6.419276473387422
6.652955729166656	6.517752872909061
6.752955729166656	6.616253359977997
6.852955729166656	6.714777701804188
6.952955729166655	6.813324239241607
7.052955729166655	6.9118929171161625
7.152955729166655	7.010482598004688
7.252955729166654	7.10909197095226
7.352955729166654	7.207720990420986
7.4529557291666535	7.306367796313388
7.552955729166653	7.40503218230616
7.652955729166653	7.503712866572927
7.752955729166652	7.602408639527181
7.852955729166652	7.701119198474233
7.952955729166652	7.79984279448335
8.052955729166651	7.898579395562313
8.152955729166651	7.99732716633226
8.25295572916665	8.096086077505843
8.35295572916665	8.194854515333216
8.45295572916665	8.293632830441492
8.55	8.48536948638386
179769313486231570000000000000000000000000000000000000000000000000000000000000000000000000000000000000000000000000000000000000000000000000000000000000000000000000000000000000000000000000000000000000000000000000000000000000000000000000000000000000000000000000000000000000000000000000000000000000000000000000000	8.48536948638386
