-179769313486231570000000000000000000000000000000000000000000000000000000000000000000000000000000000000000000000000000000000000000000000000000000000000000000000000000000000000000000000000000000000000000000000000000000000000000000000000000000000000000000000000000000000000000000000000000000000000000000000000000	0
0.0000000000000004440892098500626	0
0.0033333333333338544	0.001612600492096114
0.006666666666667265	0.0032267357047172087
0.011666666666667158	0.00565081162413751
0.01916666666666722	0.009293374437606165
0.030416666666667203	0.014771671198367177
0.047291666666667176	0.023021147773248693
0.07260416666666725	0.03546603957321438
0.11057291666666735	0.05428828656167291
0.1675260416666673	0.08285747201949709
0.2529557291666673	0.1264243990914564
0.3529557291666674	0.17843394894403514
0.4529557291666675	0.23145405662853114
0.5529557291666676	0.2854083974797982
0.6529557291666677	0.34023173786075567
0.7529557291666678	0.3958692549046457
0.8529557291666678	0.45227137277379553
0.9529557291666677	0.5093968494775417
1.0529557291666678	0.5672105459330168
1.1529557291666679	0.6256788874952568
1.252955729166668	0.6847764818754376
1.352955729166668	0.7444810023465245
1.4529557291666682	0.804772389740246
1.5529557291666682	0.8656390311636055
1.6529557291666683	0.9270648443015651
1.7529557291666684	0.9890372695939205
1.8529557291666685	1.0515514930744605
1.9529557291666686	1.1145979752851576
2.0529557291666687	1.1781705237557216
2.1529557291666688	1.2422679954173257
2.252955729166669	1.3068863359194816
2.352955729166669	1.3720244725330375
2.452955729166669	1.4376836383322504
2.552955729166669	1.5038634447535422
2.652955729166669	1.5705659997125454
2.7529557291666693	1.6377949725372098
2.8529557291666694	1.7055527208045365
2.9529557291666695	1.7738434125498728
3.052955729166669	1.8426717548163365
3.1529557291666688	1.9120421180727778
3.2529557291666684	1.981960060825467
3.352955729166668	2.052431479118714
3.4529557291666677	2.1234618052843697
3.5529557291666674	2.195057095225561
3.652955729166667	2.2672235391893882
3.7529557291666666	2.3399670853169194
3.8529557291666663	2.4132940801083733
3.952955729166666	2.4872109115657026
4.052955729166666	2.5617234406302183
4.152955729166665	2.636837551322766
4.252955729166665	2.7125591024263116
4.3529557291666645	2.788893440502388
4.452955729166664	2.865845842419464
4.552955729166664	2.9434215982691874
4.6529557291666634	3.0216250301419594
4.752955729166663	3.100460131258584
4.852955729166663	3.179930981950128
4.952955729166662	3.260040524727443
5.052955729166662	3.3407913284387543
5.152955729166662	3.4221862480953793
5.252955729166661	3.504226401549556
5.352955729166661	3.586912329594796
5.452955729166661	3.670245068830813
5.55295572916666	3.754223602493702
5.65295572916666	3.838846320610686
5.7529557291666595	3.9241123758342176
5.852955729166659	4.010018139415557
5.952955729166659	4.096559677791552
6.0529557291666585	4.183733647204396
6.152955729166658	4.271533688186001
6.252955729166658	4.359952765788306
6.352955729166657	4.4489853883293575
6.452955729166657	4.538621978125056
6.552955729166657	4.628852721796316
6.652955729166656	4.719669235983245
6.752955729166656	4.811058709787349
6.852955729166656	4.90300790640617
6.952955729166655	4.9955060023513465
7.052955729166655	5.08853661167314
7.152955729166655	5.1820836550351475
7.252955729166654	5.276133289314608
7.352955729166654	5.370665796701553
7.4529557291666535	5.465661966756026
7.552955729166653	5.56110556899545
7.652955729166653	5.656973567783876
7.752955729166652	5.753244724055424
7.852955729166652	5.849900109229028
7.952955729166652	5.946913775297375
8.052955729166651	6.044264338621037
8.152955729166651	6.141930511846886
8.25295572916665	6.239885242411643
8.35295572916665	6.338107724541602
8.45295572916665	6.436575713788631
8.55	6.628214866514499
179769313486231570000000000000000000000000000000000000000000000000000000000000000000000000000000000000000000000000000000000000000000000000000000000000000000000000000000000000000000000000000000000000000000000000000000000000000000000000000000000000000000000000000000000000000000000000000000000000000000000000000	6.628214866514499
