-100003.37430908204	0
0.9950229492187495	0
0.9983562825520824	0
1.0033562825520823	0
1.0108562825520826	0
1.022106282552083	0
1.0389812825520828	0
1.0642937825520828	0
1.102262532552083	0
1.1592156575520827	0.0000000000000000000000000000000000962964972193618
1.2446453450520822	0.000000000000000000000000000000009256500795211152
1.3446453450520819	0
1.4446453450520815	0.000000000000000000000000000000016418552775901186
1.5446453450520812	0.000000000000000000000000000000004092601131822876
1.6446453450520808	0
1.7446453450520805	0
1.84464534505208	0.00000000000000000000000000000003600736679619605
1.9446453450520798	0.00000000000000000000000000000019721522630525295
2.0446453450520794	0
2.144645345052079	0
2.2446453450520787	0.00000000000000000000000000000007395570986446986
2.3446453450520783	0.00000000000000000000000000000008628166150854817
2.444645345052078	0.00000000000000000000000000000008320017359752859
2.5446453450520776	0.0000000000000000000000000000006686828766912483
2.6446453450520773	0.00000000000000000000000000000045606021083089745
2.744645345052077	0.0000000000000000000000000000014298103907130839
2.8446453450520766	0.0000000000000000000000000000007888609052210118
2.9386909179687484	0
1000002.9386909179	0
