-179769313486231570000000000000000000000000000000000000000000000000000000000000000000000000000000000000000000000000000000000000000000000000000000000000000000000000000000000000000000000000000000000000000000000000000000000000000000000000000000000000000000000000000000000000000000000000000000000000000000000000000	0
0.01790498047878067	0
0.021238313812114003	0.000009734658791924345
0.024571647145447337	0.00007275579648160915
0.029571647145447338	0.00035092200859005595
0.037071647145447334	0.0013166905553755577
0.04832164714544733	0.0038312991678973807
0.06519664714544733	0.009422058974345941
0.09050914714544733	0.020980022993856623
0.12847789714544733	0.043892955055735566
0.18543102214544732	0.08806630564880163
0.27086070964544734	0.17146053327068356
0.3708607096454474	0.28953742584792297
0.47086070964544735	0.4253189625304277
0.5708607096454473	0.5757688692303145
0.6708607096454473	0.7386963209975713
0.7708607096454473	0.91241433872399
0.8708607096454473	1.09557284042205
0.9708607096454472	1.2870523060118957
1.0708607096454472	1.485900360244263
1.1708607096454473	1.6912935594241911
1.2708607096454474	1.902509759420121
1.3708607096454475	2.118907206831432
1.4708607096454476	2.3399107866477706
1.5708607096454477	2.5650012765971137
1.6708607096454478	2.7937063757663716
1.7708607096454478	3.0255939478242135
1.870860709645448	3.260266953157141
1.970860709645448	3.4973589715758004
2.070860709645448	3.736530556464633
2.170860709645448	3.9774666819656725
2.270860709645448	4.219874748145183
2.370860709645448	4.463482029932275
2.4708607096454482	4.708034304288356
2.5708607096454483	4.95329435257352
2.6708607096454484	5.199041015800991
2.7708607096454485	5.445067976256881
2.8708607096454486	5.6911831844546015
2.9708607096454487	5.937208122542172
3.0708607096454488	6.1829774140713525
3.170860709645449	6.428338190929473
3.270860709645449	6.673149978463847
3.370860709645449	6.917284430097521
3.470860709645449	7.160625219412728
3.570860709645449	7.403067951771295
3.6708607096454493	7.644520250541757
3.7708607096454494	7.88490190039338
3.8708607096454495	8.124145022410582
3.9708607096454496	8.362194431487985
4.07086070964545	8.599007801621655
4.170860709645449	8.834556343693682
4.270860709645449	9.06882527799075
4.370860709645449	9.30181444761199
4.470860709645448	9.533539056156652
4.570860709645448	9.764030488669173
4.6708607096454475	9.993337487425327
4.770860709645447	10.221526869088649
4.870860709645447	10.44868508734748
4.9708607096454465	10.674919429681845
5.070860709645446	10.900359708556802
5.170860709645446	11.125159363738998
5.270860709645445	11.349498313191239
5.370860709645445	11.573584254711667
5.470860709645445	11.79765555486073
5.570860709645444	12.021983313058666
5.670860709645444	12.24687424136156
5.770860709645444	12.472673753270659
5.870860709645443	12.699768977318186
5.970860709645443	12.928592173989024
6.0708607096454426	13.159624212833009
6.170860709645442	13.3933983848138
6.270860709645442	13.630503871853481
6.3708607096454415	13.87158931837518
6.470860709645441	14.117366036397913
6.570860709645441	14.368637046700504
6.67086070964544	14.626276221593214
6.77086070964544	14.890843784910098
6.87086070964544	15.162781775717358
6.970860709645439	15.442490925751208
7.070860709645439	15.73033474069017
7.170860709645439	16.02664362264997
7.270860709645438	16.33172007681125
7.370860709645438	16.64584248034382
7.470860709645438	16.96926804000385
7.570860709645437	17.302236065956375
7.670860709645437	17.644970670403954
7.7708607096454365	17.997682262443945
7.870860709645436	18.36056949350419
7.970860709645436	18.73382101245614
8.070860709645435	19.11761641464306
8.170860709645435	19.51212782066296
8.270860709645435	19.917520026502583
8.370860709645434	20.333951648756376
8.470860709645434	20.7615752487918
8.570860709645434	21.200537735314096
8.670860709645433	21.650980582137436
8.770860709645433	22.113039655808173
8.870860709645433	22.58684495857792
8.970860709645432	23.07252041306546
9.070860709645432	23.5701830270335
9.170860709645432	24.079942546957295
9.270860709645431	24.6019000247679
9.37086070964543	25.13614739387538
9.47086070964543	25.682765466126536
9.57086070964543	26.241823018997987
9.65	27.148319759176182
179769313486231570000000000000000000000000000000000000000000000000000000000000000000000000000000000000000000000000000000000000000000000000000000000000000000000000000000000000000000000000000000000000000000000000000000000000000000000000000000000000000000000000000000000000000000000000000000000000000000000000000	27.148319759176182
