-179769313486231570000000000000000000000000000000000000000000000000000000000000000000000000000000000000000000000000000000000000000000000000000000000000000000000000000000000000000000000000000000000000000000000000000000000000000000000000000000000000000000000000000000000000000000000000000000000000000000000000000	0
0.14121074814092985	0
0.14454408147426318	0.0000013256381680443083
0.1478774148075965	0.00000997404719350511
0.1528774148075965	0.00004887255962907702
0.1603774148075965	0.00019359893465430226
0.17162741480759652	0.000677171319798753
0.18850241480759652	0.0021810662706212946
0.2138149148075965	0.006611148728326336
0.2517836648075965	0.01856783194656794
0.3087367898075965	0.045109867296545585
0.3941664773075965	0.09887588540840314
0.49416647730759655	0.17831772521190173
0.5941664773075965	0.27225499540357706
0.6941664773075965	0.3784942539562986
0.7941664773075965	0.4954843668555427
0.8941664773075965	0.6220352821308055
0.9941664773075964	0.7571846521835082
1.0941664773075965	0.9001249563731796
1.1941664773075966	1.0501592537184963
1.2941664773075967	1.206672907465089
1.3941664773075968	1.369114373094821
1.4941664773075969	1.536981826956629
1.594166477307597	1.7098128565585218
1.694166477307597	1.8871777215427223
1.7941664773075972	2.068673302741767
1.8941664773075972	2.2539189719625217
1.9941664773075973	2.4425528250080397
2.0941664773075974	2.634229421975114
2.1941664773075975	2.8286171699944576
2.2941664773075976	3.025396943479452
2.3941664773075977	3.224259636816063
2.4941664773075978	3.4249061730751484
2.594166477307598	3.627045718231779
2.694166477307598	3.830395398083047
2.794166477307598	4.034679073789858
2.894166477307598	4.239627285807819
2.994166477307598	4.444976360380902
3.0941664773075983	4.650468497146137
3.1941664773075984	4.855851217745434
3.2941664773075985	5.060877339178958
3.3941664773075986	5.265304780161938
3.4941664773075987	5.468896567264777
3.5941664773075988	5.671420886195611
3.694166477307599	5.872651091654725
3.794166477307599	6.072365898778489
3.894166477307599	6.270349580264469
3.994166477307599	6.466392249421912
4.094166477307599	6.660290217291038
4.194166477307599	6.851846283226743
4.2941664773075985	7.040870320891846
4.394166477307598	7.2271797983641495
4.494166477307598	7.410600427548349
4.594166477307597	7.5909669372936905
4.694166477307597	7.768123888879368
4.794166477307597	7.941926728043379
4.894166477307596	8.112242855100545
4.994166477307596	8.278953093555113
5.094166477307596	8.441953024208793
5.194166477307595	8.60115512719711
5.294166477307595	8.756490655384646
5.394166477307595	8.907912300360959
5.494166477307594	9.055397273894684
5.594166477307594	9.198950779374298
5.6941664773075935	9.33861131173581
5.794166477307593	9.474455529798842
5.894166477307593	9.606606065199085
5.9941664773075924	9.735240893866804
6.094166477307592	9.860605683093791
6.194166477307592	9.983030516425838
6.294166477307591	10.102953718107958
6.394166477307591	10.220956120766301
6.494166477307591	10.337813341634812
6.59416647730759	10.45457427503438
6.69416647730759	10.572726421481349
6.79416647730759	10.694053780745604
6.894166477307589	10.819630849606916
6.994166477307589	10.950204101418437
7.0941664773075885	11.086382409422454
7.194166477307588	11.228680873519755
7.294166477307588	11.377540374831263
7.3941664773075875	11.533344636685513
7.494166477307587	11.69643398018186
7.594166477307587	11.867114147046832
7.694166477307586	12.045663815453576
7.794166477307586	12.232339922222183
7.894166477307586	12.42738172722872
7.994166477307585	12.63101453500159
8.094166477307585	12.843452142674485
8.194166477307585	13.0648991823311
8.294166477307584	13.295552771386385
8.394166477307584	13.535603938011208
8.494166477307584	13.785238373952566
8.594166477307583	14.044637721764811
8.694166477307583	14.313979876477845
8.794166477307582	14.593439377370096
8.894166477307582	14.883187644548613
8.994166477307582	15.183393107710476
9.094166477307581	15.494220669845472
9.194166477307581	15.815831581867407
9.29416647730758	16.14838269708474
9.39416647730758	16.492025387823364
9.49416647730758	16.846904401014413
9.59416647730758	17.213156000991766
9.65	17.633927947525674
179769313486231570000000000000000000000000000000000000000000000000000000000000000000000000000000000000000000000000000000000000000000000000000000000000000000000000000000000000000000000000000000000000000000000000000000000000000000000000000000000000000000000000000000000000000000000000000000000000000000000000000	17.633927947525674
