-179769313486231570000000000000000000000000000000000000000000000000000000000000000000000000000000000000000000000000000000000000000000000000000000000000000000000000000000000000000000000000000000000000000000000000000000000000000000000000000000000000000000000000000000000000000000000000000000000000000000000000000	0
0.2207141124662366	0
0.22404744579956992	0.0000010350935696225052
0.22738077913290325	0.000007534698890556233
0.23238077913290325	0.0000360419249930989
0.23988077913290326	0.00014019352152957294
0.25113077913290327	0.00048381490518640614
0.26800577913290324	0.0015461374194413384
0.29331827913290326	0.004678937870164084
0.33128702913290325	0.013567159413464258
0.38824015413290325	0.03595934990959723
0.47366984163290327	0.08326465014507177
0.5736698416329032	0.1543536980478197
0.6736698416329032	0.23916045731752184
0.7736698416329032	0.33562394938873397
0.8736698416329032	0.44231161266639685
0.9736698416329032	0.5581333905945176
1.0736698416329031	0.6822102168830669
1.1736698416329032	0.8138043075547499
1.2736698416329033	0.9522774243949793
1.3736698416329034	1.097064500688764
1.4736698416329035	1.247655835370081
1.5736698416329036	1.4035844456660174
1.6736698416329037	1.5644174629287666
1.7736698416329038	1.72974903654573
1.8736698416329038	1.8991956567268975
1.973669841632904	2.0723917330303485
2.073669841632904	2.248986933540624
2.173669841632904	2.4286432364880075
2.273669841632904	2.611033653189619
2.3736698416329043	2.79583998529368
2.4736698416329044	2.9827515542195417
2.5736698416329045	3.1714642973913225
2.6736698416329046	3.3616801900595705
2.7736698416329046	3.553105951781191
2.8736698416329047	3.7454531063527887
2.973669841632905	3.938436892285064
3.073669841632905	4.131776481143336
3.173669841632905	4.325194188869669
3.273669841632905	4.5184157930842535
3.373669841632905	4.711169977976574
3.4736698416329053	4.903188722229188
3.5736698416329054	5.094206975554047
3.6736698416329054	5.28396296261808
3.7736698416329055	5.472198187389217
3.8736698416329056	5.65865781606122
3.9736698416329057	5.843090823877596
4.073669841632905	6.025250396529722
4.173669841632905	6.204894288811561
4.273669841632905	6.381785318362926
4.373669841632904	6.555691830488436
4.473669841632904	6.726388509158
4.573669841632904	6.893656939942457
4.673669841632903	7.057286570624766
4.773669841632903	7.217075464707481
4.8736698416329025	7.372831708472398
4.973669841632902	7.524374334780918
5.073669841632902	7.671534952375992
5.1736698416329014	7.814159558837138
5.273669841632901	7.952110301860995
5.373669841632901	8.085268168354432
5.4736698416329	8.213535826060017
5.5736698416329	8.336840830350171
5.6736698416329	8.45514067368294
5.773669841632899	8.568428026596774
5.873669841632899	8.676738073936528
5.973669841632899	8.780158082352466
6.073669841632898	8.878840665126942
6.173669841632898	8.973022215057613
6.2736698416328975	9.063049540431669
6.373669841632897	9.149420625403138
6.473669841632897	9.220678081708552
6.5736698416328965	9.289877798611823
6.673669841632896	9.358983320186654
6.773669841632896	9.42972740381967
6.873669841632895	9.503134711384577
6.973669841632895	9.579894855317061
7.073669841632895	9.660556729733047
7.173669841632894	9.745577853281171
7.273669841632894	9.83534572629295
7.373669841632894	9.930194878804079
7.473669841632893	10.030420030793568
7.573669841632893	10.136284244089339
7.673669841632893	10.268207176194094
7.773669841632892	10.408565636196863
7.873669841632892	10.556593468177088
7.9736698416328915	10.712525922547828
8.073669841632892	10.876585724763583
8.173669841632892	11.048985233063652
8.273669841632891	11.229928561268467
8.373669841632891	11.419612833146932
8.47366984163289	11.618229549252117
8.57366984163289	11.825965737379155
8.67366984163289	12.043004449025423
8.77366984163289	12.269525595420543
8.87366984163289	12.505706098582648
8.973669841632889	12.7517203919865
9.073669841632888	13.007740489398731
9.173669841632888	13.273935786308783
9.273669841632888	13.550472747033877
9.373669841632887	13.837514644581901
9.473669841632887	14.135220687159896
9.573669841632887	14.443744928015047
9.65	14.932699400330291
179769313486231570000000000000000000000000000000000000000000000000000000000000000000000000000000000000000000000000000000000000000000000000000000000000000000000000000000000000000000000000000000000000000000000000000000000000000000000000000000000000000000000000000000000000000000000000000000000000000000000000000	14.932699400330291
