-100000	0
1.61672483126926	0
1.6200581646025933	0.00000023825665310920923
1.6250581646025932	0.0000022081836505668735
1.6325581646025933	0.00001169557463101534
1.6438081646025933	0.00004997672069796072
1.6606831646025932	0.0001873528838541989
1.6859956646025933	0.0006470528722687355
1.7239644146025934	0.0021098423341098524
1.7809175396025934	0.0065708833126993825
1.8663472271025934	0.019749694427613016
1.9663472271025935	0.047298185078752164
2.0663472271025936	0.09009957808589701
2.1663472271025936	0.1490361584227641
2.2663472271025937	0.22054462151275786
2.366347227102594	0.30191934427732214
2.466347227102594	0.39152310842848204
2.566347227102594	0.4882421837134323
2.666347227102594	0.5912316997803664
2.766347227102594	0.6998393247409529
2.8663472271025943	0.8135693280935639
2.9663472271025944	0.931742273270199
3.0663472271025944	1.0535367759626597
3.1663472271025945	1.1780958617914146
3.2663472271025946	1.3045669687650043
3.3663472271025947	1.4320428738307687
3.466347227102595	1.5596772136515225
3.566347227102595	1.6868807247991344
3.666347227102595	1.8129361099238968
3.766347227102595	1.9371440428999225
3.866347227102595	2.0588123322915886
3.9663472271025952	2.1773146612793615
4.066347227102595	2.292073691883372
4.1663472271025945	2.4024560848326035
4.266347227102594	2.5078570493885817
4.366347227102594	2.607642783447823
4.4663472271025935	2.7010673973202124
4.566347227102593	2.7872965394340556
4.666347227102593	2.8653942660779075
4.766347227102592	2.9341974640819544
4.866347227102592	2.9921170747063774
4.966347227102592	3.0366743105043876
5.066347227102591	3.0647499710755066
5.166347227102591	3.078571397935981
5.266347227102591	3.0826902275938504
5.316259470361499	3.0828897836293967
1000005.3162594704	3.0828897836293967
