-179769313486231570000000000000000000000000000000000000000000000000000000000000000000000000000000000000000000000000000000000000000000000000000000000000000000000000000000000000000000000000000000000000000000000000000000000000000000000000000000000000000000000000000000000000000000000000000000000000000000000000000	0
0.00000000000000010302869668521452	0
0.0033333333333334368	0.019387999999998226
0.00666666666666677	0.03877599999999809
0.01166666666666677	0.06785799999999789
0.01916666666666677	0.11148099999999758
0.03041666666666677	0.17691549999999712
0.04729166666666677	0.27506724999999643
0.07260416666666678	0.4222948749999954
0.11057291666666677	0.6431363124999938
0.1675260416666668	0.9743984687499916
0.2529557291666668	1.4712917031249884
0.35295572916666684	2.0529317031249845
0.4529557291666668	2.6345717031249802
0.5529557291666668	3.216211703124976
0.6529557291666668	3.7978517031249717
0.7529557291666668	4.379491703124968
0.8529557291666667	4.9611317031249635
0.9529557291666667	5.542771703124959
1.0529557291666667	6.124411703124955
1.1000000000000005	6.671668296874957
179769313486231570000000000000000000000000000000000000000000000000000000000000000000000000000000000000000000000000000000000000000000000000000000000000000000000000000000000000000000000000000000000000000000000000000000000000000000000000000000000000000000000000000000000000000000000000000000000000000000000000000	6.671668296874957
