-179769313486231570000000000000000000000000000000000000000000000000000000000000000000000000000000000000000000000000000000000000000000000000000000000000000000000000000000000000000000000000000000000000000000000000000000000000000000000000000000000000000000000000000000000000000000000000000000000000000000000000000	0
0.00000000000000010302869668521452	0
0.0033333333333334368	0
0.00666666666666677	0
0.01166666666666677	0
0.01916666666666677	0
0.03041666666666677	0
0.04729166666666677	0
0.07260416666666678	0
0.11057291666666677	0
0.1675260416666668	0
0.2529557291666668	0
0.35295572916666684	0
0.4529557291666668	0
0.5529557291666668	0
0.6529557291666668	0
0.7529557291666668	0
0.8529557291666667	0
0.9529557291666667	0
1.0529557291666667	0
1.1000000000000005	0
179769313486231570000000000000000000000000000000000000000000000000000000000000000000000000000000000000000000000000000000000000000000000000000000000000000000000000000000000000000000000000000000000000000000000000000000000000000000000000000000000000000000000000000000000000000000000000000000000000000000000000000	0
