-100001.1	0
0	0
0.0033333333333334103	0.00111939110255768
0.008333333333333304	0.0028050040488186425
0.015833333333333366	0.005348431379330204
0.027083333333333348	0.00919809921060954
0.04395833333333332	0.015075050964552758
0.06927083333333339	0.02413110858686174
0.1072395833333335	0.03825140019014719
0.16419270833333344	0.060566303844821305
0.24962239583333345	0.096726247359429
0.34962239583333354	0.1431391309227181
0.44962239583333363	0.19453569982588928
0.5496223958333337	0.25088964225250776
0.6496223958333338	0.31281473598533777
0.7496223958333339	0.3817773647888101
0.849622395833334	0.45599981221195407
0.9496223958333339	0.5355681912923541
1.049622395833334	0.6206589871693704
1.149622395833334	0.7119384181234429
1.2496223958333341	0.8114856720261562
1.3496223958333342	0.9195257721815697
1.4496223958333343	1.0359163726938954
1.5496223958333344	1.1609004855270346
1.6496223958333345	1.2929251078003734
1.7496223958333346	1.4297803688148636
1.8496223958333347	1.5710801061968722
1.9496223958333347	1.7164833302431302
2.049622395833335	1.865766564663478
2.149622395833335	2.019999560317202
2.249622395833335	2.185131640527057
2.349622395833335	2.3593894172582623
2.449622395833335	2.5338310391610865
2.5496223958333353	2.7072132214441695
2.6496223958333354	2.7961523954783143
2.7496223958333355	2.80811538769742
2.8496223958333355	2.821233906534958
2.9496223958333356	2.8391366594525342
3.0496223958333353	2.8592525444902632
3.149622395833335	2.8847423713042684
3.2496223958333346	2.9145254307287796
3.349622395833334	2.9527429397249216
3.449622395833334	2.9905227675310653
3.5496223958333335	3.0324450833724965
3.649622395833333	3.0812971600773147
3.749622395833333	3.1317651993856686
3.8496223958333324	3.184661669610275
3.949622395833332	3.240800843879676
4.049622395833332	3.298805437471218
4.149622395833331	3.363214863975484
4.249622395833331	3.4286359325324987
4.349622395833331	3.500998659765038
4.44962239583333	3.5745798133498923
4.54962239583333	3.650753190372896
4.64962239583333	3.730584607539403
4.749622395833329	3.8100463479961566
4.849622395833329	3.898010597032912
4.9496223958333285	3.9718960395911007
5.049622395833328	4.0589289867040526
5.149622395833328	4.150465065315496
5.212999999999999	4.2356734374091864
1000005.213	4.2356734374091864
