-100000	0
1.1000000000000005	0
1.103333333333334	0.0010372106522722328
1.1083333333333338	0.002600835723958319
1.115833333333334	0.004964513778597572
1.1270833333333339	0.008552495295795413
1.1439583333333339	0.014022231442768512
1.169270833333334	0.022420125701062426
1.207239583333334	0.03545508803135747
1.264192708333334	0.05600685037358641
1.349622395833334	0.08914762641152688
1.449622395833334	0.13164698832677713
1.5496223958333342	0.17815976920173637
1.6496223958333343	0.22886438596600725
1.7496223958333343	0.28386173412365867
1.8496223958333344	0.3432371366904747
1.9496223958333345	0.4070291727520944
2.0496223958333344	0.4753293579963645
2.1496223958333345	0.548127355898115
2.2496223958333346	0.6254450402846454
2.3496223958333347	0.7073016203778097
2.4496223958333347	0.7936300269257033
2.549622395833335	0.8844515274827778
2.649622395833335	0.9797329839677161
2.749622395833335	1.0794080696524648
2.849622395833335	1.1834147717738515
2.949622395833335	1.2917333808718
3.0496223958333353	1.4042690757085443
3.1496223958333354	1.5209544135113895
3.2496223958333355	1.6416975694215166
3.3496223958333355	1.7663388268335631
3.4496223958333356	1.8947106476003832
3.5496223958333357	2.0269560281365386
3.649622395833336	2.162846297193163
3.749622395833336	2.2587548333498746
3.849622395833336	2.2916554505484594
3.949622395833336	2.327997366270831
4.049622395833336	2.3675770385321564
4.149622395833336	2.4103454201821912
4.2496223958333355	2.456141041351996
4.349622395833335	2.504833984407227
4.449622395833335	2.55634176627542
4.549622395833334	2.6105673088645514
4.649622395833334	2.6674251781871674
4.749622395833334	2.7267608640887513
4.849622395833333	2.7884713890747284
4.949622395833333	2.8524256849056657
5.049622395833333	2.918653234245447
5.149622395833332	2.986970563944374
5.249622395833332	3.0573382838714136
5.3496223958333315	3.129680076673938
5.449622395833331	3.203875330357913
5.549622395833331	3.27981418695856
5.6496223958333305	3.3574132917393182
5.74962239583333	3.4366038333038786
5.84962239583333	3.517296525540948
5.949622395833329	3.599416179225162
6.049622395833329	3.682882785647766
6.149622395833329	3.767634762037053
6.249622395833328	3.853588172041225
6.313	3.908653197036912
1000006.313	3.908653197036912
