-100001.1	0
0	0
0.0033333333333334103	0.0009841329475528157
0.008333333333333304	0.002468074494711409
0.015833333333333366	0.004711415185150417
0.027083333333333348	0.00811553861822972
0.04395833333333332	0.013304611786427955
0.06927083333333339	0.021270271456787896
0.1072395833333335	0.033624196086814384
0.16419270833333344	0.053061091731174286
0.24962239583333345	0.08436905292156441
0.34962239583333354	0.1243663611272418
0.44962239583333363	0.16808831486994513
0.5496223958333337	0.2156175595951988
0.6496223958333338	0.2670650965052328
0.7496223958333339	0.32252728188225777
0.849622395833334	0.3820242100807196
0.9496223958333339	0.44565144112064703
1.049622395833334	0.5133963338922848
1.149622395833334	0.5852505124776489
1.2496223958333341	0.6612473428003919
1.3496223958333342	0.7413245644901929
1.4496223958333343	0.8254980364463907
1.5496223958333344	0.9137300136300113
1.6496223958333345	1.005984500190893
1.7496223958333346	1.1021825104437792
1.8496223958333347	1.2023231941765924
1.9496223958333347	1.306312458687655
2.049622395833335	1.414088026488036
2.149622395833335	1.5255142206316206
2.249622395833335	1.640552694041087
2.349622395833335	1.7590946415515925
2.449622395833335	1.881073453868031
2.5496223958333353	2.0063666515822374
2.6496223958333354	2.0985807453029515
2.7496223958333355	2.138482028454585
2.8496223958333355	2.181525233373684
2.9496223958333356	2.2275377227194495
3.0496223958333353	2.276408874650739
3.149622395833335	2.3280320316543635
3.2496223958333346	2.382345931199172
3.349622395833334	2.4392020740920675
3.449622395833334	2.4985204265038194
3.5496223958333335	2.560217481430462
3.649622395833333	2.624154654918858
3.749622395833333	2.6902426157361674
3.8496223958333324	2.758357774651262
3.949622395833332	2.8285254544354483
4.049622395833332	2.9005963020308174
4.149622395833331	2.9745047300966956
4.249622395833331	3.05017830617421
4.349622395833331	3.127518904060794
4.44962239583333	3.206430708459549
4.54962239583333	3.2868450876551325
4.64962239583333	3.3686763466828142
4.749622395833329	3.451853633389764
4.849622395833329	3.5363016463669323
4.9496223958333285	3.6219490984283333
5.049622395833328	3.708716119281765
5.149622395833328	3.7965511951777273
5.212999999999999	3.8527447188168495
1000005.213	3.8527447188168495
