-100000	0
1.1000000000000005	0
1.103333333333334	0.0009115897073923614
1.1083333333333338	0.0022867183278957397
1.115833333333334	0.004366820252370095
1.1270833333333339	0.007525845679809297
1.1439583333333339	0.012341598901243277
1.169270833333334	0.019730940048546756
1.207239583333334	0.031182736292399864
1.264192708333334	0.04918692014046327
1.349622395833334	0.07815620453768095
1.449622395833334	0.11514389720280516
1.5496223958333342	0.15551971195297767
1.6496223958333343	0.19937318038117863
1.7496223958333343	0.24678527485053914
1.8496223958333344	0.29781561287393
1.9496223958333345	0.35253527432607684
2.0496223958333344	0.41104310451442805
2.1496223958333345	0.47326946130515
2.2496223958333346	0.5392081775032417
2.3496223958333347	0.6089117661232933
2.4496223958333347	0.6822943919329166
2.549622395833335	0.7593907554318573
2.649622395833335	0.8401519752586708
2.749622395833335	0.9245560193067234
2.849622395833335	1.0125190144203609
2.949622395833335	1.104076444275247
3.0496223958333353	1.1991179088159665
3.1496223958333354	1.2975864798554186
3.2496223958333355	1.3993375912369281
3.3496223958333355	1.5043557763467994
3.4496223958333356	1.612576197101962
3.5496223958333357	1.723889650617555
3.649622395833336	1.838167565156363
3.749622395833336	1.926302319893455
3.849622395833336	1.9728721042129413
3.949622395833336	2.022269844333571
4.049622395833336	2.074318165824624
4.149622395833336	2.1289705538749084
4.2496223958333355	2.1861075624580253
4.349622395833335	2.2456620910480694
4.449622395833335	2.3075080493322657
4.549622395833334	2.371564428560553
4.649622395833334	2.4377611845919236
4.749622395833334	2.5059955526820343
4.849622395833333	2.5761482256453623
4.949622395833333	2.6481035968185953
5.049622395833333	2.7218978008044736
5.149622395833332	2.797417949064871
5.249622395833332	2.874578298772054
5.3496223958333315	2.953322567647846
5.449622395833331	3.033526715777192
5.549622395833331	3.1150905380441274
5.6496223958333305	3.198017814889706
5.74962239583333	3.2822178776436157
5.84962239583333	3.3676122745743666
5.949622395833329	3.454130018938939
6.049622395833329	3.5416770356007308
6.149622395833329	3.630230293743381
6.249622395833328	3.7197178764615035
6.313	3.7769015594074036
1000006.313	3.7769015594074036
