-100001.1	0
0	0
0.0033333333333334103	0.00018936448833969786
0.008333333333333304	0.00048143083667631496
0.015833333333333366	0.0009231049161181826
0.027083333333333348	0.0015591750700595349
0.04395833333333332	0.002626984324182652
0.06927083333333339	0.004305382693061306
0.1072395833333335	0.007006228621460323
0.16419270833333344	0.011101631537159996
0.24962239583333345	0.019194760052585007
0.34962239583333354	0.028431560375289346
0.44962239583333363	0.04025499404072183
0.5496223958333337	0.054404730475989295
0.6496223958333338	0.07227432459016192
0.7496223958333339	0.09255123874284354
0.849622395833334	0.11559525219120045
0.9496223958333339	0.13885378572881826
1.049622395833334	0.16789917117372774
1.149622395833334	0.19809758115391654
1.2496223958333341	0.22883093411356184
1.3496223958333342	0.26448758061883076
1.4496223958333343	0.2999183658553853
1.5496223958333344	0.338982504711256
1.6496223958333345	0.37908331249693883
1.7496223958333346	0.42199111986754634
1.8496223958333347	0.466198187026919
1.9496223958333347	0.5143396277688252
2.049622395833335	0.5647176031833848
2.149622395833335	0.6171770250224716
2.249622395833335	0.6727063568274431
2.349622395833335	0.728784844046282
2.449622395833335	0.7777806654517274
2.5496223958333353	0.837681479715716
2.6496223958333354	0.9089297613827947
2.7496223958333355	0.9747744868747236
2.8496223958333355	1.0476390919925345
2.9496223958333356	1.1146402443342969
3.0496223958333353	1.184907356624095
3.149622395833335	1.2561423122925703
3.2496223958333346	1.3285833965859728
3.349622395833334	1.4039486710657385
3.449622395833334	1.4807948330929475
3.5496223958333335	1.557750878044139
3.649622395833333	1.6359863309734795
3.749622395833333	1.714941675330091
3.8496223958333324	1.7975044514632792
3.949622395833332	1.877577023267455
4.049622395833332	1.9639965528053862
4.149622395833331	2.049663601689028
4.249622395833331	2.1348956803929835
4.349622395833331	2.221521927646132
4.44962239583333	2.310178752733182
4.54962239583333	2.3991359763562468
4.64962239583333	2.488436346441769
4.749622395833329	2.5796993451045505
4.849622395833329	2.6711635776402467
4.9496223958333285	2.7625479484487516
5.049622395833328	2.8560671556141775
5.149622395833328	2.950327838448705
5.212999999999999	3.0090813311588858
1000005.213	3.0090813311588858
