-100000	0
1.1000000000000005	0
1.103333333333334	0.00039443538529073134
1.1083333333333338	0.000992980641537827
1.115833333333334	0.0019064051719335326
1.1270833333333339	0.0033114028044282425
1.1439583333333339	0.005473310479452989
1.169270833333334	0.008822725866204304
1.207239583333334	0.01408765608646555
1.264192708333334	0.022530132732322405
1.349622395833334	0.036449803480779745
1.449622395833334	0.054756032145034834
1.5496223958333342	0.07521877678214131
1.6496223958333343	0.09787949524662781
1.7496223958333343	0.12279584758049004
1.8496223958333344	0.1500301434043165
1.9496223958333345	0.179536905016484
2.0496223958333344	0.21134917098623132
2.1496223958333345	0.24547394169245307
2.2496223958333346	0.28191413676837784
2.3496223958333347	0.3206898244186817
2.4496223958333347	0.3617053621341073
2.549622395833335	0.4049848303674562
2.649622395833335	0.4505213866441728
2.749622395833335	0.49828412797304467
2.849622395833335	0.5482744186004247
2.949622395833335	0.6004053253797591
3.0496223958333353	0.6546446842700931
3.1496223958333354	0.7109855776398757
3.2496223958333355	0.7693397747897114
3.3496223958333355	0.8296764255991766
3.4496223958333356	0.891912956403305
3.5496223958333357	0.9560153122838384
3.649622395833336	1.0219598457335872
3.749622395833336	1.0896565820271922
3.849622395833336	1.1589868072191094
3.949622395833336	1.2299802549656784
4.049622395833336	1.3026341452221508
4.149622395833336	1.3768086978901857
4.2496223958333355	1.4524449142482454
4.349622395833335	1.5295120282941463
4.449622395833335	1.607961683833649
4.549622395833334	1.6877321933467848
4.649622395833334	1.7687384163072468
4.749622395833334	1.8509409371580021
4.849622395833333	1.9342641887447065
4.949622395833333	2.018639324378184
5.049622395833333	2.104054987283564
5.149622395833332	2.190481388752764
5.249622395833332	2.2778314118433234
5.3496223958333315	2.3661150333754084
5.449622395833331	2.4552439703431848
5.549622395833331	2.5451588946115655
5.6496223958333305	2.635810928853781
5.74962239583333	2.7271774616968965
5.84962239583333	2.8191980690917204
5.949622395833329	2.9118277754093467
6.049622395833329	3.0050284077426546
6.149622395833329	3.098769092465738
6.249622395833328	3.1930172225793565
6.313	3.252991645432668
1000006.313	3.252991645432668
