-100000	0
1.1000000000000005	0
1.103333333333334	0.0008143039297923234
1.1083333333333338	0.0020423120992356597
1.115833333333334	0.0038991752336579584
1.1270833333333339	0.006717476769713082
1.1439583333333339	0.010993739617946283
1.169270833333334	0.017501405978235608
1.207239583333334	0.027473786386274724
1.264192708333334	0.04291026000141155
1.349622395833334	0.06719580399321909
1.449622395833334	0.09737780420592654
1.5496223958333342	0.12943559374525948
1.6496223958333343	0.16339226326759795
1.7496223958333343	0.1992983521400958
1.8496223958333344	0.23714437474589228
1.9496223958333345	0.2769910054816362
2.0496223958333344	0.318848153771298
2.1496223958333345	0.3626966482661447
2.2496223958333346	0.4085451959609235
2.3496223958333347	0.45640623818656356
2.4496223958333347	0.5062162680161552
2.549622395833335	0.5579978783604747
2.649622395833335	0.611676022933498
2.749622395833335	0.6672582381729487
2.849622395833335	0.7247192727527272
2.949622395833335	0.7840188754649515
3.0496223958333353	0.8451284380996125
3.1496223958333354	0.9080389016366854
3.2496223958333355	0.9726581188196556
3.3496223958333355	1.0389514319066526
3.4496223958333356	1.106877813212666
3.5496223958333357	1.1763976508343104
3.649622395833336	1.2475037355209926
3.749622395833336	1.3201080933810128
3.849622395833336	1.3941090456167158
3.949622395833336	1.4695178533305295
4.049622395833336	1.546345866180887
4.149622395833336	1.624470258424141
4.2496223958333355	1.7038291742920066
4.349622395833335	1.784406839816419
4.449622395833335	1.8661422051710208
4.549622395833334	1.9489863470977487
4.649622395833334	2.032898344113067
4.749622395833334	2.117843019653788
4.849622395833333	2.203752005533868
4.949622395833333	2.290510707465213
5.049622395833333	2.378130518350679
5.149622395833332	2.466614392354973
5.249622395833332	2.555851238304931
5.3496223958333315	2.6459095236239767
5.449622395833331	2.7366688961706442
5.549622395833331	2.8281058704955853
5.6496223958333305	2.920152240120169
5.74962239583333	3.0128144848048977
5.84962239583333	3.106024644912196
5.949622395833329	3.1997406554937147
6.049622395833329	3.293941964213004
6.149622395833329	3.388591459749972
6.249622395833328	3.4836567509673935
6.313	3.544103661674465
1000006.313	3.544103661674465
