-100000	0
1.1000000000000005	0
1.103333333333334	0.002197916781477252
1.1083333333333338	0.0054995725124445385
1.115833333333334	0.010462592945852849
1.1270833333333339	0.017929607909263116
1.1439583333333339	0.02915885146929205
1.169270833333334	0.046052912173262975
1.207239583333334	0.071504453263567
1.264192708333334	0.10993120833885425
1.349622395833334	0.1681951854791523
1.449622395833334	0.23727711578461833
1.5496223958333342	0.3072094851790465
1.6496223958333343	0.3780364646006728
1.7496223958333343	0.4497650483256629
1.8496223958333344	0.522392762009486
1.9496223958333345	0.5959149484185002
2.0496223958333344	0.6703700310519882
2.1496223958333345	0.7457270448667064
2.2496223958333346	0.8219447256405787
2.3496223958333347	0.8990664797965479
2.4496223958333347	0.9770402241405258
2.549622395833335	1.0558886539052563
2.649622395833335	1.135559237171242
2.749622395833335	1.2160546643071415
2.849622395833335	1.2974003739343525
2.949622395833335	1.3795484929654895
3.0496223958333353	1.4624741961778471
3.1496223958333354	1.5461560028584036
3.2496223958333355	1.6305938218772285
3.3496223958333355	1.7157845144437016
3.4496223958333356	1.8016609736094396
3.5496223958333357	1.8882204233958697
3.649622395833336	1.975466036598898
3.749622395833336	2.0633598671311644
3.849622395833336	2.1518646587904677
3.949622395833336	2.2409716838035325
4.049622395833336	2.330674088632605
4.149622395833336	2.420935966303751
4.2496223958333355	2.511702580180756
4.349622395833335	2.6029923888504714
4.449622395833335	2.694753275710454
4.549622395833334	2.7870120822901403
4.649622395833334	2.8797192331333332
4.749622395833334	2.9728548063702798
4.849622395833333	3.066391620302739
4.949622395833333	3.1603087551080784
5.049622395833333	3.254585932666154
5.149622395833332	3.3491962301031464
5.249622395833332	3.4441478489757604
5.3496223958333315	3.539393703870264
5.449622395833331	3.6349334823845583
5.549622395833331	3.7307361553811793
5.6496223958333305	3.8267880103343765
5.74962239583333	3.923082297942546
5.84962239583333	4.019596424602681
5.949622395833329	4.116312436825769
6.049622395833329	4.213209655056834
6.149622395833329	4.310286458857721
6.249622395833328	4.407525163127753
6.313	4.469222604711181
1000006.313	4.469222604711181
