-100001.1	0
0	0
0.0033333333333334103	0.0028871966328320154
0.008333333333333304	0.007220842211258112
0.015833333333333366	0.013727841311792693
0.027083333333333348	0.023502757366314967
0.04395833333333332	0.038181323431112225
0.06927083333333339	0.060224450152571544
0.1072395833333335	0.0933442654651095
0.16419270833333344	0.14314608583976324
0.24962239583333345	0.21815883381988618
0.34962239583333354	0.3063378521851118
0.44962239583333363	0.39482377106152367
0.5496223958333337	0.48363553910816465
0.6496223958333338	0.5727693770563389
0.7496223958333339	0.6622383674784637
0.849622395833334	0.7520263319153337
0.9496223958333339	0.8421329366365073
1.049622395833334	0.932559956649784
1.149622395833334	1.0233083615577465
1.2496223958333341	1.1143828627386874
1.3496223958333342	1.20575611929118
1.4496223958333343	1.297428712510834
1.5496223958333344	1.3893965777849753
1.6496223958333345	1.4816718703835245
1.7496223958333346	1.5742164152095195
1.8496223958333347	1.6670370254417743
1.9496223958333347	1.7601541520957824
2.049622395833335	1.8535389476605664
2.149622395833335	1.947172440783089
2.249622395833335	2.041051965001716
2.349622395833335	2.1351778480559105
2.449622395833335	2.2295418104531874
2.5496223958333353	2.324138606236094
2.6496223958333354	2.4189572946263875
2.7496223958333355	2.51399509121124
2.8496223958333355	2.6092421056706945
2.9496223958333356	2.704694584918671
3.0496223958333353	2.8003327862424094
3.149622395833335	2.8961800450716653
3.2496223958333346	2.992195514376893
3.349622395833334	3.088381580057217
3.449622395833334	3.1847311544084347
3.5496223958333335	3.2812071424718225
3.649622395833333	3.3778484271508216
3.749622395833333	3.474625413314796
3.8496223958333324	3.5715315857504724
3.949622395833332	3.6685679239509676
4.049622395833332	3.765724522789869
4.149622395833331	3.8629961473340604
4.249622395833331	3.960370106564911
4.349622395833331	4.057843452754332
4.44962239583333	4.155409053354601
4.54962239583333	4.253048439100696
4.64962239583333	4.350764560155268
4.749622395833329	4.448559800410757
4.849622395833329	4.546427929366404
4.9496223958333285	4.644356961381013
5.049622395833328	4.742348769508286
5.149622395833328	4.840393879804718
5.212999999999999	4.902555803991227
1000005.213	4.902555803991227
