-100000	0
1.1000000000000005	0
1.103333333333334	0.003161957727165641
1.1083333333333338	0.007906675546662084
1.115833333333334	0.015027498841745082
1.1270833333333339	0.025716138837894316
1.1439583333333339	0.04175685605669846
1.169270833333334	0.06582954919588052
1.207239583333334	0.10196314990719309
1.264192708333334	0.15621624982708518
1.349622395833334	0.23774288754961304
1.449622395833334	0.33334214900907616
1.5496223958333342	0.4290312919120324
1.6496223958333343	0.5247995625713646
1.7496223958333343	0.6206550284479446
1.8496223958333344	0.7165859963390355
1.9496223958333345	0.8125912523340569
2.0496223958333344	0.9086867582547408
2.1496223958333345	1.0048723357834939
2.2496223958333346	1.1011411792616455
2.3496223958333347	1.197490972188613
2.4496223958333347	1.2939096547177822
2.549622395833335	1.3904123017789594
2.649622395833335	1.4870109058977878
2.749622395833335	1.5836980878818026
2.849622395833335	1.6804612195585678
2.949622395833335	1.7772957741127369
3.0496223958333353	1.8741913743708978
3.1496223958333354	1.9711733489676913
3.2496223958333355	2.0682170397154103
3.3496223958333355	2.1653448874176027
3.4496223958333356	2.262544029707511
3.5496223958333357	2.359810991104884
3.649622395833336	2.4571423753533113
3.749622395833336	2.5545350706482353
3.849622395833336	2.651987830387444
3.949622395833336	2.749499852076607
4.049622395833336	2.8470684973542397
4.149622395833336	2.944693220694753
4.2496223958333355	3.042370282724978
4.349622395833335	3.1401017236819184
4.449622395833335	3.237879319735467
4.549622395833334	3.335700213737334
4.649622395833334	3.4335632175779254
4.749622395833334	3.5314685281367826
4.849622395833333	3.6294161812317265
4.949622395833333	3.727402412045732
5.049622395833333	3.8254252678355405
5.149622395833332	3.923482603992552
5.249622395833332	4.021571581076716
5.3496223958333315	4.1196894142592395
5.449622395833331	4.217835407185565
5.549622395833331	4.316009120616653
5.6496223958333305	4.414207619158828
5.74962239583333	4.5124285705453815
5.84962239583333	4.610672843104593
5.949622395833329	4.708937566136696
6.049622395833329	4.807220731092084
6.149622395833329	4.905513964261093
6.249622395833328	5.003811392381488
6.313	5.066118830838778
1000006.313	5.066118830838778
