-100001.1	0
0	0
0.0033333333333334103	0.003239603755511669
0.008333333333333304	0.008100052860352322
0.015833333333333366	0.015392966413576238
0.027083333333333348	0.0263370672978344
0.04395833333333332	0.042757455935314305
0.06927083333333339	0.06739360780519436
0.1072395833333335	0.10436022360742482
0.16419270833333344	0.15983982326228827
0.24962239583333345	0.24315619721745016
0.34962239583333354	0.3407625933564897
0.44962239583333363	0.4383755754597509
0.5496223958333337	0.5360036369481583
0.6496223958333338	0.6336492620599586
0.7496223958333339	0.7313205415608862
0.849622395833334	0.8289985141162496
0.9496223958333339	0.9266902373126455
1.049622395833334	1.0244018541398727
1.149622395833334	1.122130248572746
1.2496223958333341	1.219887256200124
1.3496223958333342	1.3176624815136513
1.4496223958333343	1.4154588580189456
1.5496223958333344	1.513282213152
1.6496223958333345	1.6111266777630775
1.7496223958333346	1.7089985340518952
1.8496223958333347	1.806907516801856
1.9496223958333347	1.904841362186656
2.049622395833335	2.002796675437643
2.149622395833335	2.1007717670686485
2.249622395833335	2.198767242798889
2.349622395833335	2.2967817255775063
2.449622395833335	2.394817910348132
2.5496223958333353	2.492871902171322
2.6496223958333354	2.590946957128653
2.7496223958333355	2.6890393631030984
2.8496223958333355	2.7871517688277088
2.9496223958333356	2.8852807416579984
3.0496223958333353	2.9834275819354787
3.149622395833335	3.0815898688011103
3.2496223958333346	3.1797683998839696
3.349622395833334	3.277958875052326
3.449622395833334	3.3761627907645537
3.5496223958333335	3.4743855397373857
3.649622395833333	3.5726301260160285
3.749622395833333	3.670889506500832
3.8496223958333324	3.7691623175322255
3.949622395833332	3.8674490295168527
4.049622395833332	3.965747613908017
4.149622395833331	4.0640559327104055
4.249622395833331	4.162372834220027
4.349622395833331	4.260697764034793
4.44962239583333	4.359029082409059
4.54962239583333	4.45736595205236
4.64962239583333	4.555706857588852
4.749622395833329	4.65405408777403
4.849622395833329	4.752404952232668
4.9496223958333285	4.850756499630362
5.049622395833328	4.949106112190938
5.149622395833328	5.047452513711041
5.212999999999999	5.109785876056374
1000005.213	5.109785876056374
