-100000	0
1.1000000000000005	0
1.103333333333334	0.0032757863736374592
1.1083333333333338	0.008189836644273743
1.115833333333334	0.015561787189031595
1.1270833333333339	0.02662153830098888
1.1439583333333339	0.043213201668944885
1.169270833333334	0.06810355436079144
1.207239583333334	0.1054441843162792
1.264192708333334	0.1614637509491359
1.349622395833334	0.2455236515552477
1.449622395833334	0.343928357042136
1.5496223958333342	0.4423183509308189
1.6496223958333343	0.5406990975444047
1.7496223958333343	0.6390700546253568
1.8496223958333344	0.7374356335133729
1.9496223958333345	0.835794858483897
2.0496223958333344	0.9341506431173857
2.1496223958333345	1.0325065934801023
2.2496223958333346	1.1308630810457745
2.3496223958333347	1.229220793992458
2.4496223958333347	1.3275786854874159
2.549622395833335	1.4259385465131127
2.649622395833335	1.524301118007236
2.749622395833335	1.622666338812139
2.849622395833335	1.721034888252018
2.949622395833335	1.819403442848054
3.0496223958333353	1.9177700207309782
3.1496223958333354	2.0161375247732303
3.2496223958333355	2.1145063015078103
3.3496223958333355	2.2128764316897773
3.4496223958333356	2.3112479901576015
3.5496223958333357	2.4096213296328277
3.649622395833336	2.5079960598548343
3.749622395833336	2.606372360121913
3.849622395833336	2.704749341369588
3.949622395833336	2.8031271527798367
4.049622395833336	2.9015059696879306
4.149622395833336	2.9998861395943957
4.2496223958333355	3.0982676404753926
4.349622395833335	3.1966503879529338
4.449622395833335	3.2950342222228715
4.549622395833334	3.3934195006403365
4.649622395833334	3.491808113703283
4.749622395833334	3.5901995553311314
4.849622395833333	3.6885928512617268
4.949622395833333	3.7869870192824995
5.049622395833333	3.8853812848256806
5.149622395833332	3.9837755503688643
5.249622395833332	4.082169815912047
5.3496223958333315	4.180564081455226
5.449622395833331	4.278958346998408
5.549622395833331	4.377352612541591
5.6496223958333305	4.47574687808477
5.74962239583333	4.574141143627951
5.84962239583333	4.672535409644154
5.949622395833329	4.770929809227677
6.049622395833329	4.8693247978782725
6.149622395833329	4.967720926421491
6.249622395833328	5.066117373208569
6.313	5.128478652447194
1000006.313	5.128478652447194
