-100001.1	0
0	0
0.0033333333333334103	0.0032802720155778323
0.008333333333333304	0.008200789941108495
0.015833333333333366	0.015581814109275517
0.027083333333333348	0.026653883422286535
0.04395833333333332	0.043262258422286676
0.06927083333333339	0.06817482092228705
0.1072395833333335	0.10554366467228761
0.16419270833333344	0.1615969302972882
0.24962239583333345	0.2456768287347894
0.34962239583333354	0.3440968287347904
0.44962239583333363	0.4425168287347919
0.5496223958333337	0.540936828734793
0.6496223958333338	0.6393568287347945
0.7496223958333339	0.7377768287347958
0.849622395833334	0.836196828734797
0.9496223958333339	0.9346168287347981
1.049622395833334	1.0330368287347995
1.149622395833334	1.1314568287348008
1.2496223958333341	1.229876828734802
1.3496223958333342	1.3282968287348034
1.4496223958333343	1.4267168287348049
1.5496223958333344	1.525136828734806
1.6496223958333345	1.623556828734808
1.7496223958333346	1.7219768287348085
1.8496223958333347	1.82039682873481
1.9496223958333347	1.9188168287348113
2.049622395833335	2.017236828734813
2.149622395833335	2.115656828734814
2.249622395833335	2.214076828734815
2.349622395833335	2.312496828734816
2.449622395833335	2.4109168287348175
2.5496223958333353	2.509336828734819
2.6496223958333354	2.6077568287348205
2.7496223958333355	2.706176828734822
2.8496223958333355	2.804596828734823
2.9496223958333356	2.903016828734825
3.0496223958333353	3.0014368287348256
3.149622395833335	3.0998568287348265
3.2496223958333346	3.1982768287348264
3.349622395833334	3.2966968287348277
3.449622395833334	3.3951168287348277
3.5496223958333335	3.4935368287348294
3.649622395833333	3.5919568287348307
3.749622395833333	3.6903768287348315
3.8496223958333324	3.7887968287348337
3.949622395833332	3.887216828734832
4.049622395833332	3.985636828734834
4.149622395833331	4.084056828734835
4.249622395833331	4.182476828734836
4.349622395833331	4.280896828734836
4.44962239583333	4.379316828734837
4.54962239583333	4.4777368287348365
4.64962239583333	4.57615682873484
4.749622395833329	4.674576828734841
4.849622395833329	4.772996828734841
4.9496223958333285	4.871416828734842
5.049622395833328	4.969836828734843
5.149622395833328	5.068256828734843
5.212999999999999	5.130633066755683
1000005.213	5.130633066755683
