-179769313486231570000000000000000000000000000000000000000000000000000000000000000000000000000000000000000000000000000000000000000000000000000000000000000000000000000000000000000000000000000000000000000000000000000000000000000000000000000000000000000000000000000000000000000000000000000000000000000000000000000	0
-0.0000000000000008881784197001252	0
0.003333333333332078	0
0.006666666666665044	0
0.011666666666664938	0
0.019166666666664334	0
0.03041666666666476	0
0.0472916666666654	0
0.07260416666666547	0
0.11057291666666469	0
0.1675260416666644	0
0.252955729166664	0
0.3529557291666636	0
0.45295572916666327	0
0.5529557291666629	0
0.6529557291666626	0
0.7529557291666622	0
0.8529557291666618	0
0.9529557291666615	0
1.0529557291666611	0
1.1529557291666608	0
1.2529557291666604	0
1.35295572916666	0
1.4529557291666597	0
1.5529557291666594	0
1.652955729166659	0
1.668499999999999	0
179769313486231570000000000000000000000000000000000000000000000000000000000000000000000000000000000000000000000000000000000000000000000000000000000000000000000000000000000000000000000000000000000000000000000000000000000000000000000000000000000000000000000000000000000000000000000000000000000000000000000000000	0
