-100000	0
1.0999999999999996	0
1.103333333333333	0.03256052321822381
1.108333333333333	0.08140327076888661
1.115833333333333	0.1546718107777781
1.127083333333333	0.2645845715599807
1.143958333333333	0.4294761314349805
1.169270833333333	0.6768640127935295
1.2072395833333331	1.0480598890116462
1.264192708333333	1.6051114582379569
1.349622395833333	2.441272584453266
1.4496223958333332	3.420941489822186
1.5496223958333333	4.401588653833614
1.6496223958333334	5.38322453490859
1.7496223958333335	6.365859591468146
1.8496223958333335	7.349504281933326
1.9496223958333336	8.334169064725138
2.0496223958333335	9.319864398264622
2.1496223958333336	10.30660074097281
2.2496223958333337	11.294388551270744
2.3496223958333338	12.283238287579445
2.449622395833334	13.273160408319939
2.549622395833334	14.264165371913265
2.649622395833334	15.256263636780464
2.749622395833334	16.249465661342533
2.849622395833334	17.243781904020548
2.9496223958333343	18.239222823235497
3.0496223958333344	19.235798877408424
3.1496223958333345	20.233520524960408
3.2496223958333346	21.232398224312416
3.3496223958333347	22.23244243388548
3.4496223958333347	23.233663612100717
3.549622395833335	24.236072217379046
3.649622395833335	25.239678708141547
3.749622395833335	26.24449354280928
3.849622395833335	27.250527179803225
3.949622395833335	28.257790077544456
4.049622395833335	29.266292694453988
4.149622395833335	30.276045488952803
4.249622395833335	31.287058919462005
4.349622395833334	32.29934344440261
4.449622395833334	33.31290952219562
4.5496223958333335	34.32776761126209
4.649622395833333	35.34392817002307
4.749622395833333	36.361401656899496
4.849622395833332	37.38019853031254
4.949622395833332	38.40032924868316
5.049622395833332	39.42180427043233
5.149622395833331	40.44463405398121
5.249622395833331	41.46882905775072
5.349622395833331	42.4943997401619
5.44962239583333	43.52135655963593
5.54962239583333	44.549709974593625
5.64962239583333	45.57947044345608
5.749622395833329	46.61064842464452
5.849622395833329	47.6432543765797
5.9496223958333285	48.677298757682735
6.049622395833328	49.712792026374835
6.149622395833328	50.749744641076745
6.2496223958333275	51.78816706020974
6.349622395833327	52.82806974219473
6.449622395833327	53.869463145452684
6.549622395833326	54.912357728404814
6.649622395833326	55.76469392431692
6.749622395833326	56.80600046295467
6.849622395833325	57.84692136612867
6.949622395833325	58.887437180525126
7.049622395833325	59.92752845283017
7.149622395833324	60.96717572972956
7.249622395833324	62.00635955790984
7.3496223958333236	63.04506048405675
7.449622395833323	64.08325905485647
7.549622395833323	65.12093581699506
7.6496223958333225	66.15807131715876
7.749622395833322	67.19464610203325
7.849622395833322	68.2306407183051
7.949622395833321	69.26603571266003
8.049622395833321	70.30081163178436
8.14962239583332	71.33494902236377
8.24962239583332	72.36842843108492
8.34962239583332	73.40123040463341
8.44962239583332	74.4333354896955
8.54962239583332	75.46472423295727
8.649622395833319	76.49537718110487
8.749622395833319	77.52527488082424
8.849622395833318	78.55439787880144
8.949622395833318	79.58272672172278
9.049622395833318	80.6102419562739
9.149622395833317	81.63692412914139
9.249622395833317	82.66275378701083
9.349622395833316	83.687711476569
9.449622395833316	84.7117777445011
9.549622395833316	85.73493313749393
9.649622395833315	86.75715820223313
9.749622395833315	87.77843348540493
9.849622395833315	88.79873953369534
9.949622395833314	89.81805689379075
10.049622395833314	90.83636611237661
10.149622395833314	91.85364773613976
10.249622395833313	92.86988231176565
10.349622395833313	93.88505038594063
10.449622395833313	94.89913250535098
10.549622395833312	95.91210921668213
10.649622395833312	96.92396106662099
10.749622395833311	97.934668601853
10.849622395833311	98.94421236906447
10.94962239583331	99.9525729149415
11.04962239583331	100.95973078617028
11.14962239583331	101.96566652943656
11.24962239583331	102.9703606914266
11.34962239583331	103.97379381882651
11.449622395833309	104.9759464583225
11.549622395833309	105.97679915660008
11.649622395833308	106.97633246034613
11.749622395833308	107.97452691624616
11.849622395833308	108.97136307098641
11.905	109.1248399999973
1000011.905	109.1248399999973
