-179769313486231570000000000000000000000000000000000000000000000000000000000000000000000000000000000000000000000000000000000000000000000000000000000000000000000000000000000000000000000000000000000000000000000000000000000000000000000000000000000000000000000000000000000000000000000000000000000000000000000000000	0
5.213	0
5.216333333333333	0.0030964216235618964
5.219666666666666	0.0061934893022989705
5.224666666666666	0.010840304361115934
5.232166666666666	0.01781326277770356
5.243416666666667	0.028278873367172747
5.260291666666666	0.04399118931949221
5.285604166666666	0.06758965656352453
5.3235729166666665	0.10305508585528945
5.380526041666666	0.156400474335721
5.465955729166666	0.2367359948833818
5.5659557291666655	0.3312280516192992
5.665955729166665	0.4261760608237546
5.765955729166665	0.5215446849443087
5.865955729166664	0.6173001601157887
5.965955729166664	0.7134102448091971
6.065955729166664	0.8098442602104182
6.165955729166663	0.9065730687968769
6.265955729166663	1.0035688962676474
6.365955729166663	1.100802646175447
6.465955729166662	1.1982517943828337
6.565955729166662	1.2958950971798484
6.665955729166662	1.3937109164092418
6.765955729166661	1.4916792403179266
6.865955729166661	1.5897815083844582
6.9659557291666605	1.6880006165151236
7.06595572916666	1.7863208642139186
7.16595572916666	1.884727956367455
7.265955729166659	1.983208954641736
7.365955729166659	2.0817522387163514
7.465955729166659	2.18034744571969
7.565955729166658	2.2789854475311992
7.665955729166658	2.3776582873416303
7.765955729166658	2.4763591328346246
7.865955729166657	2.575082172304584
7.965955729166657	2.6738225912142246
8.065955729166657	2.772576498200241
8.165955729166656	2.8713407894995764
8.265955729166656	2.970113138033846
8.365955729166656	3.0688918480174716
8.465955729166655	3.1676757636988966
8.55	3.3337289146288733
179769313486231570000000000000000000000000000000000000000000000000000000000000000000000000000000000000000000000000000000000000000000000000000000000000000000000000000000000000000000000000000000000000000000000000000000000000000000000000000000000000000000000000000000000000000000000000000000000000000000000000000	3.3337289146288733
