-179769313486231570000000000000000000000000000000000000000000000000000000000000000000000000000000000000000000000000000000000000000000000000000000000000000000000000000000000000000000000000000000000000000000000000000000000000000000000000000000000000000000000000000000000000000000000000000000000000000000000000000	0
-0.0000000000000004440892098500626	0
0.0033333333333329662	0.0010929233996241341
0.0066666666666663765	0.0021911682115615754
0.01166666666666627	0.003848990928033884
0.019166666666666332	0.00636094226672323
0.030416666666666314	0.010192261593281978
0.04729166666666629	0.01610572552454041
0.07260416666666636	0.025374642946803975
0.11057291666666647	0.04013947295252641
0.1675260416666664	0.06400787227115937
0.2529557291666664	0.10281322677566868
0.3529557291666665	0.15226747156788137
0.4529557291666666	0.20616386855187055
0.5529557291666667	0.26460346690145004
0.6529557291666668	0.3276701546837499
0.7529557291666669	0.39543056682923367
0.852955729166667	0.4679342318455295
0.9529557291666668	0.5452139038263073
1.052955729166667	0.62728603967551
1.152955729166667	0.714151495765298
1.252955729166667	0.8057963128723589
1.3529557291666672	0.9021926059721348
1.4529557291666673	1.0032995872373882
1.5529557291666674	1.1090645562508064
1.6529557291666674	1.2194239937313829
1.7529557291666675	1.334304594783204
1.8529557291666676	1.4536243409865555
1.9529557291666677	1.577293527162079
2.052955729166668	1.7052157099525456
2.152955729166668	1.8372886522072336
2.252955729166668	1.9734051970794513
2.352955729166668	2.113454067037141
2.452955729166668	2.2573206209880547
2.5529557291666682	2.4048875267448184
2.6529557291666683	2.5088015427419124
2.7529557291666684	2.553450101189033
2.8529557291666685	2.6014368590640635
2.9529557291666686	2.652639410061997
3.0529557291666682	2.706935220284908
3.152955729166668	2.764202005064437
3.2529557291666675	2.8243180392424314
3.352955729166667	2.887162455830708
3.452955729166667	2.9526154896690704
3.5529557291666665	3.020558706638515
3.652955729166666	3.090875197728114
3.7529557291666658	3.1634497445398466
3.8529557291666654	3.238168973056587
3.952955729166665	3.3149214964293794
4.052955729166665	3.3935980267703325
4.152955729166664	3.474091497640582
4.252955729166664	3.5562971435255264
4.352955729166664	3.640112601359408
4.452955729166663	3.725437988655321
4.552955729166663	3.8121759149502417
4.652955729166663	3.9002315797180835
4.752955729166662	3.9895128453157174
4.852955729166662	4.079930298217531
4.9529557291666615	4.171397283749057
5.052955729166661	4.263829983207172
5.152955729166661	4.357147399647637
5.212999999999999	4.4701375074173395
179769313486231570000000000000000000000000000000000000000000000000000000000000000000000000000000000000000000000000000000000000000000000000000000000000000000000000000000000000000000000000000000000000000000000000000000000000000000000000000000000000000000000000000000000000000000000000000000000000000000000000000	4.4701375074173395
