-179769313486231570000000000000000000000000000000000000000000000000000000000000000000000000000000000000000000000000000000000000000000000000000000000000000000000000000000000000000000000000000000000000000000000000000000000000000000000000000000000000000000000000000000000000000000000000000000000000000000000000000	0
-0.0000000000000004440892098500626	0
0.0033333333333329662	0.001178574936558291
0.0066666666666663765	0.0023634258110970035
0.01166666666666627	0.004152224669401622
0.019166666666666332	0.00686020572017017
0.030416666666666314	0.01097245553903832
0.04729166666666629	0.01723170824419725
0.07260416666666636	0.026799177119166982
0.11057291666666647	0.04155487226225719
0.1675260416666664	0.06461368626234484
0.2529557291666664	0.10133317456712748
0.3529557291666665	0.14765792466020305
0.4529557291666666	0.19769471355274235
0.5529557291666667	0.25154268132741625
0.6529557291666668	0.30928575476110387
0.7529557291666669	0.3709925816606743
0.852955729166667	0.43671827885149944
0.9529557291666668	0.5065037219539223
1.052955729166667	0.5803761211800718
1.152955729166667	0.6583495285559715
1.252955729166667	0.740425396868656
1.3529557291666672	0.8265935349771557
1.4529557291666673	0.9168325842469767
1.5529557291666674	1.0111108910515976
1.6529557291666674	1.1093873034552753
1.7529557291666675	1.211611906170454
1.8529557291666676	1.3177270329545483
1.9529557291666677	1.4276678256263677
2.052955729166668	1.5413630808146377
2.152955729166668	1.658735951226864
2.252955729166668	1.7797046617030128
2.352955729166668	1.9041831048014108
2.452955729166668	2.0320816077800004
2.5529557291666682	2.163307346813682
2.6529557291666683	2.2583785445237927
2.7529557291666684	2.3042798624134067
2.8529557291666685	2.353216441772296
2.9529557291666686	2.4050879439824704
3.0529557291666682	2.459793247661381
3.152955729166668	2.5172306915909175
3.2529557291666675	2.5772984204942384
3.352955729166667	2.6398946628943083
3.452955729166667	2.704917989473195
3.5529557291666665	2.7722675044560607
3.652955729166666	2.8418431386329615
3.7529557291666658	2.9135457678289316
3.8529557291666654	2.987277422424178
3.952955729166665	3.062941479082422
4.052955729166665	3.140442670036118
4.152955729166664	3.2196872215650356
4.252955729166664	3.300583012895232
4.352955729166664	3.383039665305422
4.452955729166663	3.4669686611686883
4.552955729166663	3.5522834924917643
4.652955729166663	3.6388997603743203
4.752955729166662	3.7267349822747184
4.852955729166662	3.8157087896820987
4.9529557291666615	3.9057430196984755
5.052955729166661	3.9967617958981294
5.152955729166661	4.088691700492931
5.212999999999999	4.200054101819016
179769313486231570000000000000000000000000000000000000000000000000000000000000000000000000000000000000000000000000000000000000000000000000000000000000000000000000000000000000000000000000000000000000000000000000000000000000000000000000000000000000000000000000000000000000000000000000000000000000000000000000000	4.200054101819016
