-179769313486231570000000000000000000000000000000000000000000000000000000000000000000000000000000000000000000000000000000000000000000000000000000000000000000000000000000000000000000000000000000000000000000000000000000000000000000000000000000000000000000000000000000000000000000000000000000000000000000000000000	0
-0.0000000000000004440892098500626	0
0.0033333333333329662	0.0012230808273097156
0.0066666666666663765	0.0024489674394000305
0.01166666666666627	0.004293056171945037
0.019166666666666332	0.00707101539816226
0.030416666666666314	0.011264599708989173
0.04729166666666629	0.017615538407502903
0.07260416666666636	0.027279499290661854
0.11057291666666647	0.04209001387809526
0.1675260416666664	0.06502778143582857
0.2529557291666664	0.10110598071880464
0.3529557291666665	0.14597930119131033
0.4529557291666666	0.19381113622639334
0.5529557291666667	0.24470310126661793
0.6529557291666668	0.29874440421947873
0.7529557291666669	0.3560118513000535
0.852955729166667	0.4165690087190505
0.9529557291666668	0.48046801045083076
1.052955729166667	0.5477477163474342
1.152955729166667	0.6184364104055988
1.252955729166667	0.6925501174068592
1.3529557291666672	0.7700946878756235
1.4529557291666673	0.8510664517743273
1.5529557291666674	0.9354518959691087
1.6529557291666674	1.0232270884280616
1.7529557291666675	1.1143603956303956
1.8529557291666676	1.2088140668068668
1.9529557291666677	1.3065425517994895
2.052955729166668	1.4074937644169176
2.152955729166668	1.511610237844316
2.252955729166668	1.6188302254835558
2.352955729166668	1.72908679210194
2.452955729166668	1.842310362310231
2.5529557291666682	1.9584269955734843
2.6529557291666683	2.0458220619855574
2.7529557291666684	2.094072740474527
2.8529557291666685	2.1449823030109623
2.9529557291666686	2.1984679991552403
3.0529557291666682	2.254447882859838
3.152955729166668	2.312838372345212
3.2529557291666675	2.3735558901005147
3.352955729166667	2.4365164255491996
3.452955729166667	2.501635927222253
3.5529557291666665	2.5688311721937795
3.652955729166666	2.638018641635855
3.7529557291666658	2.7091165977676326
3.8529557291666654	2.782043038031123
3.952955729166665	2.8567180163429207
4.052955729166665	2.9330619446146797
4.152955729166664	3.0109967442204115
4.252955729166664	3.090446064282122
4.352955729166664	3.1713345537060684
4.452955729166663	3.25358912841588
4.552955729166663	3.337137418160797
4.652955729166663	3.421909438827594
4.752955729166662	3.5078366457424965
4.852955729166662	3.594852195994152
4.9529557291666615	3.682891011310784
5.052955729166661	3.7718902335720896
5.152955729166661	3.8617894848243037
5.212999999999999	3.970712960133798
179769313486231570000000000000000000000000000000000000000000000000000000000000000000000000000000000000000000000000000000000000000000000000000000000000000000000000000000000000000000000000000000000000000000000000000000000000000000000000000000000000000000000000000000000000000000000000000000000000000000000000000	3.970712960133798
