-179769313486231570000000000000000000000000000000000000000000000000000000000000000000000000000000000000000000000000000000000000000000000000000000000000000000000000000000000000000000000000000000000000000000000000000000000000000000000000000000000000000000000000000000000000000000000000000000000000000000000000000	0
-0.0000000000000004440892098500626	0
0.0033333333333329662	0.0016769169598126817
0.0066666666666663765	0.0033572780456950376
0.01166666666666627	0.005884279224740212
0.019166666666666332	0.009689320520000422
0.030416666666666314	0.015429605406871525
0.04729166666666629	0.02408346335776363
0.07260416666666636	0.037120034969938084
0.11057291666666647	0.05680016434253449
0.1675260416666664	0.08660677650658742
0.2529557291666664	0.1319745037763495
0.3529557291666665	0.18610336865155921
0.4529557291666666	0.2413602071399387
0.5529557291666667	0.2977656521928881
0.6529557291666668	0.3553378613539781
0.7529557291666669	0.4140899895252589
0.852955729166667	0.47403321291867206
0.9529557291666668	0.5351735894379157
1.052955729166667	0.5975157697623481
1.152955729166667	0.6610592645857022
1.252955729166667	0.7258027345727323
1.3529557291666672	0.7917397740119547
1.4529557291666673	0.8588636925602582
1.5529557291666674	0.9271628779224464
1.6529557291666674	0.9966259629337051
1.7529557291666675	1.0672368602349998
1.8529557291666676	1.138980224336797
1.9529557291666677	1.2118362142035333
2.052955729166668	1.285786182741002
2.152955729166668	1.36080725243207
2.252955729166668	1.4368781081570752
2.352955729166668	1.5139735053924483
2.452955729166668	1.5920700473699123
2.5529557291666682	1.671140756906541
2.6529557291666683	1.7511606706285852
2.7529557291666684	1.8321016547994746
2.8529557291666685	1.9139375927797824
2.9529557291666686	1.9966398051111063
3.0529557291666682	2.080181282568589
3.152955729166668	2.1645334036530994
3.2529557291666675	2.2496684358069223
3.352955729166667	2.3355583823603463
3.452955729166667	2.4221749495107776
3.5529557291666665	2.509491104611815
3.652955729166666	2.5974783862396844
3.7529557291666658	2.6861106803876913
3.8529557291666654	2.7753599762221426
3.952955729166665	2.8652008569093668
4.052955729166665	2.9556064301413616
4.152955729166664	3.0465516310016327
4.252955729166664	3.1380113617442853
4.352955729166664	3.229960741618841
4.452955729166663	3.3223765060592703
4.552955729166663	3.415234437271374
4.652955729166663	3.5085126241958013
4.752955729166662	3.602188280213875
4.852955729166662	3.696240279857329
4.9529557291666615	3.790647892783573
5.052955729166661	3.88539058460247
5.152955729166661	3.98044956602549
5.212999999999999	4.094945701355092
179769313486231570000000000000000000000000000000000000000000000000000000000000000000000000000000000000000000000000000000000000000000000000000000000000000000000000000000000000000000000000000000000000000000000000000000000000000000000000000000000000000000000000000000000000000000000000000000000000000000000000000	4.094945701355092
