-179769313486231570000000000000000000000000000000000000000000000000000000000000000000000000000000000000000000000000000000000000000000000000000000000000000000000000000000000000000000000000000000000000000000000000000000000000000000000000000000000000000000000000000000000000000000000000000000000000000000000000000	0
-0.0000000000000004440892098500626	0
0.0033333333333329662	0.003263959341984894
0.0066666666666663765	0.0065279529435325
0.01166666666666627	0.011423996616864551
0.019166666666666332	0.018768180942782455
0.030416666666666314	0.029784721245050858
0.04729166666666629	0.04631011410416119
0.07260416666666636	0.07109947809227726
0.11057291666666647	0.10828634603192325
0.1675260416666664	0.16407337568451685
0.2529557291666664	0.24776834284811816
0.3529557291666665	0.3457587083509265
0.4529557291666666	0.4437700350927207
0.5529557291666667	0.5418007728191959
0.6529557291666668	0.6398493218739427
0.7529557291666669	0.737914006528608
0.852955729166667	0.835993329691674
0.9529557291666668	0.9340855872137636
1.052955729166667	1.032189368491696
1.152955729166667	1.130303014853643
1.252955729166667	1.2284251604471654
1.3529557291666672	1.326554287026867
1.4529557291666673	1.4246890486039194
1.5529557291666674	1.522828121727624
1.6529557291666674	1.6209701937456875
1.7529557291666675	1.7191141218523258
1.8529557291666676	1.8172586930779269
1.9529557291666677	1.9154029278387754
2.052955729166668	2.0135457553075327
2.152955729166668	2.1116863466748064
2.252955729166668	2.2098238203907044
2.352955729166668	2.307957467230951
2.452955729166668	2.4060866235072247
2.5529557291666682	2.50421071764056
2.6529557291666683	2.6023293013403506
2.7529557291666684	2.7004419532211945
2.8529557291666685	2.7985484166177734
2.9529557291666686	2.896648459003515
3.0529557291666682	2.99474200380086
3.152955729166668	3.092829005705018
3.2529557291666675	3.1909095630377413
3.352955729166667	3.288983822496039
3.452955729166667	3.3870520502613557
3.5529557291666665	3.4851145852941237
3.652955729166666	3.5831718514152895
3.7529557291666658	3.6812243737157164
3.8529557291666654	3.7792727376729784
3.952955729166665	3.877317612469633
4.052955729166665	3.975359754712037
4.152955729166664	4.073399988504912
4.252955729166664	4.171439194242249
4.352955729166664	4.26947833176109
4.452955729166663	4.367518427508259
4.552955729166663	4.46556054462445
4.652955729166663	4.563605816756921
4.752955729166662	4.661655408066365
4.852955729166662	4.759710547028882
4.9529557291666615	4.857772486511878
5.052955729166661	4.955842499795446
5.152955729166661	5.053921922109295
5.212999999999999	5.171716215355572
179769313486231570000000000000000000000000000000000000000000000000000000000000000000000000000000000000000000000000000000000000000000000000000000000000000000000000000000000000000000000000000000000000000000000000000000000000000000000000000000000000000000000000000000000000000000000000000000000000000000000000000	5.171716215355572
