-100000	0
0	0
0.0033333333333333335	0.006748111278003892
0.008333333333333333	0.017246169391232493
0.01583333333333333	0.03340933686341729
0.02708333333333333	0.058304153900123376
0.043958333333333335	0.09672204933132461
0.06927083333333334	0.15617451353563944
0.10723958333333333	0.24842472837184337
0.16419270833333333	0.3919627372969317
0.24962239583333334	0.6157559402377102
0.3496223958333333	0.8870659909396578
0.4496223958333333	1.1657151330581916
0.5496223958333333	1.4497922170826187
0.6496223958333333	1.7379244972459689
0.7496223958333332	2.0290600860229047
0.8496223958333332	2.322351889785863
0.9496223958333332	2.6170921876963447
1.0496223958333333	2.9126980861559906
1.1	3.0617757003144517
1000001.1	3.0617757003144517
