-100000	0
0	0
0.0033333333333333335	0.000000000000000000000000000000517689969051289
0.008333333333333333	0.0000000000000000000000000000002157041537713704
0.01583333333333333	0.00000000000000000000000000000012557063237404778
0.02708333333333333	0.00000000000000000000000000000029582283945787943
0.043958333333333335	0.0000000000000000000000000000003944304526105059
0.06927083333333334	0.0000000000000000000000000000006902532920683853
0.10723958333333333	0.00000000000000000000000000000034512664603419266
0.16419270833333333	0.0000000000000000000000000000003944304526105059
0.24962239583333334	0.0000000000000000000000000000011832913578315177
0.3496223958333333	0.0000000000000000000000000000011832913578315177
0.4496223958333333	0.000000000000000000000000000003944304526105059
0.5496223958333333	0.0000000000000000000000000000031554436208840472
0.6496223958333333	0.000000000000000000000000000006828577210819383
0.7496223958333332	0.000000000000000000000000000006310887241768095
0.8496223958333332	0.000000000000000000000000000004733165431326071
0.9496223958333332	0.0000000000000000000000000000025884498452564446
1.0496223958333333	0.000000000000000000000000000009318419442923202
1.1	0
1000001.1	0
