-100000	0
0	0
0.0033333333333333335	0.007090610290955125
0.008333333333333333	0.01870106674709504
0.01583333333333333	0.03651410055741114
0.02708333333333333	0.06332772408203803
0.043958333333333335	0.1037481102378082
0.06927083333333334	0.16658440785345566
0.10723958333333333	0.26396316290709854
0.16419270833333333	0.414977532844386
0.24962239583333334	0.6527190104519969
0.3496223958333333	0.9343959094009665
0.4496223958333333	1.2194306433057531
0.5496223958333333	1.514967376587606
0.6496223958333333	1.815905538177322
0.7496223958333332	2.116874482095668
0.8496223958333332	2.417116169741018
0.9496223958333332	2.7124512582740166
1.0496223958333333	3.011837323892163
1.1	3.1522076346943138
1000001.1	3.1522076346943138
