-100000	0
0	0
0.0033333333333333335	0.006749156987245366
0.008333333333333333	0.017248604634862268
0.01583333333333333	0.03341385045501471
0.02708333333333333	0.05831174003111119
0.043958333333333335	0.09673410904577397
0.06927083333333334	0.1561929373747278
0.10723958333333333	0.2484520317391862
0.16419270833333333	0.39200188212757364
0.24962239583333334	0.6158099640178617
0.3496223958333333	0.8871336271035912
0.4496223958333333	1.1657930012921
0.5496223958333333	1.4498774749749663
0.6496223958333333	1.7380148676067502
0.7496223958333332	2.029153739712958
0.8496223958333332	2.3224474492797618
0.9496223958333332	2.6171887105408564
1.0496223958333333	2.912794927803078
1.1	3.0618725750174347
1000001.1	3.0618725750174347
