-100000	0
0	0
0.0033333333333333335	0.006749040726098849
0.008333333333333333	0.017248336974927496
0.01583333333333333	0.03341335939730796
0.02708333333333333	0.058310920417141664
0.043958333333333335	0.09673281273101353
0.06927083333333334	0.15619096800298135
0.10723958333333333	0.24844912394358656
0.16419270833333333	0.39199772826415674
0.24962239583333334	0.6158042513954554
0.3496223958333333	0.8871264959958419
0.4496223958333333	1.1657848096121701
0.5496223958333333	1.4498685213827607
0.6496223958333333	1.738005391473774
0.7496223958333332	2.029143928698738
0.8496223958333332	2.32243744730139
0.9496223958333332	2.617178617541169
1.0496223958333333	2.9127848065725157
1.1	3.061862451066548
1000001.1	3.061862451066548
