-100000	0
0	0
0.0033333333333333335	0.006747931561884256
0.008333333333333333	0.01724794064085712
0.01583333333333333	0.03341263045247118
0.02708333333333333	0.058309700944525054
0.043958333333333335	0.09673088027847716
0.06927083333333334	0.1561880271895923
0.10723958333333333	0.2484447771429463
0.16419270833333333	0.3919915121844326
0.24962239583333334	0.6157956938921448
0.3496223958333333	0.8871158036277536
0.4496223958333333	1.1657725198618782
0.5496223958333333	1.4498550817422569
0.6496223958333333	1.737991160733144
0.7496223958333332	2.029129189193579
0.8496223958333332	2.322422419223904
0.9496223958333332	2.6171634480687853
1.0496223958333333	2.9127695926852764
1.1	3.0618472327638586
1000001.1	3.0618472327638586
