-100000	0
0	0
0.0033333333333333335	0.006748700676526697
0.008333333333333333	0.01724755049378538
0.01583333333333333	0.03341191067770369
0.02708333333333333	0.05830849340991587
0.043958333333333335	0.09672896224946938
0.06927083333333334	0.15618510226928561
0.10723958333333333	0.24844044821362526
0.16419270833333333	0.3919853137632043
0.24962239583333334	0.615787150105214
0.3496223958333333	0.8871051164119363
0.4496223958333333	1.1657602274351475
0.5496223958333333	1.4498416309991742
0.6496223958333333	1.7379769101431772
0.7496223958333332	2.0291144242594
0.8496223958333332	2.32240736101459
0.9496223958333332	2.6171482426290558
1.0496223958333333	2.912754340348464
1.1	3.0618319756096497
1000001.1	3.0618319756096497
