-100000	0
0	0
0.0033333333333333335	0.006748535564541156
0.008333333333333333	0.017247166533712367
0.01583333333333333	0.03341119993290036
0.02708333333333333	0.058307297441169956
0.043958333333333335	0.09672705864399016
0.06927083333333334	0.15618219324206106
0.10723958333333333	0.2484361371556238
0.16419270833333333	0.39197913300047105
0.24962239583333334	0.6157786200346643
0.3496223958333333	0.8870944349669247
0.4496223958333333	1.1657479323319784
0.5496223958333333	1.449828169153508
0.6496223958333333	1.7379626397038759
0.7496223958333332	2.029099635927653
0.8496223958333332	2.3223922726734516
0.9496223958333332	2.617133001221985
1.0496223958333333	2.912739049562081
1.1	3.0618166796039166
1000001.1	3.0618166796039166
