-100000	0
0	0
0.0033333333333333335	0.006748481255034968
0.008333333333333333	0.017247039921909953
0.01583333333333333	0.033410964646532475
0.02708333333333333	0.058306900936505396
0.043958333333333335	0.09672642731405903
0.06927083333333334	0.15618122709811566
0.10723958333333333	0.24843470410769436
0.16419270833333333	0.39197707667033704
0.24962239583333334	0.6157757797258984
0.3496223958333333	0.8870908762451053
0.4496223958333333	1.1657438333694923
0.5496223958333333	1.4498236794043775
0.6496223958333333	1.7379578784798106
0.7496223958333332	2.0290947012858576
0.8496223958333332	2.3223872365304405
0.9496223958333332	2.6171279127666454
1.0496223958333333	2.912733944088942
1.1	3.0618115723016657
1000001.1	3.0618115723016657
