-179769313486231570000000000000000000000000000000000000000000000000000000000000000000000000000000000000000000000000000000000000000000000000000000000000000000000000000000000000000000000000000000000000000000000000000000000000000000000000000000000000000000000000000000000000000000000000000000000000000000000000000	0
3.8575744416087616	0
3.8609077749420946	0.000000017827444643601875
3.8642411082754275	0.0000001427705629852814
3.8692411082754274	0.0000007655230889590981
3.8767411082754277	0.000003395303038053023
3.887991108275428	0.000013577983573571038
3.904866108275428	0.00005108605531205297
3.930178608275428	0.00018518701369358678
3.968147358275428	0.000655914357259769
4.025100483275428	0.002285552927096267
4.110530170775428	0.007758457047573745
4.210530170775428	0.019221244759273493
4.3105301707754275	0.03595793279500021
4.410530170775427	0.05777297353422691
4.510530170775427	0.08447214386851366
4.6105301707754265	0.11586202255087413
4.710530170775426	0.1517498078506127
4.810530170775426	0.19194318301047042
4.910530170775425	0.23625025954745305
5.010530170775425	0.2844796234585555
5.110530170775425	0.3364404446889472
5.210530170775424	0.39194265173921206
5.310530170775424	0.450797212329828
5.410530170775424	0.5128165853835737
5.510530170775423	0.5778152040678622
5.610530170775423	0.6456101294941757
5.710530170775423	0.716021738083039
5.810530170775422	0.7888745486647095
5.910530170775422	0.8639980950961131
6.0105301707754215	0.9412278154408925
6.110530170775421	1.0204062276388168
6.210530170775421	1.1013839931245237
6.3105301707754204	1.1840213040815524
6.41053017077542	1.2681884286896907
6.51053017077542	1.3537665707143063
6.610530170775419	1.4406489671080838
6.710530170775419	1.5287420874143525
6.810530170775419	1.617965386203819
6.910530170775418	1.7082515915508776
7.010530170775418	1.79954742203654
7.110530170775418	1.891812688361159
7.15	1.9652401778287285
179769313486231570000000000000000000000000000000000000000000000000000000000000000000000000000000000000000000000000000000000000000000000000000000000000000000000000000000000000000000000000000000000000000000000000000000000000000000000000000000000000000000000000000000000000000000000000000000000000000000000000000	1.9652401778287285
