-179769313486231570000000000000000000000000000000000000000000000000000000000000000000000000000000000000000000000000000000000000000000000000000000000000000000000000000000000000000000000000000000000000000000000000000000000000000000000000000000000000000000000000000000000000000000000000000000000000000000000000000	0
0	0
0.0033333333333334103	0.0005474844756300487
0.006666666666666821	0.0011004798031938531
0.011666666666666714	0.0019403172636455576
0.019166666666666554	0.003223387081292866
0.030416666666666536	0.005200597928262538
0.04729166666666673	0.008285384389836649
0.0726041666666668	0.013182616766673767
0.11057291666666691	0.021144205258117048
0.16752604166666707	0.03449973184623541
0.2529557291666671	0.05780774979835855
0.3529557291666672	0.09027998730708292
0.45295572916666726	0.12859710713101913
0.5529557291666674	0.17301003524320438
0.6529557291666674	0.22374803933891765
0.7529557291666675	0.28100448270700373
0.8529557291666676	0.3449195801655224
0.9529557291666677	0.4155621866822679
1.0529557291666678	0.49286510506036396
1.1529557291666679	0.576511215749113
1.252955729166668	0.6662388351653884
1.352955729166668	0.7620847383727775
1.4529557291666682	0.8641718335733662
1.5529557291666682	0.9725822419259242
1.6529557291666679	1.087357870714377
1.7529557291666675	1.2085036359014538
1.8529557291666672	1.3359915149505122
1.9529557291666668	1.4697650608777588
2.0529557291666665	1.6097440540338936
2.152955729166666	1.7558288022975261
2.2529557291666658	1.9079041750690104
2.3529557291666654	2.0658429770336597
2.452955729166665	2.2295088365304103
2.5529557291666647	2.3987586400782828
2.6529557291666643	2.5734444558705873
2.752955729166664	2.753415101092564
2.8529557291666636	2.9385173715919777
2.9529557291666633	3.1285969722475455
3.052955729166663	3.3234992655776474
3.1529557291666626	3.523069807131145
3.252955729166662	3.7271547368544184
3.352955729166662	3.935601106241501
3.4529557291666615	4.148257065175262
3.552955729166661	4.364971993819224
3.652955729166661	4.585596574927608
3.7529557291666604	4.809982896558748
3.85295572916666	4.963307237811078
3.9529557291666597	5.007879044814948
4.052955729166659	5.055777374061972
4.152955729166659	5.106860067495393
4.252955729166659	5.16098642722446
4.352955729166658	5.218017139469269
4.452955729166658	5.277814423113192
4.552955729166658	5.340242147678739
4.652955729166657	5.405165682660578
4.752955729166657	5.472452138265109
4.8529557291666565	5.541970512799856
4.952955729166656	5.613591710534662
5.052955729166656	5.687188841461742
5.1529557291666555	5.762637344629407
5.252955729166655	5.839815263046622
5.352955729166655	5.918603677576399
5.452955729166654	5.99888659069106
5.552955729166655	6.080551750892418
5.652955729166655	6.163490941740339
5.752955729166654	6.2475998652634015
5.852955729166654	6.332779483386941
5.9529557291666535	6.418935753371047
6.052955729166653	6.505980118140378
6.152955729166653	6.593830739256494
6.252955729166652	6.682411764820982
6.352955729166652	6.771654828488992
6.452955729166652	6.861498940059763
6.552955729166651	6.951890754566688
6.652955729166651	7.0427854086794355
6.752955729166651	7.134146135348786
6.85295572916665	7.225944889649334
6.95295572916665	7.318162174569731
7.05295572916665	7.410787175814435
7.15	7.59152696817799
179769313486231570000000000000000000000000000000000000000000000000000000000000000000000000000000000000000000000000000000000000000000000000000000000000000000000000000000000000000000000000000000000000000000000000000000000000000000000000000000000000000000000000000000000000000000000000000000000000000000000000000	7.59152696817799
