-179769313486231570000000000000000000000000000000000000000000000000000000000000000000000000000000000000000000000000000000000000000000000000000000000000000000000000000000000000000000000000000000000000000000000000000000000000000000000000000000000000000000000000000000000000000000000000000000000000000000000000000	0
0	0
0.0033333333333334103	0.002620808492712593
0.006666666666666821	0.005248693753685846
0.011666666666666714	0.009203801140101261
0.019166666666666554	0.015166372478203332
0.030416666666666536	0.024177630886736447
0.04729166666666673	0.03784646737232858
0.0726041666666668	0.058692525691904585
0.11057291666666691	0.09073567685007367
0.16752604166666707	0.14054766895071022
0.2529557291666671	0.21917748143991206
0.3529557291666672	0.31687246442064426
0.45295572916666726	0.4202066172013861
0.5529557291666674	0.5288488877237771
0.6529557291666674	0.6428287780465634
0.7529557291666675	0.7622605365088597
0.8529557291666676	0.8872283679077648
0.9529557291666677	1.0177865299458708
1.0529557291666678	1.1539603395516294
1.1529557291666679	1.2957479627043718
1.252955729166668	1.4431226510458004
1.352955729166668	1.5960353370196803
1.4529557291666682	1.7544173824830849
1.5529557291666682	1.9181832892677018
1.6529557291666679	2.087233465900488
1.7529557291666675	2.261456618277088
1.8529557291666672	2.4407319647059267
1.9529557291666668	2.624931287914608
2.0529557291666665	2.813920674928871
2.152955729166666	3.0075619681673045
2.2529557291666658	3.20571407205905
2.3529557291666654	3.40823402159015
2.452955729166665	3.614977866880377
2.5529557291666647	3.825801354549027
2.6529557291666643	4.040560618810542
2.752955729166664	4.259112537568513
2.8529557291666636	4.481315121774241
2.9529557291666633	4.707027965739851
3.052955729166663	4.936112236918406
3.1529557291666626	5.168431007982063
3.252955729166662	5.403849397933925
3.352955729166662	5.642234543147019
3.4529557291666615	5.883455796491058
3.552955729166661	6.127384721919817
3.652955729166661	6.373895152666052
3.7529557291666604	6.6228631395394215
3.85295572916666	6.837248075239489
3.9529557291666597	6.9983687959701
4.052955729166659	7.161589401915836
4.152955729166659	7.326795283005034
4.252955729166659	7.493874410431289
4.352955729166658	7.662717092050832
4.452955729166658	7.833216232293361
4.552955729166658	8.005267293526607
4.652955729166657	8.17876837938674
4.752955729166657	8.353620404216983
4.8529557291666565	8.529727065488412
4.952955729166656	8.706995133943344
5.052955729166656	8.8853344789351
5.1529557291666555	9.06465828381772
5.252955729166655	9.244883193964089
5.352955729166655	9.425929492465025
5.452955729166654	9.607721366080971
5.552955729166655	9.790187018573226
5.652955729166655	9.973259037234046
5.752955729166654	10.156874481312146
5.852955729166654	10.340975241210705
5.9529557291666535	10.525508192422576
6.052955729166653	10.710425480623082
6.152955729166653	10.895684748903156
6.252955729166652	11.081249279032521
6.352955729166652	11.267088322799383
6.452955729166652	11.453177108163525
6.552955729166651	11.639497065439544
6.652955729166651	11.82603601806969
6.752955729166651	12.012787840844673
6.85295572916665	12.199753240774145
6.95295572916665	12.38693858718355
7.05295572916665	12.574357287164538
7.15	12.938721128726431
179769313486231570000000000000000000000000000000000000000000000000000000000000000000000000000000000000000000000000000000000000000000000000000000000000000000000000000000000000000000000000000000000000000000000000000000000000000000000000000000000000000000000000000000000000000000000000000000000000000000000000000	12.938721128726431
