-100002.5	0
0	0
0.0033333333333334103	0.004016330549701594
0.008333333333333304	0.010056098578058668
0.015833333333333144	0.019150121094437655
0.027083333333333126	0.03286851548673149
0.04395833333333332	0.053620259764128146
0.06927083333333339	0.08514002786474809
0.1072395833333335	0.13330306125937585
0.16419270833333366	0.20753705691277446
0.24962239583333368	0.3233390982285842
0.34962239583333377	0.4658383214035707
0.44962239583333385	0.6153118950993286
0.5496223958333339	0.7712628252350043
0.649622395833334	0.934088386140296
0.7496223958333341	1.1036077529571362
0.8496223958333342	1.2799064025205187
0.9496223958333343	1.4610004014371565
1.0496223958333344	1.6536746404446165
1.1496223958333345	1.8454619602931712
1.2496223958333346	2.045408406093098
1.3496223958333347	2.2525573423499936
1.4496223958333347	2.4549898357239863
1.5496223958333344	2.670947858247816
1.649622395833334	2.885456436288542
1.7496223958333337	3.107547523022777
1.8496223958333333	3.3345698749487127
1.949622395833333	3.561278007000296
2.0496223958333326	3.789750827465203
2.1496223958333323	4.018912376325962
2.249622395833332	4.26463797625863
2.3496223958333315	4.501841778675573
2.449622395833331	4.745937530092323
2.549622395833331	4.988048195254065
2.6496223958333305	5.2381342396113295
2.74962239583333	5.492039918093505
2.8496223958333298	5.73942955086063
2.9496223958333294	5.996910555485675
3.049622395833329	6.259172248651604
3.1496223958333287	6.522336103851169
3.2496223958333283	6.7865878302778935
3.349622395833328	7.061388674898302
3.4496223958333276	7.3371089525731215
3.5496223958333273	7.616287446317229
3.649622395833327	7.884421291887871
3.7496223958333266	8.150910467482355
3.849622395833326	8.341710685335233
3.949622395833326	8.504825749575144
4.0496223958333255	8.67672979643767
4.149622395833325	8.846922691078834
4.249622395833325	9.026544704566515
4.349622395833324	9.202679297197802
4.449622395833324	9.380801252374576
4.549622395833324	9.555924132875505
4.649622395833323	9.73681857856005
4.749622395833323	9.916872022273976
4.849622395833323	10.094911665335879
4.949622395833322	10.26998089087979
5.049622395833322	10.447563969246765
5.149622395833322	10.621018654419572
5.249622395833321	10.799551488848627
5.349622395833321	10.976526020861744
5.4496223958333205	11.152266345281008
5.549622395833321	11.330507925563724
5.649622395833321	11.506374562048688
5.74962239583332	11.686318184091444
5.84962239583332	11.866874555999848
5.94962239583332	12.055211068096584
6.049622395833319	12.25455299249331
6.149622395833319	12.44720554990926
6.249622395833319	12.641770140209182
6.349622395833318	12.854279076302344
6.449622395833318	13.058762248428312
6.5496223958333175	13.253790081678012
6.649622395833317	13.454522580432654
6.749622395833317	13.653157390070671
6.8496223958333164	13.854406714102618
6.949622395833316	14.04756083349905
7.049622395833316	14.243628535307538
7.149622395833315	14.425972037403149
7.15	14.412629658906608
1000007.15	14.412629658906608
