-179769313486231570000000000000000000000000000000000000000000000000000000000000000000000000000000000000000000000000000000000000000000000000000000000000000000000000000000000000000000000000000000000000000000000000000000000000000000000000000000000000000000000000000000000000000000000000000000000000000000000000000	0
0	0
0.0033333333333334103	0
0.006666666666666821	0
0.011666666666666714	0
0.019166666666666554	0
0.030416666666666536	0
0.04729166666666673	0
0.0726041666666668	0
0.11057291666666691	0
0.16752604166666707	0
0.2529557291666671	0
0.3529557291666672	0
0.45295572916666726	0
0.5529557291666674	0
0.6529557291666674	0
0.7529557291666675	0
0.8529557291666676	0
0.9529557291666677	0
1.0529557291666678	0
1.1529557291666679	0
1.252955729166668	0
1.352955729166668	0
1.4529557291666682	0
1.5529557291666682	0
1.6529557291666679	0
1.7529557291666675	0
1.8529557291666672	0
1.9529557291666668	0
2.0529557291666665	0
2.152955729166666	0
2.2529557291666658	0
2.3529557291666654	0
2.452955729166665	0
2.5529557291666647	0
2.6529557291666643	0
2.752955729166664	0
2.8529557291666636	0
2.9529557291666633	0
3.052955729166663	0
3.1529557291666626	0
3.252955729166662	0
3.352955729166662	0
3.4529557291666615	0
3.552955729166661	0
3.652955729166661	0
3.7529557291666604	0
3.85295572916666	0
3.9529557291666597	0
4.052955729166659	0
4.152955729166659	0
4.252955729166659	0
4.352955729166658	0
4.452955729166658	0
4.552955729166658	0
4.652955729166657	0
4.752955729166657	0
4.8529557291666565	0
4.952955729166656	0
5.052955729166656	0
5.1529557291666555	0
5.252955729166655	0
5.352955729166655	0
5.452955729166654	0
5.552955729166655	0
5.652955729166655	0
5.752955729166654	0
5.852955729166654	0
5.9529557291666535	0
6.052955729166653	0
6.152955729166653	0
6.252955729166652	0
6.352955729166652	0
6.452955729166652	0
6.552955729166651	0
6.652955729166651	0
6.752955729166651	0
6.85295572916665	0
6.95295572916665	0
7.05295572916665	0
7.15	0
179769313486231570000000000000000000000000000000000000000000000000000000000000000000000000000000000000000000000000000000000000000000000000000000000000000000000000000000000000000000000000000000000000000000000000000000000000000000000000000000000000000000000000000000000000000000000000000000000000000000000000000	0
