-179769313486231570000000000000000000000000000000000000000000000000000000000000000000000000000000000000000000000000000000000000000000000000000000000000000000000000000000000000000000000000000000000000000000000000000000000000000000000000000000000000000000000000000000000000000000000000000000000000000000000000000	0
0.170971673033125	0
0.17430500636645796	0.000000025378233174984092
0.17763833969979093	0.00000020277058773598623
0.18263833969979082	0.0000010809199211910657
0.1901383396997911	0.000004771581655351088
0.20138833969979153	0.00001901421620949694
0.21826333969979128	0.00007107515090071957
0.24357583969979135	0.0002548642809556828
0.28154458969979146	0.0008880643535939326
0.3384977146997912	0.003025616168044608
0.42392740219979075	0.010100891818828476
0.5239274021997904	0.025961919870532396
0.62392740219979	0.05010858194789469
0.7239274021997897	0.0822509399376295
0.8239274021997893	0.12211563932186115
0.923927402199789	0.16944398874297367
1.0239274021997886	0.22399036440513886
1.1239274021997883	0.2855209271864844
1.223927402199788	0.3538125755432374
1.3239274021997876	0.42865204997261797
1.4239274021997872	0.5098352430535563
1.5239274021997868	0.5971665135311461
1.6239274021997865	0.6904581794763024
1.7239274021997861	0.7895300375858789
1.8239274021997858	0.894208904683138
1.9239274021997854	1.004328219627018
2.023927402199785	1.1197277362077551
2.1239274021997847	1.2402531911021448
2.2239274021997844	1.3657560135004878
2.323927402199784	1.4960930226618476
2.399990234375	1.7020142250526924
179769313486231570000000000000000000000000000000000000000000000000000000000000000000000000000000000000000000000000000000000000000000000000000000000000000000000000000000000000000000000000000000000000000000000000000000000000000000000000000000000000000000000000000000000000000000000000000000000000000000000000000	1.7020142250526924
