-179769313486231570000000000000000000000000000000000000000000000000000000000000000000000000000000000000000000000000000000000000000000000000000000000000000000000000000000000000000000000000000000000000000000000000000000000000000000000000000000000000000000000000000000000000000000000000000000000000000000000000000	0
0	0
0.0033333333333329662	0.0005359826884670004
0.0066666666666659324	0.0010833397169253652
0.011666666666665826	0.001925687972451511
0.01916666666666611	0.003237118242028391
0.030416666666666536	0.005311740155400919
0.04729166666666629	0.008664020215689964
0.07260416666666636	0.01422912097973993
0.11057291666666647	0.023769696554035956
0.16752604166666618	0.04071658924101123
0.25295572916666664	0.07191186868945916
0.3529557291666663	0.11692715000649695
0.45295572916666593	0.1707457213126611
0.5529557291666656	0.23300824604308346
0.6529557291666652	0.30337707927128293
0.7529557291666649	0.38153408850079795
0.8529557291666645	0.46717883741243027
0.9529557291666642	0.5600270145926185
1.0529557291666638	0.6598091336776043
1.1529557291666634	0.766269354823975
1.252955729166663	0.8791644072930742
1.3529557291666627	0.9982627971431087
1.4529557291666624	1.123343979568056
1.552955729166662	1.2541976236960948
1.6529557291666617	1.3906229963464292
1.7529557291666613	1.5324283836858168
1.852955729166661	1.6794305777835652
1.9529557291666606	1.8314543712096056
2.0529557291666602	1.988332179492138
2.15295572916666	2.1499036062037398
2.2529557291666595	2.316015107734025
2.352955729166659	2.4865196729391785
2.399990234375	2.6503360339851563
179769313486231570000000000000000000000000000000000000000000000000000000000000000000000000000000000000000000000000000000000000000000000000000000000000000000000000000000000000000000000000000000000000000000000000000000000000000000000000000000000000000000000000000000000000000000000000000000000000000000000000000	2.6503360339851563
