-100000	0
0	0
0.0033333333333333335	0.01520374013071911
0.008333333333333333	0.03799984640522862
0.01583333333333333	0.07217262199346412
0.02708333333333333	0.123383671772876
0.043958333333333335	0.20009199083537563
0.06927083333333334	0.3149108943142364
0.10723958333333333	0.4865912055240238
0.16419270833333333	0.7428785733195751
0.24962239583333334	1.1245351522198719
0.3496223958333333	1.5670549663130098
0.4496223958333333	2.005012898053206
0.5496223958333333	2.4384089474404607
0.6496223958333333	2.8672431144747743
0.7496223958333332	3.2915153991561468
0.8496223958333332	3.711225801484577
0.9496223958333332	4.126374321460066
1.0496223958333333	4.577999349881033
1.1	4.874697142841033
1000001.1	4.874697142841033
