-100000	0
0	0
0.0033333333333333335	0.000000000000000124108131179433
0.008333333333333333	0.00000000000000031027032794857624
0.01583333333333333	0.0000000000000005895136231022974
0.02708333333333333	0.0000000000000010083785658328759
0.043958333333333335	0.000000000000001636675979928744
0.06927083333333334	0.000000000000002579122101072549
0.10723958333333333	0.00000000000000399279128278825
0.16419270833333333	0.000000000000006113295055361808
0.24962239583333334	0.000000000000009294050714222142
0.3496223958333333	0.000000000000013017294649605067
0.4496223958333333	0.000000000000016740538584987993
0.5496223958333333	0.00000000000002046378252037092
0.6496223958333333	0.00000000000002418702645575384
0.7496223958333332	0.000000000000027910270391136763
0.8496223958333332	0.000000000000031633514326519694
0.9496223958333332	0.00000000000003535675826190261
1.0496223958333333	0.000000000000039080002197285544
1.1	0
1000001.1	0
