-179769313486231570000000000000000000000000000000000000000000000000000000000000000000000000000000000000000000000000000000000000000000000000000000000000000000000000000000000000000000000000000000000000000000000000000000000000000000000000000000000000000000000000000000000000000000000000000000000000000000000000000	0
0.0000000000000004440892098500626	0
0.0033333333333338544	0.032560000000000526
0.006666666666667265	0.06512000000000105
0.011666666666667158	0.11395999999999967
0.01916666666666722	0.18721999999999978
0.030416666666667203	0.2971099999999988
0.047291666666667176	0.4619449999999974
0.07260416666666725	0.7091974999999964
0.11057291666666735	1.080076249999995
0.1675260416666673	1.6363943749999907
0.2529557291666673	2.470871562499985
0.3529557291666674	3.4476715624999796
0.4529557291666675	4.424471562499974
0.5529557291666676	5.401271562499969
0.6529557291666677	6.378071562499963
0.7529557291666678	7.354871562499958
0.8529557291666678	8.331671562499952
0.9529557291666677	9.308471562499944
1.0529557291666678	10.285271562499938
1.1529557291666679	11.262071562499932
1.252955729166668	12.238871562499925
1.352955729166668	13.215671562499919
1.4529557291666682	14.192471562499913
1.5529557291666682	15.169271562499906
1.6529557291666683	16.146071562499902
1.7529557291666684	17.122871562499896
1.8529557291666685	18.09967156249989
1.9529557291666686	19.076471562499883
2.0529557291666687	20.053271562499877
2.1529557291666688	21.03007156249987
2.252955729166669	22.006871562499864
2.352955729166669	22.983671562499858
2.452955729166669	23.96047156249985
2.552955729166669	24.937271562499845
2.652955729166669	25.68159515624983
2.7529557291666693	26.117195156249828
2.8529557291666694	26.552795156249825
2.9529557291666695	26.988395156249823
3.052955729166669	27.42399515624982
3.1529557291666688	27.859595156249817
3.2529557291666684	28.295195156249815
3.352955729166668	28.730795156249812
3.4529557291666677	29.16639515624981
3.5529557291666674	29.601995156249806
3.652955729166667	30.037595156249804
3.7529557291666666	30.4731951562498
3.8529557291666663	30.9087951562498
3.952955729166666	31.344395156249796
4.052955729166666	31.779995156249793
4.152955729166665	32.21559515624979
4.252955729166665	32.651195156249784
4.3529557291666645	33.08679515624978
4.452955729166664	33.52239515624977
4.552955729166664	33.957995156249766
4.6529557291666634	34.39359515624976
4.752955729166663	34.82919515624975
4.852955729166663	35.26479515624975
4.952955729166662	35.70039515624974
5.052955729166662	36.135995156249734
5.152955729166662	36.57159515624973
5.252955729166661	37.00719515624972
5.352955729166661	37.442795156249716
5.452955729166661	37.87839515624971
5.55295572916666	38.3139951562497
5.65295572916666	38.7495951562497
5.7529557291666595	39.18519515624969
5.852955729166659	39.620795156249685
5.952955729166659	40.05639515624968
6.0529557291666585	40.49199515624967
6.152955729166658	40.927595156249666
6.252955729166658	41.36319515624966
6.352955729166657	41.79879515624965
6.452955729166657	42.23439515624965
6.552955729166657	42.66999515624964
6.652955729166656	43.105595156249635
6.752955729166656	43.54119515624963
6.852955729166656	43.97679515624962
6.952955729166655	44.412395156249616
7.052955729166655	44.84799515624961
7.152955729166655	45.2835951562496
7.252955729166654	45.7191951562496
7.352955729166654	46.15479515624959
7.4529557291666535	46.590395156249585
7.552955729166653	47.02599515624958
7.652955729166653	47.46159515624957
7.752955729166652	47.897195156249566
7.852955729166652	48.33279515624956
7.952955729166652	48.768395156249554
8.052955729166651	49.20399515624955
8.152955729166651	49.63959515624954
8.25295572916665	50.09119156249945
8.35295572916665	51.067991562499444
8.45295572916665	52.044791562499434
8.55295572916665	53.021591562499424
8.65295572916665	53.998391562499414
8.752955729166649	54.975191562499404
8.852955729166649	55.951991562499394
8.952955729166648	56.928791562499384
9.052955729166648	57.905591562499374
9.152955729166647	58.882391562499365
9.252955729166647	59.859191562499355
9.352955729166647	60.835991562499345
9.452955729166646	61.812791562499335
9.552955729166646	62.789591562499325
9.652955729166646	63.766391562499315
9.752955729166645	64.7431915624993
9.852955729166645	65.71999156249929
9.952955729166645	66.69679156249927
10.052955729166644	67.67359156249925
10.152955729166644	68.65039156249924
10.252955729166644	69.62719156249922
10.352955729166643	70.6039915624992
10.452955729166643	71.58079156249919
10.552955729166642	72.55759156249917
10.652955729166642	73.53439156249915
10.752955729166642	74.51119156249914
10.805	75.52792843749961
179769313486231570000000000000000000000000000000000000000000000000000000000000000000000000000000000000000000000000000000000000000000000000000000000000000000000000000000000000000000000000000000000000000000000000000000000000000000000000000000000000000000000000000000000000000000000000000000000000000000000000000	75.52792843749961
