-179769313486231570000000000000000000000000000000000000000000000000000000000000000000000000000000000000000000000000000000000000000000000000000000000000000000000000000000000000000000000000000000000000000000000000000000000000000000000000000000000000000000000000000000000000000000000000000000000000000000000000000	0
0.0000000000000004440892098500626	0
0.0033333333333338544	0.0000000000000006252776074689027
0.006666666666667265	0.0000000000000012505552149378054
0.011666666666667158	0.000000000000002188471626141118
0.01916666666666722	0.000000000000003595346242946128
0.030416666666667203	0.000000000000005705658168153623
0.047291666666667176	0.000000000000008871126055964865
0.07260416666666725	0.000000000000013619327887681748
0.11057291666666735	0.000000000000020741630635257073
0.1675260416666673	0.00000000000003142508475662002
0.2529557291666673	0.000000000000047450265938664467
0.3529557291666674	0.00000000000006620859416273113
0.4529557291666675	0.00000000000008496692238679779
0.5529557291666676	0.00000000000010372525061086445
0.6529557291666677	0.00000000000012248357883493111
0.7529557291666678	0.00000000000014124190705899779
0.8529557291666678	0.00000000000016000023528306444
0.9529557291666677	0.00000000000017875856350713106
1.0529557291666678	0.00000000000019751689173119773
1.1529557291666679	0.00000000000021627521995526438
1.252955729166668	0.00000000000023503354817933103
1.352955729166668	0.0000000000002537918764033977
1.4529557291666682	0.00000000000027255020462746433
1.5529557291666682	0.000000000000291308532851531
1.6529557291666683	0.00000000000031006686107559763
1.7529557291666684	0.0000000000003288251892996643
1.8529557291666685	0.00000000000034758351752373093
1.9529557291666686	0.00000000000036634184574779757
2.0529557291666687	0.0000000000003851001739718642
2.1529557291666688	0.00000000000040385850219593087
2.252955729166669	0.0000000000004226168304199975
2.352955729166669	0.00000000000044137515864406417
2.452955729166669	0.0000000000004601334868681308
2.552955729166669	0.0000000000004788918150921975
2.652955729166669	0.0000000000004976501433162641
2.7529557291666693	0.0000000000005164084715403308
2.8529557291666694	0.0000000000005351667997643974
2.9529557291666695	0.0000000000005539251279884641
3.052955729166669	0.0000000000005726834562125306
3.1529557291666688	0.0000000000005914417844365972
3.2529557291666684	0.0000000000006102001126606637
3.352955729166668	0.0000000000006289584408847303
3.4529557291666677	0.0000000000006477167691087968
3.5529557291666674	0.0000000000006664750973328634
3.652955729166667	0.0000000000006852334255569299
3.7529557291666666	0.0000000000007039917537809964
3.8529557291666663	0.000000000000722750082005063
3.952955729166666	0.0000000000007415084102291295
4.052955729166666	0.0000000000007602667384531961
4.152955729166665	0.0000000000007790250666772626
4.252955729166665	0.0000000000007977833949013292
4.3529557291666645	0.0000000000008165417231253957
4.452955729166664	0.0000000000008353000513494623
4.552955729166664	0.0000000000008540583795735288
4.6529557291666634	0.0000000000008728167077975954
4.752955729166663	0.0000000000008915750360216619
4.852955729166663	0.0000000000009103333642457285
4.952955729166662	0.000000000000929091692469795
5.052955729166662	0.0000000000009478500206938616
5.152955729166662	0.0000000000009666083489179281
5.252955729166661	0.0000000000009853666771419947
5.352955729166661	0.0000000000010041250053660612
5.452955729166661	0.0000000000010228833335901278
5.55295572916666	0.0000000000010416416618141943
5.65295572916666	0.0000000000010603999900382609
5.7529557291666595	0.0000000000010791583182623274
5.852955729166659	0.000000000001097916646486394
5.952955729166659	0.0000000000011166749747104605
6.0529557291666585	0.000000000001135433302934527
6.152955729166658	0.0000000000011541916311585936
6.252955729166658	0.0000000000011729499593826601
6.352955729166657	0.0000000000011917082876067267
6.452955729166657	0.0000000000012104666158307932
6.552955729166657	0.0000000000012292249440548598
6.652955729166656	0.0000000000012479832722789263
6.752955729166656	0.0000000000012667416005029929
6.852955729166656	0.0000000000012854999287270594
6.952955729166655	0.000000000001304258256951126
7.052955729166655	0.0000000000013230165851751925
7.152955729166655	0.000000000001341774913399259
7.252955729166654	0.0000000000013605332416233256
7.352955729166654	0.0000000000013792915698473922
7.4529557291666535	0.0000000000013980498980714587
7.552955729166653	0.0000000000014168082262955253
7.652955729166653	0.0000000000014355665545195918
7.752955729166652	0.0000000000014543248827436584
7.852955729166652	0.000000000001473083210967725
7.952955729166652	0.0000000000014918415391917915
8.052955729166651	0.000000000001510599867415858
8.152955729166651	0.0000000000015293581956399246
8.25295572916665	0.0000000000015481165238639911
8.35295572916665	0.0000000000015668748520880577
8.45295572916665	0.0000000000015856331803121242
8.55295572916665	0.0000000000016043915085361908
8.65295572916665	0.0000000000016231498367602573
8.752955729166649	0.0000000000016419081649843238
8.852955729166649	0.0000000000016606664932083904
8.952955729166648	0.000000000001679424821432457
9.052955729166648	0.0000000000016981831496565235
9.152955729166647	0.00000000000171694147788059
9.252955729166647	0.0000000000017356998061046566
9.352955729166647	0.0000000000017544581343287231
9.452955729166646	0.0000000000017732164625527897
9.552955729166646	0.0000000000017919747907768562
9.652955729166646	0.0000000000018107331190009228
9.752955729166645	0.0000000000018294914472249893
9.852955729166645	0.000000000001848249775449056
9.952955729166645	0.0000000000018670081036731224
10.052955729166644	0.000000000001885766431897189
10.152955729166644	0.0000000000019045247601212555
10.252955729166644	0.000000000001923283088345322
10.352955729166643	0.0000000000019420414165693886
10.452955729166643	0.000000000001960799744793455
10.552955729166642	0.0000000000019795580730175217
10.652955729166642	0.0000000000019983164012415883
10.752955729166642	0.000000000002017074729465655
10.805	0.0000000000020365999997551416
179769313486231570000000000000000000000000000000000000000000000000000000000000000000000000000000000000000000000000000000000000000000000000000000000000000000000000000000000000000000000000000000000000000000000000000000000000000000000000000000000000000000000000000000000000000000000000000000000000000000000000000	0.0000000000020365999997551416
