-179769313486231570000000000000000000000000000000000000000000000000000000000000000000000000000000000000000000000000000000000000000000000000000000000000000000000000000000000000000000000000000000000000000000000000000000000000000000000000000000000000000000000000000000000000000000000000000000000000000000000000000	0
2.065857033722762	0
2.0691903670560956	0.000000013778831220408722
2.072523700389429	0.00000011023064982963312
2.077523700389429	0.0000005907673890495181
2.0850237003894287	0.000002619484993619538
2.0962737003894287	0.00001048496192853356
2.113148700389429	0.00003967877394798472
2.138461200389429	0.00014485457058108933
2.176429950389429	0.000518231274242631
2.2333830753894293	0.0018376592536265865
2.3188127628894293	0.006509279385457357
2.418812762889429	0.018242242496548378
2.5188127628894286	0.038690233853095064
2.618812762889428	0.0682004131836844
2.718812762889428	0.10670184736735805
2.8188127628894275	0.15382498797837266
2.918812762889427	0.20943301620290244
3.018812762889427	0.27359460984648726
3.1188127628894264	0.3463240118250633
3.218812762889426	0.4275709186217226
3.3188127628894257	0.517232753849076
3.4188127628894254	0.6151673487835282
3.518812762889425	0.7212043690225216
3.6188127628894247	0.8351546456667263
3.7188127628894243	0.9568174238594674
3.818812762889424	1.0859854785577667
3.9188127628894236	1.222448853897626
4.018812762889423	1.3659972906353322
4.118812762889423	1.5164218100479328
4.2188127628894225	1.6735156656474033
4.318812762889422	1.8370748630293112
4.418812762889422	2.006898318036885
4.5188127628894215	2.182787900110636
4.618812762889421	2.364548287448774
4.718812762889421	2.541136489938104
4.81881276288942	2.5471902456984825
4.91881276288942	2.5585158523517793
5.01881276288942	2.574954380891468
5.118812762889419	2.5963208723058475
5.218812762889419	2.6224316546913693
5.318812762889419	2.6531041369567405
5.418812762889418	2.6881566409763433
5.518812762889418	2.7274082508407735
5.6188127628894176	2.770678739360496
5.718812762889417	2.8177885056214977
5.818812762889417	2.868558653861659
5.9188127628894165	2.9228110646237124
6.018812762889416	2.980368539556405
6.118812762889416	3.0410549912250833
6.218812762889415	3.1046958051291926
6.318812762889415	3.17111830881329
6.418812762889415	3.240152209397513
6.518812762889414	3.311630209576354
6.618812762889414	3.3853885625397777
6.718812762889414	3.4612677680840096
6.818812762889413	3.539113501983061
6.918812762889413	3.61877762434888
7.018812762889413	3.700119070682561
7.118812762889412	3.7830044004625663
7.218812762889412	3.867308885297753
7.3188127628894115	3.952917657724917
7.418812762889411	4.039726649781129
7.518812762889411	4.127642528401088
7.6188127628894105	4.216583841542459
7.71881276288941	4.306481794239669
7.81881276288941	4.397279624766759
7.918812762889409	4.488933368940968
8.018812762889409	4.581410766108566
8.05	4.639462063744648
179769313486231570000000000000000000000000000000000000000000000000000000000000000000000000000000000000000000000000000000000000000000000000000000000000000000000000000000000000000000000000000000000000000000000000000000000000000000000000000000000000000000000000000000000000000000000000000000000000000000000000000	4.639462063744648
