-179769313486231570000000000000000000000000000000000000000000000000000000000000000000000000000000000000000000000000000000000000000000000000000000000000000000000000000000000000000000000000000000000000000000000000000000000000000000000000000000000000000000000000000000000000000000000000000000000000000000000000000	0
0.0000000000000004440892098500626	0
0.0033333333333338544	0.004527833969123212
0.006666666666667265	0.009059767792389041
0.011666666666667158	0.015865357357110615
0.01916666666666722	0.026091050889084706
0.030416666666667203	0.04146859769974006
0.047291666666667176	0.0646229699079457
0.07260416666666725	0.09955365054297838
0.11057291666666735	0.15240116584335273
0.1675260416666673	0.2327006601024646
0.2529557291666673	0.3555100691383361
0.3529557291666674	0.5029718605079986
0.45295572916666726	0.6545889922036592
0.5529557291666674	0.8105469716833387
0.6529557291666674	0.9710499168814818
0.7529557291666675	1.1363177219237057
0.8529557291666676	1.3065826282939883
0.9529557291666677	1.4090961636509254
1.0529557291666678	1.4522492704344905
1.1529557291666679	1.5011219615115527
1.252955729166668	1.5559397902303864
1.352955729166668	1.6169035340208342
1.4529557291666682	1.6841753693789243
1.5529557291666682	1.757863228238183
1.6529557291666683	1.8380022516243455
1.7529557291666684	1.9244197545282993
1.8529557291666685	2.016758436292017
1.9529557291666686	2.114803755367956
2.0529557291666687	2.218634478723425
2.1529557291666688	2.3283693189722743
2.252955729166669	2.4440897922686764
2.352955729166669	2.565841293898939
2.4529557291666686	2.6936354957270003
2.5529557291666682	2.827453561467873
2.652955729166668	2.9672497694404307
2.7529557291666675	3.1129553469369062
2.852955729166667	3.264482204103244
2.952955729166667	3.421726485300741
3.0529557291666665	3.584571678930676
3.152955729166666	3.752891331872804
3.2529557291666658	3.9265513963110457
3.3529557291666654	4.105412197854151
3.452955729166665	4.289330064424503
3.5529557291666647	4.478158616230597
3.6529557291666643	4.671749810600232
3.752955729166664	4.869954812497429
3.8529557291666636	5.072624624279937
3.9529557291666633	5.279610611895734
4.052955729166663	5.490764860648615
4.152955729166663	5.7059404696832114
4.252955729166662	5.92499178669992
4.352955729166662	6.147774559346025
4.4529557291666615	6.3741459826085585
4.552955729166661	6.603964881485342
4.652955729166661	6.8370917378416385
4.75295572916666	6.9987113071120675
4.85295572916666	7.051141862636194
4.95295572916666	7.106471713897224
5.052955729166659	7.164567963092265
5.152955729166659	7.225299535527907
5.252955729166659	7.288537258813066
5.352955729166658	7.354153591591281
5.452955729166658	7.422022998708869
5.552955729166658	7.492021926994373
5.652955729166657	7.56402883431942
5.752955729166657	7.6379244101358665
5.8529557291666565	7.713591635297192
5.952955729166656	7.790916061682092
6.052955729166656	7.8697858277859085
6.1529557291666555	7.950092170506062
6.252955729166655	8.031729359147883
6.352955729166655	8.114595076520619
6.452955729166655	8.198591015846716
6.552955729166655	8.283622493230952
6.652955729166655	8.36959974940533
6.752955729166654	8.456437420692215
6.852955729166654	8.544055464437992
6.9529557291666535	8.632379484269958
7.052955729166653	8.721340627474575
7.152955729166653	8.810876859401437
7.252955729166652	8.900932205639352
7.352955729166652	8.991458133042261
7.452955729166652	9.08241296636646
7.552955729166651	9.173762744854587
7.652955729166651	9.265480994299239
7.752955729166651	9.357549066410543
7.85295572916665	9.449956008325126
7.95295572916665	9.542698792531647
8.05	9.72351381097976
179769313486231570000000000000000000000000000000000000000000000000000000000000000000000000000000000000000000000000000000000000000000000000000000000000000000000000000000000000000000000000000000000000000000000000000000000000000000000000000000000000000000000000000000000000000000000000000000000000000000000000000	9.72351381097976
