-100001.6	0
0	0
0.0033333333333334103	0.006923646540475298
0.008333333333333304	0.01732034313726126
0.015833333333333366	0.03294067412748767
0.027083333333333348	0.056428041641222254
0.04395833333333332	0.091786996271496
0.06927083333333339	0.1451131082218396
0.1072395833333335	0.2257492885254834
0.16419270833333344	0.3481628075386103
0.24962239583333345	0.535106642617085
0.34962239583333354	0.7590748638406968
0.4496223958333334	0.9886787956488328
0.5496223958333335	1.223976516210082
0.6496223958333336	1.4649927096646485
0.7496223958333337	1.7117362649844683
0.8496223958333338	1.9641936331687389
0.9496223958333339	2.155072905480974
1.049622395833334	2.2903647653080546
1.149622395833334	2.4352556627574753
1.2496223958333341	2.580542220019909
1.3496223958333342	2.730733131678667
1.4496223958333343	2.8897139823323745
1.5496223958333344	3.0492248902410504
1.6496223958333345	3.2105699435425055
1.7496223958333346	3.3713845025962765
1.8496223958333347	3.532622572533394
1.9496223958333347	3.6935905540908927
2.049622395833335	3.8565109415377035
2.149622395833335	4.031551849038631
2.249622395833335	4.218257568314266
2.349622395833335	4.416483232823505
2.4496223958333347	4.611426604008162
2.5496223958333344	4.797921834030693
2.649622395833334	4.99098294236141
2.7496223958333337	5.192955257124663
2.8496223958333333	5.3989831513073
2.949622395833333	5.606096288104174
3.0496223958333326	5.815452175349653
3.1496223958333323	6.029626992696772
3.249622395833332	6.249251489604885
3.3496223958333315	6.472337855581662
3.449622395833331	6.697188903753782
3.549622395833331	6.927217628399008
3.6496223958333305	7.161565532762158
3.74962239583333	7.399359468161739
3.8496223958333298	7.640716391841391
3.9496223958333294	7.884276235856839
4.049622395833329	8.13164467796189
4.149622395833329	8.380564924462284
4.249622395833328	8.63371143950361
4.349622395833328	8.890186381317008
4.449622395833328	9.148397683737013
4.549622395833327	9.250463466753908
4.649622395833327	9.690338078807683
4.749622395833327	9.996687870671197
4.849622395833326	10.338935758098584
4.949622395833326	10.683845236177705
5.0496223958333255	11.02904890168629
5.149622395833325	11.369736422370284
5.249622395833325	11.716423720764123
5.349622395833324	12.063878898896037
5.449622395833324	12.411011166595895
5.549622395833324	12.760316020548037
5.649622395833323	13.114552874675883
5.749622395833323	13.468323882620343
5.849622395833323	13.823812919189752
5.949622395833322	14.179861984257169
6.049622395833322	14.534457245831879
6.149622395833322	14.88990181931461
6.249622395833321	15.243900426898788
6.349622395833321	15.609688328665964
6.449622395833321	15.975410309924264
6.549622395833321	16.338460978303072
6.649622395833321	16.706524727756204
6.74962239583332	17.072277039218307
6.84962239583332	17.444297948659052
6.94962239583332	17.82255120638973
7.049622395833319	18.2040409508772
7.149622395833319	18.576555343223024
7.249622395833319	18.975919796736655
7.349622395833318	19.357522085096218
7.449622395833318	19.720574428402582
7.5496223958333175	20.08659115830393
7.649622395833317	20.44841501656198
7.749622395833317	20.8111195121226
7.8496223958333164	21.153559812456958
7.949622395833316	21.500219281383778
8.049622395833316	21.81895142442108
8.05	21.783601738769832
1000008.05	21.783601738769832
