-179769313486231570000000000000000000000000000000000000000000000000000000000000000000000000000000000000000000000000000000000000000000000000000000000000000000000000000000000000000000000000000000000000000000000000000000000000000000000000000000000000000000000000000000000000000000000000000000000000000000000000000	0
0.03140921193830232	0
0.03474254527163565	0.000006261170444802139
0.038075878604968985	0.000046554762903497776
0.04307587860496898	0.000223501416423744
0.05057587860496898	0.0008573425495711912
0.06182587860496898	0.002784685667268957
0.07870087860496898	0.007447625559042017
0.10401337860496898	0.017447360514334646
0.14198212860496898	0.03767844922848271
0.198935253604969	0.07720692829494888
0.284364941104969	0.15260262811431938
0.384364941104969	0.26022044013226386
0.48436494110496897	0.38474145809795957
0.584364941104969	0.5234002984390485
0.6843649411049689	0.6741868439471965
0.7843649411049689	0.8355609554579698
0.8843649411049689	1.0062781807913153
0.9843649411049689	1.1852996876527326
1.084364941104969	1.3717384219732103
1.184364941104969	1.5648226733600785
1.2843649411049691	1.7638709928003515
1.3843649411049692	1.96827412758623
1.4843649411049693	2.177482190948629
1.5843649411049694	2.390994556874443
1.6843649411049695	2.608352010373681
1.7843649411049696	2.829131066491163
1.8843649411049697	3.0529391278022793
1.9843649411049697	3.2794108695353095
2.08436494110497	3.5082045164875613
2.18436494110497	3.7389996394494984
2.28436494110497	3.9714953176740293
2.38436494110497	4.205408095967934
2.48436494110497	4.4404706276113535
2.5843649411049703	4.67643034486925
2.6843649411049704	4.913048521368505
2.7843649411049705	5.150099361497409
2.8843649411049705	5.387369401941383
2.9843649411049706	5.624656738811348
3.0843649411049707	5.861770831447148
3.184364941104971	6.0985318530166195
3.284364941104971	6.334770667969853
3.384364941104971	6.570328463250721
3.484364941104971	6.8050567647598115
3.584364941104971	7.038817318531302
3.6843649411049713	7.2714821950029105
3.7843649411049713	7.502933864824169
3.8843649411049714	7.733065409137047
3.9843649411049715	7.961780762753417
4.084364941104972	8.188995085032756
4.184364941104971	8.414635153405614
4.284364941104971	8.638639893875995
4.3843649411049705	8.860961037374784
4.48436494110497	9.081563654297321
4.58436494110497	9.30042725017301
4.6843649411049695	9.517546355045221
4.784364941104969	9.732932024618583
4.884364941104969	9.94661265171422
4.984364941104968	10.158635750005377
5.084364941104968	10.36906949925109
5.184364941104968	10.57800426028432
5.284364941104967	10.785554839277413
5.384364941104967	10.99186325733488
5.484364941104967	11.197100972887963
5.584364941104966	11.401472572103383
5.684364941104966	11.605219251960623
5.784364941104966	11.808622660593132
5.884364941104965	12.012010512920032
5.984364941104965	12.21576192598105
6.0843649411049645	12.420314006445718
6.184364941104964	12.626170028539173
6.284364941104964	12.833908597237123
6.384364941104963	13.044194776765183
6.484364941104963	13.257793533215187
6.584364941104963	13.475585234492835
6.684364941104962	13.698637132622482
6.784364941104962	13.92789571388862
6.884364941104962	14.163917257702435
6.984364941104961	14.407177106492307
7.084364941104961	14.658097561311878
7.184364941104961	14.91705468204682
7.28436494110496	15.184386230091961
7.38436494110496	15.460397871821591
7.4843649411049595	15.745368850163718
7.584364941104959	16.039555715079192
7.684364941104959	16.343196578676885
7.7843649411049585	16.65651404877748
7.884364941104958	16.979717000296894
7.984364941104958	17.313003583255576
8.084364941104958	17.656562146881935
8.184364941104958	18.010573610441853
8.284364941104958	18.37521143001795
8.384364941104957	18.75064329435739
8.484364941104957	19.137031084414918
8.584364941104957	19.53453199033177
8.684364941104956	19.943297945949674
8.784364941104956	20.36347633248117
8.884364941104955	20.795209101636605
8.984364941104955	21.238632869196927
9.084364941104955	21.693878055202806
9.184364941104954	22.161068034820776
9.284364941104954	22.64031810607373
9.384364941104954	23.131734049311405
9.484364941104953	23.635410808144922
9.584364941104953	24.151430078160985
9.65	24.844971456386705
179769313486231570000000000000000000000000000000000000000000000000000000000000000000000000000000000000000000000000000000000000000000000000000000000000000000000000000000000000000000000000000000000000000000000000000000000000000000000000000000000000000000000000000000000000000000000000000000000000000000000000000	24.844971456386705
