-179769313486231570000000000000000000000000000000000000000000000000000000000000000000000000000000000000000000000000000000000000000000000000000000000000000000000000000000000000000000000000000000000000000000000000000000000000000000000000000000000000000000000000000000000000000000000000000000000000000000000000000	0
2.8242429880363056	0
2.827576321369639	0.0000002767340586985752
2.8309096547029724	0.0000015778286881220827
2.8359096547029723	0.0000063864473930634206
2.843409654702972	0.00002194653801016887
2.854659654702972	0.0000687339170229619
2.8715346547029723	0.00020276021603076542
2.8968471547029724	0.0005685050390565129
2.9348159047029725	0.0015198185809881702
2.9917690297029726	0.0039048893251661058
3.0771987172029727	0.009652986578907168
3.1771987172029728	0.01943787405685682
3.277198717202973	0.031914495249340466
3.377198717202973	0.04623992027589057
3.477198717202973	0.06147285984910755
3.577198717202973	0.07666720831173317
3.677198717202973	0.09094607714466281
3.7771987172029733	0.10356284854850156
3.8771987172029734	0.11395324842388473
3.9771987172029735	0.12178090674047141
4.0771987172029736	0.12697752958993858
4.177198717202973	0.12977892650185852
4.277198717202973	0.13075688048733283
4.34978350509755	0.13084223240682655
179769313486231570000000000000000000000000000000000000000000000000000000000000000000000000000000000000000000000000000000000000000000000000000000000000000000000000000000000000000000000000000000000000000000000000000000000000000000000000000000000000000000000000000000000000000000000000000000000000000000000000000	0.13084223240682655
