-100000	0
6.313000000000001	0
6.316333333333334	0
6.3213333333333335	0
6.328833333333334	0
6.340083333333334	0
6.356958333333334	0
6.382270833333334	0
6.420239583333334	0
6.477192708333334	0
6.562622395833333	0
6.662622395833333	0
6.762622395833333	0
6.862622395833332	0
6.962622395833332	0
7.062622395833332	0
7.162622395833331	0
7.262622395833331	0
7.362622395833331	0
7.46262239583333	0
7.56262239583333	0
7.6626223958333295	0
7.762622395833329	0
7.862622395833329	0
7.962622395833328	0
8.062622395833328	0
8.162622395833328	0
8.262622395833327	0
8.362622395833327	0
8.462622395833327	0
8.562622395833326	0
8.662622395833326	0
8.762622395833326	0
8.862622395833325	0
8.962622395833325	0
9.062622395833325	0
9.162622395833324	0
9.262622395833324	0
9.362622395833323	0
9.462622395833323	0
9.562622395833323	0
9.65	0
1000009.65	0
