-100000	0
6.313000000000001	0
6.316333333333334	0.003080000000000478
6.3213333333333335	0.007700000000000375
6.328833333333334	0.014630000000000629
6.340083333333334	0.02502500000000101
6.356958333333334	0.040617500000000764
6.382270833333334	0.06400625000000082
6.420239583333334	0.09908937500000087
6.477192708333334	0.15171406250000052
6.562622395833333	0.23065109375000004
6.662622395833333	0.32305109374999963
6.762622395833333	0.4154510937499993
6.862622395833332	0.5078510937499988
6.962622395833332	0.6002510937499983
7.062622395833332	0.692651093749998
7.162622395833331	0.7850510937499975
7.262622395833331	0.877451093749997
7.362622395833331	0.9698510937499965
7.46262239583333	1.0622510937499958
7.56262239583333	1.1546510937499956
7.6626223958333295	1.2470510937499955
7.762622395833329	1.3394510937499948
7.862622395833329	1.431851093749994
7.962622395833328	1.5242510937499938
8.062622395833328	1.6166510937499934
8.162622395833328	1.7090510937499934
8.262622395833327	1.8014510937499932
8.362622395833327	1.893851093749992
8.462622395833327	1.9862510937499924
8.562622395833326	2.078651093749991
8.662622395833326	2.1710510937499907
8.762622395833326	2.2634510937499908
8.862622395833325	2.35585109374999
8.962622395833325	2.4482510937499904
9.062622395833325	2.54065109374999
9.162622395833324	2.633051093749988
9.262622395833324	2.7254510937499883
9.362622395833323	2.8178510937499874
9.462622395833323	2.9102510937499884
9.562622395833323	3.0026510937499875
9.65	3.083387999999997
1000009.65	3.083387999999997
