-100000	0
0	0
0.0033333333333333335	0.01938800000000028
0.008333333333333333	0.048470000000000485
0.01583333333333333	0.09209300000000126
0.02708333333333333	0.15752750000000193
0.043958333333333335	0.25567925000000313
0.06927083333333334	0.4029068750000052
0.10723958333333333	0.6237483125000077
0.16419270833333333	0.9550104687500119
0.24962239583333334	1.451903703125018
0.3496223958333333	2.033543703125025
0.4496223958333333	2.615183703125032
0.5496223958333333	3.196823703125039
0.6496223958333333	3.7784637031250456
0.7496223958333332	4.360103703125054
0.8496223958333332	4.941743703125058
0.9496223958333332	5.523383703125069
1.0496223958333333	6.10502370312508
1.1000000000058208	6.398040000001691
1000001.1	6.398040000001691
