-179769313486231570000000000000000000000000000000000000000000000000000000000000000000000000000000000000000000000000000000000000000000000000000000000000000000000000000000000000000000000000000000000000000000000000000000000000000000000000000000000000000000000000000000000000000000000000000000000000000000000000000	0
0	0
0.0033333333333333335	0.019387999917156746
0.006666666666666667	0.03877599991715662
0.011666666666666667	0.06785799991715642
0.019166666666666665	0.11148099991715611
0.030416666666666665	0.17691549991715566
0.04729166666666666	0.275067249917155
0.07260416666666666	0.422294874917154
0.11057291666666666	0.6431363124171525
0.16752604166666668	0.9743984686671503
0.2529557291666667	1.471291703042147
0.35295572916666673	2.0529317030421432
0.4529557291666667	2.6345717030421394
0.5529557291666667	3.216211703042135
0.6529557291666667	3.797851703042131
0.7529557291666666	4.3794917030421265
0.8529557291666666	4.961131703042122
0.9529557291666666	5.542771703042118
1.0529557291666667	6.124411703042115
1.1	6.671668296792111
179769313486231570000000000000000000000000000000000000000000000000000000000000000000000000000000000000000000000000000000000000000000000000000000000000000000000000000000000000000000000000000000000000000000000000000000000000000000000000000000000000000000000000000000000000000000000000000000000000000000000000000	6.671668296792111
