-179769313486231570000000000000000000000000000000000000000000000000000000000000000000000000000000000000000000000000000000000000000000000000000000000000000000000000000000000000000000000000000000000000000000000000000000000000000000000000000000000000000000000000000000000000000000000000000000000000000000000000000	0
0.00000000000000004134066826240562	0
0.0033333333333333747	0.019387999437919277
0.006666666666666708	0.03877599943791914
0.011666666666666707	0.06785799943791893
0.019166666666666707	0.11148099943791862
0.030416666666666706	0.17691549943791815
0.047291666666666704	0.2750672494379175
0.0726041666666667	0.42229487443791647
0.11057291666666672	0.643136311937915
0.16752604166666674	0.9743984681879128
0.25295572916666675	1.4712917025629095
0.35295572916666673	2.0529317025629052
0.4529557291666667	2.634571702562901
0.5529557291666667	3.2162117025628967
0.6529557291666667	3.7978517025628924
0.7529557291666666	4.3794917025628886
0.8529557291666666	4.961131702562884
0.9529557291666666	5.54277170256288
1.0529557291666667	6.124411702562877
1.1	6.671668296312873
179769313486231570000000000000000000000000000000000000000000000000000000000000000000000000000000000000000000000000000000000000000000000000000000000000000000000000000000000000000000000000000000000000000000000000000000000000000000000000000000000000000000000000000000000000000000000000000000000000000000000000000	6.671668296312873
