-179769313486231570000000000000000000000000000000000000000000000000000000000000000000000000000000000000000000000000000000000000000000000000000000000000000000000000000000000000000000000000000000000000000000000000000000000000000000000000000000000000000000000000000000000000000000000000000000000000000000000000000	0
0.00000000000000020670334131202885	0
0.0033333333333335404	0.01938799427155311
0.006666666666666874	0.03877599427155336
0.011666666666666874	0.06785799427155371
0.019166666666666873	0.11148099427155425
0.030416666666666873	0.17691549427155506
0.04729166666666687	0.27506724427155627
0.07260416666666687	0.4222948692715581
0.11057291666666688	0.6431363067715609
0.1675260416666669	0.9743984630215651
0.2529557291666669	1.4712916973965713
0.35295572916666695	2.0529316973965788
0.45295572916666693	2.634571697396586
0.5529557291666669	3.2162116973965933
0.6529557291666669	3.7978516973966006
0.7529557291666669	4.379491697396608
0.8529557291666668	4.961131697396615
0.9529557291666668	5.542771697396622
1.052955729166667	6.12441169739663
1.1	6.671668291146634
179769313486231570000000000000000000000000000000000000000000000000000000000000000000000000000000000000000000000000000000000000000000000000000000000000000000000000000000000000000000000000000000000000000000000000000000000000000000000000000000000000000000000000000000000000000000000000000000000000000000000000000	6.671668291146634
