-100000	0
0	0
0.0033333333333333335	0.019386544771385655
0.008333333333333333	0.04846066784999786
0.01583333333333333	0.09205802773965523
0.02708333333333333	0.15741954288602258
0.043958333333333335	0.2553818140913664
0.06927083333333334	0.4021706072526979
0.10723958333333333	0.6219921165871224
0.16419270833333333	0.9509231033611586
0.24962239583333334	1.4425589097119635
0.3496223958333333	2.0154472111456263
0.4496223958333333	2.5856436180479663
0.5496223958333333	3.153263549313819
0.6496223958333333	3.7251246481588987
0.7496223958333332	4.293612861109223
0.8496223958333332	4.865898838654823
0.9496223958333332	5.441840108473224
1.0496223958333333	6.021294198241949
1.1000000000058208	6.295971256511153
1000001.1	6.295971256511153
