-100000	0
0.6000000000000001	0
0.6033333333333334	0.0028466666659420076
0.6083333333333334	0.0071166666659428345
0.6158333333333333	0.013521666665944298
0.6270833333333333	0.023129166665946516
0.6439583333333333	0.037540416665949726
0.6692708333333333	0.05915729166595425
0.7072395833333333	0.09158260416596063
0.7641927083333333	0.1402205729159691
0.8496223958333333	0.21317752604097953
0.9496223958333333	0.2985775260409886
1.0496223958333333	0.3839775260409949
1.1496223958333334	0.4693775260409988
1.2496223958333335	0.5547775260410012
1.3496223958333335	0.6401775260410019
1.4496223958333336	0.7255775260410027
1.5496223958333337	0.8109775260410028
1.6	0.853999999999336
1000001.6	0.853999999999336
