-100000.6	0
-0.000000000008731237954862081	0
0.0033333333246020613	0.0028466666605915687
0.008333333324602066	0.007116666660592758
0.015833333324602017	0.013521666660595698
0.027083333324602	0.023129166660600185
0.04395833332460197	0.03754041666060679
0.06927083332460193	0.05915729166061638
0.10723958332460193	0.09158260416063022
0.16419270832460198	0.14022057291064952
0.249622395824602	0.21317752603567516
0.349622395824602	0.2985775260357005
0.44962239582460195	0.3839775260357208
0.549622395824602	0.4693775260357357
0.6496223958246021	0.5547775260357461
0.7496223958246022	0.6401775260357516
0.8496223958246023	0.7255775260357528
0.9496223958246024	0.810977526035753
1	0.8540000000015426
1000001	0.8540000000015426
