-100000	0
0.5999999999912689	0
0.6033333333246022	0.002846666660384462
0.6083333333246022	0.007116666660385671
0.6158333333246021	0.013521666660388643
0.6270833333246021	0.023129166660393174
0.6439583333246021	0.037540416660399784
0.669270833324602	0.059157291660409374
0.707239583324602	0.09158260416042303
0.7641927083246021	0.14022057291044182
0.8496223958246021	0.21317752603546603
0.9496223958246021	0.2985775260354887
1.049622395824602	0.3839775260355053
1.1496223958246021	0.46937752603551625
1.2496223958246022	0.5547775260355217
1.3496223958246023	0.6401775260355229
1.4496223958246024	0.7255775260355232
1.5496223958246025	0.8109775260355235
1.6	0.8540000000013132
1000001.6	0.8540000000013132
