-100000	0
0.5999999999912689	0
0.6033333333246022	0.0028466666601773267
0.6083333333246022	0.007116666660178515
0.6158333333246021	0.01352166666018145
0.6270833333246021	0.02312916666018591
0.6439583333246021	0.03754041666019237
0.669270833324602	0.05915729166020168
0.707239583324602	0.09158260416021466
0.7641927083246021	0.1402205729102321
0.8496223958246021	0.21317752603525325
0.9496223958246021	0.2985775260352714
1.049622395824602	0.3839775260352822
1.1496223958246021	0.46937752603528654
1.2496223958246022	0.5547775260352868
1.3496223958246023	0.6401775260352868
1.4496223958246024	0.7255775260352868
1.5496223958246025	0.8109775260352868
1.6	0.8540000000010762
1000001.6	0.8540000000010762
