-100000.6	0
-0.000000000008731237954862081	0
0.0033333333246020613	0.0028466666585373187
0.008333333324602066	0.007116666658538157
0.015833333324602017	0.013521666658539667
0.027083333324602	0.02312916665854198
0.04395833332460197	0.03754041665854544
0.06927083332460193	0.059157291658550534
0.10723958332460193	0.09158260415855796
0.16419270832460198	0.14022057290856824
0.249622395824602	0.2131775260335812
0.349622395824602	0.29857752603359305
0.44962239582460195	0.3839775260336018
0.549622395824602	0.46937752603360816
0.6496223958246021	0.5547775260336123
0.7496223958246022	0.6401775260336151
0.8496223958246023	0.7255775260336164
0.9496223958246024	0.8109775260336171
1	0.8539999999994068
1000001	0.8539999999994068
