-100000	0
0.5999999999912689	0
0.6033333333246022	0.0000000000000000024163288622323178
0.6083333333246022	0.0000000000000000051643668743187414
0.6158333333246021	0.000000000000000009225760483636003
0.6270833333246021	0.000000000000000015185659827236468
0.6439583333246021	0.000000000000000024250902134113672
0.669270833324602	0.000000000000000037565594956149186
0.707239583324602	0.00000000000000005845186696515173
0.7641927083246021	0.00000000000000009094965921566139
0.8496223958246021	0.00000000000000014232521212468888
0.9496223958246021	0.000000000000000206470603284395
1.049622395824602	0.00000000000000030398358062118024
1.1496223958246021	0.00000000000000021934152843318242
1.2496223958246022	0.0000000000000002593480003341522
1.3496223958246023	0.00000000000000029936631461406617
1.4496223958246024	0.00000000000000033939647127292415
1.5496223958246025	0.0000000000000003794384703107263
1.6	0.0000000000000004834552511371878
1000001.6	0.0000000000000004834552511371878
