-179769313486231570000000000000000000000000000000000000000000000000000000000000000000000000000000000000000000000000000000000000000000000000000000000000000000000000000000000000000000000000000000000000000000000000000000000000000000000000000000000000000000000000000000000000000000000000000000000000000000000000000	0
0.0000000000000004440892098500626	0
0.0033333333333338544	0.02157562500000053
0.006666666666667265	0.04315125000000106
0.011666666666667158	0.0755146875000004
0.01916666666666722	0.12405984375000087
0.030416666666667203	0.19687757812500084
0.047291666666667176	0.3061041796875008
0.07260416666666725	0.46994408203125154
0.11057291666666735	0.7157039355468775
0.1675260416666673	1.084343715820315
0.2529557291666673	1.6373033862304722
0.3529557291666674	2.284572136230474
0.4529557291666675	2.9318408862304755
0.5529557291666676	3.579109636230477
0.6529557291666677	4.226378386230479
0.7529557291666678	4.873647136230481
0.8529557291666678	5.520915886230483
0.9529557291666677	6.1681846362304835
1.0529557291666678	6.815453386230486
1.1529557291666679	7.462722136230488
1.252955729166668	8.10999088623049
1.352955729166668	8.757259636230492
1.4529557291666682	9.404528386230494
1.5529557291666682	10.051797136230496
1.6529557291666683	10.699065886230498
1.7529557291666684	11.3463346362305
1.8529557291666685	11.993603386230502
1.9529557291666686	12.640872136230504
2.0529557291666687	13.288140886230506
2.1529557291666688	13.935409636230508
2.252955729166669	14.58267838623051
2.352955729166669	15.229947136230512
2.452955729166669	15.877215886230514
2.552955729166669	16.524484636230515
2.652955729166669	17.313305937500054
2.7529557291666693	18.290105937500055
2.8529557291666694	19.266905937500056
2.9529557291666695	20.243705937500057
3.052955729166669	21.220505937500054
3.1529557291666688	22.19730593750005
3.2529557291666684	23.174105937500048
3.352955729166668	24.150905937500045
3.4529557291666677	25.127705937500043
3.5529557291666674	26.10450593750004
3.652955729166667	27.081305937500037
3.7529557291666666	28.058105937500034
3.8529557291666663	29.03490593750003
3.952955729166666	30.01170593750003
4.052955729166666	30.988505937500026
4.152955729166665	31.965305937500023
4.252955729166665	32.94210593750002
4.3529557291666645	33.918905937500014
4.452955729166664	34.89570593750001
4.552955729166664	35.87250593750001
4.6529557291666634	36.849305937500006
4.752955729166663	37.8261059375
4.852955729166663	38.8029059375
4.952955729166662	39.7797059375
5.052955729166662	40.756505937499995
5.152955729166662	41.73330593749999
5.252955729166661	42.71010593749999
5.352955729166661	43.686905937499986
5.452955729166661	44.663705937499984
5.55295572916666	45.64050593749998
5.65295572916666	46.61730593749998
5.7529557291666595	47.594105937499975
5.852955729166659	48.57090593749997
5.952955729166659	49.54770593749997
6.0529557291666585	50.52450593749997
6.152955729166658	51.501305937499964
6.252955729166658	52.47810593749996
6.352955729166657	53.45490593749996
6.452955729166657	54.431705937499956
6.552955729166657	55.40850593749995
6.652955729166656	56.38530593749995
6.752955729166656	57.36210593749995
6.852955729166656	58.338905937499945
6.952955729166655	59.31570593749994
7.052955729166655	60.29250593749994
7.152955729166655	61.26930593749994
7.252955729166654	62.246105937499934
7.352955729166654	63.22290593749993
7.4529557291666535	64.19970593749993
7.552955729166653	65.17650593749993
7.652955729166653	66.15330593749992
7.752955729166652	67.13010593749992
7.852955729166652	68.10690593749992
7.952955729166652	69.08370593749991
8.052955729166651	70.06050593749991
8.152955729166651	71.03730593749991
8.25295572916665	72.0141059374999
8.35295572916665	72.9909059374999
8.45295572916665	73.9677059374999
8.55295572916665	74.9445059374999
8.65295572916665	75.9213059374999
8.752955729166649	76.89810593749989
8.852955729166649	77.87490593749989
8.952955729166648	78.85170593749989
9.052955729166648	79.82850593749988
9.152955729166647	80.80530593749988
9.252955729166647	81.78210593749988
9.352955729166647	82.75890593749988
9.452955729166646	83.73570593749987
9.552955729166646	84.71250593749987
9.652955729166646	85.68930593749987
9.752955729166645	86.66610593749986
9.852955729166645	87.64290593749986
9.952955729166645	88.61970593749986
10.052955729166644	89.59650593749986
10.152955729166644	90.57330593749985
10.252955729166644	91.55010593749985
10.352955729166643	92.52690593749985
10.452955729166643	93.50370593749984
10.552955729166642	94.48050593749984
10.652955729166642	95.45730593749984
10.752955729166642	96.43410593749984
10.805	97.45084281250031
179769313486231570000000000000000000000000000000000000000000000000000000000000000000000000000000000000000000000000000000000000000000000000000000000000000000000000000000000000000000000000000000000000000000000000000000000000000000000000000000000000000000000000000000000000000000000000000000000000000000000000000	97.45084281250031
