-179769313486231570000000000000000000000000000000000000000000000000000000000000000000000000000000000000000000000000000000000000000000000000000000000000000000000000000000000000000000000000000000000000000000000000000000000000000000000000000000000000000000000000000000000000000000000000000000000000000000000000000	0
0.0000000000000004440892098500626	0
0.0033333333333338544	0.022793541666667062
0.006666666666667265	0.045587083333334125
0.011666666666667158	0.0797773958333332
0.01916666666666722	0.13106286458333333
0.030416666666667203	0.20799106770833276
0.047291666666667176	0.3233833723958319
0.07260416666666725	0.49647182942708146
0.11057291666666735	0.7561045149739557
0.1675260416666673	1.1455535432942656
0.2529557291666673	1.7297270857747309
0.3529557291666674	2.4135333357747273
0.4529557291666675	3.0973395857747237
0.5529557291666676	3.78114583577472
0.6529557291666677	4.4649520857747165
0.7529557291666678	5.148758335774713
0.8529557291666678	5.832564585774709
0.9529557291666677	6.516370835774705
1.0529557291666678	7.200177085774701
1.1529557291666679	7.883983335774698
1.252955729166668	8.567789585774694
1.352955729166668	9.25159583577469
1.4529557291666682	9.935402085774687
1.5529557291666682	10.619208335774683
1.6529557291666683	11.30301458577468
1.7529557291666684	11.986820835774676
1.8529557291666685	12.670627085774672
1.9529557291666686	13.354433335774669
2.0529557291666687	14.038239585774665
2.1529557291666688	14.722045835774662
2.252955729166669	15.405852085774658
2.352955729166669	16.089658335774654
2.452955729166669	16.77346458577465
2.552955729166669	17.457270835774647
2.652955729166669	18.266934687499912
2.7529557291666693	19.24373468749991
2.8529557291666694	20.220534687499907
2.9529557291666695	21.197334687499904
3.052955729166669	22.174134687499897
3.1529557291666688	23.15093468749989
3.2529557291666684	24.127734687499885
3.352955729166668	25.10453468749988
3.4529557291666677	26.081334687499872
3.5529557291666674	27.058134687499866
3.652955729166667	28.03493468749986
3.7529557291666666	29.011734687499853
3.8529557291666663	29.988534687499847
3.952955729166666	30.96533468749984
4.052955729166666	31.942134687499834
4.152955729166665	32.91893468749983
4.252955729166665	33.89573468749982
4.3529557291666645	34.87253468749981
4.452955729166664	35.8493346874998
4.552955729166664	36.82613468749979
4.6529557291666634	37.80293468749978
4.752955729166663	38.77973468749977
4.852955729166663	39.75653468749976
4.952955729166662	40.73333468749975
5.052955729166662	41.71013468749974
5.152955729166662	42.68693468749973
5.252955729166661	43.66373468749972
5.352955729166661	44.64053468749971
5.452955729166661	45.6173346874997
5.55295572916666	46.59413468749969
5.65295572916666	47.57093468749968
5.7529557291666595	48.54773468749967
5.852955729166659	49.52453468749966
5.952955729166659	50.50133468749965
6.0529557291666585	51.47813468749964
6.152955729166658	52.45493468749963
6.252955729166658	53.43173468749962
6.352955729166657	54.40853468749961
6.452955729166657	55.3853346874996
6.552955729166657	56.36213468749959
6.652955729166656	57.33893468749958
6.752955729166656	58.31573468749957
6.852955729166656	59.29253468749956
6.952955729166655	60.26933468749955
7.052955729166655	61.24613468749954
7.152955729166655	62.22293468749953
7.252955729166654	63.19973468749952
7.352955729166654	64.17653468749951
7.4529557291666535	65.15333468749951
7.552955729166653	66.1301346874995
7.652955729166653	67.1069346874995
7.752955729166652	68.0837346874995
7.852955729166652	69.0605346874995
7.952955729166652	70.0373346874995
8.052955729166651	71.01413468749949
8.152955729166651	71.99093468749949
8.25295572916665	72.96773468749949
8.35295572916665	73.94453468749948
8.45295572916665	74.92133468749948
8.55295572916665	75.89813468749948
8.65295572916665	76.87493468749948
8.752955729166649	77.85173468749947
8.852955729166649	78.82853468749947
8.952955729166648	79.80533468749947
9.052955729166648	80.78213468749946
9.152955729166647	81.75893468749946
9.252955729166647	82.73573468749946
9.352955729166647	83.71253468749946
9.452955729166646	84.68933468749945
9.552955729166646	85.66613468749945
9.652955729166646	86.64293468749945
9.752955729166645	87.61973468749945
9.852955729166645	88.59653468749944
9.952955729166645	89.57333468749944
10.052955729166644	90.55013468749944
10.152955729166644	91.52693468749943
10.252955729166644	92.50373468749943
10.352955729166643	93.48053468749943
10.452955729166643	94.45733468749943
10.552955729166642	95.43413468749942
10.652955729166642	96.41093468749942
10.752955729166642	97.38773468749942
10.805	98.4044715624999
179769313486231570000000000000000000000000000000000000000000000000000000000000000000000000000000000000000000000000000000000000000000000000000000000000000000000000000000000000000000000000000000000000000000000000000000000000000000000000000000000000000000000000000000000000000000000000000000000000000000000000000	98.4044715624999
