-100003.35311303711	0
0.9145759277343757	0
0.9179092610677086	0
0.9229092610677085	0
0.9304092610677088	0
0.9416592610677093	0
0.958534261067709	0
0.9838467610677091	0
1.0218155110677092	0
1.078768636067709	0
1.1641983235677094	0
1.264198323567709	0
1.3641983235677086	0
1.4641983235677083	0
1.564198323567708	0
1.6641983235677076	0
1.7641983235677072	0
1.8641983235677069	0.00000000000000000000000000000011093356479670479
1.9641983235677065	0.00000000000000000000000000000006162975822039155
2.064198323567706	0.00000000000000000000000000000011401505270772436
2.164198323567706	0.0000000000000000000000000000003143117669239969
2.2641983235677055	0.00000000000000000000000000000036361557350031013
2.364198323567705	0.00000000000000000000000000000004930380657631324
2.4641983235677047	0.0000000000000000000000000000002341930812374879
2.5641983235677044	0.00000000000000000000000000000030814879110195774
2.664198323567704	0.00000000000000000000000000000019721522630525295
2.7641983235677037	0
2.8641983235677033	0.00000000000000000000000000000018951150652770399
2.959886962890625	0
1000002.9598869629	0
