-179769313486231570000000000000000000000000000000000000000000000000000000000000000000000000000000000000000000000000000000000000000000000000000000000000000000000000000000000000000000000000000000000000000000000000000000000000000000000000000000000000000000000000000000000000000000000000000000000000000000000000000	0
0.6999899926494191	0
0.7033233259827525	0.000000017633496770930858
0.7066566593160859	0.00000014106797421999424
0.7116566593160858	0.0000007576203823094035
0.7191566593160861	0.000003371712763701059
0.7304066593160865	0.000013545243729954728
0.7472816593160863	0.00005113900747453604
0.7725941593160863	0.00018611059798630519
0.8105629093160864	0.0006637277196588152
0.8675160343160861	0.002340056711876055
0.9529457218160866	0.008207037001312987
1.0529457218160863	0.022579633557257024
1.152945721816086	0.04630963561791031
1.2529457218160855	0.07926861715157543
1.3529457218160852	0.12149795822732182
1.4529457218160848	0.17308360047320623
1.5529457218160845	0.23401089134703562
1.6529457218160841	0.304189848587891
1.7529457218160838	0.3834726700094607
1.8529457218160834	0.47167051009300925
1.952945721816083	0.5685690107616042
2.0529457218160827	0.6739380887865666
2.1529457218160823	0.7875408422114117
2.252945721816082	0.9091376891051552
2.3529457218160816	1.038491096129519
2.4529457218160813	1.1753662409793313
2.552945721816081	1.3195328457669777
2.6529457218160806	1.4707655412147933
2.75294572181608	1.6288434951596447
2.85294572181608	1.7935503889820703
2.9529457218160795	1.9646742748075305
3.0220351562500003	2.2098692872325065
179769313486231570000000000000000000000000000000000000000000000000000000000000000000000000000000000000000000000000000000000000000000000000000000000000000000000000000000000000000000000000000000000000000000000000000000000000000000000000000000000000000000000000000000000000000000000000000000000000000000000000000	2.2098692872325065
