-179769313486231570000000000000000000000000000000000000000000000000000000000000000000000000000000000000000000000000000000000000000000000000000000000000000000000000000000000000000000000000000000000000000000000000000000000000000000000000000000000000000000000000000000000000000000000000000000000000000000000000000	0
0.37489215992503233	0
0.37822549325836574	0.000000013858634044163095
0.38155882659169915	0.00000011086907241162128
0.38655882659169905	0.0000005941605514779493
0.3940588265916989	0.0000026341344836146517
0.40530882659169887	0.000010530393055679813
0.42218382659169906	0.000039680607027690266
0.44749632659169913	0.00014484898285783976
0.48546507659169924	0.0005183564745361871
0.5424182015916994	0.0018379548715110874
0.6278478890916994	0.006509971833589267
0.7278478890916995	0.01824376838485904
0.8278478890916992	0.03869224871034273
0.9278478890916988	0.06820243432501844
1.0278478890916984	0.10670308450328653
1.127847889091698	0.1538254135746757
1.2278478890916977	0.20943464582084464
1.3278478890916974	0.27359750690429335
1.427847889091697	0.34632792426301734
1.5278478890916967	0.4275755418025585
1.6278478890916963	0.5172378890426476
1.727847889091696	0.6151727932352169
1.8278478890916956	0.7212099896897202
1.9278478890916952	0.8351604605382172
2.027847889091695	0.9568234246201973
2.1278478890916945	1.0859916402605359
2.227847889091694	1.2224551648446569
2.327847889091694	1.3660037621104315
2.4278478890916935	1.5164284449997845
2.527847889091693	1.6735224934170443
2.6278478890916928	1.8370818572420222
2.7278478890916924	2.006905474312946
2.827847889091692	2.1827952104542763
2.9278478890916917	2.364555743037597
3.0220351562500003	2.719802682233452
179769313486231570000000000000000000000000000000000000000000000000000000000000000000000000000000000000000000000000000000000000000000000000000000000000000000000000000000000000000000000000000000000000000000000000000000000000000000000000000000000000000000000000000000000000000000000000000000000000000000000000000	2.719802682233452
