-100000	0
-0.0000000000000002220446049250313	0
0.0033333333333331115	0.00159759753793172
0.008333333333333111	0.004119841175061059
0.01583333333333311	0.008252850740807924
0.02708333333333311	0.015069620495528695
0.04395833333333311	0.02609954552208745
0.06927083333333311	0.04450251497790421
0.10723958333333311	0.0755637916845915
0.1641927083333331	0.12607977499683592
0.24962239583333312	0.21013398305579556
0.3496223958333331	0.3217325415552479
0.4496223958333331	0.44251871838704543
0.549622395833333	0.5743375695581425
0.649622395833333	0.7130517700224748
0.749622395833333	0.8582103986750769
0.849622395833333	1.0086580271260044
0.949622395833333	1.164970909376671
1.049622395833333	1.3223955679337551
1.1496223958333331	1.4802655265809552
1.2496223958333332	1.6394465382044991
1.3496223958333333	1.7997989086200614
1.4496223958333334	1.9644307533203424
1.5496223958333335	2.1328675508452664
1.6000000000058208	2.2161801806222625
1000001.6	2.2161801806222625
