-100000	0
0	0
0.0033333333333333335	0.0000000000000000000000000000000007703719777548943
0.008333333333333333	0.0000000000000000000000000000000015407439555097887
0.01583333333333333	0.0000000000000000000000000000000010351873451081393
0.02708333333333333	0.000000000000000000000000000000034666738998970245
0.043958333333333335	0.00000000000000000000000000000001232595164407831
0.06927083333333334	0.00000000000000000000000000000004237045877651919
0.10723958333333333	0.000000000000000000000000000000015407439555097887
0.16419270833333333	0.0000000000000000000000000000004776306262080345
0.24962239583333334	0.0000000000000000000000000000001910522504832138
0.3496223958333333	0.00000000000000000000000000000005238529448733282
0.4496223958333333	0.00000000000000000000000000000028657837572482065
0.5496223958333333	0
0.6496223958333333	0.00000000000000000000000000000076478678091617144
0.7496223958333332	0.000000000000000000000000000000109392820841195
0.8496223958333332	0.0000000000000000000000000000002018374581717823
0.9496223958333332	0.0000000000000000000000000000014082399753359469
1.0496223958333333	0.0000000000000000000000000000015838847862640628
1.1496223958333334	0.0000000000000000000000000000013373657533824966
1.2496223958333335	0.00000000000000000000000000001020588796129684
1.3496223958333335	0.0000000000000000000000000000012634100435180267
1.4496223958333336	0.000000000000000000000000000005118351420203518
1.5496223958333337	0.0000000000000000000000000000063031835219905455
1.6000000000000003	0.00000000000000000000000000000004930380657631324
1000001.6	0.00000000000000000000000000000004930380657631324
