-179769313486231570000000000000000000000000000000000000000000000000000000000000000000000000000000000000000000000000000000000000000000000000000000000000000000000000000000000000000000000000000000000000000000000000000000000000000000000000000000000000000000000000000000000000000000000000000000000000000000000000000	0
0.00000000000000004248029648647604	0
0.003333333333333376	0.006821215744746233
0.00666666666666671	0.013820927688647086
0.01166666666666671	0.024524552842472673
0.01916666666666671	0.040919554628113586
0.03041666666666671	0.06609239400042635
0.04729166666666671	0.10485443294142932
0.07260416666666672	0.1647327510702578
0.11057291666666672	0.2575338059202775
0.16752604166666674	0.40179219669584665
0.25295572916666675	0.6265396382471795
0.35295572916666673	0.898861980557728
0.4529557291666667	1.178438598689516
0.5529557291666667	1.463373947253608
0.6529557291666667	1.7522979760833826
0.7529557291666666	2.0441549661481115
0.8529557291666666	2.3380951183188188
0.9529557291666666	2.633412223500936
1.0529557291666667	2.92950581314258
1.1000000000000008	3.2083438875391908
179769313486231570000000000000000000000000000000000000000000000000000000000000000000000000000000000000000000000000000000000000000000000000000000000000000000000000000000000000000000000000000000000000000000000000000000000000000000000000000000000000000000000000000000000000000000000000000000000000000000000000000	3.2083438875391908
