-179769313486231570000000000000000000000000000000000000000000000000000000000000000000000000000000000000000000000000000000000000000000000000000000000000000000000000000000000000000000000000000000000000000000000000000000000000000000000000000000000000000000000000000000000000000000000000000000000000000000000000000	0
0.00000000000000011102230246251565	0
0.0033333333333334446	0.006821215744746376
0.006666666666666778	0.01382092768864723
0.011666666666666778	0.024524552842472847
0.019166666666666776	0.040919554628113794
0.030416666666666776	0.06609239400042656
0.04729166666666677	0.10485443294142957
0.07260416666666678	0.1647327510702581
0.11057291666666677	0.2575338059202776
0.1675260416666668	0.40179219669584654
0.2529557291666668	0.6265396382471795
0.35295572916666684	0.898861980557728
0.4529557291666668	1.1784385986895156
0.5529557291666668	1.4633739472536076
0.6529557291666668	1.7522979760833821
0.7529557291666668	2.0441549661481115
0.8529557291666667	2.3380951183188183
0.9529557291666667	2.6334122235009354
1.0529557291666667	2.9295058131425793
1.1000000000000008	3.2083438875391894
179769313486231570000000000000000000000000000000000000000000000000000000000000000000000000000000000000000000000000000000000000000000000000000000000000000000000000000000000000000000000000000000000000000000000000000000000000000000000000000000000000000000000000000000000000000000000000000000000000000000000000000	3.2083438875391894
