-179769313486231570000000000000000000000000000000000000000000000000000000000000000000000000000000000000000000000000000000000000000000000000000000000000000000000000000000000000000000000000000000000000000000000000000000000000000000000000000000000000000000000000000000000000000000000000000000000000000000000000000	0
0.00000000000000014967080071945927	0
0.003333333333333483	0.006821215744746429
0.006666666666666817	0.01382092768864727
0.011666666666666818	0.02452455284247288
0.019166666666666818	0.04091955462811387
0.030416666666666817	0.06609239400042664
0.047291666666666815	0.10485443294142971
0.07260416666666682	0.16473275107025814
0.11057291666666683	0.2575338059202778
0.16752604166666685	0.4017921966958468
0.25295572916666687	0.6265396382471803
0.35295572916666684	0.8988619805577283
0.4529557291666668	1.1784385986895163
0.5529557291666668	1.4633739472536085
0.6529557291666668	1.752297976083383
0.7529557291666668	2.0441549661481124
0.8529557291666667	2.3380951183188197
0.9529557291666667	2.633412223500937
1.0529557291666667	2.929505813142581
1.1000000000000008	3.208343887539191
179769313486231570000000000000000000000000000000000000000000000000000000000000000000000000000000000000000000000000000000000000000000000000000000000000000000000000000000000000000000000000000000000000000000000000000000000000000000000000000000000000000000000000000000000000000000000000000000000000000000000000000	3.208343887539191
