-179769313486231570000000000000000000000000000000000000000000000000000000000000000000000000000000000000000000000000000000000000000000000000000000000000000000000000000000000000000000000000000000000000000000000000000000000000000000000000000000000000000000000000000000000000000000000000000000000000000000000000000	0
0.0000000000000001594152893361842	0
0.003333333333333493	0.006821215744746587
0.006666666666666827	0.013820927688647582
0.011666666666666827	0.024524552842473398
0.019166666666666825	0.040919554628114654
0.030416666666666824	0.06609239400042788
0.04729166666666683	0.10485443294143162
0.07260416666666683	0.16473275107026122
0.11057291666666683	0.2575338059202826
0.16752604166666685	0.4017921966958544
0.25295572916666687	0.6265396382471917
0.35295572916666684	0.8988619805577456
0.4529557291666668	1.178438598689539
0.5529557291666668	1.4633739472536365
0.6529557291666668	1.7522979760834165
0.7529557291666668	2.0441549661481515
0.8529557291666667	2.338095118318864
0.9529557291666667	2.633412223500987
1.0529557291666667	2.9295058131426366
1.1000000000000008	3.208343887539252
179769313486231570000000000000000000000000000000000000000000000000000000000000000000000000000000000000000000000000000000000000000000000000000000000000000000000000000000000000000000000000000000000000000000000000000000000000000000000000000000000000000000000000000000000000000000000000000000000000000000000000000	3.208343887539252
