-179769313486231570000000000000000000000000000000000000000000000000000000000000000000000000000000000000000000000000000000000000000000000000000000000000000000000000000000000000000000000000000000000000000000000000000000000000000000000000000000000000000000000000000000000000000000000000000000000000000000000000000	0
0.00000000000000017890448006837185	0
0.0033333333333335127	0.006821215744746638
0.006666666666666847	0.01382092768864762
0.011666666666666846	0.024524552842473436
0.019166666666666846	0.04091955462811471
0.030416666666666845	0.06609239400042796
0.04729166666666684	0.10485443294143171
0.07260416666666684	0.1647327510702613
0.11057291666666685	0.25753380592028274
0.16752604166666685	0.40179219669585453
0.25295572916666687	0.6265396382471917
0.35295572916666684	0.8988619805577451
0.4529557291666668	1.1784385986895378
0.5529557291666668	1.463373947253635
0.6529557291666668	1.7522979760834148
0.7529557291666668	2.0441549661481493
0.8529557291666667	2.3380951183188614
0.9529557291666667	2.6334122235009843
1.0529557291666667	2.929505813142634
1.1000000000000008	3.2083438875392494
179769313486231570000000000000000000000000000000000000000000000000000000000000000000000000000000000000000000000000000000000000000000000000000000000000000000000000000000000000000000000000000000000000000000000000000000000000000000000000000000000000000000000000000000000000000000000000000000000000000000000000000	3.2083438875392494
