-100000	0
0	0
0.0033333333333333335	0.006773848799651539
0.008333333333333333	0.017273691020906652
0.01583333333333333	0.033433388286311115
0.02708333333333333	0.05832400539900762
0.043958333333333335	0.09673816448995812
0.06927083333333334	0.15617564661018715
0.10723958333333333	0.24836045712251908
0.16419270833333333	0.3918191175740031
0.24962239583333334	0.6155858098827633
0.3496223958333333	0.886879656964714
0.4496223958333333	1.1655152281437342
0.5496223958333333	1.4495815656165667
0.6496223958333333	1.737708389370129
0.7496223958333332	2.0288402788647737
0.8496223958333332	2.3221298205920204
0.9496223958333332	2.616870204358108
1.0496223958333333	2.9124760860736254
1.1000000000000003	3.0615535036044808
1000001.1	3.0615535036044808
