-179769313486231570000000000000000000000000000000000000000000000000000000000000000000000000000000000000000000000000000000000000000000000000000000000000000000000000000000000000000000000000000000000000000000000000000000000000000000000000000000000000000000000000000000000000000000000000000000000000000000000000000	0
0.00000000000000024711659509229927	0
0.0033333333333335807	0.006821215744746597
0.006666666666666914	0.013820927688647424
0.011666666666666915	0.024524552842473037
0.019166666666666915	0.04091955462811403
0.030416666666666915	0.06609239400042684
0.04729166666666691	0.10485443294142992
0.07260416666666691	0.16473275107025837
0.11057291666666691	0.2575338059202781
0.1675260416666669	0.40179219669584704
0.2529557291666669	0.6265396382471805
0.35295572916666695	0.8988619805577283
0.45295572916666693	1.178438598689516
0.5529557291666669	1.4633739472536078
0.6529557291666669	1.752297976083382
0.7529557291666669	2.0441549661481107
0.8529557291666668	2.3380951183188174
0.9529557291666668	2.6334122235009345
1.052955729166667	2.929505813142579
1.1000000000000008	3.2083438875391876
179769313486231570000000000000000000000000000000000000000000000000000000000000000000000000000000000000000000000000000000000000000000000000000000000000000000000000000000000000000000000000000000000000000000000000000000000000000000000000000000000000000000000000000000000000000000000000000000000000000000000000000	3.2083438875391876
