-179769313486231570000000000000000000000000000000000000000000000000000000000000000000000000000000000000000000000000000000000000000000000000000000000000000000000000000000000000000000000000000000000000000000000000000000000000000000000000000000000000000000000000000000000000000000000000000000000000000000000000000	0
0.0000000006772367882998036	0
0.003333334010570122	0.005111484160834357
0.0066666673439034554	0.01042828610434946
0.011666667343903456	0.018642147823038233
0.019166667343903456	0.03136090380003491
0.030416667343903456	0.05112219032629982
0.04729166734390346	0.08195210554896981
0.07260416734390346	0.1302708829947093
0.11057291734390345	0.20636559274765917
0.16752604234390345	0.3267802921338638
0.25295572984390347	0.5181804420894752
0.35295572984390344	0.7548851667999024
0.4529557298439034	1.002410463471212
0.5529557298439034	1.2588458596756662
0.6529557298439034	1.5228588204987172
0.7529557298439034	1.7934572282111183
0.8529557298439033	2.069868513812565
0.9529557298439033	2.3514716985507764
1.0529557298439034	2.637755745988226
1.1000000000000008	2.9105663769838546
179769313486231570000000000000000000000000000000000000000000000000000000000000000000000000000000000000000000000000000000000000000000000000000000000000000000000000000000000000000000000000000000000000000000000000000000000000000000000000000000000000000000000000000000000000000000000000000000000000000000000000000	2.9105663769838546
