-179769313486231570000000000000000000000000000000000000000000000000000000000000000000000000000000000000000000000000000000000000000000000000000000000000000000000000000000000000000000000000000000000000000000000000000000000000000000000000000000000000000000000000000000000000000000000000000000000000000000000000000	0
0.05346337127685552	0
0.056796704610188854	0.006821215744747504
0.06013003794352219	0.013820927688648363
0.06513003794352219	0.024524552842474078
0.07263003794352219	0.04091955462811528
0.08388003794352218	0.06609239400042835
0.10075503794352218	0.10485443294143178
0.12606753794352218	0.16473275107026053
0.16403628794352218	0.2575338059202811
0.2209894129435222	0.40179219669585087
0.3064191004435222	0.6265396382471864
0.40641910044352225	0.8988619805577387
0.5064191004435222	1.178438598689531
0.6064191004435222	1.463373947253627
0.7064191004435222	1.7522979760834057
0.8064191004435222	2.044154966148138
0.9064191004435221	2.338095118318847
1.0064191004435221	2.6334122235009665
1.1064191004435222	2.9295058131426126
1.1534633712768556	3.208343887539222
179769313486231570000000000000000000000000000000000000000000000000000000000000000000000000000000000000000000000000000000000000000000000000000000000000000000000000000000000000000000000000000000000000000000000000000000000000000000000000000000000000000000000000000000000000000000000000000000000000000000000000000	3.208343887539222
