-179769313486231570000000000000000000000000000000000000000000000000000000000000000000000000000000000000000000000000000000000000000000000000000000000000000000000000000000000000000000000000000000000000000000000000000000000000000000000000000000000000000000000000000000000000000000000000000000000000000000000000000	0
0.05346337127685552	0
0.056796704610188854	0.006821215744747396
0.06013003794352219	0.013820927688648147
0.06513003794352219	0.024524552842473738
0.07263003794352219	0.04091955462811483
0.08388003794352218	0.0660923940004276
0.10075503794352218	0.10485443294143065
0.12606753794352218	0.16473275107025898
0.16403628794352218	0.2575338059202785
0.2209894129435222	0.40179219669584687
0.3064191004435222	0.6265396382471812
0.40641910044352225	0.8988619805577306
0.5064191004435222	1.1784385986895196
0.6064191004435222	1.4633739472536127
0.7064191004435222	1.7522979760833886
0.8064191004435222	2.0441549661481173
0.9064191004435221	2.338095118318823
1.0064191004435221	2.633412223500939
1.1064191004435222	2.9295058131425824
1.1534633712768556	3.208343887539189
179769313486231570000000000000000000000000000000000000000000000000000000000000000000000000000000000000000000000000000000000000000000000000000000000000000000000000000000000000000000000000000000000000000000000000000000000000000000000000000000000000000000000000000000000000000000000000000000000000000000000000000	3.208343887539189
