-100000	0
7.25	0
7.253333333333333	0.005338954642271227
7.258333333333333	0.013363361779840339
7.265833333333333	0.0254358682672058
7.277083333333334	0.043625230278338506
7.293958333333333	0.07109042760644567
7.319270833333333	0.11269460279605761
7.3572395833333335	0.17597831558426855
7.414192708333333	0.2728632120932678
7.499622395833333	0.4226618110339829
7.599622395833332	0.6044629514212727
7.699622395833332	0.7929309155098317
7.799622395833332	0.9877645592643911
7.899622395833331	1.1887555626906054
7.999622395833331	1.395614700204264
8.09962239583333	1.6081221040156317
8.19962239583333	1.826006191344011
8.29962239583333	2.049075876031394
8.39962239583333	2.277151403280011
8.49962239583333	2.510041043430794
8.599622395833329	2.747511480418223
8.699622395833329	2.98939569459926
8.799622395833328	3.2355190168007373
8.899622395833328	3.485657122143373
8.999622395833327	3.739757624211796
9.099622395833327	3.9976090114914262
9.199622395833327	4.259096428279662
9.299622395833326	4.524048778620586
9.399622395833326	4.792338015701735
9.499622395833326	5.063914428478233
9.599622395833325	5.338580299804873
9.649990234375	5.478083526296835
1000009.6499902344	5.478083526296835
