-100000	0
7.25	0
7.253333333333333	0.0038474127461577755
7.258333333333333	0.009636255884389293
7.265833333333333	0.01835931618194532
7.277083333333334	0.03153316505396292
7.293958333333333	0.051493819243313935
7.319270833333333	0.08188071429475752
7.3572395833333335	0.12844729741571587
7.414192708333333	0.20048825316407715
7.499622395833333	0.31336403895119197
7.599622395833332	0.4525342960579877
7.699622395833332	0.5989964701389126
7.799622395833332	0.7524395623581489
7.899622395833331	0.912517496873024
7.999622395833331	1.0790166647499342
8.09962239583333	1.2516057885362166
8.19962239583333	1.4300847877839198
8.29962239583333	1.614164969681117
8.39962239583333	1.803660568944183
8.49962239583333	1.998310841173688
8.599622395833329	2.1979562052897452
8.699622395833329	2.4023365301301642
8.799622395833328	2.6113483887028246
8.899622395833328	2.8247384899032326
8.999622395833327	3.04240087866804
9.099622395833327	3.2641054324426606
9.199622395833327	3.489766866185824
9.299622395833326	3.7191786384137577
9.399622395833326	3.9522389246651284
9.499622395833326	4.1888283107169775
9.599622395833325	4.428798613554496
9.649990234375	4.550931505168931
1000009.6499902344	4.550931505168931
