-179769313486231570000000000000000000000000000000000000000000000000000000000000000000000000000000000000000000000000000000000000000000000000000000000000000000000000000000000000000000000000000000000000000000000000000000000000000000000000000000000000000000000000000000000000000000000000000000000000000000000000000	0
0.00000000000000010835776720341528	0
0.003333333333333442	0.019388000000000037
0.0066666666666667755	0.03877600000000009
0.011666666666666776	0.06785800000000017
0.019166666666666776	0.11148100000000027
0.030416666666666776	0.17691550000000045
0.04729166666666677	0.2750672500000007
0.07260416666666678	0.42229487500000107
0.11057291666666677	0.6431363125000016
0.1675260416666668	0.9743984687500026
0.2529557291666668	1.471291703125004
0.35295572916666684	2.0529317031250054
0.4529557291666668	2.634571703125007
0.5529557291666668	3.2162117031250084
0.6529557291666668	3.79785170312501
0.7529557291666668	4.379491703125011
0.8529557291666667	4.961131703125012
0.9529557291666667	5.542771703125014
1.0529557291666667	6.124411703125016
1.1000000000000003	6.671668296875021
179769313486231570000000000000000000000000000000000000000000000000000000000000000000000000000000000000000000000000000000000000000000000000000000000000000000000000000000000000000000000000000000000000000000000000000000000000000000000000000000000000000000000000000000000000000000000000000000000000000000000000000	6.671668296875021
