-179769313486231570000000000000000000000000000000000000000000000000000000000000000000000000000000000000000000000000000000000000000000000000000000000000000000000000000000000000000000000000000000000000000000000000000000000000000000000000000000000000000000000000000000000000000000000000000000000000000000000000000	0
0.00000000000000010835776720341528	0
0.003333333333333442	0.019388000000000054
0.0066666666666667755	0.03877600000000011
0.011666666666666776	0.0678580000000002
0.019166666666666776	0.1114810000000003
0.030416666666666776	0.1769155000000005
0.04729166666666677	0.27506725000000076
0.07260416666666678	0.4222948750000012
0.11057291666666677	0.6431363125000018
0.1675260416666668	0.9743984687500029
0.2529557291666668	1.4712917031250043
0.35295572916666684	2.0529317031250063
0.4529557291666668	2.6345717031250078
0.5529557291666668	3.2162117031250093
0.6529557291666668	3.7978517031250107
0.7529557291666668	4.379491703125012
0.8529557291666667	4.961131703125014
0.9529557291666667	5.542771703125016
1.0529557291666667	6.124411703125018
1.1000000000000003	6.671668296875023
179769313486231570000000000000000000000000000000000000000000000000000000000000000000000000000000000000000000000000000000000000000000000000000000000000000000000000000000000000000000000000000000000000000000000000000000000000000000000000000000000000000000000000000000000000000000000000000000000000000000000000000	6.671668296875023
