-179769313486231570000000000000000000000000000000000000000000000000000000000000000000000000000000000000000000000000000000000000000000000000000000000000000000000000000000000000000000000000000000000000000000000000000000000000000000000000000000000000000000000000000000000000000000000000000000000000000000000000000	0
0.0000000000000002666057974412421	0
0.0033333333333336003	0.00682121574474682
0.006666666666666933	0.013820927688647802
0.011666666666666933	0.024524552842473624
0.019166666666666932	0.040919554628114876
0.030416666666666932	0.06609239400042817
0.04729166666666693	0.10485443294143197
0.07260416666666694	0.16473275107026164
0.11057291666666694	0.257533805920283
0.16752604166666696	0.40179219669585486
0.252955729166667	0.626539638247192
0.35295572916666695	0.8988619805577455
0.45295572916666693	1.1784385986895383
0.5529557291666669	1.4633739472536353
0.6529557291666669	1.7522979760834152
0.7529557291666669	2.0441549661481497
0.8529557291666668	2.3380951183188623
0.9529557291666668	2.633412223500985
1.052955729166667	2.929505813142635
1.1000000000000008	3.208343887539249
179769313486231570000000000000000000000000000000000000000000000000000000000000000000000000000000000000000000000000000000000000000000000000000000000000000000000000000000000000000000000000000000000000000000000000000000000000000000000000000000000000000000000000000000000000000000000000000000000000000000000000000	3.208343887539249
