-179769313486231570000000000000000000000000000000000000000000000000000000000000000000000000000000000000000000000000000000000000000000000000000000000000000000000000000000000000000000000000000000000000000000000000000000000000000000000000000000000000000000000000000000000000000000000000000000000000000000000000000	0
0.0000000000000004440892098500626	0
0.0033333333333338544	0.02158552485405013
0.006666666666667265	0.04317104970784334
0.011666666666667158	0.07554933698805
0.01916666666666722	0.12411676790727755
0.030416666666667203	0.19696791428367943
0.047291666666667176	0.3062446338427951
0.07260416666666725	0.4701597131691233
0.11057291666666735	0.7160323321308371
0.1675260416666673	1.0848412605109043
0.2529557291666673	1.6380546529403768
0.3529557291666674	2.2856203978652037
0.4529557291666675	2.933186142558804
0.5529557291666676	3.5807518870211767
0.6529557291666677	4.228317631252322
0.7529557291666678	4.87588337525224
0.8529557291666678	5.523449119020931
0.9529557291666677	6.171014862558393
1.0529557291666678	6.818580605864629
1.1529557291666679	7.466146348939639
1.252955729166668	8.113712091783421
1.352955729166668	8.761277834395976
1.4529557291666682	9.408843576777304
1.5529557291666682	10.056409318927404
1.6529557291666683	10.703975060846277
1.7529557291666684	11.351540802533924
1.8529557291666685	11.999106543990342
1.9529557291666686	12.646672285215534
2.0529557291666687	13.294238026209499
2.1529557291666688	13.941803766972235
2.252955729166669	14.589369507509264
2.352955729166669	15.236935247887166
2.452955729166669	15.884500988208535
2.552955729166669	16.53206672852745
2.652955729166669	17.179632468846364
2.7529557291666693	17.827198209165278
2.8529557291666694	18.474763949484192
2.9529557291666695	19.122329689803106
3.052955729166669	19.76989543012202
3.1529557291666688	20.417461170440934
3.2529557291666684	21.065026910759848
3.352955729166668	21.71259265107876
3.4529557291666677	22.360158391397675
3.5529557291666674	23.00772413171659
3.652955729166667	23.655289872035503
3.7529557291666666	24.302855612354417
3.8529557291666663	24.95042135267333
3.952955729166666	25.597987092992245
4.052955729166666	26.24555283331116
4.152955729166665	26.893118573630073
4.252955729166665	27.540684313948987
4.3529557291666645	28.1882500542679
4.452955729166664	28.835815794586814
4.552955729166664	29.483381534905728
4.6529557291666634	30.130947275224642
4.752955729166663	30.778513015543556
4.852955729166663	31.42607875586247
4.952955729166662	32.07364449618138
5.052955729166662	32.72121023650029
5.152955729166662	33.3687759768192
5.252955729166661	34.12837528813516
5.352955729166661	35.056335288135166
5.452955729166661	35.98429528813517
5.55295572916666	36.91225528813518
5.65295572916666	37.840215288135184
5.7529557291666595	38.76817528813519
5.852955729166659	39.696135288135196
5.952955729166659	40.6240952881352
6.0529557291666585	41.55205528813521
6.152955729166658	42.48001528813521
6.252955729166658	43.40797528813522
6.352955729166657	44.335935288135225
6.452955729166657	45.26389528813523
6.552955729166657	46.19185528813524
6.652955729166656	47.11981528813524
6.752955729166656	48.04777528813525
6.852955729166656	48.975735288135255
6.952955729166655	49.90369528813526
7.052955729166655	50.831655288135266
7.152955729166655	51.75961528813527
7.252955729166654	52.68757528813528
7.352955729166654	53.615535288135284
7.4529557291666535	54.54349528813529
7.552955729166653	55.471455288135296
7.652955729166653	56.3994152881353
7.752955729166652	57.32737528813531
7.852955729166652	58.25533528813531
7.952955729166652	59.18329528813532
8.052955729166651	60.111255288135325
8.152955729166651	61.03921528813533
8.25295572916665	61.96717528813534
8.35295572916665	62.89513528813534
8.45295572916665	63.82309528813535
8.55295572916665	64.75105528813536
8.65295572916665	65.67901528813537
8.752955729166649	66.60697528813539
8.852955729166649	67.5349352881354
8.952955729166648	68.46289528813541
9.052955729166648	69.39085528813543
9.152955729166647	70.31881528813544
9.252955729166647	71.24677528813545
9.352955729166647	72.17473528813547
9.452955729166646	73.10269528813548
9.552955729166646	74.03065528813549
9.652955729166646	74.9586152881355
9.752955729166645	75.88657528813552
9.852955729166645	76.81453528813553
9.952955729166645	77.74249528813554
10.052955729166644	78.67045528813556
10.152955729166644	79.59841528813557
10.252955729166644	80.52637528813558
10.352955729166643	81.4543352881356
10.452955729166643	82.38229528813561
10.552955729166642	83.31025528813562
10.652955729166642	84.23821528813563
10.752955729166642	85.16617528813565
10.805	86.13207531938612
179769313486231570000000000000000000000000000000000000000000000000000000000000000000000000000000000000000000000000000000000000000000000000000000000000000000000000000000000000000000000000000000000000000000000000000000000000000000000000000000000000000000000000000000000000000000000000000000000000000000000000000	86.13207531938612
