-179769313486231570000000000000000000000000000000000000000000000000000000000000000000000000000000000000000000000000000000000000000000000000000000000000000000000000000000000000000000000000000000000000000000000000000000000000000000000000000000000000000000000000000000000000000000000000000000000000000000000000000	0
0.0000000000000004440892098500626	0
0.0033333333333338544	0.014221822618899482
0.006666666666667265	0.028443645237542045
0.011666666666667158	0.04977637916502322
0.01916666666666722	0.08177548005516205
0.030416666666667203	0.12977413138793112
0.047291666666667176	0.2017721083815976
0.07260416666666725	0.3097690738597518
0.11057291666666735	0.47176452204920444
0.1675260416666673	0.7147576942708804
0.2529557291666673	1.0792474524627658
0.3529557291666674	1.5059021303330784
0.4529557291666675	1.932556807978275
0.5529557291666676	2.359211485444674
0.6529557291666677	2.7858661627948442
0.7529557291666678	3.2125208400913676
0.8529557291666678	3.639175517381339
0.9529557291666677	4.065830194671309
1.0529557291666678	4.492484871961281
1.1529557291666679	4.919139549251253
1.252955729166668	5.345794226541225
1.352955729166668	5.772448903831196
1.4529557291666682	6.199103581121168
1.5529557291666682	6.62575825841114
1.6529557291666683	7.052412935701112
1.7529557291666684	7.479067612991083
1.8529557291666685	7.905722290281055
1.9529557291666686	8.332376967571026
2.0529557291666687	8.759031644860997
2.1529557291666688	9.185686322150968
2.252955729166669	9.612340999440939
2.352955729166669	10.03899567673091
2.452955729166669	10.46565035402088
2.552955729166669	10.892305031310851
2.652955729166669	11.386170528863895
2.7529557291666693	11.969290528863892
2.8529557291666694	12.55241052886389
2.9529557291666695	13.135530528863887
3.052955729166669	13.718650528863881
3.1529557291666688	14.301770528863875
3.2529557291666684	14.884890528863869
3.352955729166668	15.468010528863863
3.4529557291666677	16.051130528863858
3.5529557291666674	16.634250528863852
3.652955729166667	17.217370528863846
3.7529557291666666	17.80049052886384
3.8529557291666663	18.383610528863834
3.952955729166666	18.966730528863827
4.052955729166666	19.54985052886382
4.152955729166665	20.132970528863815
4.252955729166665	20.71609052886381
4.3529557291666645	21.299210528863803
4.452955729166664	21.882330528863797
4.552955729166664	22.46545052886379
4.6529557291666634	23.048570528863785
4.752955729166663	23.63169052886378
4.852955729166663	24.214810528863772
4.952955729166662	24.797930528863766
5.052955729166662	25.38105052886376
5.152955729166662	25.964170528863754
5.252955729166661	26.594006767405407
5.352955729166661	27.2940467674054
5.452955729166661	27.994086767405395
5.55295572916666	28.69412676740539
5.65295572916666	29.394166767405384
5.7529557291666595	30.094206767405378
5.852955729166659	30.794246767405372
5.952955729166659	31.494286767405367
6.0529557291666585	32.19432676740536
6.152955729166658	32.89436676740535
6.252955729166658	33.594406767405346
6.352955729166657	34.29444676740534
6.452955729166657	34.994486767405334
6.552955729166657	35.69452676740533
6.652955729166656	36.39456676740532
6.752955729166656	37.09460676740532
6.852955729166656	37.79464676740531
6.952955729166655	38.494686767405305
7.052955729166655	39.1947267674053
7.152955729166655	39.894766767405294
7.252955729166654	40.59480676740529
7.352955729166654	41.29484676740528
7.4529557291666535	41.994886767405276
7.552955729166653	42.69492676740527
7.652955729166653	43.394966767405265
7.752955729166652	44.09500676740526
7.852955729166652	44.79504676740525
7.952955729166652	45.49508676740525
8.052955729166651	46.19512676740524
8.152955729166651	46.895166767405236
8.25295572916665	47.59520676740523
8.35295572916665	48.295246767405224
8.45295572916665	48.99528676740522
8.55295572916665	49.69532676740521
8.65295572916665	50.39536676740521
8.752955729166649	51.0954067674052
8.852955729166649	51.795446767405195
8.952955729166648	52.49548676740519
9.052955729166648	53.195526767405184
9.152955729166647	53.89556676740518
9.252955729166647	54.59560676740517
9.352955729166647	55.29564676740517
9.452955729166646	55.99568676740516
9.552955729166646	56.695726767405155
9.652955729166646	57.39576676740515
9.752955729166645	58.09580676740514
9.852955729166645	58.79584676740514
9.952955729166645	59.49588676740513
10.052955729166644	60.195926767405126
10.152955729166644	60.89596676740512
10.252955729166644	61.596006767405115
10.352955729166643	62.29604676740511
10.452955729166643	62.9960867674051
10.552955729166642	63.6961267674051
10.652955729166642	64.39616676740509
10.752955729166642	65.09620676740508
10.805	65.82486819448876
179769313486231570000000000000000000000000000000000000000000000000000000000000000000000000000000000000000000000000000000000000000000000000000000000000000000000000000000000000000000000000000000000000000000000000000000000000000000000000000000000000000000000000000000000000000000000000000000000000000000000000000	65.82486819448876
