-179769313486231570000000000000000000000000000000000000000000000000000000000000000000000000000000000000000000000000000000000000000000000000000000000000000000000000000000000000000000000000000000000000000000000000000000000000000000000000000000000000000000000000000000000000000000000000000000000000000000000000000	0
0.006609415656489863	0
0.009942748989823197	0.00006830931748278529
0.01327608232315653	0.000368499877880004
0.01827608232315653	0.0014015536188998231
0.025776082323156528	0.004306988572751423
0.03702608232315653	0.010632024485162988
0.05390108232315653	0.023966923219480234
0.07921358232315653	0.08848661068966807
0.11718233232315653	0.18926030167686672
0.17413545732315655	0.3472695358227409
0.25956514482315657	0.5960073279389232
0.3595651448231566	0.9009662367657537
0.4595651448231566	1.2177938764294918
0.5595651448231566	1.5444955918157395
0.6595651448231565	1.8797161638084843
0.7595651448231565	2.2224878263043597
0.8595651448231565	2.5721069659908538
0.9595651448231565	2.9280711306594682
1.0595651448231564	3.290049837245744
1.1534633712768556	3.9825888115056856
179769313486231570000000000000000000000000000000000000000000000000000000000000000000000000000000000000000000000000000000000000000000000000000000000000000000000000000000000000000000000000000000000000000000000000000000000000000000000000000000000000000000000000000000000000000000000000000000000000000000000000000	3.9825888115056856
