-179769313486231570000000000000000000000000000000000000000000000000000000000000000000000000000000000000000000000000000000000000000000000000000000000000000000000000000000000000000000000000000000000000000000000000000000000000000000000000000000000000000000000000000000000000000000000000000000000000000000000000000	0
0.0006362049705973122	0
0.003969538303930646	0.00016970330644635549
0.00730287163726398	0.0007948898228043402
0.012302871637263978	0.002435623743846516
0.019802871637263977	0.005890096179131745
0.031052871637263977	0.012709310222379342
0.047927871637263975	0.025780073118963215
0.07324037163726398	0.0855980953597828
0.11120912163726399	0.19444934828891264
0.16816224663726398	0.3644018324674867
0.253591934137264	0.6308660296981896
0.353591934137264	0.9564460251192524
0.45359193413726395	1.2938396584983198
0.5535919341372639	1.6410888278811793
0.6535919341372639	1.996850306378888
0.7535919341372639	2.3601539757673162
0.8535919341372639	2.7302824564911403
0.9535919341372638	3.1067095017246253
1.053591934137264	3.489068691953217
1.1534633712768556	4.266461848250148
179769313486231570000000000000000000000000000000000000000000000000000000000000000000000000000000000000000000000000000000000000000000000000000000000000000000000000000000000000000000000000000000000000000000000000000000000000000000000000000000000000000000000000000000000000000000000000000000000000000000000000000	4.266461848250148
