-179769313486231570000000000000000000000000000000000000000000000000000000000000000000000000000000000000000000000000000000000000000000000000000000000000000000000000000000000000000000000000000000000000000000000000000000000000000000000000000000000000000000000000000000000000000000000000000000000000000000000000000	0
0.0204413158533129	0
0.023774649186646235	0.00015950463930450705
0.02710798251997957	0.0008515069461614204
0.03210798251997957	0.0025666977430024805
0.03960798251997957	0.006128379715675361
0.05085798251997957	0.013123505297196643
0.06773298251997957	0.06927987271057874
0.09304548251997957	0.16770515447433
0.13101423251997957	0.3193018943437156
0.18796735751997956	0.5535918189809375
0.2733970450199796	0.9169592257024832
0.3733970450199796	1.3564325357884395
0.4733970450199796	1.8080729917244869
0.5733970450199796	2.2697843159371205
0.6733970450199795	2.740086887606371
0.7733970450199795	3.21786714616214
0.8733970450199795	3.7022501797353504
0.9733970450199795	4.192526832663309
1.0733970450199795	4.688111211661685
1.1534633712768556	5.490159241153794
179769313486231570000000000000000000000000000000000000000000000000000000000000000000000000000000000000000000000000000000000000000000000000000000000000000000000000000000000000000000000000000000000000000000000000000000000000000000000000000000000000000000000000000000000000000000000000000000000000000000000000000	5.490159241153794
