-179769313486231570000000000000000000000000000000000000000000000000000000000000000000000000000000000000000000000000000000000000000000000000000000000000000000000000000000000000000000000000000000000000000000000000000000000000000000000000000000000000000000000000000000000000000000000000000000000000000000000000000	0
0.05346337127685552	0
0.056796704610188854	0.006821215744747548
0.06013003794352219	0.013820927688648454
0.06513003794352219	0.02452455284247416
0.07263003794352219	0.040919554628115334
0.08388003794352218	0.06609239400042835
0.10075503794352218	0.10485443294143176
0.12606753794352218	0.16473275107026086
0.16403628794352218	0.25753380592028186
0.2209894129435222	0.40179219669585164
0.3064191004435222	0.6265396382471872
0.40641910044352225	0.8988619805577382
0.5064191004435222	1.1784385986895298
0.6064191004435222	1.4633739472536251
0.7064191004435222	1.752297976083403
0.8064191004435222	2.0441549661481346
0.9064191004435221	2.3380951183188436
1.0064191004435221	2.633412223500963
1.1064191004435222	2.9295058131426095
1.1534633712768556	3.2083438875392183
179769313486231570000000000000000000000000000000000000000000000000000000000000000000000000000000000000000000000000000000000000000000000000000000000000000000000000000000000000000000000000000000000000000000000000000000000000000000000000000000000000000000000000000000000000000000000000000000000000000000000000000	3.2083438875392183
