-179769313486231570000000000000000000000000000000000000000000000000000000000000000000000000000000000000000000000000000000000000000000000000000000000000000000000000000000000000000000000000000000000000000000000000000000000000000000000000000000000000000000000000000000000000000000000000000000000000000000000000000	0
0.05346337127685552	0
0.056796704610188854	0.006821215744747418
0.06013003794352219	0.01382092768864819
0.06513003794352219	0.024524552842473787
0.07263003794352219	0.040919554628114876
0.08388003794352218	0.06609239400042767
0.10075503794352218	0.10485443294143074
0.12606753794352218	0.16473275107025914
0.16403628794352218	0.2575338059202787
0.2209894129435222	0.401792196695847
0.3064191004435222	0.626539638247181
0.40641910044352225	0.8988619805577305
0.5064191004435222	1.1784385986895198
0.6064191004435222	1.4633739472536131
0.7064191004435222	1.752297976083389
0.8064191004435222	2.0441549661481178
0.9064191004435221	2.338095118318824
1.0064191004435221	2.6334122235009403
1.1064191004435222	2.9295058131425837
1.1534633712768556	3.2083438875391903
179769313486231570000000000000000000000000000000000000000000000000000000000000000000000000000000000000000000000000000000000000000000000000000000000000000000000000000000000000000000000000000000000000000000000000000000000000000000000000000000000000000000000000000000000000000000000000000000000000000000000000000	3.2083438875391903
