-179769313486231570000000000000000000000000000000000000000000000000000000000000000000000000000000000000000000000000000000000000000000000000000000000000000000000000000000000000000000000000000000000000000000000000000000000000000000000000000000000000000000000000000000000000000000000000000000000000000000000000000	0
5.213	0
5.216333333333333	0.0032131585265953925
5.219666666666666	0.006426480089458173
5.224666666666666	0.011246764606003046
5.232166666666666	0.018477860602295088
5.243416666666667	0.029325974379471594
5.260291666666666	0.045601335804102604
5.285604166666666	0.07002116699807653
5.3235729166666665	0.10666649389529123
5.380526041666666	0.1616722152728514
5.465955729166666	0.2442604354500692
5.5659557291666655	0.3410522772751343
5.665955729166665	0.437966135627978
5.765955729166665	0.5349968351391979
5.865955729166664	0.6321394761998722
5.965955729166664	0.7293894305505444
6.065955729166664	0.8267423203930283
6.165955729166663	0.924194009756282
6.265955729166663	1.0217405601377731
6.365955729166663	1.1193782343534644
6.465955729166662	1.2171035057099278
6.565955729166662	1.3149129804638917
6.665955729166662	1.4128033891712342
6.765955729166661	1.5107716116086116
6.865955729166661	1.6088146049536292
6.9659557291666605	1.7069293777734518
7.06595572916666	1.8051130023540136
7.16595572916666	1.9033625418225406
7.265955729166659	2.0016750318841785
7.365955729166659	2.1000474686096964
7.465955729166659	2.198476744191124
7.565955729166658	2.2969596529005747
7.665955729166658	2.395492806271794
7.765955729166658	2.4940726247879415
7.865955729166657	2.5926953201753506
7.965955729166657	2.6913568280461426
8.065955729166657	2.790052752758858
8.165955729166656	2.8887783620103575
8.265955729166656	2.9875285163197116
8.365955729166656	3.086297658602429
8.465955729166655	3.1850797557419392
8.55	3.3511329504353826
179769313486231570000000000000000000000000000000000000000000000000000000000000000000000000000000000000000000000000000000000000000000000000000000000000000000000000000000000000000000000000000000000000000000000000000000000000000000000000000000000000000000000000000000000000000000000000000000000000000000000000000	3.3511329504353826
