-100001.1	0
-0.000000000008730793865652231	0
0.0033333333246026164	0.03255999992288622
0.00833333332460251	0.08139999992288342
0.015833333324602572	0.15465999992288557
0.027083333324602554	0.2645499999228882
0.04395833332460253	0.4293849999228906
0.0692708333246026	0.6766374999228938
0.1072395833246027	1.0475162499229027
0.16419270832460264	1.6038343749229143
0.24962239582460266	2.438311562422939
0.34962239582460275	3.4151115624229766
0.44962239582460284	4.3919115624230205
0.5496223958246029	5.368711562423071
0.649622395824603	6.345511562423129
0.7496223958246031	7.322311562423201
0.8496223958246032	8.299111562423276
0.9496223958246031	9.275911562423358
1.0496223958246031	10.252711562423448
1.1496223958246032	11.22951156242355
1.2496223958246033	12.206311562423659
1.3496223958246034	13.183111562423765
1.4496223958246035	14.159911562423886
1.5496223958246036	15.13671156242403
1.6496223958246037	16.11351156242416
1.7496223958246038	17.09031156242431
1.8496223958246039	18.06711156242446
1.949622395824604	19.043911562424626
2.049622395824604	20.020711562424797
2.149622395824604	20.997511562424965
2.249622395824604	21.974311562425154
2.3496223958246043	22.95111156242535
2.4496223958246044	23.92791156242555
2.5496223958246045	24.90471156242576
2.6496223958246046	25.88151156242598
2.7496223958246047	26.858311562426206
2.8496223958246047	27.835111562426427
2.949622395824605	28.811911562426666
3.0496223958246045	29.78871156242691
3.149622395824604	30.76551156242715
3.2496223958246038	31.742311562427417
3.3496223958246034	32.719111562427685
3.449622395824603	33.695911562427966
3.5496223958246027	34.67271156242825
3.6496223958246023	35.649511562428536
3.749622395824602	36.62631156242885
3.8496223958246016	37.603111562429156
3.9496223958246013	38.57991156242945
4.049622395824601	39.55671156242977
4.149622395824601	40.53351156243012
4.2496223958246	41.510311562430466
4.3496223958246	42.4871115624308
4.4496223958245995	43.46391156243115
4.549622395824599	44.44071156243151
4.649622395824599	45.41751156243186
4.749622395824598	46.39431156243223
4.849622395824598	47.371111562432624
4.949622395824598	48.34791156243302
5.049622395824597	49.324711562433436
5.149622395824597	50.30151156243384
5.249622395824597	51.278311562434254
5.349622395824596	52.255111562434685
5.449622395824596	53.23191156243511
5.549622395824596	54.20871156243555
5.649622395824595	55.18551156243596
5.749622395824595	56.16231156243639
5.8496223958245945	57.13911156243682
5.949622395824594	58.11591156243722
6.049622395824594	59.09271156243761
6.1496223958245935	60.06951156243798
6.249622395824593	61.046311562438376
6.349622395824593	62.02311156243869
6.449622395824592	62.999911562439074
6.549622395824592	63.9767115624394
6.649622395824592	64.95351156243977
6.749622395824591	65.93031156244005
6.849622395824591	66.90711156244038
6.949622395824591	67.88391156244069
7.04962239582459	68.86071156244098
7.14962239582459	69.83751156244126
7.24962239582459	70.81431156244152
7.349622395824589	71.79111156244181
7.449622395824589	72.76791156244207
7.5496223958245885	73.74471156244236
7.649622395824588	74.72151156244256
7.749622395824588	75.69831156244283
7.849622395824587	76.67511156244302
7.949622395824587	77.65191156244323
8.049622395824587	78.62871156244347
8.149622395824586	79.60551156244368
8.249622395824586	80.58231156244383
8.349622395824586	81.55911156244403
8.449622395824585	82.5359115624442
8.549622395824585	83.51271156244437
8.649622395824585	84.4895115624445
8.749622395824584	85.46631156244459
8.849622395824584	86.44311156244476
8.949622395824584	87.41991156244488
9.049622395824583	88.39671156244502
9.149622395824583	89.3735115624451
9.249622395824582	90.35031156244524
9.349622395824582	91.3271115624453
9.449622395824582	92.30391156244535
9.549622395824581	93.28071156244542
9.649622395824581	94.25751156244546
9.74962239582458	95.23431156244557
9.84962239582458	96.21111156244555
9.94962239582458	97.18791156244563
10.04962239582458	98.16471156244567
10.14962239582458	99.14151156244567
10.249622395824579	100.11831156244564
10.349622395824579	101.09511156244568
10.449622395824578	102.0719115624457
10.549622395824578	103.04871156244567
10.649622395824577	104.02551156244576
10.749622395824577	105.00231156244568
10.805	105.54324000003122
1000010.805	105.54324000003122
