-100007.9815	0
0	0
0.0033333333333329662	0.0000000000000000000000000000000003851859888774472
0.00833333333333286	0.0000000000000000000000000000000030814879110195774
0.015833333333333144	0.0000000000000000000000000000000015407439555097887
0.027083333333332682	0
0.04395833333333332	0
0.06927083333333339	0.00000000000000000000000000000001232595164407831
0.10723958333333261	0.000000000000000000000000000000018488927466117464
0.16419270833333233	0
0.2496223958333319	0
0.34962239583333155	0
0.4496223958333312	0.00000000000000000000000000000005854827030937197
0.5496223958333308	0.00000000000000000000000000000003235562306570556
0.6496223958333305	0
0.7496223958333301	0.0000000000000000000000000000004868750899410932
0.8496223958333298	0.00000000000000000000000000000011093356479670479
0.9496223958333294	0.00000000000000000000000000000034512664603419266
1.049622395833329	0
1.1496223958333287	0.0000000000000000000000000000009614242282381081
1.2496223958333283	0.0000000000000000000000000000002341930812374879
1.349622395833328	0.00000000000000000000000000000028965986363584027
1.4496223958333276	0.00000000000000000000000000000015407439555097887
1.5496223958333273	0.0000000000000000000000000000004930380657631324
1.649622395833327	0.00000000000000000000000000000013096323621833204
1.6685000000000008	0.00000000000000000000000000000014791141972893971
1000001.6685	0.00000000000000000000000000000014791141972893971
