-179769313486231570000000000000000000000000000000000000000000000000000000000000000000000000000000000000000000000000000000000000000000000000000000000000000000000000000000000000000000000000000000000000000000000000000000000000000000000000000000000000000000000000000000000000000000000000000000000000000000000000000	0
0	0
0.0033333333333333335	0.01938799999999986
0.006666666666666667	0.03877599999999973
0.011666666666666667	0.06785799999999953
0.019166666666666665	0.11148099999999922
0.030416666666666665	0.17691549999999875
0.04729166666666666	0.27506724999999804
0.07260416666666666	0.42229487499999707
0.11057291666666666	0.6431363124999956
0.16752604166666668	0.9743984687499934
0.2529557291666667	1.47129170312499
0.35295572916666673	2.052931703124986
0.4529557291666667	2.6345717031249816
0.5529557291666667	3.2162117031249773
0.6529557291666667	3.797851703124973
0.7529557291666666	4.379491703124969
0.8529557291666666	4.961131703124964
0.9529557291666666	5.54277170312496
1.0529557291666667	6.124411703124957
1.1	6.671668296874953
179769313486231570000000000000000000000000000000000000000000000000000000000000000000000000000000000000000000000000000000000000000000000000000000000000000000000000000000000000000000000000000000000000000000000000000000000000000000000000000000000000000000000000000000000000000000000000000000000000000000000000000	6.671668296874953
