-179769313486231570000000000000000000000000000000000000000000000000000000000000000000000000000000000000000000000000000000000000000000000000000000000000000000000000000000000000000000000000000000000000000000000000000000000000000000000000000000000000000000000000000000000000000000000000000000000000000000000000000	0
0.00000000000000008268133652481123	0
0.0033333333333334164	0.019387998603794084
0.0066666666666667495	0.03877599860379432
0.011666666666666749	0.06785799860379467
0.01916666666666675	0.1114809986037952
0.030416666666666748	0.17691549860379602
0.047291666666666746	0.2750672486037972
0.07260416666666675	0.422294873603799
0.11057291666666674	0.6431363111038018
0.16752604166666674	0.9743984673538058
0.25295572916666675	1.4712917017288119
0.35295572916666673	2.052931701728819
0.4529557291666667	2.6345717017288264
0.5529557291666667	3.2162117017288336
0.6529557291666667	3.797851701728841
0.7529557291666666	4.379491701728848
0.8529557291666666	4.961131701728855
0.9529557291666666	5.542771701728863
1.0529557291666667	6.124411701728871
1.1	6.671668295478878
179769313486231570000000000000000000000000000000000000000000000000000000000000000000000000000000000000000000000000000000000000000000000000000000000000000000000000000000000000000000000000000000000000000000000000000000000000000000000000000000000000000000000000000000000000000000000000000000000000000000000000000	6.671668295478878
