-179769313486231570000000000000000000000000000000000000000000000000000000000000000000000000000000000000000000000000000000000000000000000000000000000000000000000000000000000000000000000000000000000000000000000000000000000000000000000000000000000000000000000000000000000000000000000000000000000000000000000000000	0
0.0000000000000004134066826240577	0
0.003333333333333747	0.019387987003022657
0.006666666666667081	0.0387759870030229
0.011666666666667082	0.06785798700302326
0.01916666666666708	0.1114809870030238
0.03041666666666708	0.17691548700302462
0.04729166666666708	0.2750672370030258
0.07260416666666708	0.4222948620030277
0.11057291666666708	0.6431362995030304
0.16752604166666707	0.9743984557530345
0.2529557291666671	1.4712916901280408
0.35295572916666706	2.052931690128048
0.45295572916666704	2.6345716901280554
0.552955729166667	3.2162116901280626
0.652955729166667	3.79785169012807
0.752955729166667	4.379491690128077
0.852955729166667	4.961131690128084
0.9529557291666669	5.542771690128092
1.052955729166667	6.124411690128099
1.1	6.671668283878104
179769313486231570000000000000000000000000000000000000000000000000000000000000000000000000000000000000000000000000000000000000000000000000000000000000000000000000000000000000000000000000000000000000000000000000000000000000000000000000000000000000000000000000000000000000000000000000000000000000000000000000000	6.671668283878104
