-100000	0
-0.0000000000000002220446049250313	0
0.0033333333333331115	0.007458280320242567
0.008333333333333111	0.019366160782505446
0.01583333333333311	0.038201275616965936
0.02708333333333311	0.06765454372691523
0.04395833333333311	0.11198855803353473
0.06927083333333311	0.18112697113953846
0.10723958333333311	0.2879558510464932
0.1641927083333331	0.45391694846480835
0.24962239583333312	0.7088807360862827
0.3496223958333331	1.0239583921588922
0.4496223958333331	1.350307951315805
0.549622395833333	1.684729341028664
0.649622395833333	2.0280106028908587
0.749622395833333	2.3826655967771977
0.849622395833333	2.7362374162014036
0.949622395833333	3.0938027545948703
1.049622395833333	3.449999701783197
1.1	3.620825490092667
1000001.1	3.620825490092667
