-100000	0
-0.0000000000000002220446049250313	0
0.0033333333333331115	0.009203270544615864
0.008333333333333111	0.023244585421525278
0.01583333333333311	0.04480804538598833
0.02708333333333311	0.0779641566662036
0.04395833333333311	0.1291260760713098
0.06927083333333311	0.20839524490315098
0.10723958333333311	0.33165847218125866
0.1641927083333331	0.5240834317484373
0.24962239583333312	0.8253721074605479
0.3496223958333331	1.1929367615743427
0.4496223958333331	1.5730497249077227
0.549622395833333	1.96329603471632
0.649622395833333	2.362014904853353
0.749622395833333	2.767901121934353
0.849622395833333	3.1799729848653198
0.949622395833333	3.597359653429078
1.049622395833333	4.019396267962159
1.1	4.233573001841149
1000001.1	4.233573001841149
