-100000	0
-0.0000000000000002220446049250313	0
0.0033333333333331115	0.010147860311978077
0.008333333333333111	0.025624301286332918
0.01583333333333311	0.04938075217542526
0.02708333333333311	0.08586280978684709
0.04395833333333311	0.14203444384587588
0.06927083333333311	0.22886512125057185
0.10723958333333311	0.3635580136014304
0.1641927083333331	0.5732509583474524
0.24962239583333312	0.9007505993296592
0.3496223958333331	1.2992495960623065
0.4496223958333331	1.7105420146117898
0.549622395833333	2.132135884297028
0.649622395833333	2.562307060562697
0.749622395833333	2.9997326428531035
0.849622395833333	3.443401223024134
0.949622395833333	3.8924167934760803
1.049622395833333	4.346081081698688
1.1	4.576177372102055
1000001.1	4.576177372102055
