-100000	0
-0.0000000000000002220446049250313	0
0.0033333333333331115	0.012506065337575808
0.008333333333333111	0.03158535071505461
0.01583333333333311	0.06076200052768164
0.02708333333333311	0.10538091705709765
0.04395833333333311	0.17377248059196512
0.06927083333333311	0.2789045167171326
0.10723958333333311	0.44100393602312704
0.1641927083333331	0.6916605742826514
0.24962239583333312	1.0804136720210498
0.3496223958333331	1.5502295007720592
0.4496223958333331	2.0323523895294904
0.549622395833333	2.5243320750755474
0.649622395833333	3.024349173967766
0.749622395833333	3.5310661724907115
0.849622395833333	4.043426501447051
0.949622395833333	4.560508410953232
1.049622395833333	5.081572121838554
1.1	5.34538184853568
1000001.1	5.34538184853568
