-100000	0
-0.0000000000000002220446049250313	0
0.0033333333333331115	0.012964019699576551
0.008333333333333111	0.03274375273657291
0.01583333333333311	0.06296671366260671
0.02708333333333311	0.10914849312304137
0.04395833333333311	0.17987113023259227
0.06927083333333311	0.28846808435621973
0.10723958333333311	0.45569705384088854
0.1641927083333331	0.7139317249749716
0.24962239583333312	1.1138430882191388
0.3496223958333331	1.5964490450298006
0.4496223958333331	2.0910765154812414
0.549622395833333	2.5953028957063236
0.649622395833333	3.1073178496471643
0.749622395833333	3.6258100748467936
0.849622395833333	4.149709969011629
0.949622395833333	4.678118175664957
1.049622395833333	5.210290210857199
1.1	5.479612713121132
1000001.1	5.479612713121132
