-100000	0
-0.0000000000000002220446049250313	0
0.0033333333333331115	0.004580558579284807
0.008333333333333111	0.011823220943432468
0.01583333333333311	0.023212488001152245
0.02708333333333311	0.04109967601532419
0.04395833333333311	0.06931261152812686
0.06927083333333311	0.11399264649073505
0.10723958333333311	0.18505572420048874
0.1641927083333331	0.2985146153339914
0.24962239583333312	0.4802933988078258
0.3496223958333331	0.7063296618260111
0.4496223958333331	0.9432632956470921
0.549622395833333	1.1887021836736165
0.649622395833333	1.4410101313186703
0.749622395833333	1.6988805080014115
0.849622395833333	1.9612734911367957
0.949622395833333	2.2273399859286895
1.049622395833333	2.496357325407274
1.1	2.6328007301607075
1000001.1	2.6328007301607075
