-100000	0
0	0
0.0033333333333333335	0.006767182259292975
0.008333333333333333	0.01726128461251159
0.01583333333333333	0.03341893016017787
0.02708333333333333	0.05831925081084531
0.043958333333333335	0.09674664124444318
0.06927083333333334	0.15620973130804094
0.10723958333333333	0.24842533762641633
0.16419270833333333	0.3919920427965698
0.24962239583333334	0.6158097614774364
0.3496223958333333	0.8871351005659833
0.4496223958333333	1.165785394806807
0.5496223958333333	1.4498848997779583
0.6496223958333333	1.7380313105016971
0.7496223958333332	2.029174456999963
0.8496223958333332	2.3224704214795713
0.9496223958333332	2.6172132592491475
1.0496223958333333	2.912819179820277
1.1	3.0618963610245236
1000001.1	3.0618963610245236
