-100000	0
0	0
0.0033333333333333335	0.006764272355534278
0.008333333333333333	0.017256067421450378
0.01583333333333333	0.03341250876189721
0.02708333333333333	0.05831362033467062
0.043958333333333335	0.09674034390191427
0.06927083333333334	0.1562041035275806
0.10723958333333333	0.24841959738808447
0.16419270833333333	0.39198485476971184
0.24962239583333334	0.6157979813746363
0.3496223958333333	0.8871160634687862
0.4496223958333333	1.1657572364224018
0.5496223958333333	1.44985679830818
0.6496223958333333	1.7380029256792706
0.7496223958333332	2.0291458500931974
0.8496223958333332	2.322441726232097
0.9496223958333332	2.6171843609337215
1.0496223958333333	2.912790195020027
1.1	3.0618673762242974
1000001.1	3.0618673762242974
