-100000	0
0	0
0.0033333333333333335	0.006750429175747021
0.008333333333333333	0.017246188312694633
0.01583333333333333	0.03340991667543194
0.02708333333333333	0.058310521251777034
0.043958333333333335	0.09673615351341068
0.06927083333333334	0.15620016452254376
0.10723958333333333	0.24845412979928516
0.16419270833333333	0.39201431048127344
0.24962239583333334	0.6158278604844184
0.3496223958333333	0.8871489847175309
0.4496223958333333	1.1657982832521496
0.5496223958333333	1.4498910008537884
0.6496223958333333	1.7380332130812801
0.7496223958333332	2.029174735662035
0.8496223958333332	2.3224699319872255
0.9496223958333332	2.617211818424673
1.0496223958333333	2.91281793773291
1.1	3.061895468606763
1000001.1	3.061895468606763
