-179769313486231570000000000000000000000000000000000000000000000000000000000000000000000000000000000000000000000000000000000000000000000000000000000000000000000000000000000000000000000000000000000000000000000000000000000000000000000000000000000000000000000000000000000000000000000000000000000000000000000000000	0
0	0
0.0033333333333329662	0.0012467529325539183
0.0066666666666659324	0.0025046621207963473
0.011666666666665826	0.004412427391272428
0.01916666666666611	0.007321051236051604
0.030416666666666536	0.011789398860637283
0.04729166666666629	0.018727639273507627
0.07260416666666636	0.029661131343697703
0.11057291666666647	0.04723063145985839
0.16752604166666618	0.07616754166183728
0.25295572916666664	0.12522734922168932
0.3529557291666663	0.1909689162859014
0.45295572916666593	0.2653121274542208
0.5529557291666656	0.34789548268562975
0.6529557291666652	0.43837937905653346
0.7529557291666649	0.536443962307451
0.8529557291666645	0.6417874256105129
0.9529557291666642	0.7541244309772712
1.0529557291666638	0.8731847796292228
1.1529557291666634	0.9987122562697908
1.252955729166663	1.1304635854146925
1.3529557291666627	1.2682074932607792
1.4529557291666624	1.411723888101825
1.552955729166662	1.5608031315691517
1.6529557291666617	1.7152453221963258
1.7529557291666613	1.8748597761076924
1.852955729166661	2.0394644149787102
1.9529557291666606	2.2088852702397928
2.0529557291666602	2.3829560854006155
2.15295572916666	2.561517937359425
2.2529557291666595	2.7444186556726593
2.352955729166659	2.931512716803963
2.399990234375	3.1107754530955884
179769313486231570000000000000000000000000000000000000000000000000000000000000000000000000000000000000000000000000000000000000000000000000000000000000000000000000000000000000000000000000000000000000000000000000000000000000000000000000000000000000000000000000000000000000000000000000000000000000000000000000000	3.1107754530955884
