-179769313486231570000000000000000000000000000000000000000000000000000000000000000000000000000000000000000000000000000000000000000000000000000000000000000000000000000000000000000000000000000000000000000000000000000000000000000000000000000000000000000000000000000000000000000000000000000000000000000000000000000	0
5.213	0
5.216333333333333	0.003027961000878634
5.219666666666666	0.006056812823640418
5.224666666666666	0.010601750813569715
5.232166666666666	0.017422879964469964
5.243416666666667	0.02766295494916022
5.260291666666666	0.04304176416391129
5.285604166666666	0.06615151911036529
5.3235729166666665	0.10090783484148505
5.380526041666666	0.15324263999631904
5.465955729166666	0.23217593706833994
5.5659557291666655	0.32518954254430527
5.665955729166665	0.41882155785709396
5.765955729166665	0.5130234016413986
5.865955729166664	0.6077487275442645
5.965955729166664	0.7029530141065671
6.065955729166664	0.7985939291247764
6.165955729166663	0.8946312856385492
6.265955729166663	0.9910270127784483
6.365955729166663	1.0877451534836773
6.465955729166662	1.184751994196257
6.565955729166662	1.2820157319908043
6.665955729166662	1.379506676908395
6.765955729166661	1.4771963545502251
6.865955729166661	1.5750606144497987
6.9659557291666605	1.6730758165482464
7.06595572916666	1.7712205795724327
7.16595572916666	1.8694756372719756
7.265955729166659	1.9678234785752942
7.365955729166659	2.0662486659707873
7.465955729166659	2.164737697701654
7.565955729166658	2.2632787341925353
7.665955729166658	2.361861904454757
7.765955729166658	2.460479325646958
7.865955729166657	2.559124840341897
7.965955729166657	2.657793697671785
8.065955729166657	2.756482331495661
8.165955729166656	2.8551883175797927
8.265955729166656	2.9539112987100666
8.365955729166656	3.0526519024656467
8.465955729166655	3.1514108629484188
8.55	3.3174568810762954
179769313486231570000000000000000000000000000000000000000000000000000000000000000000000000000000000000000000000000000000000000000000000000000000000000000000000000000000000000000000000000000000000000000000000000000000000000000000000000000000000000000000000000000000000000000000000000000000000000000000000000000	3.3174568810762954
