-179769313486231570000000000000000000000000000000000000000000000000000000000000000000000000000000000000000000000000000000000000000000000000000000000000000000000000000000000000000000000000000000000000000000000000000000000000000000000000000000000000000000000000000000000000000000000000000000000000000000000000000	0
5.213	0
5.216333333333333	0.0032470648377096204
5.219666666666666	0.006494173755088196
5.224666666666666	0.011364919691969153
5.232166666666666	0.01867122407543297
5.243416666666667	0.02963109698844723
5.260291666666666	0.04607183978147016
5.285604166666666	0.07073504341785317
5.3235729166666665	0.10773418969837635
5.380526041666666	0.16324320240246007
5.465955729166666	0.2465308625514543
5.5659557291666655	0.34406088326487855
5.665955729166665	0.44163234067102086
5.765955729166665	0.5392464400940762
5.865955729166664	0.6369043527216702
5.965955729166664	0.7346072699173867
6.065955729166664	0.832356323206889
6.165955729166663	0.9301526037616847
6.265955729166663	1.0279971467314222
6.365955729166663	1.1258908998676185
6.465955729166662	1.223834711802723
6.565955729166662	1.3218293263405998
6.665955729166662	1.4198753308892147
6.765955729166661	1.517973163063838
6.865955729166661	1.6161230937399067
6.9659557291666605	1.7143251754392528
7.06595572916666	1.8125792414115036
7.16595572916666	1.9108848934946001
7.265955729166659	2.0092414590212004
7.365955729166659	2.1076479708647016
7.465955729166659	2.2061031420557495
7.565955729166658	2.3046053433600417
7.665955729166658	2.4031525817491377
7.765955729166658	2.5017424756718993
7.865955729166657	2.600372208150379
7.965955729166657	2.69903851148645
8.065955729166657	2.7977376659937576
8.165955729166656	2.896465425896739
8.265955729166656	2.9952170143315393
8.365955729166656	3.093987076723049
8.465955729166655	3.192769707926736
8.55	3.3588231261814094
179769313486231570000000000000000000000000000000000000000000000000000000000000000000000000000000000000000000000000000000000000000000000000000000000000000000000000000000000000000000000000000000000000000000000000000000000000000000000000000000000000000000000000000000000000000000000000000000000000000000000000000	3.3588231261814094
