-100000	0
3.8889951171875	0
3.8923284505208335	0
3.8973284505208334	0
3.9048284505208333	0
3.9160784505208333	0
3.9329534505208334	0
3.9582659505208335	0
3.9962347005208336	0
4.053187825520833	0
4.138617513020833	0
4.238617513020833	0.0000000000000000000000000000000030814879110195774
4.338617513020832	0.00000000000000000000000000000002465190328815662
4.438617513020832	0.00000000000000000000000000000002465190328815662
4.5386175130208315	0.0000000000000000000000000000000041166752561277166
4.638617513020831	0.00000000000000000000000000000005854827030937197
4.738617513020831	0.00000000000000000000000000000010888124569971714
4.83861751302083	0.00000000000000000000000000000009039382286636873
4.93861751302083	0
5.03861751302083	0
5.138617513020829	0.00000000000000000000000000000028344873956519144
5.238617513020829	0.0000000000000000000000000000007888609052210118
5.338617513020829	0.000000000000000000000000000000328178462523585
5.438617513020828	0.0000000000000000000000000000009937798513038137
5.538617513020828	0.0000000000000000000000000000005134529231736371
5.638617513020828	0.00000000000000000000000000000016023737137301802
5.738617513020827	0.0000000000000000000000000000005115269932292498
5.838617513020827	0.00000000000000000000000000000018488927466117464
5.9386175130208265	0
6.038617513020826	0.0000000000000000000000000000004930380657631324
6.138617513020826	0.0000000000000000000000000000030506730319093816
6.2386175130208255	0.0000000000000000000000000000009675872040601473
6.338617513020825	0.0007604100608923636
6.438617513020825	0.007053805709435052
6.538617513020824	0.018552939708624698
6.638617513020824	0.03503476444425028
6.738617513020824	0.05641252680868789
6.838617513020823	0.08243478235269465
6.938617513020823	0.11292216539420696
7.038617513020823	0.14768232418433483
7.138617513020822	0.1865461511184419
7.238617513020822	0.2293185058330865
7.3386175130208215	0.2758329637047479
7.438617513020821	0.3258884428628784
7.538617513020821	0.37934639631137335
7.6386175130208205	0.4360214738174899
7.73861751302082	0.49575918540174374
7.83861751302082	0.5583917546287196
7.938617513020819	0.6237573675122622
8.038617513020819	0.6917155658926892
8.138617513020819	0.7621302722510699
8.238617513020818	0.834831866829551
8.338617513020818	0.909686348072732
8.438617513020818	0.9865453099435301
8.538617513020817	1.0653809508983658
8.638617513020817	1.1459985413672136
8.738617513020817	1.22831885063995
8.838617513020816	1.312209623901722
8.938617513020816	1.397634887448309
9.038617513020816	1.4844251094908458
9.138617513020815	1.572452914357015
9.238617513020815	1.6616143983909115
9.338617513020814	1.7517903856878414
9.438617513020814	1.8429462011715474
9.538617513020814	1.9349075740847037
9.638617513020813	2.027585909642162
9.65	2.038178349778541
1000009.65	2.038178349778541
