-100000	0
2.5	0
2.5033333333333334	0.002134830364842317
2.5083333333333333	0.005348874702684408
2.515833333333333	0.010196489309766665
2.527083333333333	0.01752764612875496
2.5439583333333333	0.02865877831115647
2.5692708333333334	0.04565783291612786
2.6072395833333335	0.07183661318413664
2.6641927083333337	0.11263927639234074
2.7496223958333337	0.17729800711315558
2.8496223958333338	0.25823712943599103
2.949622395833334	0.3448180541765702
3.049622395833334	0.4370432098279199
3.149622395833334	0.5348799495446535
3.249622395833334	0.6382612205020312
3.349622395833334	0.747133798653154
3.4496223958333343	0.8614561416886877
3.5496223958333344	0.9811756971796372
3.6496223958333345	1.1062063174512071
3.7496223958333346	1.236464162515172
3.8496223958333347	1.3718811387124747
3.9496223958333347	1.512347328605186
4.049622395833334	1.6577812151075106
4.149622395833334	1.8080920461592949
4.249622395833334	1.9631487104088727
4.349622395833333	2.1229220714879404
4.449622395833333	2.2872315155431058
4.549622395833333	2.4560606179360933
4.649622395833332	2.629305044069894
4.749622395833332	2.806835509058898
4.8496223958333315	2.988562782402102
4.949622395833331	3.1743826985454944
5.049622395833331	3.3642241672677895
5.1496223958333305	3.557932655319229
5.24962239583333	3.7554665657289656
5.34962239583333	3.9566835327999605
5.449622395833329	4.161511977738611
5.549622395833329	4.369829292034904
5.649622395833329	4.581598673994804
5.749622395833328	4.796680574922693
5.849622395833328	5.014981395893506
5.949622395833328	5.2364227152825285
6.049622395833327	5.4608884243369165
6.149622395833327	5.688310257744976
6.249622395833327	5.918561466644285
6.349622395833326	5.8651419773499605
6.449622395833326	5.994649888196337
6.5496223958333255	6.130288432078278
6.649622395833325	6.266873167556742
6.749622395833325	6.397449811944578
6.849622395833324	6.468533979099691
6.949622395833324	6.541494666242287
7.049622395833324	6.614387945372471
7.149622395833323	6.723546014934094
7.249622395833323	6.805960768666657
7.349622395833323	6.890445482302219
7.449622395833322	6.97534724003744
7.549622395833322	7.0584021145874205
7.649622395833322	7.143754383937378
7.749622395833321	7.230655281977592
7.849622395833321	7.315472786638799
7.9496223958333205	7.40462560981074
8.049622395833321	7.492434159058544
8.14962239583332	7.585690198709742
8.24962239583332	7.676484291654614
8.34962239583332	7.770130813296572
8.44962239583332	7.859729999668929
8.54962239583332	7.950877502803897
8.649622395833319	8.039516606224009
8.749622395833319	8.135264175945911
8.849622395833318	8.231398411701669
8.949622395833318	8.319947812660226
9.049622395833318	8.410824856466387
9.149622395833317	8.502207747579519
9.249622395833317	8.596932345425298
9.349622395833316	8.685563055775129
9.449622395833316	8.778630034549845
9.549622395833316	8.869324451310094
9.649622395833315	8.956889367532288
9.65	8.877102363506275
1000009.65	8.877102363506275
