-100000	0
2.5	0
2.5033333333333334	0.004016330549701594
2.5083333333333333	0.010056098578058668
2.515833333333333	0.019150121094437655
2.527083333333333	0.03286851548673149
2.5439583333333333	0.053620259764128146
2.5692708333333334	0.08514002786474809
2.6072395833333335	0.13330306125937585
2.6641927083333337	0.20753705691277446
2.7496223958333337	0.3233390982285842
2.8496223958333338	0.4658383214035707
2.949622395833334	0.6153118950993286
3.049622395833334	0.7712628252350043
3.149622395833334	0.934088386140296
3.249622395833334	1.1036077529571362
3.349622395833334	1.2799064025205187
3.4496223958333343	1.4610004014371565
3.5496223958333344	1.6536746404446165
3.6496223958333345	1.8454619602931712
3.7496223958333346	2.045408406093098
3.8496223958333347	2.2525573423499936
3.9496223958333347	2.4549898357239863
4.049622395833334	2.670947858247816
4.149622395833334	2.885456436288542
4.249622395833334	3.107547523022777
4.349622395833333	3.3345698749487127
4.449622395833333	3.561278007000296
4.549622395833333	3.789750827465203
4.649622395833332	4.018912376325962
4.749622395833332	4.26463797625863
4.8496223958333315	4.501841778675573
4.949622395833331	4.745937530092323
5.049622395833331	4.988048195254065
5.1496223958333305	5.238532477041323
5.24962239583333	5.492039918093505
5.34962239583333	5.73942955086063
5.449622395833329	5.996910555485675
5.549622395833329	6.259172248651604
5.649622395833329	6.522336103851169
5.749622395833328	6.7865878302778935
5.849622395833328	7.061388674898302
5.949622395833328	7.3371089525731215
6.049622395833327	7.616287446317229
6.149622395833327	7.884421291887871
6.249622395833327	8.150910467482355
6.349622395833326	8.341710685335233
6.449622395833326	8.504825749575144
6.5496223958333255	8.67672979643767
6.649622395833325	8.846922691078834
6.749622395833325	9.026544704566515
6.849622395833324	9.202679297197802
6.949622395833324	9.380801252374576
7.049622395833324	9.555924132875505
7.149622395833323	9.73681857856005
7.249622395833323	9.916872022273976
7.349622395833323	10.094911665335879
7.449622395833322	10.26998089087979
7.549622395833322	10.447563969246765
7.649622395833322	10.621018654419572
7.749622395833321	10.799551488848627
7.849622395833321	10.976526020861744
7.9496223958333205	11.152266345281008
8.049622395833321	11.330507925563724
8.14962239583332	11.506374562048688
8.24962239583332	11.686318184091444
8.34962239583332	11.866874555999848
8.44962239583332	12.055211068096584
8.54962239583332	12.25455299249331
8.649622395833319	12.44720554990926
8.749622395833319	12.641770140209182
8.849622395833318	12.854279076302344
8.949622395833318	13.058762248428312
9.049622395833318	13.253790081678012
9.149622395833317	13.454522580432654
9.249622395833317	13.653157390070671
9.349622395833316	13.854406714102618
9.449622395833316	14.04756083349905
9.549622395833316	14.243628535307538
9.649622395833315	14.425972037403149
9.65	14.412629658906608
1000009.65	14.412629658906608
