-100002.5	0
0	0
0.0033333333333334103	0.000000000000000000000000000000000005266214691683848
0.008333333333333304	0.00000000000000000000000000000000003159728815010309
0.015833333333333144	0.00000000000000000000000000000000005416677968589101
0.027083333333333126	0.0000000000000000000000000000000001925929944387236
0.04395833333333332	0.00000000000000000000000000000000067407548053553255
0.06927083333333339	0.0000000000000000000000000000000053926038442842604
0.1072395833333335	0.0000000000000000000000000000000030814879110195774
0.16419270833333366	0.000000000000000000000000000000007318533788671496
0.24962239583333368	0.00000000000000000000000000000001232595164407831
0.34962239583333377	0.00000000000000000000000000000005546678239835239
0.44962239583333385	0.00000000000000000000000000000016023737137301802
0.5496223958333339	0.0000000000000000000000000000004252453317207017
0.649622395833334	0.0000000000000000000000000000003266377185680752
0.7496223958333341	0.0000000000000000000000000000001771855548836257
0.8496223958333342	0.00000000000000000000000000000003235562306570556
0.9496223958333343	0
1.0496223958333344	0
1.1496223958333345	0.0000000000000000000000000000006286235338479938
1.2496223958333346	0.000000000000000000000000000000677927340424307
1.3496223958333347	0
1.4496223958333347	0.0000000000000000000000000000012164173528749782
1.5496223958333344	0.00000000000000000000000000000013134842220720949
1.649622395833334	0.00000000000000000000000000000034512664603419266
1.7496223958333337	0
1.8496223958333333	0.00000000000000000000000000000059164567891575885
1.949622395833333	0.000000000000000000000000000001232595164407831
2.0496223958333326	0.0000000000000000000000000000010230539864584997
2.1496223958333323	0.000000000000000000000000000003254051234036674
2.249622395833332	0.000000000000000000000000000005078292077360264
2.3496223958333315	0.0000000000000000000000000000013065508742723008
2.449622395833331	0.0000000000000000000000000000022926270057985652
2.549622395833331	0.00000000000000000000000000000003697785493223493
2.6496223958333305	0.0000000000000000000000000000010661948172127738
2.74962239583333	0.0000000000000000000000000000020954117794933126
2.8496223958333298	0.000000000000000000000000000009860761315262648
2.9496223958333294	0.000000000000000000000000000006409494854920721
3.049622395833329	0.000000000000000000000000000008356995214685094
3.1496223958333287	0.000000000000000000000000000003944304526105059
3.2496223958333283	0.0000000000000000000000000000036484816866471796
3.349622395833328	0.000000000000000000000000000008217557886711458
3.4496223958333276	0.000000000000000000000000000017749370367472766
3.5496223958333273	0.000000000000000000000000000002662405555120915
3.649622395833327	0.0000000000000000000000000000005577493118945435
3.7496223958333266	0.0000000000000000000000000000026292795600774544
3.849622395833326	0.00000000000000000000000000000014791141972893971
3.949622395833326	0.00000000000000000000000000000071490519535654195
4.0496223958333255	0.0000000000000000000000000000014791141972893971
4.149622395833325	0.0000000000000000000000000000004683861624749758
4.249622395833325	0.0000000000000000000000000000014051584874249273
4.349622395833324	0.0000000000000000000000000000017009813268828067
4.449622395833324	0.0000000000000000000000000000019228484564762163
4.549622395833324	0.00000000000000000000000000000022186712959340957
4.649622395833323	0.0000000000000000000000000000011093356479670479
4.749622395833323	0.0000000000000000000000000000017749370367472766
4.849622395833323	0.0000000000000000000000000000013065508742723008
4.949622395833322	0.0000000000000000000000000000007888609052210118
5.049622395833322	0.0000000000000000000000000000012818989709841442
5.149622395833322	0.0000000000000000000000000000013312027775604574
5.249622395833321	0.0000000000000000000000000000013312027775604574
5.349622395833321	0.0000000000000000000000000000004683861624749758
5.4496223958333205	0
5.549622395833321	0
5.649622395833321	0
5.74962239583332	0.000000000000000000000000000005290914743220614
5.84962239583332	0.000000000000000000000000000004995091903762735
5.94962239583332	0.000000000000000000000000000001035379938102578
6.049622395833319	0.0000000000000000000000000000020954117794933126
6.149622395833319	0.0000000000000000000000000000019228484564762163
6.249622395833319	0.000000000000000000000000000001873544649899903
6.349622395833318	0.000000000000000000000000000004388038785291878
6.449622395833318	0.000000000000000000000000000010698926027059973
6.5496223958333175	0.0000000000000000000000000000045852540115971304
6.649622395833317	0.0000000000000000000000000000028103169748498546
6.749622395833317	0.0000000000000000000000000000015284180038657104
6.8496223958333164	0.0000000000000000000000000000013805065841367707
6.949622395833316	0.000000000000000000000000000011512438835569141
7.049622395833316	0.0000000000000000000000000000040059342843254506
7.149622395833315	0.0000000000000000000000000000032211659802362616
7.15	0.0000000000000000000000000000029582283945787943
1000007.15	0.0000000000000000000000000000029582283945787943
