-179769313486231570000000000000000000000000000000000000000000000000000000000000000000000000000000000000000000000000000000000000000000000000000000000000000000000000000000000000000000000000000000000000000000000000000000000000000000000000000000000000000000000000000000000000000000000000000000000000000000000000000	0
0	0
0.0033333333333329662	0.006304293093586277
0.0066666666666659324	0.012616585920424809
0.011666666666665826	0.02210002034422926
0.01916666666666611	0.0363588982414375
0.030416666666666536	0.057822929566570216
0.04729166666666629	0.09018811586869996
0.07260416666666636	0.13911386899796266
0.11057291666666647	0.2133423484962988
0.16752604166666618	0.3265408210514884
0.25295572916666664	0.5004015795649805
0.3529557291666663	0.7098861134085022
0.45295572916666593	0.9255394694750269
0.5529557291666656	1.147088300237729
0.6529557291666652	1.3742711385146564
0.7529557291666649	1.6068377404127736
0.8529557291666645	1.8445486941462614
0.9529557291666642	2.0871746205790678
1.0529557291666638	2.334495763237779
1.1529557291666634	2.586301743834471
1.252955729166663	2.8423915631531322
1.3529557291666627	3.1025728654411426
1.4529557291666624	3.3666617726471193
1.552955729166662	3.6344831832100275
1.6529557291666617	3.9058697309380173
1.7529557291666613	4.180662606109824
1.852955729166661	4.458710536798452
1.9529557291666606	4.739870230886284
2.0529557291666602	5.024006206833994
2.15295572916666	5.310990194831627
2.2529557291666595	5.600701651463558
2.352955729166659	5.893027386726615
2.399990234375	6.170036970013809
179769313486231570000000000000000000000000000000000000000000000000000000000000000000000000000000000000000000000000000000000000000000000000000000000000000000000000000000000000000000000000000000000000000000000000000000000000000000000000000000000000000000000000000000000000000000000000000000000000000000000000000	6.170036970013809
