-179769313486231570000000000000000000000000000000000000000000000000000000000000000000000000000000000000000000000000000000000000000000000000000000000000000000000000000000000000000000000000000000000000000000000000000000000000000000000000000000000000000000000000000000000000000000000000000000000000000000000000000	0
0	0
0.0033333333333329662	0.003221254483126355
0.0066666666666659324	0.006452527081992917
0.011666666666665826	0.011318202493001599
0.01916666666666611	0.018658888060760395
0.030416666666666536	0.02976455726697788
0.04729166666666629	0.04663478633744955
0.07260416666666636	0.07241261760932442
0.11057291666666647	0.11212913941284643
0.16752604166666618	0.17402201405646633
0.25295572916666664	0.27193410152059483
0.3529557291666663	0.39399919141746137
0.45295572916666593	0.5237682053275411
0.5529557291666656	0.660909377306098
0.6529557291666652	0.8051106624793763
0.7529557291666649	0.956077960763518
0.8529557291666645	1.1135335790389196
0.9529557291666642	1.2772148920517532
1.0529557291666638	1.446873061613125
1.1529557291666634	1.6222720875350998
1.252955729166663	1.8031877882704646
1.3529557291666627	1.9894068966584597
1.4529557291666624	2.180726487420245
1.552955729166662	2.3769529893797596
1.6529557291666617	2.577901882418038
1.7529557291666613	2.783397015608474
1.852955729166661	2.993269991720991
1.9529557291666606	3.207359868335318
2.0529557291666602	3.425512873199243
2.15295572916666	3.647581480315168
2.2529557291666595	3.873424672754322
2.352955729166659	4.102907508726117
2.399990234375	4.321607492386588
179769313486231570000000000000000000000000000000000000000000000000000000000000000000000000000000000000000000000000000000000000000000000000000000000000000000000000000000000000000000000000000000000000000000000000000000000000000000000000000000000000000000000000000000000000000000000000000000000000000000000000000	4.321607492386588
