-100001.1	0
5.213000000000001	0
5.216333333333334	0.002842104816371985
5.221333333333334	0.007107841459761518
5.228833333333334	0.01351221344397392
5.2400833333333345	0.023131593801541818
5.256958333333334	0.037588952984677425
5.282270833333334	0.059337331112006536
5.3202395833333345	0.0920971737014693
5.377192708333334	0.14154481211449818
5.462622395833334	0.21638658059485116
5.562622395833333	0.3049694380642896
5.662622395833333	0.3945360722878881
5.762622395833333	0.4850309153838091
5.862622395833332	0.5763915716679858
5.962622395833332	0.6685549382146672
6.062622395833332	0.7614656279373068
6.162622395833331	0.855067477303563
6.262622395833331	0.9493088282526413
6.362622395833331	1.0441377889715895
6.46262239583333	1.1394967464315806
6.56262239583333	1.2353284914605922
6.6626223958333295	1.3316047444529104
6.762622395833329	1.4282895482768059
6.862622395833329	1.5253147685618158
6.962622395833328	1.6226553582127687
7.062622395833328	1.7202821979875897
7.162622395833328	1.8181262939116414
7.262622395833327	1.9161584716087932
7.362622395833327	2.014360515911832
7.462622395833327	2.112661173566218
7.562622395833326	2.2110245249450236
7.662622395833326	2.309446562360556
7.762622395833326	2.4078895776740286
7.862622395833325	2.5063282650623324
7.962622395833325	2.604762844547259
8.062622395833325	2.703193408495159
8.162622395833324	2.8016201745814246
8.262622395833324	2.900044490822547
8.362622395833323	2.9984674620013854
8.462622395833323	3.0968891815125086
8.55	3.1828866973478487
1000008.55	3.1828866973478487
