-100001.1	0
5.213000000000001	0
5.216333333333334	0.002908493278222676
5.221333333333334	0.007273460306438518
5.228833333333334	0.013825884170136886
5.2400833333333345	0.023665613255727243
5.256958333333334	0.03845007751173344
5.282270833333334	0.0606825354356032
5.3202395833333345	0.09415508342676944
5.377192708333334	0.1446391456060206
5.462622395833334	0.22095563206807994
5.562622395833333	0.3111476086482634
5.662622395833333	0.40220945676668085
5.762622395833333	0.49407845235336745
5.862622395833332	0.5867072665619386
5.962622395833332	0.6800328648907026
6.062622395833332	0.774003837559723
6.162622395833331	0.8685710405222277
6.262622395833331	0.9636845085593089
6.362622395833331	1.0592994349555471
6.46262239583333	1.1553541368594098
6.56262239583333	1.2517825076071432
6.6626223958333295	1.3485709301366726
6.762622395833329	1.4457157819595616
6.862622395833329	1.5431591860050973
6.962622395833328	1.6408453231239044
7.062622395833328	1.7387451828574494
7.162622395833328	1.8368256333495627
7.262622395833327	1.9350420980552776
7.362622395833327	2.0333663934775568
7.462622395833327	2.131758652423174
7.562622395833326	2.2301832727593442
7.662622395833326	2.3286208770945054
7.762622395833326	2.4270590794644304
7.862622395833325	2.5254932689134253
7.962622395833325	2.6239234810741654
8.062622395833325	2.722350583826248
8.162622395833324	2.820776058570308
8.262622395833324	2.919200281416867
8.362622395833323	3.0176232525957074
8.462622395833323	3.116044972106829
8.55	3.2020424879421703
1000008.55	3.2020424879421703
