-100000	0
6.313000000000001	0
6.316333333333334	0.003017039086574866
6.3213333333333335	0.007544382541535029
6.328833333333334	0.014339391862220888
6.340083333333334	0.02454081935528592
6.356958333333334	0.03986275629893541
6.382270833333334	0.06288895897031661
6.420239583333334	0.09752259512024172
6.477192708333334	0.14968142449736885
6.562622395833333	0.22837419960760813
6.662622395833333	0.3211384478230736
6.762622395833333	0.41455099921924593
6.862622395833332	0.5085731739541249
6.962622395833332	0.6031536251586086
7.062622395833332	0.6982497098148781
7.162622395833331	0.7938104121744981
7.262622395833331	0.8898111621033724
7.362622395833331	0.9862005024433561
7.46262239583333	1.082944962384927
7.56262239583333	1.1800003811933024
7.6626223958333295	1.2773333475407536
7.762622395833329	1.3749055122443006
7.862622395833329	1.4727033726006042
7.962622395833328	1.570684693313914
8.062622395833328	1.668819411341264
8.162622395833328	1.7670820179759177
8.262622395833327	1.8653796794290631
8.362622395833327	1.9637038048193716
8.462622395833327	2.0621261285986825
8.562622395833326	2.1605906521935103
8.662622395833326	2.2590425488295627
8.762622395833326	2.3574822760518046
8.862622395833325	2.4559130256760566
8.962622395833325	2.5543421546446354
9.062622395833325	2.6527700119657887
9.162622395833324	2.751196595828923
9.262622395833324	2.849621904423442
9.362622395833323	2.9480459359387554
9.462622395833323	3.0464686885642625
9.562622395833323	3.1448901604893766
9.65	3.230887478570186
1000009.65	3.230887478570186
