-100001.1	0
5.213000000000001	0
5.216333333333334	0.0030604502174471364
5.221333333333334	0.007652678540578367
5.228833333333334	0.014544496024552723
5.2400833333333345	0.024889976050772755
5.256958333333334	0.04042543525464713
5.282270833333334	0.06376716971140664
5.3202395833333345	0.09886457744212293
5.377192708333334	0.15169172771224393
5.462622395833334	0.23132278466080092
5.562622395833333	0.3250954668143503
5.662622395833333	0.41943294423471905
5.762622395833333	0.514260785433322
5.862622395833332	0.6095721649142716
5.962622395833332	0.7053107124624601
6.062622395833332	0.8014677887396704
6.162622395833331	0.897991564857794
6.262622395833331	0.9948414005647052
6.362622395833331	1.0919845180310621
6.46262239583333	1.1893805315352575
6.56262239583333	1.2870054346557598
6.6626223958333295	1.3848310484030861
6.762622395833329	1.4828272059864538
6.862622395833329	1.5809725203665725
6.962622395833328	1.6792322190388238
7.062622395833328	1.7775829538174783
7.162622395833328	1.8759823813166137
7.262622395833327	1.9744028699758018
7.362622395833327	2.0728609137645253
7.462622395833327	2.171360331590722
7.562622395833326	2.2698419057485313
7.662622395833326	2.3682947813700097
7.762622395833326	2.46672524640218
7.862622395833325	2.5651538439751866
7.962622395833325	2.66358115745515
8.062622395833325	2.7620071868420704
8.162622395833324	2.860431932135946
8.262622395833324	2.958855393336778
8.362622395833323	3.0572775704445636
8.462622395833323	3.1556984634729557
8.55	3.241695536947027
1000008.55	3.241695536947027
