-100001.1	0
5.213000000000001	0
5.216333333333334	0.0032035624860619434
5.221333333333334	0.008009551649598042
5.228833333333334	0.015219955883650136
5.2400833333333345	0.02603865166604441
5.256958333333334	0.04227343829451143
5.282270833333334	0.06664069170963785
5.3202395833333345	0.10322529567298194
5.377192708333334	0.158177648009528
5.462622395833334	0.24077064278455407
5.562622395833333	0.33766853017351584
5.662622395833333	0.4347572190594095
5.762622395833333	0.532024040741346
5.862622395833332	0.6294727995664702
5.962622395833332	0.7270800424272413
6.062622395833332	0.8248465030795029
6.162622395833331	0.9227485936285105
6.262622395833331	1.0207714371841716
6.362622395833331	1.1188757064683286
6.46262239583333	1.217059516709307
6.56262239583333	1.31533632963494
6.6626223958333295	1.4136662969473812
6.762622395833329	1.5120413866355282
6.862622395833329	1.6104473316600922
6.962622395833328	1.7088725381785697
7.062622395833328	1.807321912546854
7.162622395833328	1.9058032727194796
7.262622395833327	2.004293068703671
7.362622395833327	2.1027870071749275
7.462622395833327	2.2012850881332495
7.562622395833326	2.2997766831625315
7.662622395833326	2.3982367793991375
7.762622395833326	2.4966678917520664
7.862622395833325	2.5950935858533537
7.962622395833325	2.693517995861593
8.062622395833325	2.79194112177679
8.162622395833324	2.8903629635989407
8.262622395833324	2.9887835330833186
8.362622395833323	3.087203535038083
8.462622395833323	3.1856235350380824
8.55	3.2716205730589283
1000008.55	3.2716205730589283
