-100000	0
6.313000000000001	0
6.316333333333334	0.003234995009996057
6.3213333333333335	0.008087936944517876
6.328833333333334	0.015368336273680129
6.340083333333334	0.026291071141885596
6.356958333333334	0.04267969705513213
6.382270833333334	0.06727190558767072
6.420239583333334	0.10417994232422656
6.477192708333334	0.15958607088937876
6.562622395833333	0.2427970534110552
6.662622395833333	0.34033111097389407
6.762622395833333	0.43799769671658884
6.862622395833332	0.5357832591524537
6.962622395833332	0.6336723842080595
7.062622395833332	0.731638776991534
7.162622395833331	0.8296881806662826
7.262622395833331	0.9278131382711482
7.362622395833331	1.0260114614970566
7.46262239583333	1.1242490630420485
7.56262239583333	1.2225371182987237
7.6626223958333295	1.3208790686530731
7.762622395833329	1.4192646384361005
7.862622395833329	1.5176780733630764
7.962622395833328	1.6161140665154068
8.062622395833328	1.714567508967363
8.162622395833328	1.8130285524223921
8.262622395833327	1.9114953948590725
8.362622395833327	2.00996736864446
8.462622395833327	2.1084435261220227
8.562622395833326	2.2069238260866526
8.662622395833326	2.3054074484531175
8.762622395833326	2.403870417056296
8.862622395833325	2.50230269396701
8.962622395833325	2.6007272266796058
9.062622395833325	2.699150475299156
9.162622395833324	2.7975724398256663
9.262622395833324	2.8959931238343324
9.362622395833323	2.99441313177467
9.462622395833323	3.092833131774667
9.562622395833323	3.191253131774671
9.65	3.2772501697955128
1000009.65	3.2772501697955128
