-100000	0
6.313000000000001	0
6.316333333333334	0.0032790401666455554
6.3213333333333335	0.008197606077141234
6.328833333333334	0.015575467679073658
6.340083333333334	0.026642288738396382
6.356958333333334	0.04324258480433382
6.382270833333334	0.06814317388917018
6.420239583333334	0.10549404993534484
6.477192708333334	0.1615200203061872
6.562622395833333	0.2455676695496759
6.662622395833333	0.3439639072310924
6.762622395833333	0.4423659695023663
6.862622395833332	0.5407685799427653
6.962622395833332	0.6391711903831642
7.062622395833332	0.737573800823563
7.162622395833331	0.8359764112639623
7.262622395833331	0.9343790217043606
7.362622395833331	1.0327816321447603
7.46262239583333	1.1311842425851593
7.56262239583333	1.2295868530255583
7.6626223958333295	1.3279894634659544
7.762622395833329	1.4263920739063534
7.862622395833329	1.5247946843467517
7.962622395833328	1.6231972947871507
8.062622395833328	1.7215999052275495
8.162622395833328	1.8200025214075801
8.262622395833327	1.9184056705902446
8.362622395833327	2.0168108111035576
8.462622395833327	2.1152194976515295
8.562622395833326	2.2136332424325387
8.662622395833326	2.312052767566659
8.762622395833326	2.4104780915714876
8.862622395833325	2.5089074137002707
8.962622395833325	2.60732803610272
9.062622395833325	2.7057480364529845
9.162622395833324	2.8041680364529853
9.262622395833324	2.902588036452985
9.362622395833323	3.001008036452987
9.462622395833323	3.0994280364529883
9.562622395833323	3.19784803645299
9.65	3.2838450744738332
1000009.65	3.2838450744738332
