-100001.1	0
5.213000000000001	0
5.216333333333334	0.0032801255148375533
5.221333333333334	0.008200319559552686
5.228833333333334	0.01558062395645088
5.2400833333333345	0.026651111697448288
5.256958333333334	0.04325691727986656
5.282270833333334	0.06816580531487297
5.3202395833333345	0.10552991975100433
5.377192708333334	0.16157848691546028
5.462622395833334	0.24565329183564355
5.562622395833333	0.3440674953157763
5.662622395833333	0.4424816987959093
5.762622395833333	0.540895902276042
5.862622395833332	0.6393101057561749
5.962622395833332	0.7377243092363079
6.062622395833332	0.8361385127164406
6.162622395833331	0.9345527161965733
6.262622395833331	1.032966919676706
6.362622395833331	1.1313811231568396
6.46262239583333	1.2297953266369719
6.56262239583333	1.328209530117105
6.6626223958333295	1.4266237335972336
6.762622395833329	1.5250379370773652
6.862622395833329	1.6234521405574993
6.962622395833328	1.7218663440376323
7.062622395833328	1.8202805475177641
7.162622395833328	1.918694750997899
7.262622395833327	2.01710895447803
7.362622395833327	2.115523157958165
7.462622395833327	2.2139374039439277
7.562622395833326	2.3123525250192554
7.662622395833326	2.410770051866829
7.762622395833326	2.5091914638095747
7.862622395833325	2.6076118197079334
7.962622395833325	2.706031819707933
8.062622395833325	2.804451819707933
8.162622395833324	2.9028718197079333
8.262622395833324	3.0012918197079346
8.362622395833323	3.099711819707935
8.462622395833323	3.1981318197079363
8.55	3.284128857728781
1000008.55	3.284128857728781
