-100000	0
1.0999999999999996	0
1.103333333333333	0.0032802717897468794
1.108333333333333	0.008200789376532427
1.115833333333333	0.015581813036581764
1.127083333333333	0.0266538818682604
1.143958333333333	0.04326225686826058
1.169270833333333	0.06817481936826096
1.2072395833333331	0.10554366311826152
1.264192708333333	0.16159692874326215
1.349622395833333	0.24567682718076322
1.4496223958333332	0.34409682718076445
1.5496223958333333	0.4425168271807658
1.6496223958333334	0.540936827180767
1.7496223958333335	0.6393568271807684
1.8496223958333335	0.7377768271807694
1.9496223958333336	0.8361968271807712
2.0496223958333335	0.9346168271807724
2.1496223958333336	1.0330368271807735
2.2496223958333337	1.1314568271807748
2.3496223958333338	1.2298768271807758
2.449622395833334	1.3282968271807776
2.549622395833334	1.4267168271807786
2.649622395833334	1.52513682718078
2.749622395833334	1.623556827180781
2.849622395833334	1.7219768271807827
2.9496223958333343	1.8203968271807833
3.0496223958333344	1.9188168271807848
3.1496223958333345	2.0172368271807866
3.2496223958333346	2.1156568271807874
3.3496223958333347	2.2140768271807887
3.4496223958333347	2.312496827180791
3.549622395833335	2.4109168271807926
3.649622395833335	2.509336827180793
3.749622395833335	2.6077568271807943
3.849622395833335	2.7061768271807956
3.949622395833335	2.8045968271807964
4.049622395833335	2.9030168271807972
4.149622395833335	3.001436827180799
4.249622395833335	3.0998568271808
4.349622395833334	3.1982768271808
4.449622395833334	3.296696827180802
4.5496223958333335	3.3951168271808023
4.649622395833333	3.493536827180804
4.749622395833333	3.591956827180805
4.849622395833332	3.6903768271808044
4.949622395833332	3.7887968271808043
5.049622395833332	3.8872168271808065
5.149622395833331	3.9856368271808074
5.249622395833331	4.084056827180809
5.349622395833331	4.1824768271808095
5.44962239583333	4.280896827180809
5.54962239583333	4.379316827180812
5.64962239583333	4.477736827180813
5.749622395833329	4.576156827180813
5.849622395833329	4.674576827180813
5.9496223958333285	4.772996827180814
6.049622395833328	4.871416827180815
6.149622395833328	4.969836827180817
6.2496223958333275	5.068256827180818
6.349622395833327	5.166676827180819
6.449622395833327	5.26509682718082
6.549622395833326	5.3635168271808205
6.649622395833326	5.46193682718082
6.749622395833326	5.560356827180824
6.849622395833325	5.658776827180822
6.949622395833325	5.757196827180823
7.049622395833325	5.855616827180825
7.149622395833324	5.954036827180826
7.249622395833324	6.0524568271808254
7.3496223958333236	6.150876827180826
7.449622395833323	6.249296827180827
7.549622395833323	6.347716827180828
7.6496223958333225	6.44613682718083
7.749622395833322	6.5445568271808305
7.849622395833322	6.6429768271808305
7.949622395833321	6.741396827180832
8.049622395833321	6.839816827180834
8.14962239583332	6.938236827180835
8.24962239583332	7.0366568271808365
8.34962239583332	7.135076827180835
8.44962239583332	7.233496827180836
8.54962239583332	7.331916827180837
8.649622395833319	7.430336827180837
8.749622395833319	7.528756827180841
8.849622395833318	7.627176827180841
8.949622395833318	7.7255968271808415
9.049622395833318	7.82401682718084
9.149622395833317	7.922436827180845
9.249622395833317	8.020856827180841
9.349622395833316	8.119276827180848
9.449622395833316	8.217696827180845
9.549622395833316	8.31611682718085
9.649622395833315	8.414536827180845
9.65	8.414908465201696
1000009.65	8.414908465201696
