-100000	0
1.0999999999999996	0
1.103333333333333	0.0032802714886401084
1.108333333333333	0.008200788623765503
1.115833333333333	0.015581811606324597
1.127083333333333	0.02665388003065396
1.143958333333333	0.043262255030654125
1.169270833333333	0.0681748175306545
1.2072395833333331	0.1055436612806551
1.264192708333333	0.16159692690565572
1.349622395833333	0.2456768253431568
1.4496223958333332	0.34409682534315816
1.5496223958333333	0.4425168253431593
1.6496223958333334	0.5409368253431607
1.7496223958333335	0.6393568253431618
1.8496223958333335	0.7377768253431634
1.9496223958333336	0.8361968253431648
2.0496223958333335	0.9346168253431655
2.1496223958333336	1.0330368253431668
2.2496223958333337	1.1314568253431683
2.3496223958333338	1.2298768253431698
2.449622395833334	1.3282968253431708
2.549622395833334	1.4267168253431721
2.649622395833334	1.525136825343174
2.749622395833334	1.6235568253431747
2.849622395833334	1.721976825343176
2.9496223958333343	1.820396825343177
3.0496223958333344	1.9188168253431785
3.1496223958333345	2.01723682534318
3.2496223958333346	2.1156568253431813
3.3496223958333347	2.2140768253431835
3.4496223958333347	2.3124968253431835
3.549622395833335	2.410916825343185
3.649622395833335	2.509336825343186
3.749622395833335	2.6077568253431878
3.849622395833335	2.7061768253431886
3.949622395833335	2.8045968253431903
4.049622395833335	2.9030168253431916
4.149622395833335	3.0014368253431924
4.249622395833335	3.0998568253431937
4.349622395833334	3.1982768253431937
4.449622395833334	3.2966968253431954
4.5496223958333335	3.3951168253431963
4.649622395833333	3.493536825343197
4.749622395833333	3.5919568253431975
4.849622395833332	3.6903768253431988
4.949622395833332	3.7887968253432005
5.049622395833332	3.8872168253432005
5.149622395833331	3.9856368253432013
5.249622395833331	4.084056825343203
5.349622395833331	4.182476825343202
5.44962239583333	4.280896825343204
5.54962239583333	4.3793168253432055
5.64962239583333	4.4777368253432055
5.749622395833329	4.576156825343206
5.849622395833329	4.674576825343207
5.9496223958333285	4.772996825343206
6.049622395833328	4.871416825343209
6.149622395833328	4.969836825343211
6.2496223958333275	5.0682568253432105
6.349622395833327	5.166676825343213
6.449622395833327	5.265096825343211
6.549622395833326	5.363516825343214
6.649622395833326	5.461936825343214
6.749622395833326	5.560356825343215
6.849622395833325	5.658776825343216
6.949622395833325	5.757196825343217
7.049622395833325	5.855616825343218
7.149622395833324	5.954036825343219
7.249622395833324	6.052456825343219
7.3496223958333236	6.150876825343221
7.449622395833323	6.249296825343223
7.549622395833323	6.347716825343224
7.6496223958333225	6.4461368253432205
7.749622395833322	6.544556825343225
7.849622395833322	6.642976825343223
7.949622395833321	6.741396825343225
8.049622395833321	6.8398168253432265
8.14962239583332	6.938236825343228
8.24962239583332	7.0366568253432265
8.34962239583332	7.135076825343228
8.44962239583332	7.233496825343227
8.54962239583332	7.331916825343231
8.649622395833319	7.430336825343233
8.749622395833319	7.528756825343233
8.849622395833318	7.627176825343232
8.949622395833318	7.725596825343233
9.049622395833318	7.824016825343236
9.149622395833317	7.922436825343236
9.249622395833317	8.020856825343238
9.349622395833316	8.119276825343235
9.449622395833316	8.217696825343241
9.549622395833316	8.316116825343238
9.649622395833315	8.41453682534324
9.65	8.41490846336409
1000009.65	8.41490846336409
