-100000	0
1.0999999999999996	0
1.103333333333333	0.0032802707358733237
1.108333333333333	0.008200786741848048
1.115833333333333	0.015581808341298594
1.127083333333333	0.02665387662767914
1.143958333333333	0.04326225162767921
1.169270833333333	0.06817481412767959
1.2072395833333331	0.10554365787768014
1.264192708333333	0.16159692350268068
1.349622395833333	0.245676821940182
1.4496223958333332	0.344096821940183
1.5496223958333333	0.44251682194018416
1.6496223958333334	0.5409368219401856
1.7496223958333335	0.6393568219401871
1.8496223958333335	0.7377768219401882
1.9496223958333336	0.8361968219401895
2.0496223958333335	0.9346168219401906
2.1496223958333336	1.033036821940192
2.2496223958333337	1.131456821940193
2.3496223958333338	1.2298768219401948
2.449622395833334	1.3282968219401956
2.549622395833334	1.4267168219401976
2.649622395833334	1.5251368219401982
2.749622395833334	1.6235568219402003
2.849622395833334	1.7219768219402012
2.9496223958333343	1.8203968219402018
3.0496223958333344	1.918816821940204
3.1496223958333345	2.0172368219402053
3.2496223958333346	2.1156568219402065
3.3496223958333347	2.214076821940208
3.4496223958333347	2.312496821940209
3.549622395833335	2.4109168219402104
3.649622395833335	2.509336821940211
3.749622395833335	2.607756821940212
3.849622395833335	2.7061768219402147
3.949622395833335	2.8045968219402155
4.049622395833335	2.9030168219402173
4.149622395833335	3.001436821940217
4.249622395833335	3.0998568219402185
4.349622395833334	3.1982768219402185
4.449622395833334	3.296696821940221
4.5496223958333335	3.39511682194022
4.649622395833333	3.4935368219402214
4.749622395833333	3.591956821940222
4.849622395833332	3.690376821940224
4.949622395833332	3.788796821940225
5.049622395833332	3.887216821940226
5.149622395833331	3.9856368219402265
5.249622395833331	4.084056821940227
5.349622395833331	4.182476821940229
5.44962239583333	4.280896821940228
5.54962239583333	4.379316821940232
5.64962239583333	4.477736821940229
5.749622395833329	4.576156821940232
5.849622395833329	4.674576821940232
5.9496223958333285	4.772996821940233
6.049622395833328	4.871416821940233
6.149622395833328	4.969836821940234
6.2496223958333275	5.068256821940236
6.349622395833327	5.1666768219402375
6.449622395833327	5.265096821940237
6.549622395833326	5.363516821940237
6.649622395833326	5.461936821940238
6.749622395833326	5.56035682194024
6.849622395833325	5.658776821940241
6.949622395833325	5.757196821940242
7.049622395833325	5.855616821940243
7.149622395833324	5.954036821940242
7.249622395833324	6.052456821940243
7.3496223958333236	6.150876821940245
7.449622395833323	6.249296821940248
7.549622395833323	6.347716821940247
7.6496223958333225	6.446136821940247
7.749622395833322	6.544556821940249
7.849622395833322	6.642976821940252
7.949622395833321	6.741396821940251
8.049622395833321	6.839816821940252
8.14962239583332	6.938236821940251
8.24962239583332	7.0366568219402525
8.34962239583332	7.135076821940254
8.44962239583332	7.233496821940257
8.54962239583332	7.331916821940256
8.649622395833319	7.430336821940257
8.749622395833319	7.5287568219402585
8.849622395833318	7.6271768219402585
8.949622395833318	7.72559682194026
9.049622395833318	7.824016821940263
9.149622395833317	7.922436821940261
9.249622395833317	8.02085682194026
9.349622395833316	8.119276821940263
9.449622395833316	8.217696821940267
9.549622395833316	8.31611682194026
9.649622395833315	8.414536821940262
9.65	8.414908459961117
1000009.65	8.414908459961117
