-100000	0
1.0999999999999996	0
1.103333333333333	0.003280270133659583
1.108333333333333	0.008200785379412451
1.115833333333333	0.015581806843989328
1.127083333333333	0.02665387513036964
1.143958333333333	0.04326225013036941
1.169270833333333	0.0681748126303693
1.2072395833333331	0.10554365638036918
1.264192708333333	0.1615969220053686
1.349622395833333	0.24567682044286818
1.4496223958333332	0.34409682044286743
1.5496223958333333	0.44251682044286716
1.6496223958333334	0.5409368204428664
1.7496223958333335	0.6393568204428659
1.8496223958333335	0.7377768204428653
1.9496223958333336	0.8361968204428647
2.0496223958333335	0.9346168204428636
2.1496223958333336	1.033036820442863
2.2496223958333337	1.1314568204428626
2.3496223958333338	1.2298768204428623
2.449622395833334	1.3282968204428613
2.549622395833334	1.4267168204428609
2.649622395833334	1.5251368204428606
2.749622395833334	1.62355682044286
2.849622395833334	1.721976820442859
2.9496223958333343	1.8203968204428589
3.0496223958333344	1.9188168204428586
3.1496223958333345	2.0172368204428577
3.2496223958333346	2.1156568204428567
3.3496223958333347	2.2140768204428567
3.4496223958333347	2.3124968204428558
3.549622395833335	2.4109168204428553
3.649622395833335	2.509336820442854
3.749622395833335	2.6077568204428543
3.849622395833335	2.7061768204428525
3.949622395833335	2.804596820442853
4.049622395833335	2.9030168204428524
4.149622395833335	3.0014368204428514
4.249622395833335	3.099856820442851
4.349622395833334	3.19827682044285
4.449622395833334	3.296696820442848
4.5496223958333335	3.3951168204428472
4.649622395833333	3.4935368204428467
4.749622395833333	3.5919568204428454
4.849622395833332	3.690376820442844
4.949622395833332	3.788796820442843
5.049622395833332	3.8872168204428417
5.149622395833331	3.985636820442841
5.249622395833331	4.084056820442839
5.349622395833331	4.1824768204428375
5.44962239583333	4.2808968204428375
5.54962239583333	4.3793168204428365
5.64962239583333	4.477736820442834
5.749622395833329	4.576156820442835
5.849622395833329	4.674576820442831
5.9496223958333285	4.772996820442835
6.049622395833328	4.871416820442832
6.149622395833328	4.969836820442829
6.2496223958333275	5.068256820442829
6.349622395833327	5.166676820442831
6.449622395833327	5.265096820442826
6.549622395833326	5.363516820442825
6.649622395833326	5.461936820442824
6.749622395833326	5.5603568204428235
6.849622395833325	5.658776820442824
6.949622395833325	5.757196820442823
7.049622395833325	5.855616820442822
7.149622395833324	5.95403682044282
7.249622395833324	6.052456820442818
7.3496223958333236	6.150876820442817
7.449622395833323	6.249296820442816
7.549622395833323	6.347716820442815
7.6496223958333225	6.446136820442815
7.749622395833322	6.544556820442814
7.849622395833322	6.642976820442813
7.949622395833321	6.74139682044281
8.049622395833321	6.8398168204428105
8.14962239583332	6.9382368204428095
8.24962239583332	7.036656820442808
8.34962239583332	7.135076820442808
8.44962239583332	7.233496820442807
8.54962239583332	7.331916820442807
8.649622395833319	7.430336820442805
8.749622395833319	7.528756820442805
8.849622395833318	7.627176820442802
8.949622395833318	7.725596820442803
9.049622395833318	7.824016820442803
9.149622395833317	7.922436820442799
9.249622395833317	8.020856820442798
9.349622395833316	8.119276820442797
9.449622395833316	8.217696820442796
9.549622395833316	8.316116820442792
9.649622395833315	8.414536820442798
9.65	8.414908458463644
1000009.65	8.414908458463644
