-100000	0
1.0999999999999996	0
1.103333333333333	0.0032802699832144943
1.108333333333333	0.008200785175234086
1.115833333333333	0.01558180663981115
1.127083333333333	0.026653874926191708
1.143958333333333	0.043262249926191744
1.169270833333333	0.06817481242619211
1.2072395833333331	0.10554365617619269
1.264192708333333	0.16159692180119317
1.349622395833333	0.24567682023869455
1.4496223958333332	0.3440968202386954
1.5496223958333333	0.44251682023869704
1.6496223958333334	0.5409368202386982
1.7496223958333335	0.6393568202386998
1.8496223958333335	0.7377768202387006
1.9496223958333336	0.8361968202387021
2.0496223958333335	0.9346168202387033
2.1496223958333336	1.0330368202387044
2.2496223958333337	1.1314568202387056
2.3496223958333338	1.2298768202387076
2.449622395833334	1.328296820238708
2.549622395833334	1.4267168202387095
2.649622395833334	1.5251368202387112
2.749622395833334	1.6235568202387123
2.849622395833334	1.7219768202387138
2.9496223958333343	1.8203968202387149
3.0496223958333344	1.918816820238716
3.1496223958333345	2.017236820238718
3.2496223958333346	2.1156568202387187
3.3496223958333347	2.2140768202387195
3.4496223958333347	2.3124968202387217
3.549622395833335	2.410916820238723
3.649622395833335	2.5093368202387243
3.749622395833335	2.607756820238725
3.849622395833335	2.706176820238727
3.949622395833335	2.804596820238728
4.049622395833335	2.9030168202387285
4.149622395833335	3.0014368202387307
4.249622395833335	3.099856820238731
4.349622395833334	3.198276820238732
4.449622395833334	3.296696820238734
4.5496223958333335	3.395116820238733
4.649622395833333	3.493536820238735
4.749622395833333	3.591956820238736
4.849622395833332	3.690376820238736
4.949622395833332	3.788796820238737
5.049622395833332	3.8872168202387387
5.149622395833331	3.9856368202387387
5.249622395833331	4.0840568202387395
5.349622395833331	4.182476820238741
5.44962239583333	4.280896820238741
5.54962239583333	4.379316820238742
5.64962239583333	4.477736820238742
5.749622395833329	4.576156820238745
5.849622395833329	4.674576820238745
5.9496223958333285	4.772996820238746
6.049622395833328	4.871416820238745
6.149622395833328	4.969836820238747
6.2496223958333275	5.068256820238748
6.349622395833327	5.166676820238751
6.449622395833327	5.265096820238749
6.549622395833326	5.3635168202387495
6.649622395833326	5.461936820238751
6.749622395833326	5.560356820238752
6.849622395833325	5.658776820238752
6.949622395833325	5.757196820238753
7.049622395833325	5.855616820238754
7.149622395833324	5.9540368202387555
7.249622395833324	6.052456820238759
7.3496223958333236	6.150876820238758
7.449622395833323	6.24929682023876
7.549622395833323	6.34771682023876
7.6496223958333225	6.446136820238761
7.749622395833322	6.544556820238761
7.849622395833322	6.6429768202387605
7.949622395833321	6.741396820238762
8.049622395833321	6.839816820238765
8.14962239583332	6.938236820238767
8.24962239583332	7.0366568202387665
8.34962239583332	7.135076820238766
8.44962239583332	7.233496820238768
8.54962239583332	7.331916820238766
8.649622395833319	7.430336820238772
8.749622395833319	7.5287568202387725
8.849622395833318	7.627176820238769
8.949622395833318	7.7255968202387715
9.049622395833318	7.824016820238774
9.149622395833317	7.922436820238774
9.249622395833317	8.020856820238775
9.349622395833316	8.119276820238776
9.449622395833316	8.217696820238777
9.549622395833316	8.316116820238772
9.649622395833315	8.414536820238775
9.65	8.414908458259628
1000009.65	8.414908458259628
