-100000	0
1.0999999999999996	0
1.103333333333333	0.003280269852644012
1.108333333333333	0.008200785039115085
1.115833333333333	0.01558180650369215
1.127083333333333	0.026653874790072703
1.143958333333333	0.04326224979007274
1.169270833333333	0.06817481229007313
1.2072395833333331	0.1055436560400737
1.264192708333333	0.1615969216650742
1.349622395833333	0.24567682010257547
1.4496223958333332	0.3440968201025765
1.5496223958333333	0.44251682010257803
1.6496223958333334	0.5409368201025792
1.7496223958333335	0.6393568201025809
1.8496223958333335	0.7377768201025818
1.9496223958333336	0.8361968201025833
2.0496223958333335	0.9346168201025842
2.1496223958333336	1.0330368201025855
2.2496223958333337	1.131456820102587
2.3496223958333338	1.2298768201025885
2.449622395833334	1.3282968201025898
2.549622395833334	1.4267168201025908
2.649622395833334	1.525136820102592
2.749622395833334	1.6235568201025938
2.849622395833334	1.721976820102595
2.9496223958333343	1.820396820102596
3.0496223958333344	1.9188168201025972
3.1496223958333345	2.0172368201025987
3.2496223958333346	2.1156568201026
3.3496223958333347	2.214076820102601
3.4496223958333347	2.3124968201026017
3.549622395833335	2.410916820102604
3.649622395833335	2.509336820102605
3.749622395833335	2.607756820102607
3.849622395833335	2.7061768201026077
3.949622395833335	2.8045968201026095
4.049622395833335	2.90301682010261
4.149622395833335	3.001436820102611
4.249622395833335	3.0998568201026115
4.349622395833334	3.198276820102613
4.449622395833334	3.2966968201026146
4.5496223958333335	3.3951168201026136
4.649622395833333	3.4935368201026162
4.749622395833333	3.5919568201026166
4.849622395833332	3.690376820102617
4.949622395833332	3.788796820102618
5.049622395833332	3.8872168201026183
5.149622395833331	3.9856368201026204
5.249622395833331	4.084056820102621
5.349622395833331	4.182476820102622
5.44962239583333	4.2808968201026225
5.54962239583333	4.3793168201026225
5.64962239583333	4.477736820102623
5.749622395833329	4.576156820102626
5.849622395833329	4.674576820102626
5.9496223958333285	4.772996820102627
6.049622395833328	4.8714168201026276
6.149622395833328	4.969836820102628
6.2496223958333275	5.068256820102631
6.349622395833327	5.16667682010263
6.449622395833327	5.265096820102632
6.549622395833326	5.363516820102633
6.649622395833326	5.461936820102631
6.749622395833326	5.5603568201026325
6.849622395833325	5.658776820102633
6.949622395833325	5.757196820102635
7.049622395833325	5.855616820102639
7.149622395833324	5.954036820102637
7.249622395833324	6.0524568201026385
7.3496223958333236	6.150876820102637
7.449622395833323	6.249296820102639
7.549622395833323	6.34771682010264
7.6496223958333225	6.446136820102642
7.749622395833322	6.544556820102641
7.849622395833322	6.642976820102644
7.949622395833321	6.741396820102644
8.049622395833321	6.839816820102645
8.14962239583332	6.938236820102646
8.24962239583332	7.036656820102647
8.34962239583332	7.13507682010265
8.44962239583332	7.233496820102648
8.54962239583332	7.3319168201026494
8.649622395833319	7.430336820102649
8.749622395833319	7.5287568201026485
8.849622395833318	7.627176820102654
8.949622395833318	7.725596820102653
9.049622395833318	7.824016820102655
9.149622395833317	7.922436820102655
9.249622395833317	8.020856820102656
9.349622395833316	8.119276820102657
9.449622395833316	8.21769682010266
9.549622395833316	8.316116820102659
9.649622395833315	8.41453682010266
9.65	8.41490845812351
1000009.65	8.41490845812351
