-100000	0
1.0999999999999996	0
1.103333333333333	0.0032802697845844987
1.108333333333333	0.008200784971055594
1.115833333333333	0.015581806435632655
1.127083333333333	0.02665387472201321
1.143958333333333	0.043262249722012966
1.169270833333333	0.06817481222201391
1.2072395833333331	0.10554365597201422
1.264192708333333	0.16159692159701466
1.349622395833333	0.24567682003451577
1.4496223958333332	0.3440968200345173
1.5496223958333333	0.4425168200345187
1.6496223958333334	0.5409368200345197
1.7496223958333335	0.6393568200345211
1.8496223958333335	0.737776820034522
1.9496223958333336	0.8361968200345239
2.0496223958333335	0.9346168200345247
2.1496223958333336	1.033036820034526
2.2496223958333337	1.1314568200345274
2.3496223958333338	1.229876820034529
2.449622395833334	1.32829682003453
2.549622395833334	1.4267168200345313
2.649622395833334	1.5251368200345328
2.749622395833334	1.6235568200345343
2.849622395833334	1.7219768200345353
2.9496223958333343	1.8203968200345362
3.0496223958333344	1.9188168200345381
3.1496223958333345	2.0172368200345394
3.2496223958333346	2.1156568200345403
3.3496223958333347	2.214076820034542
3.4496223958333347	2.3124968200345433
3.549622395833335	2.410916820034545
3.649622395833335	2.5093368200345454
3.749622395833335	2.6077568200345467
3.849622395833335	2.706176820034548
3.949622395833335	2.80459682003455
4.049622395833335	2.9030168200345514
4.149622395833335	3.001436820034552
4.249622395833335	3.099856820034552
4.349622395833334	3.1982768200345535
4.449622395833334	3.2966968200345548
4.5496223958333335	3.3951168200345543
4.649622395833333	3.493536820034556
4.749622395833333	3.5919568200345573
4.849622395833332	3.690376820034558
4.949622395833332	3.788796820034558
5.049622395833332	3.88721682003456
5.149622395833331	3.9856368200345607
5.249622395833331	4.0840568200345615
5.349622395833331	4.182476820034561
5.44962239583333	4.280896820034562
5.54962239583333	4.379316820034564
5.64962239583333	4.477736820034567
5.749622395833329	4.576156820034566
5.849622395833329	4.6745768200345665
5.9496223958333285	4.772996820034567
6.049622395833328	4.871416820034569
6.149622395833328	4.96983682003457
6.2496223958333275	5.068256820034571
6.349622395833327	5.166676820034571
6.449622395833327	5.265096820034571
6.549622395833326	5.363516820034573
6.649622395833326	5.461936820034574
6.749622395833326	5.560356820034574
6.849622395833325	5.658776820034576
6.949622395833325	5.757196820034575
7.049622395833325	5.855616820034577
7.149622395833324	5.954036820034576
7.249622395833324	6.052456820034579
7.3496223958333236	6.150876820034578
7.449622395833323	6.24929682003458
7.549622395833323	6.347716820034583
7.6496223958333225	6.446136820034582
7.749622395833322	6.544556820034583
7.849622395833322	6.642976820034583
7.949622395833321	6.741396820034586
8.049622395833321	6.839816820034583
8.14962239583332	6.938236820034585
8.24962239583332	7.036656820034588
8.34962239583332	7.1350768200345875
8.44962239583332	7.23349682003459
8.54962239583332	7.3319168200345874
8.649622395833319	7.430336820034591
8.749622395833319	7.528756820034592
8.849622395833318	7.627176820034593
8.949622395833318	7.7255968200345935
9.049622395833318	7.824016820034596
9.149622395833317	7.922436820034595
9.249622395833317	8.020856820034595
9.349622395833316	8.119276820034598
9.449622395833316	8.217696820034599
9.549622395833316	8.316116820034601
9.649622395833315	8.414536820034597
9.65	8.41490845805545
1000009.65	8.41490845805545
