-179769313486231570000000000000000000000000000000000000000000000000000000000000000000000000000000000000000000000000000000000000000000000000000000000000000000000000000000000000000000000000000000000000000000000000000000000000000000000000000000000000000000000000000000000000000000000000000000000000000000000000000	0
0.00000000000000032481942070179386	0
0.0033333333333336584	0.003808895769803505
0.006666666666666992	0.008046182550281599
0.011666666666666992	0.014915172822114763
0.01916666666666699	0.026075895950643378
0.03041666666666699	0.04428983997925759
0.047291666666666995	0.07417268407289078
0.072604166666667	0.12348353497315998
0.11057291666666699	0.20531505524218044
0.167526041666667	0.3418292249089008
0.25295572916666703	0.5705720680886307
0.35295572916666706	0.8669557159289099
0.45295572916666704	1.1882576381334053
0.552955729166667	1.530457621594819
0.652955729166667	1.890774172783804
0.752955729166667	2.2671720698983133
0.852955729166667	2.658126907208017
0.9529557291666669	3.0624854251855194
1.052955729166667	3.4793962060950707
1.152955729166667	3.9075804003996053
1.252955729166667	4.342884490999736
1.3529557291666672	4.784162036757701
1.4529557291666673	5.230869393097323
1.5529557291666674	5.682526583827542
1.6529557291666674	6.138705459599546
1.7529557291666675	6.5990207602306805
1.8529557291666676	7.0631236301779365
1.9529557291666677	7.530696130946679
2.052955729166668	8.001447517745156
2.152955729166668	8.47511128178219
2.252955729166668	8.951442666697407
2.352955729166668	9.430217485569383
2.452955729166668	9.91123052311917
2.5529557291666682	10.394295170542161
2.6529557291666683	10.87924272671913
2.7529557291666684	11.365922635372602
2.8529557291666685	11.854202355943851
2.9529557291666686	12.343968106132888
3.0529557291666687	12.835125317247066
3.1529557291666688	13.327599410962309
3.252955729166669	13.821336916959648
3.352955729166669	14.316306593525864
3.452955729166669	14.812500778371826
3.552955729166669	15.309936975182065
3.652955729166669	15.808659422713887
3.7529557291666693	16.30874126066101
3.8529557291666694	16.810286699874162
3.9529557291666695	17.31343358880683
4.052955729166669	17.81835618107668
4.152955729166669	18.325268810921898
4.252955729166668	18.83442972908896
4.352955729166668	19.346146014443313
4.452955729166668	19.86077933857532
4.552955729166667	20.37875320706226
4.652955729166667	20.900559285209717
4.752955729166667	21.426593606108135
4.852955729166666	21.95699254282042
4.952955729166666	22.49183610940552
5.052955729166666	23.031235939293495
5.152955729166665	23.575599216472437
5.252955729166665	24.125395309884606
5.3529557291666645	24.681078513188606
5.452955729166664	25.243085848798952
5.552955729166664	25.81183506232923
5.6529557291666634	26.387723143662406
5.752955729166663	26.971125794557235
5.852955729166663	27.562396838842936
5.952955729166662	28.161868175697798
6.052955729166662	28.769850022659455
6.152955729166662	29.38663124779502
6.252955729166661	30.01248005102347
6.313	30.774672566482913
179769313486231570000000000000000000000000000000000000000000000000000000000000000000000000000000000000000000000000000000000000000000000000000000000000000000000000000000000000000000000000000000000000000000000000000000000000000000000000000000000000000000000000000000000000000000000000000000000000000000000000000	30.774672566482913
