-179769313486231570000000000000000000000000000000000000000000000000000000000000000000000000000000000000000000000000000000000000000000000000000000000000000000000000000000000000000000000000000000000000000000000000000000000000000000000000000000000000000000000000000000000000000000000000000000000000000000000000000	0
0.00000000000000012992791961384031	0
0.0033333333333334637	0.0016177198872941898
0.006666666666666797	0.0035757722805087547
0.011666666666666797	0.006969843962236998
0.019166666666666797	0.012852639388565262
0.030416666666666797	0.023066041386573193
0.0472916666666668	0.04083393335301637
0.0726041666666668	0.07180356981007815
0.1105729166666668	0.1258540721105513
0.1675260416666668	0.22022864120561148
0.2529557291666668	0.3848723980907081
0.35295572916666684	0.6049863589871337
0.4529557291666668	0.8487240094704827
0.5529557291666668	1.112074955518129
0.6529557291666668	1.392245711029534
0.7529557291666668	1.6871823606450473
0.8529557291666667	1.9953335265002
0.9529557291666667	2.3155134049078216
1.0529557291666667	2.6468319798608118
1.1529557291666668	2.9881129766156755
1.2529557291666669	3.3359274632893086
1.352955729166667	3.689200527117851
1.452955729166667	4.0473464437910005
1.5529557291666671	4.409841444564776
1.6529557291666672	4.776213370759384
1.7529557291666673	5.146036938848701
1.8529557291666674	5.518925946551598
1.9529557291666675	5.894529396307783
2.0529557291666674	6.272527852268087
2.1529557291666674	6.65263017897631
2.2529557291666675	7.034571884047088
2.3529557291666676	7.418112586938182
2.4529557291666677	7.80303499019241
2.552955729166668	8.189144132752368
2.652955729166668	8.576266236343127
2.752955729166668	8.964247411707275
2.852955729166668	9.352954055805998
2.952955729166668	9.7422726173567
3.0529557291666682	10.132108308718367
3.1529557291666683	10.522386207312056
3.2529557291666684	10.913050966923182
3.3529557291666685	11.304066233859766
3.4529557291666686	11.695415571716591
3.5529557291666687	12.08710249092965
3.6529557291666688	12.479150265468668
3.752955729166669	12.87160317202249
3.852955729166669	13.264525341633695
3.952955729166669	13.658003024944826
4.052955729166669	14.052143574254105
4.152955729166669	14.447076786430543
4.252955729166668	14.842955902588082
4.352955729166668	15.239957625307627
4.452955729166668	15.638283121113297
4.552955729166667	16.038160219523807
4.652955729166667	16.439843851395338
4.752955729166667	16.843617980345062
4.852955729166666	17.24979741738642
4.952955729166666	17.65873049211872
5.052955729166666	18.070801969007878
5.152955729166665	18.486436397497645
5.252955729166665	18.906103333851078
5.3529557291666645	19.330320716944954
5.452955729166664	19.75966126782745
5.552955729166664	20.19477115790234
5.6529557291666634	20.63633233429052
5.752955729166663	21.084740062319735
5.852955729166663	21.54018044892725
5.952955729166662	22.002811514984156
6.052955729166662	22.47302669312278
6.152955729166662	22.95127563590122
6.252955729166661	23.437978411325076
6.313	24.03252763942626
179769313486231570000000000000000000000000000000000000000000000000000000000000000000000000000000000000000000000000000000000000000000000000000000000000000000000000000000000000000000000000000000000000000000000000000000000000000000000000000000000000000000000000000000000000000000000000000000000000000000000000000	24.03252763942626
