-179769313486231570000000000000000000000000000000000000000000000000000000000000000000000000000000000000000000000000000000000000000000000000000000000000000000000000000000000000000000000000000000000000000000000000000000000000000000000000000000000000000000000000000000000000000000000000000000000000000000000000000	0
0.00000000000000006496374682755505	0
0.0033333333333333986	0.0010075520707133814
0.006666666666666732	0.002329600134511438
0.011666666666666731	0.0047492229097064464
0.01916666666666673	0.009147141885653961
0.03041666666666673	0.017105173556827183
0.04729166666666673	0.031457012561682776
0.07260416666666673	0.05725878135605837
0.11057291666666674	0.10350033041204579
0.16752604166666674	0.18606913721370116
0.25295572916666675	0.3328210408149309
0.35295572916666673	0.5316942733105771
0.4529557291666667	0.7538232292625819
0.5529557291666667	0.995139576429817
0.6529557291666667	1.2527848407914988
0.7529557291666666	1.5246367984491356
0.8529557291666666	1.809068301250845
0.9529557291666666	2.1048103366352815
1.0529557291666667	2.410879162322762
1.1529557291666668	2.558219492870241
1.2529557291666669	2.558219492870241
1.352955729166667	2.558219492870241
1.452955729166667	2.558219492870241
1.5529557291666671	2.558219492870241
1.6529557291666672	2.558219492870241
1.7529557291666673	2.558219492870241
1.8529557291666674	2.558219492870241
1.9529557291666675	2.558219492870241
2.0529557291666674	2.558219492870241
2.1529557291666674	2.558219492870241
2.2529557291666675	2.558219492870241
2.3529557291666676	2.558219492870241
2.4529557291666677	2.558219492870241
2.552955729166668	2.558219492870241
2.652955729166668	2.558219492870241
2.752955729166668	2.558219492870241
2.852955729166668	2.558219492870241
2.952955729166668	2.558219492870241
3.0529557291666682	2.558219492870241
3.1529557291666683	2.558219492870241
3.2529557291666684	2.558219492870241
3.3529557291666685	2.558219492870241
3.4529557291666686	2.558219492870241
3.5529557291666687	2.558219492870241
3.6529557291666688	2.558219492870241
3.752955729166669	2.558219492870241
3.852955729166669	2.558219492870241
3.952955729166669	2.558219492870241
4.052955729166669	2.558219492870241
4.152955729166669	2.558219492870241
4.252955729166668	2.558219492870241
4.352955729166668	2.558219492870241
4.452955729166668	2.558219492870241
4.552955729166667	2.558219492870241
4.652955729166667	2.558219492870241
4.752955729166667	2.558219492870241
4.852955729166666	2.558219492870241
4.952955729166666	2.558219492870241
5.052955729166666	2.558219492870241
5.152955729166665	2.558219492870241
5.252955729166665	2.558219492870241
5.3529557291666645	2.558219492870241
5.452955729166664	2.558219492870241
5.552955729166664	2.558219492870241
5.6529557291666634	2.558219492870241
5.752955729166663	2.558219492870241
5.852955729166663	2.558219492870241
5.952955729166662	2.558219492870241
6.052955729166662	2.558219492870241
6.152955729166662	2.558219492870241
6.252955729166661	2.558219492870241
6.313	2.558219492870241
179769313486231570000000000000000000000000000000000000000000000000000000000000000000000000000000000000000000000000000000000000000000000000000000000000000000000000000000000000000000000000000000000000000000000000000000000000000000000000000000000000000000000000000000000000000000000000000000000000000000000000000	2.558219492870241
