-179769313486231570000000000000000000000000000000000000000000000000000000000000000000000000000000000000000000000000000000000000000000000000000000000000000000000000000000000000000000000000000000000000000000000000000000000000000000000000000000000000000000000000000000000000000000000000000000000000000000000000000	0
0.0000000000000004440892098500626	0
0.0033333333333338544	0.03256000000000053
0.006666666666667265	0.06512000000000107
0.011666666666667158	0.11395999999999969
0.019166666666666998	0.1872199999999976
0.03041666666666698	0.29710999999999665
0.047291666666667176	0.46194499999999744
0.07260416666666725	0.7091974999999964
0.11057291666666735	1.080076249999995
0.1675260416666675	1.6363943749999927
0.25295572916666753	2.4708715624999873
0.3529557291666676	3.4476715624999814
0.45295572916666726	4.4244715624999715
0.5529557291666669	5.401271562499962
0.6529557291666666	6.378071562499952
0.7529557291666662	7.354871562499942
0.8529557291666658	8.331671562499931
0.9529557291666655	9.308471562499921
1.0529557291666651	10.285271562499911
1.1529557291666648	11.262071562499901
1.2529557291666644	12.238871562499892
1.352955729166664	13.215671562499882
1.4529557291666637	14.192471562499872
1.5529557291666634	15.169271562499862
1.652955729166663	16.146071562499852
1.7529557291666626	17.122871562499842
1.8529557291666623	18.099671562499832
1.952955729166662	19.076471562499822
2.0529557291666616	20.053271562499813
2.1529557291666612	21.030071562499803
2.252955729166661	22.006871562499793
2.3529557291666605	22.983671562499783
2.45295572916666	23.960471562499773
2.55295572916666	24.937271562499763
2.6529557291666594	25.914071562499753
2.752955729166659	26.890871562499743
2.8529557291666587	27.867671562499734
2.9529557291666584	28.844471562499724
3.052955729166658	29.821271562499714
3.1529557291666577	30.798071562499704
3.2529557291666573	31.774871562499694
3.352955729166657	32.75167156249968
3.4529557291666566	33.72847156249967
3.5529557291666563	34.70527156249966
3.652955729166656	35.68207156249965
3.7529557291666555	36.65887156249964
3.852955729166655	37.63567156249963
3.952955729166655	38.61247156249962
4.052955729166655	39.58927156249961
4.152955729166655	40.5660715624996
4.252955729166654	41.54287156249959
4.352955729166654	42.51967156249958
4.4529557291666535	43.49647156249957
4.552955729166653	44.47327156249956
4.652955729166653	45.45007156249955
4.752955729166652	46.42687156249954
4.852955729166652	47.40367156249953
4.952955729166652	48.38047156249952
5.052955729166651	49.35727156249951
5.152955729166651	50.3340715624995
5.252955729166651	51.31087156249949
5.35295572916665	52.28767156249948
5.45295572916665	53.26447156249947
5.55295572916665	54.24127156249946
5.640000000000001	55.941768437499796
179769313486231570000000000000000000000000000000000000000000000000000000000000000000000000000000000000000000000000000000000000000000000000000000000000000000000000000000000000000000000000000000000000000000000000000000000000000000000000000000000000000000000000000000000000000000000000000000000000000000000000000	55.941768437499796
