-179769313486231570000000000000000000000000000000000000000000000000000000000000000000000000000000000000000000000000000000000000000000000000000000000000000000000000000000000000000000000000000000000000000000000000000000000000000000000000000000000000000000000000000000000000000000000000000000000000000000000000000	0
5.213	0
5.216333333333333	0.003095609359755628
5.219666666666666	0.0061920862403422
5.224666666666666	0.010838427061962686
5.232166666666666	0.017811592307900394
5.243416666666667	0.028279549957002492
5.260291666666666	0.04399991733679844
5.285604166666666	0.06762114229405616
5.3235729166666665	0.10314125881984931
5.380526041666666	0.15661733362978797
5.465955729166666	0.23724514457895265
5.5659557291666655	0.33220872210114377
5.665955729166665	0.4277456782221146
5.765955729166665	0.523797561884533
5.865955729166664	0.6203082873659174
5.965955729166664	0.7172256661305861
6.065955729166664	0.8145002644594784
6.165955729166663	0.9120846523870538
6.265955729166663	1.0099339743056606
6.365955729166663	1.1080073513766917
6.465955729166662	1.2062667470438324
6.565955729166662	1.3046764069281913
6.665955729166662	1.403203520588081
6.765955729166661	1.5018189770104164
6.865955729166661	1.6004968306422527
6.9659557291666605	1.699213595421558
7.06595572916666	1.7979489336700367
7.16595572916666	1.8966861175233611
7.265955729166659	1.9954115630402218
7.365955729166659	2.0941145849787097
7.465955729166659	2.1927876087483313
7.565955729166658	2.2914266007785455
7.665955729166658	2.390030554387663
7.765955729166658	2.4886015434512907
7.865955729166657	2.5871449294152895
7.965955729166657	2.68566908413747
8.065955729166657	2.784185379678804
8.165955729166656	2.88270834392931
8.265955729166656	2.981255658680405
8.365955729166656	3.0798475441409177
8.465955729166655	3.1785069399863635
8.55	3.34452063682027
179769313486231570000000000000000000000000000000000000000000000000000000000000000000000000000000000000000000000000000000000000000000000000000000000000000000000000000000000000000000000000000000000000000000000000000000000000000000000000000000000000000000000000000000000000000000000000000000000000000000000000000	3.34452063682027
