-179769313486231570000000000000000000000000000000000000000000000000000000000000000000000000000000000000000000000000000000000000000000000000000000000000000000000000000000000000000000000000000000000000000000000000000000000000000000000000000000000000000000000000000000000000000000000000000000000000000000000000000	0
5.213	0
5.216333333333333	0.0032846274409971715
5.219666666666666	0.0065692495633543615
5.224666666666666	0.011496175898197115
5.232166666666666	0.01888655952904731
5.243416666666667	0.029972153716047646
5.260291666666666	0.04660063055095523
5.285604166666666	0.07154355118970751
5.3235729166666665	0.10895837605123841
5.380526041666666	0.16508165902705596
5.465955729166666	0.24926924180934024
5.5659557291666655	0.34781970851020466
5.665955729166665	0.446375487597799
5.765955729166665	0.5449371408188631
5.865955729166664	0.6435051791426939
5.965955729166664	0.7420802647800211
6.065955729166664	0.8406629942081664
6.165955729166663	0.9392536129557724
6.265955729166663	1.0378525783126873
6.365955729166663	1.1364602966218496
6.465955729166662	1.2350773333323095
6.565955729166662	1.3337039209761392
6.665955729166662	1.4323407507821277
6.765955729166661	1.5309871740007819
6.865955729166661	1.6296442778412272
6.9659557291666605	1.7283112871772048
7.06595572916666	1.8269892506140375
7.16595572916666	1.9256771977018436
7.265955729166659	2.0243755745366006
7.365955729166659	2.123084273877817
7.465955729166659	2.221803610561532
7.565955729166658	2.320532315757998
7.665955729166658	2.4192709638278638
7.765955729166658	2.5180181846954093
7.865955729166657	2.6167738764203876
7.965955729166657	2.7155377217387655
8.065955729166657	2.8143082584754424
8.165955729166656	2.913085152771556
8.265955729166656	3.0118669529019444
8.365955729166656	3.1106528467942973
8.465955729166655	3.209441346678326
8.55	3.3754958379263402
179769313486231570000000000000000000000000000000000000000000000000000000000000000000000000000000000000000000000000000000000000000000000000000000000000000000000000000000000000000000000000000000000000000000000000000000000000000000000000000000000000000000000000000000000000000000000000000000000000000000000000000	3.3754958379263402
