-179769313486231570000000000000000000000000000000000000000000000000000000000000000000000000000000000000000000000000000000000000000000000000000000000000000000000000000000000000000000000000000000000000000000000000000000000000000000000000000000000000000000000000000000000000000000000000000000000000000000000000000	0
0.003052734375000643	0
0.006386067708334053	0.001331438916234513
0.009719401041667464	0.0026663570700485063
0.014719401041667357	0.0046752449513836605
0.02221940104166742	0.007703186374941745
0.0334694010416674	0.01227780615623638
0.050344401041667375	0.019212660184236535
0.07565690104166745	0.029773565910195775
0.11362565104166755	0.04596556399098278
0.1705787760416675	0.07100773791075518
0.2560084635416675	0.11016564877092655
0.3560084635416676	0.15825069208169676
0.4560084635416677	0.20855925937081304
0.5560084635416678	0.2609110179438033
0.6560084635416679	0.3151509779112461
0.756008463541668	0.37114530648146726
0.856008463541668	0.4287774867278304
0.9560084635416679	0.48794557209107703
1.056008463541668	0.548559383314857
1.156008463541668	0.6105389744462181
1.2560084635416682	0.6738160068772572
1.3560084635416683	0.7383302909580914
1.4560084635416684	0.8040277008973041
1.5560084635416684	0.8708601533204026
1.6560084635416685	0.9387849840823428
1.7560084635416686	1.0077643619842926
1.8560084635416687	1.0777647761545315
1.9560084635416688	1.1487565979520669
2.056008463541669	1.2207136569085875
2.156008463541669	1.293612928158985
2.256008463541669	1.3674342440298117
2.356008463541669	1.442159959154027
2.4560084635416692	1.5177746769459521
2.5560084635416693	1.594265162344289
2.6560084635416694	1.6716200722506
2.7560084635416695	1.7498297814997847
2.8560084635416696	1.8288862084748418
2.9560084635416697	1.9087827056665037
3.0560084635416693	1.9895138844132527
3.156008463541669	2.071075488993154
3.2560084635416686	2.1534643073979436
3.3560084635416683	2.2366780478734407
3.456008463541668	2.3207152203264148
3.5560084635416676	2.4055750595033154
3.656008463541667	2.4912574436686192
3.756008463541667	2.577762789275364
3.8560084635416665	2.6650919748350206
3.956008463541666	2.7532462834101943
4.056008463541666	2.842227307857
4.156008463541665	2.9320368660936436
4.256008463541665	3.0226769519957357
4.356008463541665	3.1141496831827986
4.456008463541664	3.2064571982466723
4.556008463541664	3.299601612532792
4.656008463541664	3.393584963328098
4.756008463541663	3.4884091428993473
4.856008463541663	3.5840758192861597
4.956008463541663	3.680586423754034
5.056008463541662	3.7779420408770132
5.156008463541662	3.8761433586694554
5.2560084635416615	3.9661594877914146
5.356008463541661	4.043449573444997
5.456008463541661	4.121584518306419
5.5560084635416604	4.200562965861425
5.65600846354166	4.280382892814343
5.75600846354166	4.361041428347231
5.856008463541659	4.442534985454414
5.956008463541659	4.524859209625556
6.056008463541659	4.608008810770226
6.156008463541658	4.691977557755249
6.256008463541658	4.776758235508434
6.356008463541658	4.862342584458605
6.456008463541657	4.948721245957505
6.556008463541657	5.035883717382696
6.6560084635416565	5.123818307818773
6.756008463541656	5.212512094556507
6.856008463541656	5.3019508960573365
6.9560084635416555	5.392119204379626
7.056008463541655	5.483000171607693
7.156008463541655	5.574575580571923
7.256008463541654	5.666825819393077
7.356008463541654	5.759729872637214
7.456008463541654	5.853265318465533
7.556008463541653	5.947408334859697
7.656008463541653	6.042133721249858
7.756008463541653	6.137414937484302
7.856008463541652	6.233224171409129
7.956008463541652	6.32953242777003
8.056008463541652	6.426309655574447
8.156008463541651	6.523524904041533
8.25600846354165	6.621146287697993
8.35600846354165	6.719142343304465
8.45600846354165	6.817481173915498
8.553052734375001	7.009082083600687
179769313486231570000000000000000000000000000000000000000000000000000000000000000000000000000000000000000000000000000000000000000000000000000000000000000000000000000000000000000000000000000000000000000000000000000000000000000000000000000000000000000000000000000000000000000000000000000000000000000000000000000	7.009082083600687
