-179769313486231570000000000000000000000000000000000000000000000000000000000000000000000000000000000000000000000000000000000000000000000000000000000000000000000000000000000000000000000000000000000000000000000000000000000000000000000000000000000000000000000000000000000000000000000000000000000000000000000000000	0
0.003052734375000643	0
0.006386067708334053	0.0018202641147174103
0.009719401041667464	0.003647902179843063
0.014719401041667357	0.006402817496446431
0.02221940104166742	0.010564468106494113
0.0334694010416674	0.01686967344753737
0.050344401041667375	0.026459020117418915
0.07565690104166745	0.04111207867015955
0.11362565104166755	0.06362784235894732
0.1705787760416675	0.09843903956788388
0.2560084635416675	0.15262629791007853
0.3560084635416676	0.21864581059390947
0.4560084635416677	0.2872164787747024
0.5560084635416678	0.3582590941257672
0.6560084635416679	0.431783595965401
0.756008463541668	0.5078330329891316
0.856008463541668	0.586449190687696
0.9560084635416679	0.6676536075717997
1.056008463541668	0.7514417700487258
1.156008463541668	0.8377938821088527
1.2560084635416682	0.9267094932594759
1.3560084635416683	1.0182255249080627
1.4560084635416684	1.1123258851443858
1.5560084635416684	1.2089256129123476
1.6560084635416685	1.3079423794553
1.7560084635416686	1.409301900952274
1.8560084635416687	1.5129364577707536
1.9560084635416688	1.618785900399505
2.056008463541669	1.726796440292866
2.156008463541669	1.8369206747667504
2.256008463541669	1.949117383584751
2.356008463541669	2.0633509966394907
2.4560084635416692	2.1795914957661844
2.5560084635416693	2.2978141888832146
2.6560084635416694	2.4179837062701015
2.7560084635416695	2.5400799527409332
2.8560084635416696	2.664112645350446
2.9560084635416697	2.790075573044138
3.0560084635416693	2.9179660844479054
3.156008463541669	3.0477855763316213
3.2560084635416686	3.1795387133837036
3.3560084635416683	3.3132336315616286
3.456008463541668	3.4488816761878303
3.5560084635416676	3.5864963939702577
3.656008463541667	3.726094981353416
3.756008463541667	3.867696325186164
3.8560084635416665	4.011322028631643
3.956008463541666	4.156995681824555
4.056008463541666	4.304742779934723
4.156008463541665	4.454590877027324
4.256008463541665	4.6065683691907715
4.356008463541665	4.760706011557684
4.456008463541664	4.91703530669915
4.556008463541664	5.075589454827261
4.656008463541664	5.236401814046186
4.756008463541663	5.399507619372504
4.856008463541663	5.564942041898753
4.956008463541663	5.732741685312366
5.056008463541662	5.9029429244630345
5.156008463541662	6.075582802011459
5.2560084635416615	6.1948971156112425
5.356008463541661	6.232867029628789
5.456008463541661	6.273388831140825
5.5560084635416604	6.316500429409
5.65600846354166	6.362240099641899
5.75600846354166	6.41064503078401
5.856008463541659	6.461752839565811
5.956008463541659	6.5156015413776505
6.056008463541659	6.572227999965849
6.156008463541658	6.631668663473797
6.256008463541658	6.693960579653689
6.356008463541658	6.759140051724416
6.456008463541657	6.827241368039666
6.556008463541657	6.898301134092648
6.6560084635416565	6.972354180976612
6.756008463541656	7.049433133261881
6.856008463541656	7.129573190882708
6.9560084635416555	7.212807140762316
7.056008463541655	7.299166953145914
7.156008463541655	7.388685558056462
7.256008463541654	7.481394794432577
7.356008463541654	7.577325044379914
7.456008463541654	7.67650762264563
7.556008463541653	7.778973138070445
7.656008463541653	7.884750586830918
7.756008463541653	7.993869795723602
7.856008463541652	8.106361102254375
7.956008463541652	8.222251712091964
8.056008463541652	8.341571460968735
8.156008463541651	8.464349773120796
8.25600846354165	8.590613199333028
8.35600846354165	8.720391589236813
8.45600846354165	8.853713710972826
8.553052734375001	9.120988286721603
179769313486231570000000000000000000000000000000000000000000000000000000000000000000000000000000000000000000000000000000000000000000000000000000000000000000000000000000000000000000000000000000000000000000000000000000000000000000000000000000000000000000000000000000000000000000000000000000000000000000000000000	9.120988286721603
