-179769313486231570000000000000000000000000000000000000000000000000000000000000000000000000000000000000000000000000000000000000000000000000000000000000000000000000000000000000000000000000000000000000000000000000000000000000000000000000000000000000000000000000000000000000000000000000000000000000000000000000000	0
0.003052734375000643	0
0.006386067708334053	0
0.009719401041667464	0
0.014719401041667357	0
0.02221940104166742	0
0.0334694010416674	0
0.050344401041667375	0
0.07565690104166745	0
0.11362565104166755	0
0.1705787760416675	0
0.2560084635416675	0
0.3560084635416676	0
0.4560084635416677	0
0.5560084635416678	0
0.6560084635416679	0
0.756008463541668	0
0.856008463541668	0
0.9560084635416679	0
1.056008463541668	0
1.156008463541668	0
1.2560084635416682	0
1.3560084635416683	0
1.4560084635416684	0
1.5560084635416684	0
1.6560084635416685	0
1.7560084635416686	0
1.8560084635416687	0
1.9560084635416688	0
2.056008463541669	0
2.156008463541669	0
2.256008463541669	0
2.356008463541669	0
2.4560084635416692	0
2.5560084635416693	0
2.6560084635416694	0
2.7560084635416695	0
2.8560084635416696	0
2.9560084635416697	0
3.0560084635416693	0
3.156008463541669	0
3.2560084635416686	0
3.3560084635416683	0
3.456008463541668	0
3.5560084635416676	0
3.656008463541667	0
3.756008463541667	0
3.8560084635416665	0
3.956008463541666	0
4.056008463541666	0
4.156008463541665	0
4.256008463541665	0
4.356008463541665	0
4.456008463541664	0
4.556008463541664	0
4.656008463541664	0
4.756008463541663	0
4.856008463541663	0
4.956008463541663	0
5.056008463541662	0
5.156008463541662	0
5.2560084635416615	0
5.356008463541661	0
5.456008463541661	0
5.5560084635416604	0
5.65600846354166	0
5.75600846354166	0
5.856008463541659	0
5.956008463541659	0
6.056008463541659	0
6.156008463541658	0
6.256008463541658	0
6.356008463541658	0
6.456008463541657	0
6.556008463541657	0
6.6560084635416565	0
6.756008463541656	0
6.856008463541656	0
6.9560084635416555	0
7.056008463541655	0
7.156008463541655	0
7.256008463541654	0
7.356008463541654	0
7.456008463541654	0
7.556008463541653	0
7.656008463541653	0
7.756008463541653	0
7.856008463541652	0
7.956008463541652	0
8.056008463541652	0
8.156008463541651	0
8.25600846354165	0
8.35600846354165	0
8.45600846354165	0
8.553052734375001	0
179769313486231570000000000000000000000000000000000000000000000000000000000000000000000000000000000000000000000000000000000000000000000000000000000000000000000000000000000000000000000000000000000000000000000000000000000000000000000000000000000000000000000000000000000000000000000000000000000000000000000000000	0
