-179769313486231570000000000000000000000000000000000000000000000000000000000000000000000000000000000000000000000000000000000000000000000000000000000000000000000000000000000000000000000000000000000000000000000000000000000000000000000000000000000000000000000000000000000000000000000000000000000000000000000000000	0
0	0
0.0033333333333333335	0.0011452127484624453
0.006666666666666667	0.0024948305827150823
0.011666666666666667	0.004760362828550334
0.019166666666666665	0.008562687684584801
0.030416666666666665	0.014962158682501999
0.04729166666666666	0.02577523884204671
0.07260416666666666	0.04411934973450596
0.11057291666666666	0.07534942271370232
0.16752604166666668	0.12864987905476488
0.2529557291666667	0.2197038223379627
0.35295572916666673	0.3393212512838257
0.4529557291666667	0.4700537551993307
0.5529557291666667	0.6099081362730463
0.6529557291666667	0.7574926166990092
0.7529557291666666	0.9117732408622617
0.8529557291666666	1.0719508683744314
0.9529557291666666	1.2373926351234534
1.0529557291666667	1.4075891592186238
1.1529557291666668	1.5821272850736516
1.2529557291666669	1.7606729656244686
1.352955729166667	1.9429590454325871
1.452955729166667	2.1287781601950124
1.5529557291666671	2.317979898797053
1.6	2.4986430455312405
179769313486231570000000000000000000000000000000000000000000000000000000000000000000000000000000000000000000000000000000000000000000000000000000000000000000000000000000000000000000000000000000000000000000000000000000000000000000000000000000000000000000000000000000000000000000000000000000000000000000000000000	2.4986430455312405
