-100003.5	0
1.656152086661951	0
1.659485419995284	0.00000013303219708723187
1.6644854199952839	0.0000010437537252320178
1.6719854199952842	0.0000049565517354642275
1.6832354199952846	0.000020527560636776764
1.7001104199952843	0.00007871527224481174
1.7254229199952844	0.00028769095339258185
1.7633916699952845	0.0010510587836469762
1.8203447949952842	0.003916429489781567
1.9057744824952838	0.015240289983426409
2.0057744824952835	0.045177196267183806
2.105774482495283	0.09759799804195357
2.2057744824952827	0.17184690897046434
2.3057744824952824	0.26612917939251335
2.405774482495282	0.3791405996198372
2.5057744824952817	0.5095550588245059
2.6057744824952813	0.6560923168625811
2.705774482495281	0.8177159089974051
2.8057744824952806	0.993521157067903
2.9057744824952803	1.182593902759054
3.00577448249528	1.3842748254989479
3.1057744824952795	1.59779997861407
3.205774482495279	1.822466981965112
3.305774482495279	2.0576747858262556
3.4057744824952785	2.30294065267929
3.505774482495278	2.5577465491651594
3.6057744824952778	2.821647139764465
3.7057744824952774	3.0942362109482513
3.75	3.2174825722710416
1000003.75	3.2174825722710416
