-100003.5	0
1.1999999999999993	0
1.2033333333333323	0.00000015511933971252532
1.2083333333333321	0.0000006257574716965003
1.2158333333333324	0.000001991493500894649
1.2270833333333329	0.000005943925778434148
1.2439583333333326	0.00001755889264608955
1.2692708333333327	0.00005471182230736232
1.3072395833333328	0.0001767268161197198
1.3641927083333325	0.000605871023949854
1.449622395833332	0.0022219615883408467
1.5496223958333317	0.0069017262695792725
1.6496223958333314	0.017238240809862637
1.749622395833331	0.03716471691780967
1.8496223958333307	0.06965388179598146
1.9496223958333303	0.11825633940426189
2.04962239583333	0.18724256718340423
2.1496223958333296	0.27663344324221495
2.2496223958333292	0.38517750711014315
2.349622395833329	0.5115982654893376
2.4496223958333285	0.6548020051413769
2.549622395833328	0.8137458868291042
2.649622395833328	0.9872725616494135
2.7496223958333275	1.174631046347043
2.849622395833327	1.3751005411737225
2.9496223958333267	1.5878829575607283
3.0496223958333264	1.812312711874654
3.149622395833326	2.0477502838896715
3.2496223958333257	2.293589603903
3.3496223958333253	2.5494263123957546
3.449622395833325	2.8146998944452304
3.5496223958333246	3.08890277729174
3.6496223958333243	3.371674176904549
3.749622395833324	3.662647730479188
3.75	3.6637627170289764
1000003.75	3.6637627170289764
