-179769313486231570000000000000000000000000000000000000000000000000000000000000000000000000000000000000000000000000000000000000000000000000000000000000000000000000000000000000000000000000000000000000000000000000000000000000000000000000000000000000000000000000000000000000000000000000000000000000000000000000000	0
2.5310471582748857	0
2.5343804916082187	0.00000013380498488228029
2.5377138249415516	0.000001070439879091839
2.5427138249415515	0.0000057338892047918035
2.550213824941552	0.000025350045813083744
2.5614638249415522	0.00010061188558592522
2.578338824941552	0.0003738263725076715
2.603651324941552	0.0013295400243712582
2.641620074941552	0.004581842884770835
2.698573199941552	0.015146756097150441
2.7840028874415523	0.04395953139740778
2.884002887441552	0.09534019530928894
2.9840028874415516	0.16391249960021795
3.0840028874415513	0.24824633393152995
3.184002887441551	0.34721086986277916
3.2840028874415506	0.4598643795462349
3.38400288744155	0.5853961981896509
3.48400288744155	0.7230924945174166
3.5840028874415495	0.8723145862357733
3.684002887441549	1.0324839392710277
3.75	1.2576001595554434
179769313486231570000000000000000000000000000000000000000000000000000000000000000000000000000000000000000000000000000000000000000000000000000000000000000000000000000000000000000000000000000000000000000000000000000000000000000000000000000000000000000000000000000000000000000000000000000000000000000000000000000	1.2576001595554434
