-179769313486231570000000000000000000000000000000000000000000000000000000000000000000000000000000000000000000000000000000000000000000000000000000000000000000000000000000000000000000000000000000000000000000000000000000000000000000000000000000000000000000000000000000000000000000000000000000000000000000000000000	0
0.00000000000000010835776720341528	0
0.003333333333333442	0.006821215744747549
0.0066666666666667755	0.013820927688648562
0.011666666666666776	0.024524552842474394
0.019166666666666776	0.04091955462811568
0.030416666666666776	0.0660923940004289
0.04729166666666677	0.10485443294143271
0.07260416666666678	0.16473275107026242
0.11057291666666677	0.2575338059202837
0.1675260416666668	0.4017921966958554
0.2529557291666668	0.6265396382471928
0.35295572916666684	0.8988619805577469
0.4529557291666668	1.1784385986895403
0.5529557291666668	1.4633739472536376
0.6529557291666668	1.7522979760834176
0.7529557291666668	2.0441549661481524
0.8529557291666667	2.338095118318865
0.9529557291666667	2.633412223500988
1.0529557291666667	2.9295058131426375
1.1000000000000003	3.2083438875392507
179769313486231570000000000000000000000000000000000000000000000000000000000000000000000000000000000000000000000000000000000000000000000000000000000000000000000000000000000000000000000000000000000000000000000000000000000000000000000000000000000000000000000000000000000000000000000000000000000000000000000000000	3.2083438875392507
