-179769313486231570000000000000000000000000000000000000000000000000000000000000000000000000000000000000000000000000000000000000000000000000000000000000000000000000000000000000000000000000000000000000000000000000000000000000000000000000000000000000000000000000000000000000000000000000000000000000000000000000000	0
0.00000000000000010835776720341528	0
0.003333333333333442	0.0068210643680160915
0.0066666666666667755	0.013820725785910183
0.011666666666666776	0.024524252361522697
0.019166666666666776	0.04091917355088924
0.030416666666666776	0.0660919275738848
0.04729166666666677	0.1048538598836192
0.07260416666666678	0.16473205509301764
0.11057291666666677	0.2575331441217653
0.1675260416666668	0.401791896180684
0.2529557291666668	0.6265397471025382
0.35295572916666684	0.8988630407883251
0.4529557291666668	1.1784405883134526
0.5529557291666668	1.4633767230718502
0.6529557291666668	1.7523015000498159
0.7529557291666668	2.044159166352589
0.8529557291666667	2.3380998482397914
0.9529557291666667	2.6334174168829483
1.0529557291666667	2.929511166856795
1.1000000000000003	3.2083491770553176
179769313486231570000000000000000000000000000000000000000000000000000000000000000000000000000000000000000000000000000000000000000000000000000000000000000000000000000000000000000000000000000000000000000000000000000000000000000000000000000000000000000000000000000000000000000000000000000000000000000000000000000	3.2083491770553176
