-100000	0
0	0
0.0033333333333333335	0.006747767363564063
0.008333333333333333	0.017249984181196158
0.01583333333333333	0.03341636687734719
0.02708333333333333	0.0583159176876809
0.043958333333333335	0.09674068677644466
0.06927083333333334	0.15620289338505408
0.10723958333333333	0.24846668986040238
0.16419270833333333	0.3920227659889077
0.24962239583333334	0.6158386185724992
0.3496223958333333	0.8871693169909188
0.4496223958333333	1.1658339418489694
0.5496223958333333	1.449922168918947
0.6496223958333333	1.7380621159429186
0.7496223958333332	2.029202610810517
0.8496223958333332	2.3224972559062627
0.9496223958333332	2.6172389357572956
1.0496223958333333	2.912845277295484
1.1	3.06192293576207
1000001.1	3.06192293576207
