-179769313486231570000000000000000000000000000000000000000000000000000000000000000000000000000000000000000000000000000000000000000000000000000000000000000000000000000000000000000000000000000000000000000000000000000000000000000000000000000000000000000000000000000000000000000000000000000000000000000000000000000	0
0.00000000000000010835776720341528	0
0.003333333333333442	0.0068212157447474385
0.0066666666666667755	0.013820927688648354
0.011666666666666776	0.02452455284247406
0.019166666666666776	0.04091955462811518
0.030416666666666776	0.06609239400042817
0.04729166666666677	0.10485443294143156
0.07260416666666678	0.16473275107026056
0.11057291666666677	0.25753380592028097
0.1675260416666668	0.4017921966958511
0.2529557291666668	0.6265396382471864
0.35295572916666684	0.8988619805577377
0.4529557291666668	1.178438598689528
0.5529557291666668	1.463373947253623
0.6529557291666668	1.7522979760834003
0.7529557291666668	2.0441549661481324
0.8529557291666667	2.338095118318842
0.9529557291666667	2.6334122235009616
1.0529557291666667	2.929505813142608
1.1000000000000003	3.2083438875392183
179769313486231570000000000000000000000000000000000000000000000000000000000000000000000000000000000000000000000000000000000000000000000000000000000000000000000000000000000000000000000000000000000000000000000000000000000000000000000000000000000000000000000000000000000000000000000000000000000000000000000000000	3.2083438875392183
