-100000	0
0	0
0.0033333333333333335	0.006747821520930975
0.008333333333333333	0.017249285814975642
0.01583333333333333	0.033415095929974006
0.02708333333333333	0.05831381227883088
0.043958333333333335	0.09673737787843165
0.06927083333333334	0.15619789192438369
0.10723958333333333	0.24845933597798947
0.16419270833333333	0.3920123006170336
0.24962239583333334	0.6158242722446591
0.3496223958333333	0.8871514648913298
0.4496223958333333	1.1658134752878215
0.5496223958333333	1.449899837367224
0.6496223958333333	1.7380385193433754
0.7496223958333332	2.02917821358963
0.8496223958333332	2.322472395636181
0.9496223958333332	2.617213873103742
1.0496223958333333	2.912820156116629
1.1	3.0618978093502305
1000001.1	3.0618978093502305
