-100000	0
0	0
0.0033333333333333335	0.006747865472222085
0.008333333333333333	0.0172487394959966
0.01583333333333333	0.03341409751221394
0.02708333333333333	0.05831215182776552
0.043958333333333335	0.09673475960707842
0.06927083333333334	0.15619392470945273
0.10723958333333333	0.24845348861554634
0.16419270833333333	0.3920039620023759
0.24962239583333334	0.6158128226151461
0.3496223958333333	0.8871371935162041
0.4496223958333333	1.1657970966860276
0.5496223958333333	1.4498819499206812
0.6496223958333333	1.7380196023650656
0.7496223958333332	2.0291586406207847
0.8496223958333332	2.322452445247045
0.9496223958333332	2.617193751046214
1.0496223958333333	2.9127999820101818
1.1	3.0618776305177144
1000001.1	3.0618776305177144
