-179769313486231570000000000000000000000000000000000000000000000000000000000000000000000000000000000000000000000000000000000000000000000000000000000000000000000000000000000000000000000000000000000000000000000000000000000000000000000000000000000000000000000000000000000000000000000000000000000000000000000000000	0
0.00000000000000010835776720341528	0
0.003333333333333442	0.006821215744747393
0.0066666666666667755	0.013820927688648255
0.011666666666666776	0.024524552842473894
0.019166666666666776	0.0409195546281149
0.030416666666666776	0.06609239400042768
0.04729166666666677	0.10485443294143074
0.07260416666666678	0.1647327510702593
0.11057291666666677	0.2575338059202789
0.1675260416666668	0.40179219669584787
0.2529557291666668	0.626539638247181
0.35295572916666684	0.8988619805577295
0.4529557291666668	1.1784385986895172
0.5529557291666668	1.4633739472536091
0.6529557291666668	1.7522979760833837
0.7529557291666668	2.044154966148113
0.8529557291666667	2.3380951183188197
0.9529557291666667	2.6334122235009367
1.0529557291666667	2.9295058131425806
1.1000000000000003	3.208343887539188
179769313486231570000000000000000000000000000000000000000000000000000000000000000000000000000000000000000000000000000000000000000000000000000000000000000000000000000000000000000000000000000000000000000000000000000000000000000000000000000000000000000000000000000000000000000000000000000000000000000000000000000	3.208343887539188
