-100000	0
0	0
0.0033333333333333335	0.006747920577413047
0.008333333333333333	0.017248072064769623
0.01583333333333333	0.03341287241518683
0.02708333333333333	0.058310106108952
0.043958333333333335	0.09673152282670823
0.06927083333333334	0.15618900569482408
0.10723958333333333	0.24844622409079084
0.16419270833333333	0.3919935822489523
0.24962239583333334	0.6157985448692062
0.3496223958333333	0.8871193671779749
0.4496223958333333	1.1657766167426902
0.5496223958333333	1.4498595628560438
0.6496223958333333	1.737995906518836
0.7496223958333332	2.0291341054195566
0.8496223958333332	2.3224274319310476
0.9496223958333332	2.617168508555952
1.0496223958333333	2.9127746682531943
1.1	3.061852309848259
1000001.1	3.061852309848259
