-179769313486231570000000000000000000000000000000000000000000000000000000000000000000000000000000000000000000000000000000000000000000000000000000000000000000000000000000000000000000000000000000000000000000000000000000000000000000000000000000000000000000000000000000000000000000000000000000000000000000000000000	0
0.00000000000000010835776720341528	0
0.003333333333333442	0.006821215744747413
0.0066666666666667755	0.013820927688648284
0.011666666666666776	0.024524552842473894
0.019166666666666776	0.04091955462811486
0.030416666666666776	0.06609239400042768
0.04729166666666677	0.10485443294143067
0.07260416666666678	0.16473275107025903
0.11057291666666677	0.25753380592027875
0.1675260416666668	0.40179219669584765
0.2529557291666668	0.6265396382471808
0.35295572916666684	0.8988619805577291
0.4529557291666668	1.1784385986895165
0.5529557291666668	1.4633739472536078
0.6529557291666668	1.7522979760833821
0.7529557291666668	2.044154966148111
0.8529557291666667	2.338095118318818
0.9529557291666667	2.6334122235009345
1.0529557291666667	2.9295058131425784
1.1000000000000003	3.2083438875391863
179769313486231570000000000000000000000000000000000000000000000000000000000000000000000000000000000000000000000000000000000000000000000000000000000000000000000000000000000000000000000000000000000000000000000000000000000000000000000000000000000000000000000000000000000000000000000000000000000000000000000000000	3.2083438875391863
