-100000	0
0	0
0.0033333333333333335	0.0193880000000004
0.008333333333333333	0.04847000000000053
0.01583333333333333	0.09209300000000122
0.02708333333333333	0.15752750000000199
0.043958333333333335	0.2556792500000031
0.06927083333333334	0.40290687500000516
0.10723958333333333	0.6237483125000074
0.16419270833333333	0.9550104687500118
0.24962239583333334	1.4519037031250182
0.3496223958333333	2.0335437031250247
0.4496223958333333	2.6151837031250316
0.5496223958333333	3.196823703125039
0.6496223958333333	3.7784637031250536
0.7496223958333332	4.360103703125062
0.8496223958333332	4.94174370312507
0.9496223958333332	5.5233837031250745
1.0496223958333333	6.105023703125086
1.1000000000058208	6.3980400000026805
1000001.1	6.3980400000026805
