-100000	0
0	0
0.0033333333333333335	0.01938799999999992
0.008333333333333333	0.04846999999999964
0.01583333333333333	0.09209299999999912
0.02708333333333333	0.15752749999999854
0.043958333333333335	0.25567924999999747
0.06927083333333334	0.4029068749999962
0.10723958333333333	0.6237483124999939
0.16419270833333333	0.9550104687499907
0.24962239583333334	1.451903703124988
0.3496223958333333	2.033543703124982
0.4496223958333333	2.6151837031249765
0.5496223958333333	3.196823703124972
0.6496223958333333	3.7784637031249693
0.7496223958333332	4.360103703124965
0.8496223958333332	4.941743703124958
0.9496223958333332	5.523383703124954
1.0496223958333333	6.105023703124953
1.1000000000058208	6.398039999992403
1000001.1	6.398039999992403
