-100000	0
0	0
0.0033333333333333335	0.01938800000000032
0.008333333333333333	0.04847000000000061
0.01583333333333333	0.09209300000000116
0.02708333333333333	0.15752750000000187
0.043958333333333335	0.2556792500000032
0.06927083333333334	0.402906875000005
0.10723958333333333	0.6237483125000076
0.16419270833333333	0.9550104687500118
0.24962239583333334	1.4519037031250182
0.3496223958333333	2.033543703125025
0.4496223958333333	2.615183703125031
0.5496223958333333	3.196823703125039
0.6496223958333333	3.7784637031250456
0.7496223958333332	4.360103703125053
0.8496223958333332	4.94174370312506
0.9496223958333332	5.523383703125067
1.0496223958333333	6.105023703125075
1.1000000000058208	6.398039999991616
1000001.1	6.398039999991616
