-100000	0
0	0
0.0033333333333333335	0.019388000000000304
0.008333333333333333	0.04847000000000056
0.01583333333333333	0.09209300000000119
0.02708333333333333	0.15752750000000193
0.043958333333333335	0.25567925000000313
0.06927083333333334	0.40290687500000494
0.10723958333333333	0.623748312500008
0.16419270833333333	0.9550104687500116
0.24962239583333334	1.4519037031250177
0.3496223958333333	2.0335437031250256
0.4496223958333333	2.615183703125034
0.5496223958333333	3.19682370312504
0.6496223958333333	3.7784637031250465
0.7496223958333332	4.360103703125052
0.8496223958333332	4.941743703125059
0.9496223958333332	5.5233837031250665
1.0496223958333333	6.105023703125074
1.1000000000058208	6.398039999990395
1000001.1	6.398039999990395
