-100000	0
6.536227915283499	0
6.539561248616832	0.0000003608429971939323
6.544561248616832	0.0000031631492717747386
6.552061248616832	0.000012903597610161986
6.563311248616833	0.000040449649099623516
6.580186248616832	0.00011406552827549881
6.605498748616832	0.00030177180593236305
6.6434674986168325	0.0007788071640748756
6.700420623616832	0.001989989107209178
6.785850311116832	0.00508612600637378
6.885850311116831	0.010942812020869906
6.985850311116831	0.019506957281104593
7.085850311116831	0.0310670072844976
7.18585031111683	0.04586801183331145
7.25	0.05717093674488105
1000007.25	0.05717093674488105
