-100000	0
5.156152086661951	0
5.159485419995284	0.00000013303219708723187
5.164485419995284	0.0000010437537252320178
5.171985419995284	0.0000049565517354642275
5.183235419995285	0.000020527560636776764
5.200110419995284	0.00007871527224481174
5.225422919995284	0.00028769095339258185
5.2633916699952845	0.0010510587836469762
5.320344794995284	0.003916429489781567
5.405774482495284	0.015240289983426409
5.5057744824952835	0.045177196267183806
5.605774482495283	0.09759799804195357
5.705774482495283	0.17184690897046434
5.805774482495282	0.26612917939251335
5.905774482495282	0.3791405996198372
6.005774482495282	0.5095550588245059
6.105774482495281	0.6560923168625811
6.205774482495281	0.8177159089974051
6.305774482495281	0.993521157067903
6.40577448249528	1.182593902759054
6.50577448249528	1.3842748254989479
6.6057744824952795	1.59779997861407
6.705774482495279	1.822466981965112
6.805774482495279	2.0576747858262556
6.9057744824952785	2.30294065267929
7.005774482495278	2.5577465491651594
7.105774482495278	2.821647139764465
7.205774482495277	3.0942362109482513
7.25	3.2174825722710416
1000007.25	3.2174825722710416
