-100000	0
6.274650840052296	0
6.2779841733856285	0.00000023211341977243573
6.282984173385628	0.0000026685284849352937
6.290484173385629	0.000015453348077442614
6.301734173385629	0.0000701280793590128
6.318609173385629	0.0002823986621898674
6.343921673385629	0.0010558123021333222
6.381890423385629	0.00375611987875325
6.438843548385629	0.01276531062454948
6.524273235885628	0.03802353097189362
6.624273235885628	0.08328269812348077
6.724273235885628	0.14364213626672148
6.824273235885627	0.21777152999900787
6.924273235885627	0.30471378747770356
7.024273235885627	0.40364067792848474
7.124273235885626	0.5137567021725208
7.224273235885626	0.6344575401443483
7.25	0.6671880892103105
1000007.25	0.6671880892103105
