-100003.5	0
2.637597251786598	0
2.640930585119931	0.0000003432186908871138
2.645930585119931	0.0000032307653994229557
2.6534305851199314	0.00001734270313406912
2.6646805851199318	0.00007554163851256518
2.6815555851199315	0.00029680128070477243
2.7068680851199316	0.001093540652354132
2.7448368351199317	0.003857151332028502
2.8017899601199314	0.013105820870877702
2.887219647619931	0.039488039715292564
2.9872196476199306	0.08731964168580192
3.0872196476199303	0.15145401583356463
3.18721964761993	0.23039345485805016
3.2872196476199296	0.3230458241763399
3.387219647619929	0.4284798967178602
3.487219647619929	0.5458853837194124
3.5872196476199285	0.6746135249417009
3.687219647619928	0.8140273944442816
3.75	0.9068049033008526
1000003.75	0.9068049033008526
