-100000	0
5.99991325404509	0
6.003246587378423	0.0000003341863610494012
6.008246587378423	0.000003302101182227383
6.015746587378423	0.000017861030377313963
6.026996587378424	0.00007761679761488484
6.0438715873784234	0.00030386608368473305
6.0691840873784235	0.0011218731480104232
6.107152837378424	0.003970970580257981
6.164105962378423	0.013564797216814967
6.249535649878423	0.041192020832637996
6.349535649878423	0.09161317021640719
6.449535649878422	0.15948362115583137
6.549535649878422	0.24318732617577116
6.6495356498784215	0.34145834307008943
6.749535649878421	0.4532628680030112
6.849535649878421	0.5777272452161109
6.94953564987842	0.7141020224232686
7.04953564987842	0.8617309996593814
7.14953564987842	1.0200376141029823
7.249535649878419	1.1884733600290447
7.25	1.189278770961971
1000007.25	1.189278770961971
