-100000	0
5.638500480937196	0
5.641833814270529	0.0000004488497969357145
5.646833814270529	0.000004340864616671274
5.6543338142705295	0.00002373303601434529
5.66558381427053	0.00010461800678305053
5.68245881427053	0.0004145518470745418
5.70777131427053	0.0015465629614333047
5.74574006427053	0.005488674998588483
5.80269318927053	0.018093482279552105
5.888122876770529	0.051914904583073504
5.988122876770529	0.1121090657170825
6.088122876770528	0.19231485419500852
6.188122876770528	0.290668865397651
6.288122876770528	0.40566270417982525
6.388122876770527	0.5360696776458223
6.488122876770527	0.6807096810516364
6.588122876770527	0.8386985381678316
6.688122876770526	1.0092296248994905
6.788122876770526	1.191582761105083
6.888122876770526	1.385083477036733
6.988122876770525	1.5891990514505203
7.088122876770525	1.8033317273043334
7.1881228767705245	2.0270241063720684
7.25	2.1700267438573597
1000007.25	2.1700267438573597
