-100000	0
5.379350588407938	0
5.382683921741271	0.00000014039984882158119
5.387683921741271	0.0000016220028166131256
5.395183921741271	0.000009315390830994244
5.406433921741272	0.00004192386684778508
5.423308921741271	0.00017178890191488615
5.448621421741271	0.0006613354908037806
5.4865901717412715	0.002533791482190437
5.543543296741271	0.009888745333694405
5.628972984241271	0.0362121971865645
5.72897298424127	0.08918732294707757
5.82897298424127	0.16392293988141765
5.92897298424127	0.25854772803839526
6.028972984241269	0.37146695340238806
6.128972984241269	0.5012772875582925
6.228972984241269	0.6467497782562419
6.328972984241268	0.8069281086191141
6.428972984241268	0.9808513910254781
6.528972984241268	1.1677239417551566
6.628972984241267	1.3667169377289088
6.728972984241267	1.5771735951317882
6.8289729842412665	1.7984449313602828
6.928972984241266	2.0300369573449193
7.028972984241266	2.2713814372633636
7.1289729842412655	2.5219862964174293
7.228972984241265	2.7815167033690775
7.25	2.837174832722825
1000007.25	2.837174832722825
