-179769313486231570000000000000000000000000000000000000000000000000000000000000000000000000000000000000000000000000000000000000000000000000000000000000000000000000000000000000000000000000000000000000000000000000000000000000000000000000000000000000000000000000000000000000000000000000000000000000000000000000000	0
0.0000000000000004440892098500626	0
0.0033333333333338544	0.0029691035863344557
0.006666666666667265	0.005937973747717759
0.011666666666667158	0.010390840729396389
0.01916666666666722	0.01706915332737895
0.030416666666667203	0.027084393469973336
0.047291666666667176	0.042102218190926265
0.07260416666666725	0.06461754951135207
0.11057291666666735	0.09836462282321629
0.1675260416666673	0.14892607302008123
0.2529557291666673	0.2246399360268825
0.3529557291666674	0.31307988264290515
0.4529557291666675	0.4013273290887471
0.5529557291666676	0.4893909867854113
0.6529557291666677	0.5772817679139819
0.7529557291666678	0.6650108713754576
0.8529557291666678	0.752588719753787
0.9529557291666677	0.8400277084032085
1.0529557291666678	0.927339970145862
1.1529557291666679	1.0145368128299035
1.252955729166668	1.1016314402927796
1.352955729166668	1.1886368990288767
1.4529557291666682	1.2755651065307543
1.5529557291666682	1.3624292728504606
1.6529557291666683	1.4492429545768226
1.7529557291666684	1.5360183546524195
1.8529557291666685	1.6227683705256033
1.9529557291666686	1.709506643498501
2.0529557291666687	1.7962457201421003
2.1529557291666688	1.8829978211657405
2.252955729166669	1.9697763442951806
2.352955729166669	2.0565938635933274
2.452955729166669	2.1434619245301594
2.552955729166669	2.230393388058948
2.652955729166669	2.3174005473743415
2.7529557291666693	2.4044941604464
2.8529557291666694	2.4916863931837163
2.9529557291666695	2.5789888372458396
3.052955729166669	2.6664119933484773
3.1529557291666688	2.7539667024966943
3.2529557291666684	2.841663684140669
3.352955729166668	2.9295129348607087
3.4529557291666677	3.0175239932475355
3.5529557291666674	3.1057065385584455
3.652955729166667	3.19406968278228
3.7529557291666666	3.282621876068733
3.8529557291666663	3.371371549258447
3.952955729166666	3.4603266416804987
4.052955729166666	3.5494945120505688
4.152955729166665	3.6388822838032424
4.252955729166665	3.728496576249112
4.3529557291666645	3.818343394662592
4.452955729166664	3.9084286133822443
4.552955729166664	3.998757450480017
4.6529557291666634	4.08933438032266
4.752955729166663	4.180163891631185
4.852955729166663	4.271249870876844
4.952955729166662	4.3625951857192575
5.052955729166662	4.454202651111825
5.152955729166662	4.546074947154129
5.252955729166661	4.638213299037966
5.352955729166661	4.7306186705237945
5.452955729166661	4.823292532686983
5.55295572916666	4.916234477162276
5.65295572916666	5.009443602494588
5.7529557291666595	5.102920088916684
5.852955729166659	5.196661911021521
5.952955729166659	5.290666346413874
6.0529557291666585	5.384932270001919
6.152955729166658	5.479456025983092
6.252955729166658	5.57423318366315
6.352955729166657	5.669261384558834
6.452955729166657	5.764535242836218
6.552955729166657	5.860048871996592
6.652955729166656	5.9557987635459435
6.752955729166656	6.051777664232146
6.852955729166656	6.147978784780847
6.952955729166655	6.24439732274343
7.052955729166655	6.3410241107356065
7.152955729166655	6.43785246589151
7.252955729166654	6.534875553420823
7.352955729166654	6.632082880347596
7.4529557291666535	6.729468602171542
7.552955729166653	6.827023007996837
7.652955729166653	6.924736162701759
7.752955729166652	7.022601780068263
7.852955729166652	7.120607533282855
7.952955729166652	7.218747530206397
8.052955729166651	7.317011014347433
8.152955729166651	7.415388754829489
8.25295572916665	7.513873757849788
8.35295572916665	7.612454652381309
8.45295572916665	7.711126662080065
8.55	7.902829565649196
179769313486231570000000000000000000000000000000000000000000000000000000000000000000000000000000000000000000000000000000000000000000000000000000000000000000000000000000000000000000000000000000000000000000000000000000000000000000000000000000000000000000000000000000000000000000000000000000000000000000000000000	7.902829565649196
