-179769313486231570000000000000000000000000000000000000000000000000000000000000000000000000000000000000000000000000000000000000000000000000000000000000000000000000000000000000000000000000000000000000000000000000000000000000000000000000000000000000000000000000000000000000000000000000000000000000000000000000000	0
0.00000000000000010835776720341528	0
0.003333333333333442	0.006821215744747431
0.0066666666666667755	0.01382092768864834
0.011666666666666776	0.024524552842474054
0.019166666666666776	0.040919554628115175
0.030416666666666776	0.06609239400042817
0.04729166666666677	0.10485443294143157
0.07260416666666678	0.16473275107026059
0.11057291666666677	0.257533805920281
0.1675260416666668	0.4017921966958513
0.2529557291666668	0.6265396382471868
0.35295572916666684	0.8988619805577378
0.4529557291666668	1.178438598689528
0.5529557291666668	1.4633739472536227
0.6529557291666668	1.7522979760833999
0.7529557291666668	2.044154966148132
0.8529557291666667	2.3380951183188414
0.9529557291666667	2.633412223500961
1.0529557291666667	2.9295058131426073
1.1000000000000003	3.2083438875392174
179769313486231570000000000000000000000000000000000000000000000000000000000000000000000000000000000000000000000000000000000000000000000000000000000000000000000000000000000000000000000000000000000000000000000000000000000000000000000000000000000000000000000000000000000000000000000000000000000000000000000000000	3.2083438875392174
