-179769313486231570000000000000000000000000000000000000000000000000000000000000000000000000000000000000000000000000000000000000000000000000000000000000000000000000000000000000000000000000000000000000000000000000000000000000000000000000000000000000000000000000000000000000000000000000000000000000000000000000000	0
0.00000000000000010835776720341528	0
0.003333333333333442	0.0068212157447473795
0.0066666666666667755	0.013820927688648229
0.011666666666666776	0.024524552842473846
0.019166666666666776	0.04091955462811485
0.030416666666666776	0.06609239400042766
0.04729166666666677	0.10485443294143068
0.07260416666666678	0.1647327510702591
0.11057291666666677	0.25753380592027864
0.1675260416666668	0.4017921966958477
0.2529557291666668	0.6265396382471812
0.35295572916666684	0.8988619805577289
0.4529557291666668	1.1784385986895163
0.5529557291666668	1.4633739472536083
0.6529557291666668	1.7522979760833826
0.7529557291666668	2.044154966148112
0.8529557291666667	2.3380951183188188
0.9529557291666667	2.633412223500936
1.0529557291666667	2.9295058131425797
1.1000000000000003	3.2083438875391876
179769313486231570000000000000000000000000000000000000000000000000000000000000000000000000000000000000000000000000000000000000000000000000000000000000000000000000000000000000000000000000000000000000000000000000000000000000000000000000000000000000000000000000000000000000000000000000000000000000000000000000000	3.2083438875391876
