-179769313486231570000000000000000000000000000000000000000000000000000000000000000000000000000000000000000000000000000000000000000000000000000000000000000000000000000000000000000000000000000000000000000000000000000000000000000000000000000000000000000000000000000000000000000000000000000000000000000000000000000	0
0.0000000000000008881784197001252	0
0.0033333333333338544	0.003373240558736278
0.006666666666666821	0.006754152747834959
0.011666666666666714	0.011839900007522471
0.019166666666666998	0.01950085618800764
0.030416666666667425	0.031064788584202925
0.047291666666667176	0.04857281153722238
0.07260416666666725	0.07519707510249743
0.11057291666666735	0.11593854941301711
0.16752604166666707	0.17882979353811895
0.25295572916666753	0.27706279833526276
0.3529557291666672	0.39777661495721184
0.4529557291666668	0.5244070709643789
0.5529557291666665	0.6566911627851424
0.6529557291666661	0.794376330097517
0.7529557291666658	0.9372199219858798
0.8529557291666654	1.0849888940207977
0.952955729166665	1.2374595103303319
1.0529557291666647	1.3944168635286676
1.1529557291666643	1.5556546510467397
1.252955729166664	1.7209755370216975
1.3529557291666636	1.890190373634884
1.4529557291666633	2.063118256143812
1.552955729166663	2.2395869716337504
1.6529557291666626	2.4194319265316517
1.7529557291666622	2.6024972409807843
1.8529557291666618	2.788634692169947
1.9529557291666615	2.9777042618337486
2.052955729166661	3.1695741145160987
2.152955729166661	3.364119905655436
2.2529557291666604	3.5612254969497936
2.35295572916666	3.7607825849518832
2.4000000000000012	3.950438354871082
179769313486231570000000000000000000000000000000000000000000000000000000000000000000000000000000000000000000000000000000000000000000000000000000000000000000000000000000000000000000000000000000000000000000000000000000000000000000000000000000000000000000000000000000000000000000000000000000000000000000000000000	3.950438354871082
