-179769313486231570000000000000000000000000000000000000000000000000000000000000000000000000000000000000000000000000000000000000000000000000000000000000000000000000000000000000000000000000000000000000000000000000000000000000000000000000000000000000000000000000000000000000000000000000000000000000000000000000000	0
0.0000000000000004440892098500626	0
0.0033333333333338544	0.0032930000000000867
0.006666666666667265	0.006586000000000173
0.011666666666667158	0.011525500000000084
0.01916666666666722	0.01893475000000017
0.030416666666667203	0.03004862500000019
0.047291666666667176	0.04671943750000022
0.07260416666666725	0.07172565625000037
0.11057291666666735	0.1092349843750006
0.1675260416666673	0.1654989765625007
0.2529557291666673	0.24989496484375098
0.3529557291666674	0.3486849648437514
0.4529557291666675	0.4474749648437518
0.5529557291666676	0.5462649648437522
0.6529557291666677	0.6450549648437526
0.7529557291666678	0.743844964843753
0.8529557291666678	0.8426349648437533
0.9529557291666677	0.9414249648437535
1.0529557291666678	1.040214964843754
1.1529557291666679	1.1390049648437544
1.252955729166668	1.2377949648437547
1.352955729166668	1.336584964843755
1.4529557291666682	1.4353749648437555
1.5529557291666682	1.5341649648437559
1.6529557291666683	1.6329549648437562
1.7529557291666684	1.7317449648437566
1.8529557291666685	1.830534964843757
1.9529557291666686	1.9293249648437574
2.0529557291666687	2.0281149648437578
2.1529557291666688	2.1269049648437583
2.252955729166669	2.225694964843759
2.352955729166669	2.3244849648437595
2.452955729166669	2.42327496484376
2.552955729166669	2.5220649648437607
2.652955729166669	2.6208549648437613
2.7529557291666693	2.719644964843762
2.8529557291666694	2.8184349648437625
2.9529557291666695	2.917224964843763
3.052955729166669	3.0160149648437633
3.1529557291666688	3.1148049648437635
3.2529557291666684	3.2135949648437636
3.352955729166668	3.3123849648437638
3.4529557291666677	3.411174964843764
3.5529557291666674	3.509964964843764
3.652955729166667	3.6087549648437642
3.7529557291666666	3.7075449648437644
3.8529557291666663	3.8063349648437645
3.952955729166666	3.9051249648437647
4.052955729166666	4.003914964843765
4.152955729166665	4.102704964843765
4.252955729166665	4.201494964843765
4.3529557291666645	4.300284964843765
4.452955729166664	4.3990749648437655
4.552955729166664	4.497864964843766
4.6529557291666634	4.596654964843766
4.752955729166663	4.695444964843766
4.852955729166663	4.794234964843766
4.952955729166662	4.893024964843766
5.052955729166662	4.991814964843766
5.152955729166662	5.090604964843767
5.252955729166661	5.189394964843767
5.352955729166661	5.288184964843767
5.452955729166661	5.386974964843767
5.55295572916666	5.485764964843767
5.65295572916666	5.584554964843767
5.7529557291666595	5.6833449648437675
5.852955729166659	5.782134964843768
5.952955729166659	5.880924964843768
6.0529557291666585	5.979714964843768
6.152955729166658	6.078504964843768
6.252955729166658	6.177294964843768
6.352955729166657	6.276084964843768
6.452955729166657	6.374874964843769
6.552955729166657	6.473664964843769
6.652955729166656	6.572454964843769
6.752955729166656	6.671244964843769
6.852955729166656	6.770034964843769
6.952955729166655	6.868824964843769
7.052955729166655	6.9676149648437695
7.152955729166655	7.06640496484377
7.252955729166654	7.16519496484377
7.352955729166654	7.26398496484377
7.4529557291666535	7.36277496484377
7.552955729166653	7.46156496484377
7.652955729166653	7.5603549648437705
7.752955729166652	7.659144964843771
7.852955729166652	7.757934964843771
7.952955729166652	7.856724964843771
8.052955729166651	7.955514964843771
8.152955729166651	8.054304964843771
8.25295572916665	8.15309496484377
8.35295572916665	8.25188496484377
8.45295572916665	8.350674964843769
8.55	8.542415035156305
179769313486231570000000000000000000000000000000000000000000000000000000000000000000000000000000000000000000000000000000000000000000000000000000000000000000000000000000000000000000000000000000000000000000000000000000000000000000000000000000000000000000000000000000000000000000000000000000000000000000000000000	8.542415035156305
