-179769313486231570000000000000000000000000000000000000000000000000000000000000000000000000000000000000000000000000000000000000000000000000000000000000000000000000000000000000000000000000000000000000000000000000000000000000000000000000000000000000000000000000000000000000000000000000000000000000000000000000000	0
0.0000000000000004440892098500626	0
0.0033333333333338544	0.025229375000000602
0.006666666666667265	0.050458750000001204
0.011666666666667158	0.08830281250000042
0.01916666666666722	0.14506890625000093
0.030416666666667203	0.23021804687500086
0.047291666666667176	0.35794175781250076
0.07260416666666725	0.5495273242187515
0.11057291666666735	0.8369056738281275
0.1675260416666673	1.2679731982421898
0.2529557291666673	1.9145744848632842
0.3529557291666674	2.6714557348632852
0.4529557291666675	3.4283369848632863
0.5529557291666676	4.185218234863288
0.6529557291666677	4.942099484863289
0.7529557291666678	5.69898073486329
0.8529557291666678	6.455861984863291
0.9529557291666677	7.212743234863291
1.0529557291666678	7.969624484863292
1.1529557291666679	8.726505734863293
1.252955729166668	9.483386984863294
1.352955729166668	10.240268234863295
1.4529557291666682	10.997149484863296
1.5529557291666682	11.754030734863298
1.6529557291666683	12.510911984863299
1.7529557291666684	13.2677932348633
1.8529557291666685	14.0246744848633
1.9529557291666686	14.781555734863302
2.0529557291666687	15.538436984863303
2.1529557291666688	16.295318234863306
2.252955729166669	17.05219948486331
2.352955729166669	17.80908073486331
2.452955729166669	18.565961984863314
2.552955729166669	19.322843234863317
2.652955729166669	20.17419218750004
2.7529557291666693	21.15099218750004
2.8529557291666694	22.12779218750004
2.9529557291666695	23.104592187500042
3.052955729166669	24.08139218750004
3.1529557291666688	25.058192187500037
3.2529557291666684	26.034992187500034
3.352955729166668	27.01179218750003
3.4529557291666677	27.98859218750003
3.5529557291666674	28.965392187500026
3.652955729166667	29.942192187500023
3.7529557291666666	30.91899218750002
3.8529557291666663	31.895792187500017
3.952955729166666	32.87259218750001
4.052955729166666	33.84939218750001
4.152955729166665	34.826192187500006
4.252955729166665	35.8029921875
4.3529557291666645	36.7797921875
4.452955729166664	37.7565921875
4.552955729166664	38.733392187499994
4.6529557291666634	39.71019218749999
4.752955729166663	40.68699218749999
4.852955729166663	41.663792187499986
4.952955729166662	42.64059218749998
5.052955729166662	43.61739218749998
5.152955729166662	44.59419218749998
5.252955729166661	45.570992187499975
5.352955729166661	46.54779218749997
5.452955729166661	47.52459218749997
5.55295572916666	48.50139218749997
5.65295572916666	49.478192187499964
5.7529557291666595	50.45499218749996
5.852955729166659	51.43179218749996
5.952955729166659	52.408592187499956
6.0529557291666585	53.38539218749995
6.152955729166658	54.36219218749995
6.252955729166658	55.33899218749995
6.352955729166657	56.315792187499945
6.452955729166657	57.29259218749994
6.552955729166657	58.26939218749994
6.652955729166656	59.246192187499936
6.752955729166656	60.22299218749993
6.852955729166656	61.19979218749993
6.952955729166655	62.17659218749993
7.052955729166655	63.153392187499925
7.152955729166655	64.13019218749992
7.252955729166654	65.10699218749991
7.352955729166654	66.08379218749991
7.4529557291666535	67.0605921874999
7.552955729166653	68.0373921874999
7.652955729166653	69.0141921874999
7.752955729166652	69.9909921874999
7.852955729166652	70.9677921874999
7.952955729166652	71.9445921874999
8.052955729166651	72.92139218749989
8.152955729166651	73.89819218749989
8.25295572916665	74.87499218749988
8.35295572916665	75.85179218749988
8.45295572916665	76.82859218749988
8.55295572916665	77.80539218749988
8.65295572916665	78.78219218749987
8.752955729166649	79.75899218749987
8.852955729166649	80.73579218749987
8.952955729166648	81.71259218749987
9.052955729166648	82.68939218749986
9.152955729166647	83.66619218749986
9.252955729166647	84.64299218749986
9.352955729166647	85.61979218749985
9.452955729166646	86.59659218749985
9.552955729166646	87.57339218749985
9.652955729166646	88.55019218749985
9.752955729166645	89.52699218749984
9.852955729166645	90.50379218749984
9.952955729166645	91.48059218749984
10.052955729166644	92.45739218749983
10.152955729166644	93.43419218749983
10.252955729166644	94.41099218749983
10.352955729166643	95.38779218749983
10.452955729166643	96.36459218749982
10.552955729166642	97.34139218749982
10.652955729166642	98.31819218749982
10.752955729166642	99.29499218749982
10.805	100.31172906250029
179769313486231570000000000000000000000000000000000000000000000000000000000000000000000000000000000000000000000000000000000000000000000000000000000000000000000000000000000000000000000000000000000000000000000000000000000000000000000000000000000000000000000000000000000000000000000000000000000000000000000000000	100.31172906250029
