-179769313486231570000000000000000000000000000000000000000000000000000000000000000000000000000000000000000000000000000000000000000000000000000000000000000000000000000000000000000000000000000000000000000000000000000000000000000000000000000000000000000000000000000000000000000000000000000000000000000000000000000	0
-0.0000000000000008881784197001252	0
0.003333333333332078	0.0075249999999991634
0.006666666666665044	0.015049999999998327
0.011666666666664938	0.026337499999998078
0.019166666666665222	0.043268749999998704
0.030416666666665648	0.06866562499999965
0.0472916666666654	0.10676093749999904
0.07260416666666547	0.16390390624999915
0.11057291666666558	0.2496183593749993
0.1675260416666653	0.3781900390624985
0.25295572916666487	0.5710475585937473
0.3529557291666645	0.7967975585937463
0.45295572916666416	1.0225475585937454
0.5529557291666638	1.2482975585937444
0.6529557291666634	1.4740475585937434
0.7529557291666631	1.6997975585937424
0.8529557291666627	1.9255475585937414
0.9529557291666624	2.15129755859374
1.052955729166662	2.377047558593739
1.1529557291666617	2.6027975585937377
1.2529557291666613	2.8285475585937365
1.352955729166661	3.0542975585937353
1.4529557291666606	3.280047558593734
1.5529557291666602	3.505797558593733
1.65295572916666	3.7315475585937317
1.7529557291666595	3.9572975585937304
1.8529557291666592	4.18304755859373
1.9529557291666588	4.4087975585937285
2.0529557291666585	4.634547558593727
2.152955729166658	4.860297558593726
2.2529557291666578	5.086047558593725
2.3529557291666574	5.311797558593724
2.452955729166657	5.537547558593722
2.5529557291666567	5.763297558593721
2.6529557291666563	5.98904755859372
2.752955729166656	6.214797558593719
2.8529557291666556	6.4405475585937175
2.9529557291666553	6.666297558593716
3.052955729166655	6.892047558593715
3.1529557291666546	7.117797558593714
3.252955729166654	7.343547558593713
3.3369999999999997	7.723007441406267
179769313486231570000000000000000000000000000000000000000000000000000000000000000000000000000000000000000000000000000000000000000000000000000000000000000000000000000000000000000000000000000000000000000000000000000000000000000000000000000000000000000000000000000000000000000000000000000000000000000000000000000	7.723007441406267
