-100000	0
0.0000000000000002220446049250313	0
0.0033333333333335556	0.001734356614870231
0.008333333333333555	0.004492033022063005
0.015833333333333553	0.008993310693777554
0.027083333333333553	0.01644584908972391
0.04395833333333356	0.02863528968902848
0.06927083333333356	0.04875505241697916
0.10723958333333355	0.08194469763622322
0.16419270833333355	0.13770802518521452
0.24962239583333357	0.23118263253389207
0.34962239583333354	0.3508144057404291
0.4496223958333335	0.47742869103537094
0.5496223958333335	0.6099836579727104
0.6496223958333335	0.748771434935411
0.7496223958333335	0.8880609165621867
0.8496223958333334	1.0286009875631863
0.9496223958333334	1.170055726572776
1.0496223958333335	1.3108767659307152
1.1496223958333336	1.4480689185565228
1.2496223958333337	1.5895938459472958
1.3496223958333338	1.731750784454085
1.4496223958333339	1.8741427665365935
1.549622395833334	2.013950788717368
1.6000000000000005	2.0760468001664205
1000001.6	2.0760468001664205
