-100001.1	0
0	0
0.0033333333333334103	0.0032802697732414597
0.008333333333333304	0.008200784959712118
0.015833333333333366	0.015581806424289244
0.027083333333333348	0.026653874710669646
0.04395833333333332	0.043262249710669234
0.06927083333333339	0.0681748122106685
0.1072395833333335	0.10554365596066642
0.16419270833333344	0.1615969215856608
0.24962239583333345	0.2456768200231485
0.34962239583333354	0.3440968200231258
0.44962239583333363	0.4425168200230962
0.5496223958333337	0.540936820023058
0.6496223958333338	0.6393568200230126
0.7496223958333339	0.7377768200229589
0.849622395833334	0.8361968200228982
0.9496223958333339	0.9346168200228283
1.049622395833334	1.033036820022751
1.149622395833334	1.1314568200226667
1.2496223958333341	1.2298768200225743
1.3496223958333342	1.3282968200224736
1.4496223958333343	1.4267168200223652
1.5496223958333344	1.5251368200222493
1.6496223958333345	1.6235568200221255
1.7496223958333346	1.721976820021993
1.8496223958333347	1.8203968200218539
1.9496223958333347	1.9188168200217062
2.049622395833335	2.017236820021551
2.149622395833335	2.1156568200213877
2.249622395833335	2.2140768200212175
2.349622395833335	2.3124968200210385
2.449622395833335	2.4109168200208506
2.5496223958333353	2.5093368200206565
2.6496223958333354	2.6077568200204553
2.7496223958333355	2.7061768200202456
2.8496223958333355	2.804596820020027
2.9496223958333356	2.9030168200198014
3.0496223958333353	3.0014368200195682
3.149622395833335	3.099856820019325
3.2496223958333346	3.1982768200190757
3.349622395833334	3.2966968200188176
3.449622395833334	3.395116820018552
3.5496223958333335	3.4935368200182797
3.649622395833333	3.591956820017998
3.749622395833333	3.6903768200177085
3.8496223958333324	3.7887968200174122
3.949622395833332	3.887216820017109
4.049622395833332	3.9856368200167966
4.149622395833331	4.084056820016476
4.249622395833331	4.182476820016148
4.349622395833331	4.280896820015812
4.44962239583333	4.379316820015467
4.54962239583333	4.4777368200151155
4.64962239583333	4.576156820014757
4.749622395833329	4.674576820014392
4.849622395833329	4.772996820014015
4.9496223958333285	4.871416820013632
5.049622395833328	4.969836820013244
5.149622395833328	5.068256820012844
5.2496223958333275	5.1666768200124356
5.349622395833327	5.265096820012024
5.449622395833327	5.363516820011601
5.549622395833326	5.461936820011179
5.649622395833326	5.5603568200107905
5.749622395833326	5.658776820010445
5.849622395833325	5.7571968200101376
5.949622395833325	5.8556168200098755
6.049622395833325	5.954036820009642
6.149622395833324	6.052456820009416
6.249622395833324	6.150876820009177
6.3496223958333236	6.249296820008917
6.449622395833323	6.34771682000863
6.549622395833323	6.446136820008317
6.6496223958333225	6.544556820007962
6.749622395833322	6.6429768200075445
6.849622395833322	6.741396820007052
6.949622395833321	6.839816820006557
7.049622395833321	6.938236820006093
7.149622395833321	7.036656820005657
7.24962239583332	7.135076820005248
7.34962239583332	7.233496820004875
7.44962239583332	7.331916820004535
7.549622395833319	7.430336820004217
7.649622395833319	7.52875682000393
7.749622395833319	7.627176820003676
7.849622395833318	7.725596820003455
7.949622395833318	7.82401682000326
8.049622395833318	7.9224368200030915
8.149622395833317	8.020856820002958
8.249622395833317	8.119276820002854
8.349622395833316	8.217696820002784
8.449622395833316	8.316116820002739
8.549622395833316	8.414536820002724
8.55	8.414908458023572
1000008.55	8.414908458023572
