-100001.1	0
0	0
0.0033333333333334103	0.003280269773241213
0.008333333333333304	0.008200784959712382
0.015833333333333366	0.01558180642428931
0.027083333333333348	0.026653874710669587
0.04395833333333332	0.04326224971066922
0.06927083333333339	0.06817481221066848
0.1072395833333335	0.10554365596066642
0.16419270833333344	0.16159692158566083
0.24962239583333345	0.24567682002314828
0.34962239583333354	0.3440968200231259
0.44962239583333363	0.4425168200230962
0.5496223958333337	0.5409368200230582
0.6496223958333338	0.6393568200230126
0.7496223958333339	0.7377768200229591
0.849622395833334	0.8361968200228979
0.9496223958333339	0.9346168200228288
1.049622395833334	1.033036820022751
1.149622395833334	1.1314568200226667
1.2496223958333341	1.2298768200225738
1.3496223958333342	1.3282968200224736
1.4496223958333343	1.426716820022365
1.5496223958333344	1.5251368200222497
1.6496223958333345	1.623556820022125
1.7496223958333346	1.7219768200219936
1.8496223958333347	1.8203968200218534
1.9496223958333347	1.9188168200217053
2.049622395833335	2.0172368200215507
2.149622395833335	2.115656820021388
2.249622395833335	2.2140768200212175
2.349622395833335	2.3124968200210385
2.449622395833335	2.4109168200208515
2.5496223958333353	2.509336820020656
2.6496223958333354	2.6077568200204544
2.7496223958333355	2.7061768200202447
2.8496223958333355	2.804596820020027
2.9496223958333356	2.903016820019802
3.0496223958333353	3.0014368200195665
3.149622395833335	3.099856820019325
3.2496223958333346	3.198276820019075
3.349622395833334	3.2966968200188185
3.449622395833334	3.3951168200185524
3.5496223958333335	3.4935368200182797
3.649622395833333	3.591956820017998
3.749622395833333	3.6903768200177085
3.8496223958333324	3.7887968200174127
3.949622395833332	3.887216820017107
4.049622395833332	3.985636820016795
4.149622395833331	4.0840568200164755
4.249622395833331	4.182476820016147
4.349622395833331	4.280896820015812
4.44962239583333	4.379316820015468
4.54962239583333	4.4777368200151155
4.64962239583333	4.576156820014758
4.749622395833329	4.674576820014391
4.849622395833329	4.772996820014014
4.9496223958333285	4.871416820013614
5.049622395833328	4.969836820013183
5.149622395833328	5.068256820012719
5.2496223958333275	5.166676820012225
5.349622395833327	5.265096820011699
5.449622395833327	5.363516820011138
5.549622395833326	5.461936820010602
5.649622395833326	5.560356820010293
5.749622395833326	5.658776820010058
5.849622395833325	5.75719682000982
5.949622395833325	5.855616820009551
6.049622395833325	5.954036820009259
6.149622395833324	6.052456820008942
6.249622395833324	6.150876820008597
6.3496223958333236	6.249296820008223
6.449622395833323	6.347716820007828
6.549622395833323	6.4461368200074
6.6496223958333225	6.544556820006947
6.749622395833322	6.642976820006468
6.849622395833322	6.74139682000596
6.949622395833321	6.839816820005464
7.049622395833321	6.9382368200050015
7.149622395833321	7.0366568200045645
7.24962239583332	7.135076820004161
7.34962239583332	7.233496820003781
7.44962239583332	7.33191682000344
7.549622395833319	7.430336820003126
7.649622395833319	7.528756820002845
7.749622395833319	7.627176820002586
7.849622395833318	7.72559682000236
7.949622395833318	7.824016820002166
8.049622395833318	7.9224368200020026
8.149622395833317	8.02085682000187
8.249622395833317	8.119276820001765
8.349622395833316	8.217696820001686
8.449622395833316	8.316116820001644
8.549622395833316	8.414536820001631
8.55	8.41490845802248
1000008.55	8.41490845802248
