-100001.1	0
0	0
0.0033333333333334103	0.0032802697732411297
0.008333333333333304	0.008200784959712498
0.015833333333333366	0.0155818064242894
0.027083333333333348	0.02665387471066987
0.04395833333333332	0.043262249710669984
0.06927083333333339	0.0681748122106704
0.1072395833333335	0.10554365596067093
0.16419270833333344	0.16159692158567146
0.24962239583333345	0.24567682002317268
0.34962239583333354	0.3440968200231739
0.44962239583333363	0.44251682002317533
0.5496223958333337	0.5409368200231764
0.6496223958333338	0.6393568200231778
0.7496223958333339	0.7377768200231789
0.849622395833334	0.8361968200231807
0.9496223958333339	0.9346168200231814
1.049622395833334	1.0330368200231828
1.149622395833334	1.131456820023184
1.2496223958333341	1.2298768200231855
1.3496223958333342	1.328296820023187
1.4496223958333343	1.4267168200231877
1.5496223958333344	1.5251368200231896
1.6496223958333345	1.6235568200231907
1.7496223958333346	1.721976820023192
1.8496223958333347	1.8203968200231928
1.9496223958333347	1.9188168200231948
2.049622395833335	2.0172368200231956
2.149622395833335	2.1156568200231973
2.249622395833335	2.214076820023199
2.349622395833335	2.312496820023199
2.449622395833335	2.410916820023201
2.5496223958333353	2.5093368200232025
2.6496223958333354	2.6077568200232037
2.7496223958333355	2.706176820023205
2.8496223958333355	2.8045968200232068
2.9496223958333356	2.903016820023207
3.0496223958333353	3.001436820023208
3.149622395833335	3.09985682002321
3.2496223958333346	3.19827682002321
3.349622395833334	3.296696820023211
3.449622395833334	3.3951168200232122
3.5496223958333335	3.4935368200232126
3.649622395833333	3.591956820023214
3.749622395833333	3.690376820023215
3.8496223958333324	3.7887968200232156
3.949622395833332	3.887216820023218
4.049622395833332	3.9856368200232177
4.149622395833331	4.084056820023218
4.249622395833331	4.182476820023219
4.349622395833331	4.280896820023217
4.44962239583333	4.379316820023209
4.54962239583333	4.477736820023182
4.64962239583333	4.576156820023136
4.749622395833329	4.674576820023069
4.849622395833329	4.772996820022981
4.9496223958333285	4.871416820022872
5.049622395833328	4.969836820022746
5.149622395833328	5.068256820022597
5.2496223958333275	5.166676820022431
5.349622395833327	5.265096820022199
5.449622395833327	5.363516820021832
5.549622395833326	5.461936820021216
5.649622395833326	5.560356820020548
5.749622395833326	5.658776820019874
5.849622395833325	5.757196820019191
5.949622395833325	5.8556168200185015
6.049622395833325	5.954036820017803
6.149622395833324	6.052456820017102
6.249622395833324	6.150876820016389
6.3496223958333236	6.2492968200156715
6.449622395833323	6.3477168200149485
6.549622395833323	6.446136820014213
6.6496223958333225	6.544556820013472
6.749622395833322	6.642976820012724
6.849622395833322	6.7413968200119685
6.949622395833321	6.839816820011241
7.049622395833321	6.938236820010557
7.149622395833321	7.036656820009918
7.24962239583332	7.135076820009319
7.34962239583332	7.233496820008769
7.44962239583332	7.331916820008264
7.549622395833319	7.430336820007796
7.649622395833319	7.528756820007379
7.749622395833319	7.627176820007003
7.849622395833318	7.725596820006675
7.949622395833318	7.82401682000639
8.049622395833318	7.922436820006144
8.149622395833317	8.020856820005948
8.249622395833317	8.119276820005794
8.349622395833316	8.217696820005683
8.449622395833316	8.316116820005618
8.549622395833316	8.414536820005594
8.55	8.414908458026446
1000008.55	8.414908458026446
