-100007.25	0
0	0
0.0033333333333329662	0.005338954642271224
0.00833333333333286	0.013363361779840313
0.015833333333333144	0.025435868267205793
0.02708333333333357	0.04362523027833843
0.04395833333333332	0.0710904276064456
0.06927083333333339	0.1126946027960575
0.1072395833333335	0.17597831558426852
0.16419270833333321	0.2728632120932672
0.2496223958333328	0.42266181103398337
0.34962239583333243	0.6044629514212708
0.4496223958333321	0.7929309155098316
0.5496223958333317	0.9877645592643904
0.6496223958333314	1.1887555626906046
0.749622395833331	1.3956147002042616
0.8496223958333307	1.60812210401563
0.9496223958333303	1.8260061913440127
1.04962239583333	2.049075876031395
1.1496223958333296	2.2771514032800124
1.2496223958333292	2.5100410434307836
1.3496223958333289	2.747511480418225
1.4496223958333285	2.9893956973992264
1.5496223958333282	3.2355190514245593
1.6496223958333278	3.485657183887099
1.7496223958333275	3.739757691616032
1.849622395833327	3.9976090788956546
1.9496223958333267	4.259096495683911
2.0496223958333264	4.524048846024821
2.149622395833326	4.792338083105977
2.2496223958333257	5.063914344535494
2.3496223958333253	5.338579597674553
2.399990234375	5.478046915404091
1000002.3999902344	5.478046915404091
