-100000	0
7.25	0
7.253333333333333	0.005814792906036417
7.258333333333333	0.014552171830373325
7.265833333333333	0.027692413239571164
7.277083333333334	0.04747965285396649
7.293958333333333	0.07733349158889798
7.319270833333333	0.12250373425383176
7.3572395833333335	0.1911306468132703
7.414192708333333	0.2959390665067744
7.499622395833333	0.457358005691567
7.599622395833332	0.6524965843777564
7.699622395833332	0.854075819088649
7.799622395833332	1.0617426844430005
7.899622395833331	1.2753563184812182
7.999622395833331	1.494591939249489
8.09962239583333	1.7192421195081873
8.19962239583333	1.9490985797528428
8.29962239583333	2.1839159275495224
8.39962239583333	2.42355370846296
8.49962239583333	2.667783073142911
8.599622395833329	2.916450970610903
8.699622395833329	3.1693462252333795
8.799622395833328	3.4263346397704133
8.899622395833328	3.687185190959202
8.999622395833327	3.9518431349470515
9.099622395833327	4.2201123859879806
9.199622395833327	4.491887070524533
9.299622395833326	4.76701395902737
9.399622395833326	5.045358881401346
9.499622395833326	5.326822457911366
9.599622395833325	5.611260550121173
9.649990234375	5.755606382959117
1000009.6499902344	5.755606382959117
