-100000	0
7.25	0
7.253333333333333	0.006275396286042121
7.258333333333333	0.015674733947236414
7.265833333333333	0.029743283902572866
7.277083333333334	0.05078352490288303
7.293958333333333	0.08235579433086457
7.319270833333333	0.12937988914136483
7.3572395833333335	0.20046443259638233
7.414192708333333	0.3067380322414342
7.499622395833333	0.46601560914544665
7.599622395833332	0.6662249863265145
7.699622395833332	0.8737843245689222
7.799622395833332	1.0855379742772762
7.899622395833331	1.3033666334096965
7.999622395833331	1.5302895326795851
8.09962239583333	1.7644530941869498
8.19962239583333	2.00679499073649
8.29962239583333	2.253923043068421
8.39962239583333	2.5143857210814637
8.49962239583333	2.7767360436391337
8.599622395833329	3.0479308794222364
8.699622395833329	3.3218421084953627
8.799622395833328	3.5985380519755967
8.899622395833328	3.8791598498697546
8.999622395833327	4.165024172807838
9.099622395833327	4.452657489686774
9.199622395833327	4.741211067398152
9.299622395833326	5.0320570907102224
9.399622395833326	5.323601150281013
9.499622395833326	5.6247446537262675
9.599622395833325	5.968461251041426
9.649990234375	6.116521097048407
1000009.6499902344	6.116521097048407
