-100007.25	0
0	0
0.0033333333333329662	0.0000000000000000000000000000000007703719777548943
0.00833333333333286	0
0.015833333333333144	0.000000000000000000000000000000006162975822039155
0.02708333333333357	0.000000000000000000000000000000006162975822039155
0.04395833333333332	0.00000000000000000000000000000001232595164407831
0.06927083333333339	0.00000000000000000000000000000001232595164407831
0.1072395833333335	0
0.16419270833333321	0.00000000000000000000000000000007395570986446986
0.2496223958333328	0.00000000000000000000000000000004930380657631324
0.34962239583333243	0.00000000000000000000000000000009860761315262648
0.4496223958333321	0.00000000000000000000000000000007395570986446986
0.5496223958333317	0.00000000000000000000000000000004930380657631324
0.6496223958333314	0
0.749622395833331	0
0.8496223958333307	0
0.9496223958333303	0.0000000000000000000000000000006286235338479938
1.04962239583333	0.0000000000000000000000000000004129193800766234
1.1496223958333296	0.00000000000000000000000000000015407439555097887
1.2496223958333292	0.00000000000000000000000000000015407439555097887
1.3496223958333289	0.00000000000000000000000000000005546678239835239
1.4496223958333285	0.00000000000000000000000000000167632942359465
1.5496223958333282	0.0000000000000000000000000000010600318413907346
1.6496223958333278	0.0000000000000000000000000000008874685183736383
1.7496223958333275	0.0000000000000000000000000000010230539864584997
1.849622395833327	0.0000000000000000000000000000014298103907130839
1.9496223958333267	0.000000000000000000000000000000677927340424307
2.0496223958333264	0.0000000000000000000000000000010477058897466563
2.149622395833326	0.0000000000000000000000000000025637979419682884
2.2496223958333257	0.0000000000000000000000000000010846837446788912
2.3496223958333253	0.000000000000000000000000000003187799243949753
2.399990234375	0
1000002.3999902344	0
