-100000	0
7.25	0
7.253333333333333	0.00001721110510605044
7.258333333333333	0.00004756461468162407
7.265833333333333	0.00010436297669315676
7.277083333333334	0.00021849184974051685
7.293958333333333	0.0004668567742148425
7.319270833333333	0.0010538004501139213
7.3572395833333335	0.002551996589825074
7.414192708333333	0.006593588033137778
7.499622395833333	0.017865491037733668
7.599622395833332	0.039306928018793486
7.699622395833332	0.06931415530386963
7.799622395833332	0.1075504194748496
7.899622395833331	0.15366270236682184
7.999622395833331	0.20740730098346968
8.09962239583333	0.26847603221652605
8.19962239583333	0.3365916275589839
8.29962239583333	0.41153067484400446
8.39962239583333	0.493000044628307
8.49962239583333	0.5808514766839605
8.599622395833329	0.6748230530127314
8.699622395833329	0.7747184841359592
8.799622395833328	0.8803180987080886
8.899622395833328	0.9914685783449606
8.999622395833327	1.1079519990374842
9.099622395833327	1.229626242556061
9.199622395833327	1.3562930879938941
9.299622395833326	1.4878388008433536
9.399622395833326	1.624062653015175
9.499622395833326	1.7648828599406148
9.599622395833325	1.9101030717272443
9.649990234375	1.9849073065656264
1000009.6499902344	1.9849073065656264
