-100000	0
7.25	0
7.253333333333333	0.0005366944011896534
7.258333333333333	0.0013620153709173735
7.265833333333333	0.0026455203473369515
7.277083333333334	0.004672861812810768
7.293958333333333	0.007942416493656351
7.319270833333333	0.013357009708949048
7.3572395833333335	0.022612285462774342
7.414192708333333	0.039021481941524896
7.499622395833333	0.06920284683210363
7.599622395833332	0.11267056745082976
7.699622395833332	0.1645635287699257
7.799622395833332	0.22455050348095754
7.899622395833331	0.2922674724831366
7.999622395833331	0.367435269203958
8.09962239583333	0.44976517073219807
8.19962239583333	0.5389422722862838
8.29962239583333	0.6347588458861135
8.39962239583333	0.7369059387639045
8.49962239583333	0.8452057871911393
8.599622395833329	0.9593785528904182
8.699622395833329	1.079282087596235
8.799622395833328	1.2046625845671954
8.899622395833328	1.3353421010021462
8.999622395833327	1.4711219694929203
9.099622395833327	1.6118427213499447
9.199622395833327	1.7573316721939989
9.299622395833326	1.907452236556873
9.399622395833326	2.0620420444872822
9.499622395833326	2.2209746716755494
9.599622395833325	2.3841191697489834
9.649990234375	2.467867222866092
1000009.6499902344	2.467867222866092
