-100000	0
7.25	0
7.253333333333333	0.001287693506045653
7.258333333333333	0.0032390561668603685
7.265833333333333	0.006210646115640044
7.277083333333334	0.010767840619176263
7.293958333333333	0.017826900905095606
7.319270833333333	0.02891468102754309
7.3572395833333335	0.046659168402496266
7.414192708333333	0.07574066618352755
7.499622395833333	0.12477872226581377
7.599622395833332	0.19011029409442276
7.699622395833332	0.2636677544094721
7.799622395833332	0.3450720481317204
7.899622395833331	0.4340058694998946
7.999622395833331	0.5301602002307443
8.09962239583333	0.6332119237612985
8.19962239583333	0.7429321223340439
8.29962239583333	0.859021344467325
8.39962239583333	0.9812462841197948
8.49962239583333	1.1093255317776725
8.599622395833329	1.2430728372376971
8.699622395833329	1.3822647851660586
8.799622395833328	1.526680997374915
8.899622395833328	1.676097620506834
8.999622395833327	1.8304103737842585
9.099622395833327	1.9894073210593084
9.199622395833327	2.1529327214235336
9.299622395833326	2.320840377328481
9.399622395833326	2.4929728713863533
9.499622395833326	2.669252585825543
9.599622395833325	2.849536400856415
9.649990234375	2.9418379032031874
1000009.6499902344	2.9418379032031874
