-100000	0
7.25	0
7.253333333333333	0.002015294398099339
7.258333333333333	0.005057271256452235
7.265833333333333	0.00966297491102549
7.277083333333334	0.016667609919375048
7.293958333333333	0.02739066154439289
7.319270833333333	0.04396105502843762
7.3572395833333335	0.06990066402100982
7.414192708333333	0.11120127298072509
7.499622395833333	0.17837801297964756
7.599622395833332	0.2647502867106984
7.699622395833332	0.35906439602032725
7.799622395833332	0.4609983733957927
7.899622395833331	0.5701952543074583
7.999622395833331	0.68636149324892
8.09962239583333	0.8091873300188127
8.19962239583333	0.9383825185481232
8.29962239583333	1.0737228143542163
8.39962239583333	1.2149011002098609
8.49962239583333	1.361742877494257
8.599622395833329	1.5139647774516432
8.699622395833329	1.6714068937437603
8.799622395833328	1.8338143437476728
8.899622395833328	2.001050801615122
8.999622395833327	2.1728886765015645
9.099622395833327	2.3492190267681035
9.199622395833327	2.529829791962208
9.299622395833326	2.7146458080976776
9.399622395833326	2.9034687436218047
9.499622395833326	3.0962626555093995
9.599622395833325	3.2928550520663467
9.649990234375	3.3933046398665314
1000009.6499902344	3.3933046398665314
