-100000	0
7.25	0
7.253333333333333	0.003847415819866498
7.258333333333333	0.009636263628893122
7.265833333333333	0.01835933107040766
7.277083333333334	0.031533190975908544
7.293958333333333	0.051493862455519034
7.319270833333333	0.08188078435176241
7.3572395833333335	0.12844740206343458
7.414192708333333	0.20048842044109996
7.499622395833333	0.3133643031159762
7.599622395833332	0.4525346916994331
7.699622395833332	0.5989969824318228
7.799622395833332	0.7524401927580466
7.899622395833331	0.9125183024011965
7.999622395833331	1.0790176281493304
8.09962239583333	1.251606986484954
8.19962239583333	1.4300870326168587
8.29962239583333	1.6141676728861416
8.39962239583333	1.8036643607299927
8.49962239583333	1.9983148914936992
8.599622395833329	2.1979603636550373
8.699622395833329	2.402340908759253
8.799622395833328	2.611352874161444
8.899622395833328	2.8247432312468224
8.999622395833327	3.0424056898483176
9.099622395833327	3.2641105047434142
9.199622395833327	3.4897719311616275
9.299622395833326	3.7191837104454186
9.399622395833326	3.952244455739629
9.499622395833326	4.188833066440433
9.599622395833325	4.428802067425834
9.649990234375	4.550918071937581
1000009.6499902344	4.550918071937581
