-100006.313	0
0	0
0.0033333333333329662	0.007620666666667888
0.00833333333333286	0.019051666666667695
0.015833333333333144	0.036198166666668405
0.02708333333333357	0.0619179166666695
0.04395833333333332	0.10049754166666906
0.06927083333333339	0.1583669791666695
0.1072395833333335	0.2451711354166701
0.16419270833333321	0.37537736979166986
0.2496223958333328	0.5706867213541698
0.34962239583333243	0.7993067213541701
0.4496223958333321	1.02792672135417
0.5496223958333317	1.25654672135417
0.6496223958333314	1.4851667213541702
0.749622395833331	1.7137867213541695
0.8496223958333307	1.9424067213541705
0.9496223958333303	2.1710267213541705
1.04962239583333	2.3996467213541703
1.1496223958333296	2.62826672135417
1.2496223958333292	2.8568867213541718
1.3496223958333289	3.0855067213541716
1.4496223958333285	3.314126721354172
1.5496223958333282	3.542746721354171
1.6496223958333278	3.77136672135417
1.7496223958333275	3.9999867213541713
1.849622395833327	4.228606721354173
1.9496223958333267	4.4572267213541705
2.0496223958333264	4.68584672135417
2.149622395833326	4.914466721354172
2.2496223958333257	5.143086721354172
2.3496223958333253	5.371706721354171
2.449622395833325	5.600326721354173
2.5496223958333246	5.828946721354172
2.6496223958333243	6.057566721354173
2.749622395833324	6.286186721354173
2.8496223958333236	6.51480672135417
2.949622395833323	6.743426721354173
3.049622395833323	6.972046721354173
3.1496223958333225	7.200666721354175
3.249622395833322	7.429286721354174
3.3369999999999997	7.629049400000034
1000003.337	7.629049400000034
