-100000	0
6.313000000000001	0
6.316333333333334	0.007402000000001192
6.3213333333333335	0.018505000000001014
6.328833333333334	0.03515950000000171
6.340083333333334	0.060141250000002776
6.356958333333334	0.09761387500000242
6.382270833333334	0.15382281250000285
6.420239583333334	0.23813621875000351
6.477192708333334	0.3646063281250035
6.562622395833333	0.5543114921875034
6.662622395833333	0.7763714921875038
6.762622395833333	0.998431492187504
6.862622395833332	1.2204914921875047
6.962622395833332	1.4425514921875042
7.062622395833332	1.6646114921875044
7.162622395833331	1.8866714921875052
7.262622395833331	2.1087314921875047
7.362622395833331	2.330791492187505
7.46262239583333	2.5528514921875067
7.56262239583333	2.7749114921875053
7.6626223958333295	2.996971492187507
7.762622395833329	3.2190314921875074
7.862622395833329	3.441091492187506
7.962622395833328	3.663151492187507
8.062622395833328	3.885211492187509
8.162622395833328	4.107271492187508
8.262622395833327	4.329331492187507
8.362622395833327	4.551391492187509
8.462622395833327	4.773451492187509
8.562622395833326	4.997979521354175
8.662622395833326	5.226599521354175
8.762622395833326	5.455219521354175
8.862622395833325	5.683839521354173
8.962622395833325	5.912459521354176
9.062622395833325	6.141079521354174
9.162622395833324	6.369699521354174
9.262622395833324	6.598319521354177
9.362622395833323	6.826939521354175
9.462622395833323	7.055559521354177
9.562622395833323	7.284179521354174
9.65	7.483942200000036
1000009.65	7.483942200000036
