-100006.313	0
0	0
0.0033333333333329662	0.006090000000000977
0.00833333333333286	0.015225000000000818
0.015833333333333144	0.02892750000000139
0.02708333333333357	0.049481250000002246
0.04395833333333332	0.0803118750000019
0.06927083333333339	0.12655781250000225
0.1072395833333335	0.1959267187500027
0.16419270833333321	0.2999800781250026
0.2496223958333328	0.45606011718750245
0.34962239583333243	0.6387601171875025
0.4496223958333321	0.8214601171875027
0.5496223958333317	1.0041601171875025
0.6496223958333314	1.1868601171875026
0.749622395833331	1.3695601171875031
0.8496223958333307	1.5522601171875032
0.9496223958333303	1.734960117187503
1.04962239583333	1.9176601171875027
1.1496223958333296	2.1003601171875035
1.2496223958333292	2.283060117187503
1.3496223958333289	2.4657601171875037
1.4496223958333285	2.648460117187504
1.5496223958333282	2.8311601171875034
1.6496223958333278	3.0138601171875035
1.7496223958333275	3.1965601171875044
1.849622395833327	3.3792601171875036
1.9496223958333267	3.5619601171875037
2.0496223958333264	3.744660117187503
2.149622395833326	3.9273601171875034
2.2496223958333257	4.127336321354167
2.3496223958333253	4.355956321354169
2.449622395833325	4.5845763213541675
2.5496223958333246	4.813196321354167
2.6496223958333243	5.041816321354166
2.749622395833324	5.270436321354168
2.8496223958333236	5.4990563213541686
2.949622395833323	5.727676321354168
3.049622395833323	5.956296321354172
3.1496223958333225	6.1849163213541685
3.249622395833322	6.413536321354167
3.3369999999999997	6.613299000000028
1000003.337	6.613299000000028
