-179769313486231570000000000000000000000000000000000000000000000000000000000000000000000000000000000000000000000000000000000000000000000000000000000000000000000000000000000000000000000000000000000000000000000000000000000000000000000000000000000000000000000000000000000000000000000000000000000000000000000000000	0
0.0000000000000004440892098500626	0
0.0033333333333338544	0.03256000000000053
0.006666666666667265	0.06512000000000107
0.011666666666667158	0.11395999999999969
0.01916666666666722	0.18721999999999978
0.030416666666667203	0.2971099999999989
0.047291666666667176	0.4619449999999975
0.07260416666666725	0.7091974999999965
0.11057291666666735	1.080076249999995
0.1675260416666673	1.6363943749999907
0.2529557291666673	2.470871562499985
0.3529557291666674	3.447671562499979
0.4529557291666675	4.424471562499973
0.5529557291666676	5.401271562499968
0.6529557291666677	6.378071562499962
0.7529557291666678	7.354871562499957
0.8529557291666678	8.33167156249995
0.9529557291666677	9.308471562499943
1.0529557291666678	10.285271562499936
1.1529557291666679	11.26207156249993
1.252955729166668	12.238871562499924
1.352955729166668	13.215671562499917
1.4529557291666682	14.192471562499911
1.5529557291666682	15.169271562499905
1.6529557291666683	16.1460715624999
1.7529557291666684	17.122871562499892
1.8529557291666685	18.099671562499886
1.9529557291666686	19.07647156249988
2.0529557291666687	20.053271562499873
2.1529557291666688	21.030071562499867
2.252955729166669	22.00687156249986
2.352955729166669	22.983671562499854
2.452955729166669	23.960471562499848
2.552955729166669	24.93727156249984
2.652955729166669	25.914071562499835
2.7529557291666693	26.89087156249983
2.8529557291666694	27.867671562499822
2.9529557291666695	28.844471562499816
3.052955729166669	29.821271562499806
3.1529557291666688	30.798071562499796
3.2529557291666684	31.774871562499786
3.352955729166668	32.75167156249977
3.4529557291666677	33.72847156249976
3.5529557291666674	34.70527156249975
3.652955729166667	35.68207156249974
3.7529557291666666	36.65887156249973
3.8529557291666663	37.635671562499724
3.952955729166666	38.612471562499714
4.052955729166666	39.589271562499704
4.152955729166665	40.566071562499694
4.252955729166665	41.542871562499684
4.3529557291666645	42.519671562499674
4.452955729166664	43.496471562499664
4.552955729166664	44.473271562499654
4.6529557291666634	45.450071562499645
4.752955729166663	46.426871562499635
4.852955729166663	47.403671562499625
4.952955729166662	48.380471562499615
5.052955729166662	49.357271562499605
5.152955729166662	50.334071562499595
5.252955729166661	51.310871562499585
5.352955729166661	52.287671562499575
5.452955729166661	53.264471562499565
5.55295572916666	54.241271562499556
5.65295572916666	55.218071562499546
5.7529557291666595	56.194871562499536
5.852955729166659	57.171671562499526
5.952955729166659	58.148471562499516
6.0529557291666585	59.125271562499506
6.152955729166658	60.102071562499496
6.252955729166658	61.07887156249949
6.352955729166657	62.05567156249948
6.452955729166657	63.03247156249947
6.552955729166657	64.00927156249945
6.652955729166656	64.98607156249943
6.752955729166656	65.96287156249942
6.852955729166656	66.9396715624994
6.952955729166655	67.91647156249938
7.052955729166655	68.89327156249936
7.152955729166655	69.87007156249935
7.252955729166654	70.84687156249933
7.352955729166654	71.82367156249931
7.4529557291666535	72.8004715624993
7.552955729166653	73.77727156249928
7.652955729166653	74.75407156249926
7.752955729166652	75.73087156249925
7.852955729166652	76.70767156249923
7.952955729166652	77.68447156249921
8.052955729166651	78.6612715624992
8.152955729166651	79.63807156249918
8.25295572916665	80.61487156249916
8.35295572916665	81.59167156249914
8.45295572916665	82.56847156249913
8.55295572916665	83.54527156249911
8.65295572916665	84.5220715624991
8.752955729166649	85.49887156249908
8.852955729166649	86.47567156249906
8.952955729166648	87.45247156249904
9.052955729166648	88.42927156249903
9.152955729166647	89.40607156249901
9.252955729166647	90.38287156249899
9.352955729166647	91.35967156249897
9.452955729166646	92.33647156249896
9.552955729166646	93.31327156249894
9.652955729166646	94.29007156249892
9.752955729166645	95.2668715624989
9.852955729166645	96.24367156249889
9.952955729166645	97.22047156249887
10.052955729166644	98.19727156249886
10.152955729166644	99.17407156249884
10.252955729166644	100.15087156249882
10.352955729166643	101.1276715624988
10.452955729166643	102.10447156249879
10.552955729166642	103.08127156249877
10.652955729166642	104.05807156249875
10.752955729166642	105.03487156249874
10.805	106.05160843749921
179769313486231570000000000000000000000000000000000000000000000000000000000000000000000000000000000000000000000000000000000000000000000000000000000000000000000000000000000000000000000000000000000000000000000000000000000000000000000000000000000000000000000000000000000000000000000000000000000000000000000000000	106.05160843749921
