-179769313486231570000000000000000000000000000000000000000000000000000000000000000000000000000000000000000000000000000000000000000000000000000000000000000000000000000000000000000000000000000000000000000000000000000000000000000000000000000000000000000000000000000000000000000000000000000000000000000000000000000	0
0.0000000000000004440892098500626	0
0.0033333333333338544	0.022637482316214055
0.006666666666667265	0.04527496463217119
0.011666666666667158	0.07923118810562364
0.01916666666666722	0.13016552331471995
0.030416666666667203	0.20656702612592498
0.047291666666667176	0.32116928033724534
0.07260416666666725	0.4930726616418806
0.11057291666666735	0.7509277335710549
0.1675260416666673	1.137710341402313
0.2529557291666673	1.7178842530085716
0.3529557291666674	2.3970087217983154
0.4529557291666675	3.076133190356832
0.5529557291666676	3.7552576586841213
0.6529557291666677	4.434382126780184
0.7529557291666678	5.113506594645019
0.8529557291666678	5.792631062278627
0.9529557291666677	6.471755529681006
1.0529557291666678	7.150879996852159
1.1529557291666679	7.8300044637920845
1.252955729166668	8.509128930500783
1.352955729166668	9.188253396978254
1.4529557291666682	9.8673778632245
1.5529557291666682	10.546502329239516
1.6529557291666683	11.225626795023306
1.7529557291666684	11.904751260575868
1.8529557291666685	12.583875725897203
1.9529557291666686	13.263000190987311
2.0529557291666687	13.94212465585814
2.1529557291666688	14.6212491205903
2.252955729166669	15.30037358528335
2.352955729166669	15.97949804997583
2.452955729166669	16.65862251466831
2.552955729166669	17.337746979360787
2.652955729166669	18.016871444053265
2.7529557291666693	18.695995908745743
2.8529557291666694	19.37512037343822
2.9529557291666695	20.0542448381307
3.052955729166669	20.733369302823178
3.1529557291666688	21.412493767515652
3.2529557291666684	22.091618232208127
3.352955729166668	22.7707426969006
3.4529557291666677	23.449867161593076
3.5529557291666674	24.12899162628555
3.652955729166667	24.808116090978025
3.7529557291666666	25.4872405556705
3.8529557291666663	26.166365020362974
3.952955729166666	26.84548948505545
4.052955729166666	27.524613949747923
4.152955729166665	28.203738414440398
4.252955729166665	28.882862879132873
4.3529557291666645	29.561987343825347
4.452955729166664	30.24111180851782
4.552955729166664	30.920236273210296
4.6529557291666634	31.59936073790277
4.752955729166663	32.27848520259525
4.852955729166663	32.95760966728773
4.952955729166662	33.636734131980205
5.052955729166662	34.31585859667268
5.152955729166662	34.99498306136516
5.252955729166661	35.78654116403219
5.352955729166661	36.747061164032175
5.452955729166661	37.70758116403216
5.55295572916666	38.66810116403215
5.65295572916666	39.62862116403214
5.7529557291666595	40.58914116403213
5.852955729166659	41.549661164032116
5.952955729166659	42.510181164032105
6.0529557291666585	43.47070116403209
6.152955729166658	44.43122116403208
6.252955729166658	45.39174116403207
6.352955729166657	46.35226116403206
6.452955729166657	47.312781164032046
6.552955729166657	48.273301164032034
6.652955729166656	49.23382116403202
6.752955729166656	50.19434116403201
6.852955729166656	51.154861164032
6.952955729166655	52.11538116403199
7.052955729166655	53.075901164031976
7.152955729166655	54.036421164031964
7.252955729166654	54.99694116403195
7.352955729166654	55.95746116403194
7.4529557291666535	56.91798116403193
7.552955729166653	57.87850116403192
7.652955729166653	58.839021164031905
7.752955729166652	59.79954116403189
7.852955729166652	60.76006116403188
7.952955729166652	61.72058116403187
8.052955729166651	62.68110116403186
8.152955729166651	63.64162116403185
8.25295572916665	64.60214116403183
8.35295572916665	65.56266116403182
8.45295572916665	66.52318116403181
8.55295572916665	67.4837011640318
8.65295572916665	68.44422116403179
8.752955729166649	69.40474116403178
8.852955729166649	70.36526116403176
8.952955729166648	71.32578116403175
9.052955729166648	72.28630116403174
9.152955729166647	73.24682116403173
9.252955729166647	74.20734116403172
9.352955729166647	75.1678611640317
9.452955729166646	76.1283811640317
9.552955729166646	77.08890116403168
9.652955729166646	78.04942116403167
9.752955729166645	79.00994116403166
9.852955729166645	79.97046116403165
9.952955729166645	80.93098116403164
10.052955729166644	81.89150116403162
10.152955729166644	82.85202116403161
10.252955729166644	83.8125411640316
10.352955729166643	84.77306116403159
10.452955729166643	85.73358116403158
10.552955729166642	86.69410116403157
10.652955729166642	87.65462116403155
10.752955729166642	88.61514116403154
10.805	89.61493242444867
179769313486231570000000000000000000000000000000000000000000000000000000000000000000000000000000000000000000000000000000000000000000000000000000000000000000000000000000000000000000000000000000000000000000000000000000000000000000000000000000000000000000000000000000000000000000000000000000000000000000000000000	89.61493242444867
