-179769313486231570000000000000000000000000000000000000000000000000000000000000000000000000000000000000000000000000000000000000000000000000000000000000000000000000000000000000000000000000000000000000000000000000000000000000000000000000000000000000000000000000000000000000000000000000000000000000000000000000000	0
0.0000000000000004440892098500626	0
0.0033333333333338544	0.018429652467556755
0.006666666666667265	0.03685930493485659
0.011666666666667158	0.06450378363532339
0.01916666666666722	0.10597050168494095
0.030416666666667203	0.16817057875692795
0.047291666666667176	0.26147069435942133
0.07260416666666725	0.40142086775081587
0.11057291666666735	0.6113461278101291
0.1675260416666673	0.9262340178365961
0.2529557291666673	1.3985658527356677
0.3529557291666674	1.9514554260656953
0.4529557291666675	2.5043449991644957
0.5529557291666676	3.057234572032069
0.6529557291666677	3.610124144668415
0.7529557291666678	4.163013717073534
0.8529557291666678	4.715903289247426
0.9529557291666677	5.268792861190089
1.0529557291666678	5.821682432901526
1.1529557291666679	6.374572004381736
1.252955729166668	6.927461575630719
1.352955729166668	7.4803511466484744
1.4529557291666682	8.033240717435003
1.5529557291666682	8.586130287990304
1.6529557291666683	9.139019858314379
1.7529557291666684	9.691909428407225
1.8529557291666685	10.244798998268847
1.9529557291666686	10.79768856791184
2.0529557291666687	11.350578137390285
2.1529557291666688	11.903467706766794
2.252955729166669	12.456357276103445
2.352955729166669	13.009246845437511
2.452955729166669	13.562136414771578
2.552955729166669	14.115025984105644
2.652955729166669	14.689165937654153
2.7529557291666693	15.29152593765415
2.8529557291666694	15.893885937654147
2.9529557291666695	16.496245937654145
3.052955729166669	17.09860593765414
3.1529557291666688	17.700965937654132
3.2529557291666684	18.303325937654126
3.352955729166668	18.90568593765412
3.4529557291666677	19.508045937654114
3.5529557291666674	20.110405937654107
3.652955729166667	20.7127659376541
3.7529557291666666	21.315125937654095
3.8529557291666663	21.91748593765409
3.952955729166666	22.519845937654082
4.052955729166666	23.122205937654076
4.152955729166665	23.72456593765407
4.252955729166665	24.326925937654064
4.3529557291666645	24.929285937654058
4.452955729166664	25.53164593765405
4.552955729166664	26.134005937654045
4.6529557291666634	26.73636593765404
4.752955729166663	27.338725937654033
4.852955729166663	27.941085937654027
4.952955729166662	28.54344593765402
5.052955729166662	29.145805937654014
5.152955729166662	29.748165937654008
5.252955729166661	30.441593035570655
5.352955729166661	31.271873035570646
5.452955729166661	32.10215303557064
5.55295572916666	32.932433035570625
5.65295572916666	33.76271303557061
5.7529557291666595	34.5929930355706
5.852955729166659	35.42327303557059
5.952955729166659	36.253553035570576
6.0529557291666585	37.083833035570564
6.152955729166658	37.91411303557055
6.252955729166658	38.74439303557054
6.352955729166657	39.57467303557053
6.452955729166657	40.404953035570514
6.552955729166657	41.2352330355705
6.652955729166656	42.06551303557049
6.752955729166656	42.89579303557048
6.852955729166656	43.726073035570465
6.952955729166655	44.55635303557045
7.052955729166655	45.38663303557044
7.152955729166655	46.21691303557043
7.252955729166654	47.047193035570416
7.352955729166654	47.877473035570404
7.4529557291666535	48.70775303557039
7.552955729166653	49.53803303557038
7.652955729166653	50.368313035570374
7.752955729166652	51.19859303557037
7.852955729166652	52.028873035570356
7.952955729166652	52.85915303557035
8.052955729166651	53.689433035570346
8.152955729166651	54.519713035570334
8.25295572916665	55.34999303557032
8.35295572916665	56.18027303557031
8.45295572916665	57.0105530355703
8.55295572916665	57.840833035570284
8.65295572916665	58.67111303557027
8.752955729166649	59.50139303557026
8.852955729166649	60.33167303557025
8.952955729166648	61.161953035570235
9.052955729166648	61.99223303557022
9.152955729166647	62.82251303557021
9.252955729166647	63.6527930355702
9.352955729166647	64.48307303557019
9.452955729166646	65.31335303557017
9.552955729166646	66.14363303557016
9.652955729166646	66.97391303557015
9.752955729166645	67.80419303557014
9.852955729166645	68.63447303557012
9.952955729166645	69.46475303557011
10.052955729166644	70.2950330355701
10.152955729166644	71.12531303557009
10.252955729166644	71.95559303557008
10.352955729166643	72.78587303557006
10.452955729166643	73.61615303557005
10.552955729166642	74.44643303557004
10.652955729166642	75.27671303557003
10.752955729166642	76.10699303557001
10.805	76.97121937932042
179769313486231570000000000000000000000000000000000000000000000000000000000000000000000000000000000000000000000000000000000000000000000000000000000000000000000000000000000000000000000000000000000000000000000000000000000000000000000000000000000000000000000000000000000000000000000000000000000000000000000000000	76.97121937932042
