-100000	0
4.5939047851562504	0
4.597238118489583	0.000000022215436552996224
4.602238118489583	0.00000034331340988040763
4.609738118489584	0.0000023534377930270017
4.620988118489584	0.000011832620030455855
4.637863118489584	0.00005078680296513119
4.663175618489584	0.00020202399501187673
4.701144368489584	0.0007665982956511912
4.758097493489584	0.002831946055848192
4.843527180989584	0.010387830669680003
4.943527180989584	0.02962901793089333
5.043527180989583	0.06207631514581067
5.143527180989583	0.10796752018781595
5.243527180989583	0.16741759928686037
5.343527180989582	0.2404082457029836
5.443527180989582	0.32697327045839897
5.543527180989582	0.4269320421355652
5.643527180989581	0.5401170631883723
5.743527180989581	0.6663341977878041
5.843527180989581	0.8052017627024532
5.94352718098958	0.9563794770488985
6.04352718098958	1.119484283132721
6.1435271809895795	1.2941066458221604
6.243527180989579	1.4798434584075353
6.313	1.6154684733317157
1000006.313	1.6154684733317157
