-100003.37430908204	0
0.8680540185790404	0
0.8713873519123734	0.000000016072318917303408
0.8763873519123733	0.00000026094844280720184
0.8838873519123736	0.0000018221859288982245
0.895137351912374	0.00000919978824083197
0.9120123519123737	0.00003952513952115966
0.9373248519123738	0.00015520394183089154
0.9752936019123739	0.0005797125553898984
1.0322467269123736	0.0020959992142912066
1.1176764144123732	0.007488387348275344
1.2176764144123728	0.021121969947055893
1.3176764144123725	0.0455071376604503
1.4176764144123721	0.08171660890513269
1.5176764144123718	0.12997637493653452
1.6176764144123714	0.1905295665711328
1.717676414412371	0.26347395919261674
1.8176764144123707	0.34924043388651965
1.9176764144123704	0.44751212015071723
2.01767641441237	0.5578916247801373
2.1176764144123696	0.6812009787252888
2.2176764144123693	0.8165567392457065
2.317676414412369	0.9639380540905678
2.4176764144123686	1.12321638740477
2.5176764144123682	1.2939301536799197
2.617676414412368	1.4756134916977584
2.7176764144123675	1.6679980794100377
2.817676414412367	1.870807855760733
2.917676414412367	2.0835779819551536
2.9386909179687484	2.131345291349767
1000002.9386909179	2.131345291349767
