-100000	0
4.36933203125	0
4.372665364583333	0
4.377665364583333	0
4.385165364583333	0
4.3964153645833335	0
4.413290364583333	0
4.438602864583333	0
4.476571614583333	0
4.533524739583333	0
4.618954427083333	0
4.718954427083332	0.000000000000000000000000000000016948183510607676
4.818954427083332	0.000000000000000000000000000000006162975822039155
4.918954427083332	0.000000000000000000000000000000006162975822039155
5.018954427083331	0.00000000000000000000000000000008628166150854817
5.118954427083331	0.00000000000000000000000000000018488927466117464
5.218954427083331	0
5.31895442708333	0.00000000000000000000000000000015407439555097887
5.41895442708333	0.0000000000000000000000000000004683861624749758
5.5189544270833295	0.0000000000000000000000000000004683861624749758
5.618954427083329	0
5.718954427083329	0
5.818954427083328	0
5.918954427083328	0.00000000000000000000000000000005546678239835239
6.018954427083328	0.0000000000000000000000000000009367723249499515
6.118954427083327	0.0000000000000000000000000000004683861624749758
6.218954427083327	0.00000000000000000000000000000040213417238805485
6.312999999999999	0.0000000000000000000000000000004437342591868191
1000006.313	0.0000000000000000000000000000004437342591868191
