-100001.1	0
0	0
0.0033333333333334103	0.0025426512933369315
0.008333333333333304	0.006324202312914131
0.015833333333333366	0.01192356739930478
0.027083333333333348	0.021013302651688326
0.04395833333333332	0.03444343974035704
0.06927083333333339	0.05427001415028766
0.1072395833333335	0.08399935547732179
0.16419270833333344	0.128569696820181
0.24962239583333345	0.1953719498771695
0.34962239583333354	0.27348635503012153
0.44962239583333363	0.3515131899974632
0.5496223958333337	0.42945245477919797
0.6496223958333338	0.5073041493753241
0.7496223958333339	0.5850682737858361
0.849622395833334	0.6627448280107437
0.9496223958333339	0.7403338120500361
1.049622395833334	0.817835225903718
1.149622395833334	0.8952490695717978
1.2496223958333341	0.9725753430542684
1.3496223958333342	1.0498140463511214
1.4496223958333343	1.126965179462364
1.5496223958333344	1.2040287423880067
1.6496223958333345	1.2810047351280407
1.7496223958333346	1.357893157682454
1.8496223958333347	1.4346940100512569
1.9496223958333347	1.5114072922344624
2.049622395833335	1.5880330042320465
2.149622395833335	1.6645711460440191
2.249622395833335	1.741021717670411
2.349622395833335	1.8173847191111654
2.449622395833335	1.8936601503663097
2.5496223958333353	1.9698480114358432
2.6496223958333354	2.0459483023197835
2.7496223958333355	2.121961023018115
2.8496223958333355	2.1978861735308204
2.9496223958333356	2.273723753857933
3.0496223958333353	2.349473763999418
3.149622395833335	2.4251362039552915
3.2496223958333346	2.500711073725577
3.349622395833334	2.576198373310252
3.449622395833334	2.651598102709297
3.5496223958333335	2.7269102619227312
3.649622395833333	2.8021348509505803
3.749622395833333	2.877271869792818
3.8496223958333324	2.9523213184494237
3.949622395833332	3.0272831969204193
4.049622395833332	3.1021575052058292
4.149622395833331	3.176944243305606
4.249622395833331	3.2516434112197707
4.349622395833331	3.326255008948381
4.44962239583333	3.400779036491327
4.54962239583333	3.475215493848663
4.64962239583333	3.5495643810203887
4.749622395833329	3.6238256980065344
4.849622395833329	3.697999444807072
4.9496223958333285	3.7720856214219682
5.049622395833328	3.8460842278512866
5.149622395833328	3.919995264094963
5.2496223958333275	3.9938187301530297
5.349622395833327	4.06755462602552
5.449622395833327	4.141202951712401
5.549622395833326	4.2147637072136375
5.649622395833326	4.288236892529266
5.749622395833326	4.361622507659319
5.849622395833325	4.434920552603763
5.949622395833325	4.508131027362561
6.049622395833325	4.5812539319357475
6.149622395833324	4.654289266323364
6.249622395833324	4.727237030525334
6.3496223958333236	4.800097224541731
6.449622395833323	4.8728698483725195
6.549622395833323	4.945554902017658
6.6496223958333225	5.018152385477186
6.749622395833322	5.090662298751104
6.849622395833322	5.163084641839458
6.949622395833321	5.235419414742197
7.049622395833321	5.307666617459286
7.149622395833321	5.379826249990809
7.24962239583332	5.451898312336679
7.34962239583332	5.523882804496938
7.44962239583332	5.595779726471633
7.549622395833319	5.66758907826072
7.649622395833319	5.739310859864151
7.749622395833319	5.810945071281971
7.849622395833318	5.882491712514229
7.949622395833318	5.953950783560878
8.049622395833318	6.02532228442187
8.149622395833317	6.096606215097249
8.249622395833317	6.1678025755870705
8.349622395833316	6.185792472580208
8.449622395833316	6.341436774277469
8.549622395833316	6.544157658166292
8.55	6.389097162588954
1000008.55	6.389097162588954
