-179769313486231570000000000000000000000000000000000000000000000000000000000000000000000000000000000000000000000000000000000000000000000000000000000000000000000000000000000000000000000000000000000000000000000000000000000000000000000000000000000000000000000000000000000000000000000000000000000000000000000000000	0
0.0000000000000004440892098500626	0
0.0033333333333338544	0.0032930000000000507
0.006666666666667265	0.006586000000000101
0.011666666666667158	0.01152549999999996
0.01916666666666722	0.018934749999999965
0.030416666666667203	0.030048624999999864
0.047291666666667176	0.04671943749999971
0.07260416666666725	0.07172565624999959
0.11057291666666735	0.1092349843749994
0.1675260416666673	0.1654989765624989
0.2529557291666673	0.24989496484374826
0.3529557291666674	0.34868496484374756
0.4529557291666675	0.4474749648437469
0.5529557291666676	0.5462649648437462
0.6529557291666677	0.6450549648437456
0.7529557291666678	0.7438449648437448
0.8529557291666678	0.8426349648437441
0.9529557291666677	0.9414249648437432
1.0529557291666678	1.0402149648437424
1.1529557291666679	1.1390049648437417
1.252955729166668	1.237794964843741
1.352955729166668	1.3365849648437402
1.4529557291666682	1.4353749648437395
1.5529557291666682	1.5341649648437388
1.6529557291666683	1.632954964843738
1.7529557291666684	1.7317449648437373
1.8529557291666685	1.8305349648437366
1.9529557291666686	1.9293249648437358
2.0529557291666687	2.028114964843735
2.1529557291666688	2.1269049648437344
2.252955729166669	2.2256949648437336
2.352955729166669	2.324484964843733
2.452955729166669	2.423274964843732
2.552955729166669	2.5220649648437314
2.652955729166669	2.6208549648437307
2.7529557291666693	2.71964496484373
2.8529557291666694	2.8184349648437292
2.9529557291666695	2.9172249648437285
3.052955729166669	3.0160149648437273
3.1529557291666688	3.114804964843726
3.2529557291666684	3.213594964843725
3.352955729166668	3.312384964843724
3.4529557291666677	3.4111749648437226
3.5529557291666674	3.5099649648437214
3.652955729166667	3.6087549648437203
3.7529557291666666	3.707544964843719
3.8529557291666663	3.806334964843718
3.952955729166666	3.9051249648437167
4.052955729166666	4.003914964843716
4.152955729166665	4.102704964843715
4.252955729166665	4.2014949648437145
4.3529557291666645	4.300284964843714
4.452955729166664	4.399074964843713
4.552955729166664	4.497864964843712
4.6529557291666634	4.596654964843712
4.752955729166663	4.695444964843711
4.852955729166663	4.79423496484371
4.952955729166662	4.893024964843709
5.052955729166662	4.991814964843709
5.152955729166662	5.090604964843708
5.252955729166661	5.189394964843707
5.352955729166661	5.2881849648437065
5.452955729166661	5.386974964843706
5.55295572916666	5.485764964843705
5.65295572916666	5.584554964843704
5.7529557291666595	5.6833449648437036
5.852955729166659	5.782134964843703
5.952955729166659	5.880924964843702
6.0529557291666585	5.979714964843701
6.152955729166658	6.078504964843701
6.252955729166658	6.1772949648437
6.352955729166657	6.276084964843699
6.452955729166657	6.374874964843698
6.552955729166657	6.473664964843698
6.652955729166656	6.572454964843697
6.752955729166656	6.671244964843696
6.852955729166656	6.7700349648436955
6.952955729166655	6.868824964843695
7.052955729166655	6.967614964843694
7.152955729166655	7.066404964843693
7.252955729166654	7.165194964843693
7.352955729166654	7.263984964843692
7.4529557291666535	7.362774964843691
7.552955729166653	7.46156496484369
7.652955729166653	7.56035496484369
7.752955729166652	7.659144964843689
7.852955729166652	7.757934964843688
7.952955729166652	7.856724964843687
8.052955729166651	7.955514964843687
8.152955729166651	8.054304964843686
8.25295572916665	8.153094964843685
8.35295572916665	8.251884964843685
8.45295572916665	8.350674964843684
8.55	8.542415035156218
179769313486231570000000000000000000000000000000000000000000000000000000000000000000000000000000000000000000000000000000000000000000000000000000000000000000000000000000000000000000000000000000000000000000000000000000000000000000000000000000000000000000000000000000000000000000000000000000000000000000000000000	8.542415035156218
