-100001.1	0
0	0
0.0033333333333334103	0.0032802697732412216
0.008333333333333304	0.008200784959712406
0.015833333333333366	0.015581806424289432
0.027083333333333348	0.026653874710669864
0.04395833333333332	0.04326224971066999
0.06927083333333339	0.06817481221067034
0.1072395833333335	0.10554365596067122
0.16419270833333344	0.161596921585672
0.24962239583333345	0.2456768200231732
0.34962239583333354	0.34409682002317443
0.44962239583333363	0.4425168200231759
0.5496223958333337	0.5409368200231772
0.6496223958333338	0.6393568200231783
0.7496223958333339	0.7377768200231795
0.849622395833334	0.8361968200231809
0.9496223958333339	0.9346168200231817
1.049622395833334	1.0330368200231834
1.149622395833334	1.1314568200231845
1.2496223958333341	1.229876820023186
1.3496223958333342	1.3282968200231868
1.4496223958333343	1.4267168200231886
1.5496223958333344	1.52513682002319
1.6496223958333345	1.6235568200231913
1.7496223958333346	1.7219768200231933
1.8496223958333347	1.8203968200231935
1.9496223958333347	1.9188168200231952
2.049622395833335	2.0172368200231965
2.149622395833335	2.1156568200231978
2.249622395833335	2.2140768200231986
2.349622395833335	2.3124968200232
2.449622395833335	2.410916820023202
2.5496223958333353	2.5093368200232025
2.6496223958333354	2.6077568200232033
2.7496223958333355	2.706176820023206
2.8496223958333355	2.804596820023207
2.9496223958333356	2.9030168200232085
3.0496223958333353	3.0014368200232098
3.149622395833335	3.09985682002321
3.2496223958333346	3.198276820023211
3.349622395833334	3.2966968200232123
3.449622395833334	3.3951168200232127
3.5496223958333335	3.493536820023214
3.649622395833333	3.5919568200232144
3.749622395833333	3.690376820023215
3.8496223958333324	3.7887968200232165
3.949622395833332	3.887216820023217
4.049622395833332	3.9856368200232177
4.149622395833331	4.084056820023218
4.249622395833331	4.1824768200232185
4.349622395833331	4.28089682002322
4.44962239583333	4.379316820023222
4.54962239583333	4.477736820023223
4.64962239583333	4.576156820023223
4.749622395833329	4.674576820023224
4.849622395833329	4.7729968200232245
4.9496223958333285	4.871416820023226
5.049622395833328	4.969836820023227
5.149622395833328	5.068256820023228
5.2496223958333275	5.166676820023229
5.349622395833327	5.265096820023228
5.449622395833327	5.363516820023231
5.549622395833326	5.46193682002323
5.649622395833326	5.560356820023233
5.749622395833326	5.658776820023233
5.849622395833325	5.757196820023235
5.949622395833325	5.8556168200232355
6.049622395833325	5.9540368200232345
6.149622395833324	6.0524568200232345
6.249622395833324	6.150876820023239
6.3496223958333236	6.249296820023238
6.449622395833323	6.347716820023239
6.549622395833323	6.44613682002324
6.6496223958333225	6.54455682002324
6.749622395833322	6.642976820023241
6.849622395833322	6.741396820023242
6.949622395833321	6.839816820023242
7.049622395833321	6.938236820023244
7.149622395833321	7.036656820023245
7.24962239583332	7.135076820023245
7.34962239583332	7.2334968200232455
7.44962239583332	7.331916820023246
7.549622395833319	7.430336820023248
7.649622395833319	7.528756820023248
7.749622395833319	7.627176820023249
7.849622395833318	7.725596820023251
7.949622395833318	7.824016820023251
8.049622395833318	7.922436820023253
8.149622395833317	8.020856820023255
8.249622395833317	8.119276820023254
8.349622395833316	8.217696820023253
8.449622395833316	8.316116820023257
8.549622395833316	8.414536820023256
8.55	8.414908458044106
1000008.55	8.414908458044106
