-179769313486231570000000000000000000000000000000000000000000000000000000000000000000000000000000000000000000000000000000000000000000000000000000000000000000000000000000000000000000000000000000000000000000000000000000000000000000000000000000000000000000000000000000000000000000000000000000000000000000000000000	0
0.0000000000000004440892098500626	0
0.0033333333333338544	0.0026289198716511887
0.006666666666667265	0.005257908066079436
0.011666666666667158	0.009201516648542568
0.01916666666666722	0.015117208136227227
0.030416666666667203	0.023991353550525035
0.047291666666667176	0.03730387697507337
0.07260416666666725	0.05727538605392576
0.11057291666666735	0.0872380630081774
0.1675260416666673	0.1321919482072404
0.2529557291666673	0.19963755111806042
0.3529557291666674	0.27861499167210296
0.4529557291666675	0.35761334208718054
0.5529557291666676	0.43663360198543766
0.6529557291666677	0.5156722110801927
0.7529557291666678	0.5947288394157622
0.8529557291666678	0.6738074928493678
0.9529557291666677	0.7529104614308253
1.0529557291666678	0.8320421323737701
1.1529557291666679	0.9112091707992113
1.252955729166668	0.9904177015937321
1.352955729166668	1.0696751008886831
1.4529557291666682	1.148989950558814
1.5529557291666682	1.2283709171309773
1.6529557291666683	1.3078273332959902
1.7529557291666684	1.3873692072708708
1.8529557291666685	1.467006581581662
1.9529557291666686	1.5467501164080961
2.0529557291666687	1.6266108283134977
2.1529557291666688	1.706599405764667
2.252955729166669	1.786727323926509
2.352955729166669	1.8670061558705644
2.452955729166669	1.9474468064152997
2.552955729166669	2.028061082610855
2.652955729166669	2.108860751200429
2.7529557291666693	2.189856510210041
2.8529557291666694	2.2710601584781873
2.9529557291666695	2.35248322106213
3.052955729166669	2.4341363927211352
3.1529557291666688	2.516030807182588
3.2529557291666684	2.5981775197632326
3.352955729166668	2.680586782154279
3.4529557291666677	2.7632688926206654
3.5529557291666674	2.8462341106513738
3.652955729166667	2.9294920883563136
3.7529557291666666	3.013052092672325
3.8529557291666663	3.0969233403139436
3.952955729166666	3.1811145279880297
4.052955729166666	3.265633834197644
4.152955729166665	3.350489203156427
4.252955729166665	3.435688042475372
4.3529557291666645	3.52123735011371
4.452955729166664	3.6071436441148013
4.552955729166664	3.6934127747078427
4.6529557291666634	3.780050325315327
4.752955729166663	3.867061342241691
4.852955729166663	3.954449927196196
4.952955729166662	4.042219951169834
5.052955729166662	4.130374984219511
5.152955729166662	4.218917216578614
5.252955729166661	4.3078485387915695
5.352955729166661	4.39717099340004
5.452955729166661	4.486884762169894
5.55295572916666	4.576989591324324
5.65295572916666	4.667485903263138
5.7529557291666595	4.7583717852344956
5.852955729166659	4.849644732626171
5.952955729166659	4.941303466560763
6.0529557291666585	5.033343914954654
6.152955729166658	5.12576130687568
6.252955729166658	5.218552636498886
6.352955729166657	5.311711578491065
6.452955729166657	5.405231184707514
6.552955729166657	5.499106746298104
6.652955729166656	5.593329568400412
6.752955729166656	5.687890822525682
6.852955729166656	5.782784094886107
6.952955729166655	5.877998205870188
7.052955729166655	5.973523078723019
7.152955729166655	6.069350368417065
7.252955729166654	6.1654664892697735
7.352955729166654	6.261861169911053
7.4529557291666535	6.358523448457795
7.552955729166653	6.455438055539046
7.652955729166653	6.552595333533888
7.752955729166652	6.649981061479863
7.852955729166652	6.747579831561334
7.952955729166652	6.845382520871693
8.052955729166651	6.943371419994869
8.152955729166651	7.041536132472096
8.25295572916665	7.139862478627119
8.35295572916665	7.238335478995893
8.45295572916665	7.336946275010053
8.55	7.528629865304828
179769313486231570000000000000000000000000000000000000000000000000000000000000000000000000000000000000000000000000000000000000000000000000000000000000000000000000000000000000000000000000000000000000000000000000000000000000000000000000000000000000000000000000000000000000000000000000000000000000000000000000000	7.528629865304828
