-100000	0
1.0999999999999996	0
1.103333333333333	0.003280269773241222
1.108333333333333	0.008200784959712408
1.115833333333333	0.015581806424289456
1.127083333333333	0.026653874710669823
1.143958333333333	0.04326224971066985
1.169270833333333	0.06817481221066958
1.2072395833333331	0.10554365596066831
1.264192708333333	0.1615969215856641
1.349622395833333	0.24567682002315339
1.4496223958333332	0.34409682002313374
1.5496223958333333	0.4425168200231065
1.6496223958333334	0.5409368200230715
1.7496223958333335	0.6393568200230294
1.8496223958333335	0.7377768200229794
1.9496223958333336	0.8361968200229216
2.0496223958333335	0.9346168200228561
2.1496223958333336	1.0330368200227833
2.2496223958333337	1.1314568200227029
2.3496223958333338	1.2298768200226136
2.449622395833334	1.3282968200225107
2.549622395833334	1.4267168200223916
2.649622395833334	1.5251368200222557
2.749622395833334	1.6235568200221027
2.849622395833334	1.7219768200219316
2.9496223958333343	1.8203968200217429
3.0496223958333344	1.918816820021537
3.1496223958333345	2.017236820021314
3.2496223958333346	2.115656820021073
3.3496223958333347	2.2140768200208143
3.4496223958333347	2.3124968200205394
3.549622395833335	2.4109168200202453
3.649622395833335	2.509336820019934
3.749622395833335	2.6077568200196053
3.849622395833335	2.7061768200192593
3.949622395833335	2.8045968200188955
4.049622395833335	2.9030168200185145
4.149622395833335	3.0014368200181143
4.249622395833335	3.099856820017698
4.349622395833334	3.1982768200172633
4.449622395833334	3.29669682001681
4.5496223958333335	3.3951168200163404
4.649622395833333	3.493536820015852
4.749622395833333	3.591956820015346
4.849622395833332	3.6903768200148233
4.949622395833332	3.788796820014282
5.049622395833332	3.887216820013723
5.149622395833331	3.985636820013146
5.249622395833331	4.0840568200125515
5.349622395833331	4.1824768200119395
5.44962239583333	4.280896820011309
5.54962239583333	4.379316820010661
5.64962239583333	4.477736820009994
5.749622395833329	4.576156820009311
5.849622395833329	4.674576820008609
5.9496223958333285	4.77299682000789
6.049622395833328	4.871416820007152
6.149622395833328	4.969836820006394
6.2496223958333275	5.068256820005623
6.349622395833327	5.16667682000483
6.449622395833327	5.265096820004022
6.549622395833326	5.363516820003193
6.649622395833326	5.461936820002352
6.749622395833326	5.560356820001512
6.849622395833325	5.658776820000681
6.949622395833325	5.757196819999853
7.049622395833325	5.855616819999034
7.149622395833324	5.954036819998221
7.249622395833324	6.052456819997412
7.3496223958333236	6.150876819996616
7.449622395833323	6.249296819995819
7.549622395833323	6.347716819995034
7.6496223958333225	6.446136819994255
7.749622395833322	6.544556819993477
7.849622395833322	6.642976819992713
7.949622395833321	6.741396819991951
8.049622395833321	6.839816819991301
8.14962239583332	6.938236819990794
8.24962239583332	7.036656819990408
8.34962239583332	7.135076819990119
8.44962239583332	7.23349681998991
8.54962239583332	7.33191681998974
8.649622395833319	7.430336819989592
8.749622395833319	7.528756819989462
8.849622395833318	7.627176819989343
8.949622395833318	7.725596819989234
9.049622395833318	7.824016819989143
9.149622395833317	7.922436819989072
9.249622395833317	8.020856819989005
9.349622395833316	8.119276819988956
9.449622395833316	8.217696819988921
9.549622395833316	8.316116819988903
9.649622395833315	8.414536819988896
9.65	8.414908458009746
1000009.65	8.414908458009746
