-100000	0
1.0999999999999996	0
1.103333333333333	0.0032802697732412208
1.108333333333333	0.008200784959712404
1.115833333333333	0.015581806424289456
1.127083333333333	0.02665387471066981
1.143958333333333	0.04326224971066983
1.169270833333333	0.0681748122106696
1.2072395833333331	0.10554365596066831
1.264192708333333	0.1615969215856641
1.349622395833333	0.24567682002315344
1.4496223958333332	0.3440968200231338
1.5496223958333333	0.4425168200231065
1.6496223958333334	0.5409368200230718
1.7496223958333335	0.6393568200230291
1.8496223958333335	0.7377768200229794
1.9496223958333336	0.8361968200229216
2.0496223958333335	0.9346168200228553
2.1496223958333336	1.033036820022777
2.2496223958333337	1.1314568200226842
2.3496223958333338	1.2298768200225751
2.449622395833334	1.3282968200224485
2.549622395833334	1.4267168200223053
2.649622395833334	1.5251368200221451
2.749622395833334	1.6235568200219683
2.849622395833334	1.7219768200217744
2.9496223958333343	1.8203968200215628
3.0496223958333344	1.9188168200213362
3.1496223958333345	2.017236820021091
3.2496223958333346	2.11565682002083
3.3496223958333347	2.2140768200205514
3.4496223958333347	2.312496820020256
3.549622395833335	2.4109168200199433
3.649622395833335	2.509336820019614
3.749622395833335	2.6077568200192673
3.849622395833335	2.706176820018903
3.949622395833335	2.804596820018524
4.049622395833335	2.903016820018126
4.149622395833335	3.0014368200177115
4.249622395833335	3.099856820017278
4.349622395833334	3.1982768200168294
4.449622395833334	3.2966968200163627
4.5496223958333335	3.39511682001588
4.649622395833333	3.4935368200153794
4.749622395833333	3.5919568200148606
4.849622395833332	3.690376820014328
4.949622395833332	3.7887968200137743
5.049622395833332	3.8872168200132067
5.149622395833331	3.98563682001262
5.249622395833331	4.084056820012016
5.349622395833331	4.182476820011396
5.44962239583333	4.280896820010757
5.54962239583333	4.379316820010102
5.64962239583333	4.47773682000943
5.749622395833329	4.576156820008739
5.849622395833329	4.674576820008032
5.9496223958333285	4.77299682000731
6.049622395833328	4.871416820006568
6.149622395833328	4.969836820005808
6.2496223958333275	5.068256820005032
6.349622395833327	5.166676820004238
6.449622395833327	5.2650968200034285
6.549622395833326	5.363516820002599
6.649622395833326	5.4619368200017595
6.749622395833326	5.560356820000917
6.849622395833325	5.658776820000085
6.949622395833325	5.757196819999258
7.049622395833325	5.85561681999844
7.149622395833324	5.954036819997627
7.249622395833324	6.052456819996821
7.3496223958333236	6.1508768199960215
7.449622395833323	6.249296819995225
7.549622395833323	6.347716819994441
7.6496223958333225	6.446136819993658
7.749622395833322	6.544556819992884
7.849622395833322	6.642976819992119
7.949622395833321	6.741396819991357
8.049622395833321	6.8398168199906655
8.14962239583332	6.938236819990066
8.24962239583332	7.036656819989552
8.34962239583332	7.135076819989127
8.44962239583332	7.2334968199887815
8.54962239583332	7.331916819988509
8.649622395833319	7.430336819988306
8.749622395833319	7.528756819988155
8.849622395833318	7.627176819988036
8.949622395833318	7.7255968199879295
9.049622395833318	7.8240168199878415
9.149622395833317	7.922436819987763
9.249622395833317	8.020856819987701
9.349622395833316	8.119276819987652
9.449622395833316	8.217696819987617
9.549622395833316	8.316116819987597
9.649622395833315	8.414536819987594
9.65	8.414908458008444
1000009.65	8.414908458008444
