-100000	0
1.0999999999999996	0
1.103333333333333	0.000000000000000020997944673062794
1.108333333333333	0.000000000000000052495569195082804
1.115833333333333	0.00000000000000009974359788106916
1.127083333333333	0
1.143958333333333	0
1.169270833333333	0
1.2072395833333331	0
1.264192708333333	0
1.349622395833333	0
1.4496223958333332	0
1.5496223958333333	0
1.6496223958333334	0
1.7496223958333335	0
1.8496223958333335	0
1.9496223958333336	0
2.0496223958333335	0
2.1496223958333336	0
2.2496223958333337	0
2.3496223958333338	0
2.449622395833334	0
2.549622395833334	0
2.649622395833334	0
2.749622395833334	0
2.849622395833334	0
2.9496223958333343	0
3.0496223958333344	0
3.1496223958333345	0
3.2496223958333346	0
3.3496223958333347	0
3.4496223958333347	0
3.549622395833335	0
3.649622395833335	0
3.749622395833335	0
3.849622395833335	0
3.949622395833335	0.000000000000010331026424092686
4.049622395833335	0.00000000000001279931127565191
4.149622395833335	0.000000000000013091779278123102
4.249622395833335	0.000000000000013374659576474402
4.349622395833334	0.00000000000001154974296920785
4.449622395833334	0.000000000000011844834401366702
4.5496223958333335	0.000000000000010773217423430828
4.649622395833333	0.00000000000001108845586235531
4.749622395833333	0.000000000000011403694301279739
4.849622395833332	0.000000000000011718932740204117
4.949622395833332	0.000000000000012034171179128446
5.049622395833332	0.000000000000012349409618052728
5.149622395833331	0.00000000000001266464805697696
5.249622395833331	0.000000000000012979886495901139
5.349622395833331	0.00000000000001329512493482528
5.44962239583333	0.000000000000013610363373749367
5.54962239583333	0.000000000000013925601812673401
5.64962239583333	0.000000000000014240840251597383
5.749622395833329	0.00000000000001455607869052132
5.849622395833329	0.000000000000014871317129445205
5.9496223958333285	0.000000000000015186555568369045
6.049622395833328	0.000000000000015501794007292832
6.149622395833328	0.00000000000001581703244621657
6.2496223958333275	0.00000000000001613227088514026
6.349622395833327	0.000000000000016447509324063895
6.449622395833327	0.000000000000016762747762987486
6.549622395833326	0.000000000000017077986201911026
6.649622395833326	0.000000000000015021855192601743
6.749622395833326	0.000000000000015162220148535803
6.849622395833325	0.000000000000015261982662426387
6.949622395833325	0.000000000000015321142734273483
7.049622395833325	0.000000000000015339700364077102
7.149622395833324	0.00000000000001531765555183724
7.249622395833324	0.000000000000015255008297553896
7.3496223958333236	0.00000000000001515175860122707
7.449622395833323	0.000000000000015007906462856754
7.549622395833323	0.000000000000014823451882442976
7.6496223958333225	0.000000000000014598394859985694
7.749622395833322	0.00000000000001433273539548494
7.849622395833322	0.000000000000014026473488940708
7.949622395833321	0.000000000000011474859248883064
8.049622395833321	0.000000000000011207604188760849
8.14962239583332	0.000000000000004437641611543352
8.24962239583332	0.000000000000004350680372531216
8.34962239583332	0.000000000000006527023169102061
8.44962239583332	0.000000000000004080607416746892
8.54962239583332	0.000000000000003897495699974702
8.649622395833319	0.00000000000000368233382394914
8.749622395833319	0.0000000000000034351217886702414
8.849622395833318	0.000000000000004071267930717369
8.949622395833318	0.000000000000004071819879914037
9.049622395833318	0.000000000000004072371829110604
9.149622395833317	0.0000000000000040729237783070675
9.249622395833317	0.000000000000004073475727503415
9.349622395833316	0.000000000000004074027676699659
9.449622395833316	0.000000000000004074579625895804
9.549622395833316	0.000000000000004075131575091833
9.649622395833315	0.000000000000004075683524287759
9.65	0.000000000000004070260912662111
1000009.65	0.000000000000004070260912662111
