-100001.1	0
0	0
0.0033333333333334103	0.003280269773241222
0.008333333333333304	0.008200784959712373
0.015833333333333366	0.015581806424289352
0.027083333333333348	0.026653874710669538
0.04395833333333332	0.04326224971066925
0.06927083333333339	0.06817481221066848
0.1072395833333335	0.10554365596066642
0.16419270833333344	0.16159692158566097
0.24962239583333345	0.24567682002314828
0.34962239583333354	0.344096820023126
0.44962239583333363	0.44251682002309445
0.5496223958333337	0.5409368200230507
0.6496223958333338	0.6393568200229923
0.7496223958333339	0.737776820022918
0.849622395833334	0.8361968200228277
0.9496223958333339	0.9346168200227221
1.049622395833334	1.0330368200226
1.149622395833334	1.1314568200224628
1.2496223958333341	1.2298768200223096
1.3496223958333342	1.3282968200221408
1.4496223958333343	1.4267168200219562
1.5496223958333344	1.5251368200217554
1.6496223958333345	1.6235568200215396
1.7496223958333346	1.7219768200213068
1.8496223958333347	1.8203968200210587
1.9496223958333347	1.9188168200207953
2.049622395833335	2.0172368200205164
2.149622395833335	2.11565682002022
2.249622395833335	2.2140768200199097
2.349622395833335	2.3124968200195823
2.449622395833335	2.4109168200192395
2.5496223958333353	2.5093368200188797
2.6496223958333354	2.6077568200185057
2.7496223958333355	2.706176820018115
2.8496223958333355	2.804596820017709
2.9496223958333356	2.903016820017287
3.0496223958333353	3.0014368200168486
3.149622395833335	3.0998568200163934
3.2496223958333346	3.198276820015923
3.349622395833334	3.2966968200154367
3.449622395833334	3.395116820014936
3.5496223958333335	3.493536820014417
3.649622395833333	3.591956820013883
3.749622395833333	3.6903768200133324
3.8496223958333324	3.788796820012766
3.949622395833332	3.8872168200121857
4.049622395833332	3.9856368200115884
4.149622395833331	4.084056820010975
4.249622395833331	4.182476820010345
4.349622395833331	4.2808968200096995
4.44962239583333	4.379316820009039
4.54962239583333	4.47773682000836
4.64962239583333	4.576156820007667
4.749622395833329	4.6745768200069575
4.849622395833329	4.772996820006234
4.9496223958333285	4.871416820005493
5.049622395833328	4.969836820004735
5.149622395833328	5.06825682000396
5.2496223958333275	5.166676820003172
5.349622395833327	5.265096820002367
5.449622395833327	5.363516820001545
5.549622395833326	5.461936820000713
5.649622395833326	5.560356819999884
5.749622395833326	5.658776819999062
5.849622395833325	5.757196819998254
5.949622395833325	5.855616819997452
6.049622395833325	5.954036819996658
6.149622395833324	6.052456819995873
6.249622395833324	6.150876819995099
6.3496223958333236	6.24929681999433
6.449622395833323	6.347716819993572
6.549622395833323	6.446136819992821
6.6496223958333225	6.544556819992078
6.749622395833322	6.642976819991345
6.849622395833322	6.7413968199906185
6.949622395833321	6.839816819989928
7.049622395833321	6.938236819989286
7.149622395833321	7.036656819988684
7.24962239583332	7.1350768199881305
7.34962239583332	7.233496819987624
7.44962239583332	7.331916819987167
7.549622395833319	7.430336819986751
7.649622395833319	7.528756819986381
7.749622395833319	7.627176819986056
7.849622395833318	7.725596819985784
7.949622395833318	7.824016819985553
8.049622395833318	7.922436819985364
8.149622395833317	8.020856819985223
8.249622395833317	8.119276819985116
8.349622395833316	8.21769681998504
8.449622395833316	8.316116819984998
8.549622395833316	8.41453681998498
8.55	8.414908458005831
1000008.55	8.414908458005831
