-100001.1	0
0	0
0.0033333333333334103	0.0032802697732412177
0.008333333333333304	0.00820078495971238
0.015833333333333366	0.015581806424289356
0.027083333333333348	0.02665387471066953
0.04395833333333332	0.04326224971066925
0.06927083333333339	0.06817481221066847
0.1072395833333335	0.10554365596066642
0.16419270833333344	0.16159692158566102
0.24962239583333345	0.24567682002314828
0.34962239583333354	0.34409682002312597
0.44962239583333363	0.44251682002309606
0.5496223958333337	0.5409368200230583
0.6496223958333338	0.6393568200230125
0.7496223958333339	0.7377768200229593
0.849622395833334	0.8361968200228979
0.9496223958333339	0.9346168200228285
1.049622395833334	1.0330368200227513
1.149622395833334	1.1314568200226667
1.2496223958333341	1.2298768200225736
1.3496223958333342	1.3282968200224732
1.4496223958333343	1.4267168200223652
1.5496223958333344	1.5251368200222486
1.6496223958333345	1.623556820022125
1.7496223958333346	1.7219768200219927
1.8496223958333347	1.8203968200218499
1.9496223958333347	1.918816820021694
2.049622395833335	2.017236820021519
2.149622395833335	2.115656820021328
2.249622395833335	2.214076820021118
2.349622395833335	2.31249682002089
2.449622395833335	2.4109168200206437
2.5496223958333353	2.5093368200203803
2.6496223958333354	2.6077568200200982
2.7496223958333355	2.7061768200197998
2.8496223958333355	2.8045968200194826
2.9496223958333356	2.9030168200191473
3.0496223958333353	3.001436820018793
3.149622395833335	3.099856820018421
3.2496223958333346	3.198276820018032
3.349622395833334	3.296696820017623
3.449622395833334	3.395116820017198
3.5496223958333335	3.4935368200167547
3.649622395833333	3.591956820016293
3.749622395833333	3.6903768200158114
3.8496223958333324	3.788796820015315
3.949622395833332	3.8872168200147996
4.049622395833332	3.985636820014265
4.149622395833331	4.084056820013712
4.249622395833331	4.182476820013143
4.349622395833331	4.280896820012553
4.44962239583333	4.379316820011946
4.54962239583333	4.477736820011323
4.64962239583333	4.576156820010679
4.749622395833329	4.674576820010018
4.849622395833329	4.772996820009339
4.9496223958333285	4.871416820008642
5.049622395833328	4.969836820007926
5.149622395833328	5.068256820007192
5.2496223958333275	5.1666768200064395
5.349622395833327	5.265096820005669
5.449622395833327	5.36351682000488
5.549622395833326	5.461936820004081
5.649622395833326	5.5603568200033004
5.749622395833326	5.658776820002548
5.849622395833325	5.757196820001821
5.949622395833325	5.85561682000112
6.049622395833325	5.954036820000446
6.149622395833324	6.052456819999794
6.249622395833324	6.1508768199991675
6.3496223958333236	6.249296819998561
6.449622395833323	6.347716819997978
6.549622395833323	6.4461368199974185
6.6496223958333225	6.5445568199968776
6.749622395833322	6.642976819996355
6.849622395833322	6.741396819995837
6.949622395833321	6.83981681999534
7.049622395833321	6.938236819994876
7.149622395833321	7.036656819994441
7.24962239583332	7.135076819994034
7.34962239583332	7.2334968199936585
7.44962239583332	7.331916819993316
7.549622395833319	7.430336819993003
7.649622395833319	7.528756819992718
7.749622395833319	7.627176819992467
7.849622395833318	7.72559681999224
7.949622395833318	7.824016819992043
8.049622395833318	7.92243681999188
8.149622395833317	8.020856819991746
8.249622395833317	8.11927681999164
8.349622395833316	8.217696819991566
8.449622395833316	8.316116819991523
8.549622395833316	8.414536819991506
8.55	8.414908458012357
1000008.55	8.414908458012357
