-100000	0
1.0999999999999996	0
1.103333333333333	0.0032802697732411544
1.108333333333333	0.00820078495971222
1.115833333333333	0.015581806424289059
1.127083333333333	0.026653874710669014
1.143958333333333	0.043262249710668416
1.169270833333333	0.06817481221066718
1.2072395833333331	0.1055436559606644
1.264192708333333	0.1615969215856579
1.349622395833333	0.24567682002314356
1.4496223958333332	0.34409682002311937
1.5496223958333333	0.4425168200230876
1.6496223958333334	0.540936820023048
1.7496223958333335	0.6393568200230004
1.8496223958333335	0.7377768200229448
1.9496223958333336	0.8361968200228819
2.0496223958333335	0.9346168200228107
2.1496223958333336	1.0330368200227316
2.2496223958333337	1.131456820022645
2.3496223958333338	1.2298768200225503
2.449622395833334	1.3282968200224483
2.549622395833334	1.4267168200223375
2.649622395833334	1.5251368200222197
2.749622395833334	1.6235568200220942
2.849622395833334	1.72197682002196
2.9496223958333343	1.8203968200218186
3.0496223958333344	1.9188168200216693
3.1496223958333345	2.0172368200215116
3.2496223958333346	2.115656820021342
3.3496223958333347	2.2140768200211567
3.4496223958333347	2.3124968200209546
3.549622395833335	2.410916820020732
3.649622395833335	2.5093368200204913
3.749622395833335	2.607756820020234
3.849622395833335	2.706176820019957
3.949622395833335	2.804596820019661
4.049622395833335	2.9030168200193476
4.149622395833335	3.0014368200190145
4.249622395833335	3.099856820018661
4.349622395833334	3.1982768200182923
4.449622395833334	3.2966968200179045
4.5496223958333335	3.395116820017496
4.649622395833333	3.493536820017071
4.749622395833333	3.591956820016626
4.849622395833332	3.690376820016162
4.949622395833332	3.788796820015681
5.049622395833332	3.887216820015181
5.149622395833331	3.9856368200146615
5.249622395833331	4.084056820014124
5.349622395833331	4.1824768200135685
5.44962239583333	4.280896820012993
5.54962239583333	4.379316820012399
5.64962239583333	4.4777368200117875
5.749622395833329	4.576156820011155
5.849622395833329	4.674576820010505
5.9496223958333285	4.772996820009836
6.049622395833328	4.8714168200091486
6.149622395833328	4.969836820008443
6.2496223958333275	5.068256820007718
6.349622395833327	5.166676820006973
6.449622395833327	5.26509682000621
6.549622395833326	5.363516820005429
6.649622395833326	5.461936820004637
6.749622395833326	5.560356820003874
6.849622395833325	5.65877682000315
6.949622395833325	5.757196820002463
7.049622395833325	5.855616820001808
7.149622395833324	5.954036820001193
7.249622395833324	6.052456820000602
7.3496223958333236	6.150876820000046
7.449622395833323	6.249296819999517
7.549622395833323	6.347716819999013
7.6496223958333225	6.446136819998523
7.749622395833322	6.544556819998029
7.849622395833322	6.642976819997524
7.949622395833321	6.74139681999701
8.049622395833321	6.839816819996514
8.14962239583332	6.9382368199960505
8.24962239583332	7.036656819995612
8.34962239583332	7.1350768199952075
8.44962239583332	7.233496819994829
8.54962239583332	7.331916819994484
8.649622395833319	7.430336819994163
8.749622395833319	7.528756819993876
8.849622395833318	7.627176819993621
8.949622395833318	7.725596819993398
9.049622395833318	7.824016819993196
9.149622395833317	7.922436819993033
9.249622395833317	8.020856819992897
9.349622395833316	8.119276819992788
9.449622395833316	8.217696819992714
9.549622395833316	8.316116819992667
9.649622395833315	8.41453681999265
9.65	8.414908458013501
1000009.65	8.414908458013501
