-100000	0
1.0999999999999996	0
1.103333333333333	0.003280269773241217
1.108333333333333	0.008200784959712378
1.115833333333333	0.015581806424289342
1.127083333333333	0.026653874710669566
1.143958333333333	0.04326224971066925
1.169270833333333	0.06817481221066846
1.2072395833333331	0.10554365596066644
1.264192708333333	0.16159692158566097
1.349622395833333	0.24567682002314828
1.4496223958333332	0.34409682002312597
1.5496223958333333	0.44251682002309606
1.6496223958333334	0.5409368200230581
1.7496223958333335	0.6393568200230126
1.8496223958333335	0.7377768200229593
1.9496223958333336	0.836196820022898
2.0496223958333335	0.9346168200228288
2.1496223958333336	1.0330368200227513
2.2496223958333337	1.1314568200226667
2.3496223958333338	1.229876820022574
2.449622395833334	1.3282968200224736
2.549622395833334	1.426716820022365
2.649622395833334	1.5251368200222497
2.749622395833334	1.623556820022125
2.849622395833334	1.7219768200219927
2.9496223958333343	1.8203968200218534
3.0496223958333344	1.9188168200217062
3.1496223958333345	2.0172368200215507
3.2496223958333346	2.115656820021387
3.3496223958333347	2.214076820021217
3.4496223958333347	2.3124968200210367
3.549622395833335	2.410916820020844
3.649622395833335	2.509336820020634
3.749622395833335	2.6077568200204055
3.849622395833335	2.7061768200201564
3.949622395833335	2.80459682001989
4.049622395833335	2.9030168200196043
4.149622395833335	3.0014368200192982
4.249622395833335	3.0998568200189722
4.349622395833334	3.198276820018627
4.449622395833334	3.296696820018265
4.5496223958333335	3.395116820017884
4.649622395833333	3.49353682001748
4.749622395833333	3.5919568200170606
4.849622395833332	3.6903768200166187
4.949622395833332	3.7887968200161604
5.049622395833332	3.887216820015681
5.149622395833331	3.9856368200151846
5.249622395833331	4.084056820014666
5.349622395833331	4.18247682001413
5.44962239583333	4.280896820013574
5.54962239583333	4.379316820012998
5.64962239583333	4.477736820012402
5.749622395833329	4.576156820011789
5.849622395833329	4.674576820011156
5.9496223958333285	4.772996820010504
6.049622395833328	4.871416820009832
6.149622395833328	4.9698368200091405
6.2496223958333275	5.068256820008429
6.349622395833327	5.166676820007695
6.449622395833327	5.265096820006948
6.549622395833326	5.3635168200061765
6.649622395833326	5.461936820005398
6.749622395833326	5.560356820004671
6.849622395833325	5.6587768200039985
6.949622395833325	5.757196820003381
7.049622395833325	5.855616820002814
7.149622395833324	5.954036820002291
7.249622395833324	6.0524568200018045
7.3496223958333236	6.1508768200013435
7.449622395833323	6.2492968200008905
7.549622395833323	6.347716820000422
7.6496223958333225	6.446136819999944
7.749622395833322	6.544556819999458
7.849622395833322	6.642976819998957
7.949622395833321	6.741396819998446
8.049622395833321	6.839816819997951
8.14962239583332	6.938236819997484
8.24962239583332	7.0366568199970505
8.34962239583332	7.135076819996647
8.44962239583332	7.233496819996271
8.54962239583332	7.331916819995926
8.649622395833319	7.4303368199956115
8.749622395833319	7.5287568199953245
8.849622395833318	7.627176819995068
8.949622395833318	7.725596819994844
9.049622395833318	7.824016819994653
9.149622395833317	7.922436819994488
9.249622395833317	8.02085681999435
9.349622395833316	8.119276819994248
9.449622395833316	8.217696819994174
9.549622395833316	8.316116819994132
9.649622395833315	8.414536819994114
9.65	8.414908458014965
1000009.65	8.414908458014965
