-100000	0
1.0999999999999996	0
1.103333333333333	0.0032802697732412203
1.108333333333333	0.008200784959712404
1.115833333333333	0.015581806424289366
1.127083333333333	0.026653874710669948
1.143958333333333	0.04326224971066999
1.169270833333333	0.06817481221067037
1.2072395833333331	0.10554365596067093
1.264192708333333	0.1615969215856714
1.349622395833333	0.24567682002317273
1.4496223958333332	0.34409682002317377
1.5496223958333333	0.44251682002317533
1.6496223958333334	0.5409368200231766
1.7496223958333335	0.6393568200231781
1.8496223958333335	0.737776820023179
1.9496223958333336	0.8361968200231805
2.0496223958333335	0.9346168200231816
2.1496223958333336	1.0330368200231825
2.2496223958333337	1.131456820023184
2.3496223958333338	1.2298768200231855
2.449622395833334	1.3282968200231866
2.549622395833334	1.4267168200231874
2.649622395833334	1.5251368200231896
2.749622395833334	1.623556820023191
2.849622395833334	1.7219768200231922
2.9496223958333343	1.820396820023193
3.0496223958333344	1.9188168200231945
3.1496223958333345	2.017236820023196
3.2496223958333346	2.1156568200231973
3.3496223958333347	2.2140768200231986
3.4496223958333347	2.3124968200232003
3.549622395833335	2.410916820023201
3.649622395833335	2.5093368200232025
3.749622395833335	2.607756820023204
3.849622395833335	2.706176820023205
3.949622395833335	2.8045968200232068
4.049622395833335	2.9030168200232076
4.149622395833335	3.0014368200232084
4.249622395833335	3.099856820023209
4.349622395833334	3.1982768200232106
4.449622395833334	3.2966968200232105
4.5496223958333335	3.39511682002321
4.649622395833333	3.4935368200232024
4.749622395833333	3.591956820023183
4.849622395833332	3.6903768200231486
4.949622395833332	3.7887968200230993
5.049622395833332	3.8872168200230366
5.149622395833331	3.9856368200229566
5.249622395833331	4.084056820022864
5.349622395833331	4.182476820022755
5.44962239583333	4.280896820022631
5.54962239583333	4.379316820022492
5.64962239583333	4.47773682002234
5.749622395833329	4.576156820022169
5.849622395833329	4.674576820021987
5.9496223958333285	4.772996820021786
6.049622395833328	4.871416820021571
6.149622395833328	4.9698368200213405
6.2496223958333275	5.068256820021066
6.349622395833327	5.166676820020725
6.449622395833327	5.265096820020282
6.549622395833326	5.363516820019708
6.649622395833326	5.461936820018995
6.749622395833326	5.560356820018255
6.849622395833325	5.658776820017516
6.949622395833325	5.757196820016772
7.049622395833325	5.85561682001603
7.149622395833324	5.9540368200152844
7.249622395833324	6.05245682001454
7.3496223958333236	6.150876820013792
7.449622395833323	6.249296820013042
7.549622395833323	6.347716820012293
7.6496223958333225	6.446136820011538
7.749622395833322	6.544556820010785
7.849622395833322	6.642976820010028
7.949622395833321	6.741396820009271
8.049622395833321	6.839816820008539
8.14962239583332	6.938236820007858
8.24962239583332	7.036656820007217
8.34962239583332	7.1350768200066215
8.44962239583332	7.23349682000607
8.54962239583332	7.331916820005564
8.649622395833319	7.4303368200051
8.749622395833319	7.528756820004682
8.849622395833318	7.627176820004304
8.949622395833318	7.7255968200039735
9.049622395833318	7.824016820003687
9.149622395833317	7.922436820003447
9.249622395833317	8.020856820003251
9.349622395833316	8.119276820003096
9.449622395833316	8.217696820002983
9.549622395833316	8.316116820002922
9.649622395833315	8.414536820002898
9.65	8.414908458023751
1000009.65	8.414908458023751
