-100000	0
1.0999999999999996	0
1.103333333333333	0.003280269773241113
1.108333333333333	0.008200784959712312
1.115833333333333	0.015581806424289066
1.127083333333333	0.026653874710669438
1.143958333333333	0.04326224971066917
1.169270833333333	0.06817481221066907
1.2072395833333331	0.1055436559606689
1.264192708333333	0.16159692158566838
1.349622395833333	0.24567682002316807
1.4496223958333332	0.3440968200231672
1.5496223958333333	0.4425168200231669
1.6496223958333334	0.5409368200231659
1.7496223958333335	0.6393568200231659
1.8496223958333335	0.737776820023165
1.9496223958333336	0.8361968200231642
2.0496223958333335	0.9346168200231637
2.1496223958333336	1.033036820023163
2.2496223958333337	1.1314568200231623
2.3496223958333338	1.2298768200231616
2.449622395833334	1.3282968200231615
2.549622395833334	1.4267168200231606
2.649622395833334	1.52513682002316
2.749622395833334	1.6235568200231594
2.849622395833334	1.7219768200231587
2.9496223958333343	1.8203968200231582
3.0496223958333344	1.9188168200231577
3.1496223958333345	2.017236820023157
3.2496223958333346	2.1156568200231565
3.3496223958333347	2.2140768200231555
3.4496223958333347	2.312496820023155
3.549622395833335	2.4109168200231545
3.649622395833335	2.509336820023155
3.749622395833335	2.607756820023153
3.849622395833335	2.7061768200231535
3.949622395833335	2.8045968200231526
4.049622395833335	2.903016820023152
4.149622395833335	3.0014368200231503
4.249622395833335	3.099856820023149
4.349622395833334	3.1982768200231493
4.449622395833334	3.296696820023147
4.5496223958333335	3.395116820023147
4.649622395833333	3.493536820023147
4.749622395833333	3.591956820023144
4.849622395833332	3.690376820023144
4.949622395833332	3.788796820023144
5.049622395833332	3.8872168200231414
5.149622395833331	3.985636820023135
5.249622395833331	4.084056820023118
5.349622395833331	4.182476820023085
5.44962239583333	4.280896820023032
5.54962239583333	4.379316820022963
5.64962239583333	4.477736820022871
5.749622395833329	4.576156820022741
5.849622395833329	4.674576820022558
5.9496223958333285	4.7729968200223185
6.049622395833328	4.87141682002202
6.149622395833328	4.969836820021658
6.2496223958333275	5.06825682002123
6.349622395833327	5.16667682002074
6.449622395833327	5.26509682002018
6.549622395833326	5.363516820019553
6.649622395833326	5.461936820018865
6.749622395833326	5.560356820018162
6.849622395833325	5.658776820017454
6.949622395833325	5.757196820016744
7.049622395833325	5.855616820016029
7.149622395833324	5.9540368200153075
7.249622395833324	6.052456820014583
7.3496223958333236	6.1508768200138535
7.449622395833323	6.249296820013122
7.549622395833323	6.34771682001238
7.6496223958333225	6.446136820011634
7.749622395833322	6.544556820010888
7.849622395833322	6.642976820010134
7.949622395833321	6.741396820009376
8.049622395833321	6.839816820008645
8.14962239583332	6.9382368200079565
8.24962239583332	7.036656820007317
8.34962239583332	7.135076820006719
8.44962239583332	7.233496820006165
8.54962239583332	7.331916820005659
8.649622395833319	7.430336820005191
8.749622395833319	7.52875682000477
8.849622395833318	7.627176820004389
8.949622395833318	7.7255968200040614
9.049622395833318	7.824016820003774
9.149622395833317	7.922436820003531
9.249622395833317	8.020856820003328
9.349622395833316	8.119276820003172
9.449622395833316	8.217696820003058
9.549622395833316	8.316116820002991
9.649622395833315	8.414536820002972
9.65	8.414908458023824
1000009.65	8.414908458023824
