-100001.1	0
0	0
0.0033333333333334103	0.0032802697732411588
0.008333333333333304	0.008200784959712238
0.015833333333333366	0.01558180642428901
0.027083333333333348	0.026653874710669427
0.04395833333333332	0.043262249710669144
0.06927083333333339	0.06817481221066904
0.1072395833333335	0.10554365596066889
0.16419270833333344	0.16159692158566832
0.24962239583333345	0.24567682002316807
0.34962239583333354	0.34409682002316716
0.44962239583333363	0.44251682002316683
0.5496223958333337	0.540936820023166
0.6496223958333338	0.6393568200231657
0.7496223958333339	0.7377768200231647
0.849622395833334	0.8361968200231645
0.9496223958333339	0.9346168200231637
1.049622395833334	1.0330368200231625
1.149622395833334	1.1314568200231625
1.2496223958333341	1.229876820023162
1.3496223958333342	1.328296820023161
1.4496223958333343	1.4267168200231608
1.5496223958333344	1.5251368200231596
1.6496223958333345	1.6235568200231596
1.7496223958333346	1.721976820023166
1.8496223958333347	1.8203968200231584
1.9496223958333347	1.9188168200231577
2.049622395833335	2.0172368200231565
2.149622395833335	2.115656820023157
2.249622395833335	2.214076820023156
2.349622395833335	2.3124968200231555
2.449622395833335	2.410916820023155
2.5496223958333353	2.5093368200231536
2.6496223958333354	2.6077568200231536
2.7496223958333355	2.7061768200231526
2.8496223958333355	2.804596820023152
2.9496223958333356	2.903016820023151
3.0496223958333353	3.001436820023151
3.149622395833335	3.0998568200231498
3.2496223958333346	3.198276820023149
3.349622395833334	3.296696820023147
3.449622395833334	3.395116820023143
3.5496223958333335	3.4935368200231296
3.649622395833333	3.5919568200230976
3.749622395833333	3.6903768200230473
3.8496223958333324	3.7887968200229767
3.949622395833332	3.8872168200228856
4.049622395833332	3.985636820022774
4.149622395833331	4.084056820022643
4.249622395833331	4.18247682002249
4.349622395833331	4.280896820022325
4.44962239583333	4.379316820022129
4.54962239583333	4.4777368200219145
4.64962239583333	4.57615682002168
4.749622395833329	4.674576820021422
4.849622395833329	4.772996820021144
4.9496223958333285	4.871416820020843
5.049622395833328	4.969836820020522
5.149622395833328	5.0682568200201725
5.2496223958333275	5.166685425291609
5.349622395833327	5.265096820019342
5.449622395833327	5.363516820018852
5.549622395833326	5.461936820018314
5.649622395833326	5.560356820017759
5.749622395833326	5.65877682001719
5.849622395833325	5.757196820016605
5.949622395833325	5.855616820016005
6.049622395833325	5.954036820015386
6.149622395833324	6.052456820014753
6.249622395833324	6.150876820014103
6.3496223958333236	6.249296820013436
6.449622395833323	6.347716820012752
6.549622395833323	6.44613682001205
6.6496223958333225	6.544556820011332
6.749622395833322	6.642976820010598
6.849622395833322	6.741396820009841
6.949622395833321	6.839816820009112
7.049622395833321	6.9382368200084255
7.149622395833321	7.036656820007782
7.24962239583332	7.135076820007186
7.34962239583332	7.233496820006636
7.44962239583332	7.331916820006125
7.549622395833319	7.430336820005659
7.649622395833319	7.528756820005239
7.749622395833319	7.627176820004861
7.849622395833318	7.7255968200045295
7.949622395833318	7.824016820004241
8.049622395833318	7.922436820003996
8.149622395833317	8.020856820003798
8.249622395833317	8.119276820003645
8.349622395833316	8.217696820003528
8.449622395833316	8.316116820003462
8.549622395833316	8.41453682000344
8.55	8.41490845802429
1000008.55	8.41490845802429
