-100000	0
1.0999999999999996	0
1.103333333333333	0.0032802697732412208
1.108333333333333	0.008200784959712392
1.115833333333333	0.015581806424289314
1.127083333333333	0.026653874710669944
1.143958333333333	0.043262249710669984
1.169270833333333	0.06817481221067037
1.2072395833333331	0.10554365596067093
1.264192708333333	0.16159692158567135
1.349622395833333	0.2456768200231728
1.4496223958333332	0.3440968200231737
1.5496223958333333	0.4425168200231755
1.6496223958333334	0.5409368200231764
1.7496223958333335	0.6393568200231777
1.8496223958333335	0.7377768200231791
1.9496223958333336	0.8361968200231802
2.0496223958333335	0.9346168200231814
2.1496223958333336	1.0330368200231825
2.2496223958333337	1.1314568200231843
2.3496223958333338	1.2298768200231858
2.449622395833334	1.3282968200231866
2.549622395833334	1.4267168200231883
2.649622395833334	1.5251368200231896
2.749622395833334	1.62355682002319
2.849622395833334	1.721976820023192
2.9496223958333343	1.8203968200231935
3.0496223958333344	1.9188168200231945
3.1496223958333345	2.017236820023196
3.2496223958333346	2.1156568200231973
3.3496223958333347	2.214076820023199
3.4496223958333347	2.3124968200231995
3.549622395833335	2.4109168200232007
3.649622395833335	2.5093368200232025
3.749622395833335	2.6077568200231993
3.849622395833335	2.706176820023189
3.949622395833335	2.804596820023164
4.049622395833335	2.903016820023126
4.149622395833335	3.001436820023071
4.249622395833335	3.099856820023004
4.349622395833334	3.1982768200229215
4.449622395833334	3.296696820022825
4.5496223958333335	3.395116820022712
4.649622395833333	3.493536820022588
4.749622395833333	3.5919568200224483
4.849622395833332	3.6903768200222906
4.949622395833332	3.788796820022121
5.049622395833332	3.887216820021936
5.149622395833331	3.9856368200217354
5.249622395833331	4.0840568200215195
5.349622395833331	4.182476820021289
5.44962239583333	4.280896820021046
5.54962239583333	4.379316820020786
5.64962239583333	4.47773682002051
5.749622395833329	4.57615682002022
5.849622395833329	4.674576820019915
5.9496223958333285	4.772996820019593
6.049622395833328	4.871416820019257
6.149622395833328	4.969836820018904
6.2496223958333275	5.0682568200185365
6.349622395833327	5.1666768200181545
6.449622395833327	5.265096820017757
6.549622395833326	5.36351682001734
6.649622395833326	5.461936820016916
6.749622395833326	5.5603568200165
6.849622395833325	5.658776820016098
6.949622395833325	5.757196820015709
7.049622395833325	5.855616820015326
7.149622395833324	5.954036820014933
7.249622395833324	6.052456820014503
7.3496223958333236	6.150876820014037
7.449622395833323	6.249296820013532
7.549622395833323	6.3477168200129865
7.6496223958333225	6.446136820012393
7.749622395833322	6.544556820011754
7.849622395833322	6.642976820011062
7.949622395833321	6.741396820010319
8.049622395833321	6.839816820009595
8.14962239583332	6.938236820008907
8.24962239583332	7.036656820008269
8.34962239583332	7.135076820007674
8.44962239583332	7.233496820007121
8.54962239583332	7.331916820006614
8.649622395833319	7.43033682000615
8.749622395833319	7.528756820005733
8.849622395833318	7.627176820005358
8.949622395833318	7.725596820005025
9.049622395833318	7.824016820004742
9.149622395833317	7.922436820004499
9.249622395833317	8.0208568200043
9.349622395833316	8.11927682000415
9.449622395833316	8.217696820004038
9.549622395833316	8.316116820003971
9.649622395833315	8.414536820003947
9.65	8.414908458024803
1000009.65	8.414908458024803
