-100001.1	0
0	0
0.0033333333333334103	0.0032802697732412216
0.008333333333333304	0.008200784959712406
0.015833333333333366	0.015581806424289324
0.027083333333333348	0.026653874710669958
0.04395833333333332	0.04326224971067001
0.06927083333333339	0.06817481221067037
0.1072395833333335	0.10554365596067093
0.16419270833333344	0.1615969215856714
0.24962239583333345	0.24567682002317268
0.34962239583333354	0.344096820023174
0.44962239583333363	0.4425168200231753
0.5496223958333337	0.5409368200231764
0.6496223958333338	0.6393568200231778
0.7496223958333339	0.7377768200231792
0.849622395833334	0.8361968200231805
0.9496223958333339	0.9346168200231816
1.049622395833334	1.033036820023183
1.149622395833334	1.131456820023184
1.2496223958333341	1.229876820023185
1.3496223958333342	1.3282968200231868
1.4496223958333343	1.426716820023188
1.5496223958333344	1.525136820023189
1.6496223958333345	1.623556820023191
1.7496223958333346	1.7219768200231915
1.8496223958333347	1.8203968200231935
1.9496223958333347	1.9188168200231948
2.049622395833335	2.0172368200231965
2.149622395833335	2.115656820023197
2.249622395833335	2.214076820023198
2.349622395833335	2.312496820023198
2.449622395833335	2.41091682002319
2.5496223958333353	2.50933682002317
2.6496223958333354	2.6077568200231385
2.7496223958333355	2.706176820023093
2.8496223958333355	2.8045968200230353
2.9496223958333356	2.9030168200229634
3.0496223958333353	3.0014368200228776
3.149622395833335	3.0998568200227785
3.2496223958333346	3.198276820022668
3.349622395833334	3.2966968200225413
3.449622395833334	3.395116820022402
3.5496223958333335	3.493536820022251
3.649622395833333	3.591956820022084
3.749622395833333	3.6903768200219065
3.8496223958333324	3.788796820021713
3.949622395833332	3.8872168200215067
4.049622395833332	3.985636820021287
4.149622395833331	4.084056820021052
4.249622395833331	4.182476820020806
4.349622395833331	4.280896820020543
4.44962239583333	4.37931682002027
4.54962239583333	4.477736820019979
4.64962239583333	4.576156820019675
4.749622395833329	4.674576820019359
4.849622395833329	4.772996820019029
4.9496223958333285	4.871416820018683
5.049622395833328	4.969836820018324
5.149622395833328	5.068256820017951
5.2496223958333275	5.166676820017563
5.349622395833327	5.265096820017165
5.449622395833327	5.3635168200167485
5.549622395833326	5.461936820016323
5.649622395833326	5.5603568200159055
5.749622395833326	5.658776820015503
5.849622395833325	5.757196820015118
5.949622395833325	5.855616820014743
6.049622395833325	5.954036820014382
6.149622395833324	6.052456820014035
6.249622395833324	6.150876820013685
6.3496223958333236	6.2492968200133046
6.449622395833323	6.347716820012871
6.549622395833323	6.446136820012379
6.6496223958333225	6.544556820011811
6.749622395833322	6.642976820011168
6.849622395833322	6.741396820010439
6.949622395833321	6.839816820009711
7.049622395833321	6.938236820009027
7.149622395833321	7.036656820008386
7.24962239583332	7.135076820007791
7.34962239583332	7.233496820007237
7.44962239583332	7.331916820006734
7.549622395833319	7.4303368200062705
7.649622395833319	7.5287568200058494
7.749622395833319	7.627176820005475
7.849622395833318	7.725596820005144
7.949622395833318	7.824016820004861
8.049622395833318	7.922436820004615
8.149622395833317	8.02085682000442
8.249622395833317	8.119276820004265
8.349622395833316	8.217696820004155
8.449622395833316	8.316116820004089
8.549622395833316	8.41453682000407
8.55	8.414908458024922
1000008.55	8.414908458024922
