-100000	0
1.0999999999999996	0
1.103333333333333	0.0032802697732412216
1.108333333333333	0.008200784959712406
1.115833333333333	0.01558180642428939
1.127083333333333	0.02665387471066988
1.143958333333333	0.04326224971067
1.169270833333333	0.0681748122106704
1.2072395833333331	0.10554365596067093
1.264192708333333	0.1615969215856715
1.349622395833333	0.24567682002317268
1.4496223958333332	0.3440968200231738
1.5496223958333333	0.44251682002317516
1.6496223958333334	0.5409368200231766
1.7496223958333335	0.6393568200231778
1.8496223958333335	0.737776820023179
1.9496223958333336	0.8361968200231802
2.0496223958333335	0.9346168200231816
2.1496223958333336	1.0330368200231828
2.2496223958333337	1.131456820023184
2.3496223958333338	1.2298768200231855
2.449622395833334	1.3282968200231868
2.549622395833334	1.426716820023188
2.649622395833334	1.5251368200231896
2.749622395833334	1.6235568200231905
2.849622395833334	1.7219768200231915
2.9496223958333343	1.8203968200231935
3.0496223958333344	1.9188168200231945
3.1496223958333345	2.017236820023195
3.2496223958333346	2.1156568200231893
3.3496223958333347	2.214076820023175
3.4496223958333347	2.312496820023148
3.549622395833335	2.4109168200231093
3.649622395833335	2.5093368200230586
3.749622395833335	2.6077568200229955
3.849622395833335	2.70617682002292
3.949622395833335	2.804596820022833
4.049622395833335	2.9030168200227338
4.149622395833335	3.001436820022621
4.249622395833335	3.0998568200224965
4.349622395833334	3.1982768200223584
4.449622395833334	3.296696820022209
4.5496223958333335	3.395116820022046
4.649622395833333	3.4935368200218737
4.749622395833333	3.5919568200216863
4.849622395833332	3.6903768200214877
4.949622395833332	3.7887968200212754
5.049622395833332	3.88721682002105
5.149622395833331	3.985636820020813
5.249622395833331	4.084056820020563
5.349622395833331	4.182476820020302
5.44962239583333	4.2808968200200255
5.54962239583333	4.3793168200197385
5.64962239583333	4.47773682001944
5.749622395833329	4.576156820019125
5.849622395833329	4.674576820018799
5.9496223958333285	4.77299682001846
6.049622395833328	4.871416820018106
6.149622395833328	4.9698368200177425
6.2496223958333275	5.068256820017365
6.349622395833327	5.166676820016974
6.449622395833327	5.265096820016573
6.549622395833326	5.363516820016152
6.649622395833326	5.461936820015725
6.749622395833326	5.560356820015314
6.849622395833325	5.658776820014911
6.949622395833325	5.75719682001452
7.049622395833325	5.855616820014149
7.149622395833324	5.954036820013788
7.249622395833324	6.052456820013443
7.3496223958333236	6.1508768200131145
7.449622395833323	6.249296820012797
7.549622395833323	6.347716820012487
7.6496223958333225	6.446136820012152
7.749622395833322	6.544556820011754
7.849622395833322	6.642976820011242
7.949622395833321	6.741396820010556
8.049622395833321	6.839816820009827
8.14962239583332	6.938236820009143
8.24962239583332	7.036656820008503
8.34962239583332	7.135076820007912
8.44962239583332	7.233496820007358
8.54962239583332	7.331916820006847
8.649622395833319	7.430336820006384
8.749622395833319	7.528756820005965
8.849622395833318	7.627176820005594
8.949622395833318	7.725596820005259
9.049622395833318	7.824016820004976
9.149622395833317	7.922436820004735
9.249622395833317	8.020856820004537
9.349622395833316	8.119276820004384
9.449622395833316	8.217696820004274
9.549622395833316	8.316116820004206
9.649622395833315	8.414536820004184
9.65	8.414908458025035
1000009.65	8.414908458025035
