-100000	0
1.0999999999999996	0
1.103333333333333	0.003280269773241222
1.108333333333333	0.008200784959712404
1.115833333333333	0.015581806424289456
1.127083333333333	0.026653874710669812
1.143958333333333	0.04326224971067
1.169270833333333	0.06817481221067039
1.2072395833333331	0.10554365596067093
1.264192708333333	0.16159692158567154
1.349622395833333	0.2456768200231724
1.4496223958333332	0.3440968200231732
1.5496223958333333	0.4425168200231738
1.6496223958333334	0.5409368200231738
1.7496223958333335	0.6393568200231733
1.8496223958333335	0.7377768200231719
1.9496223958333336	0.8361968200231695
2.0496223958333335	0.9346168200231662
2.1496223958333336	1.0330368200231543
2.2496223958333337	1.131456820023148
2.3496223958333338	1.2298768200231407
2.449622395833334	1.3282968200231324
2.549622395833334	1.4267168200231224
2.649622395833334	1.5251368200231104
2.749622395833334	1.6235568200230974
2.849622395833334	1.721976820023081
2.9496223958333343	1.8203968200230598
3.0496223958333344	1.9188168200230273
3.1496223958333345	2.017236820022983
3.2496223958333346	2.1156568200229238
3.3496223958333347	2.2140768200228504
3.4496223958333347	2.312496820022764
3.549622395833335	2.4109168200226634
3.649622395833335	2.5093368200225483
3.749622395833335	2.60775682002242
3.849622395833335	2.7061768200222764
3.949622395833335	2.8045968200221187
4.049622395833335	2.9030168200219455
4.149622395833335	3.0014368200217585
4.249622395833335	3.099856820021554
4.349622395833334	3.198276820021337
4.449622395833334	3.2966968200211038
4.5496223958333335	3.395116820020855
4.649622395833333	3.493536820020589
4.749622395833333	3.5919568200203105
4.849622395833332	3.6903768200200155
4.949622395833332	3.7887968200197055
5.049622395833332	3.8872168200193777
5.149622395833331	3.9856368200190326
5.249622395833331	4.084056820018673
5.349622395833331	4.182476820018297
5.44962239583333	4.280896820017924
5.54962239583333	4.379316820017515
5.64962239583333	4.477736820017089
5.749622395833329	4.576156820016646
5.849622395833329	4.674576820016187
5.9496223958333285	4.772996820015706
6.049622395833328	4.87141682001521
6.149622395833328	4.969836820014699
6.2496223958333275	5.068256820014167
6.349622395833327	5.1666768200136195
6.449622395833327	5.265096820013052
6.549622395833326	5.3635168200124665
6.649622395833326	5.4619368200118705
6.749622395833326	5.560356820011273
6.849622395833325	5.658776820010684
6.949622395833325	5.757196820010104
7.049622395833325	5.855616820009531
7.149622395833324	5.954036820008965
7.249622395833324	6.052456820008406
7.3496223958333236	6.150876820007857
7.449622395833323	6.249296820007312
7.549622395833323	6.3477168200067755
7.6496223958333225	6.446136820006245
7.749622395833322	6.544556820005719
7.849622395833322	6.642976820005205
7.949622395833321	6.741396820004702
8.049622395833321	6.839816820004221
8.14962239583332	6.938236820003784
8.24962239583332	7.036656820003388
8.34962239583332	7.135076820003035
8.44962239583332	7.233496820002713
8.54962239583332	7.331916820002433
8.649622395833319	7.430336820002185
8.749622395833319	7.52875682000197
8.849622395833318	7.6271768200017815
8.949622395833318	7.725596820001626
9.049622395833318	7.824016820001498
9.149622395833317	7.922436820001397
9.249622395833317	8.020856820001312
9.349622395833316	8.119276820001256
9.449622395833316	8.21769682000121
9.549622395833316	8.316116820001191
9.649622395833315	8.414536820001182
9.65	8.414908458022031
1000009.65	8.414908458022031
