-100000	0
6.312999999999999	0
6.316333333333332	0.0000000000000000000000000000000001925929944387236
6.321333333333332	0
6.328833333333332	0.0000000000000000000000000000000007703719777548943
6.340083333333332	0
6.356958333333332	0.000000000000000000000000000000006162975822039155
6.382270833333332	0.0000000000000000000000000000000030814879110195774
6.420239583333332	0.0000000000000000000000000000000015407439555097887
6.477192708333332	0
6.562622395833332	0
6.662622395833331	0.00000000000000000000000000000006162975822039155
6.762622395833331	0.00000000000000000000000000000016640034719505718
6.862622395833331	0.00000000000000000000000000000001232595164407831
6.96262239583333	0
7.06262239583333	0.00000000000000000000000000000032047474274603605
7.1626223958333295	0.00000000000000000000000000000020954117794933126
7.262622395833329	0.00000000000000000000000000000006162975822039155
7.362622395833329	0.000000000000000000000000000000597808654737798
7.462622395833328	0.00000000000000000000000000000008011868568650901
7.562622395833328	0.00000000000000000000000000000003697785493223493
7.662622395833328	0.0000000000000000000000000000006101346063818762
7.762622395833327	0.000000000000000000000000000000517689969051289
7.862622395833327	0.0000000000000000000000000000015777218104420236
7.962622395833327	0.000000000000000000000000000001298076782516997
7.9815000000000005	0.0000000000000000000000000000003821045009664276
1000007.9815	0.0000000000000000000000000000003821045009664276
