-100006.313	0
0	0
0.0033333333333329662	0.0000000000000000000000000000000003851859888774472
0.00833333333333286	0.0000000000000000000000000000000007703719777548943
0.015833333333333144	0
0.02708333333333357	0
0.04395833333333332	0.0000000000000000000000000000000030814879110195774
0.06927083333333339	0.000000000000000000000000000000006162975822039155
0.1072395833333335	0.000000000000000000000000000000018488927466117464
0.16419270833333321	0.000000000000000000000000000000004622231866529366
0.2496223958333328	0.00000000000000000000000000000001617781153285278
0.34962239583333243	0.000000000000000000000000000000030814879110195774
0.4496223958333321	0.0000000000000000000000000000002711709361697228
0.5496223958333317	0.0000000000000000000000000000002834968878138011
0.6496223958333314	0.000000000000000000000000000000021570415377137042
0.749622395833331	0
0.8496223958333307	0.000000000000000000000000000000634786509670033
0.9496223958333303	0.00000000000000000000000000000008011868568650901
1.04962239583333	0.00000000000000000000000000000011709654061874394
1.1496223958333296	0.0000000000000000000000000000002341930812374879
1.2496223958333292	0
1.3496223958333289	0.00000000000000000000000000000060397163055983725
1.4496223958333285	0
1.5496223958333282	0.00000000000000000000000000000016948183510607676
1.6496223958333278	0.00000000000000000000000000000026269684441441897
1.6685000000000016	0
1000001.6685	0
