-179769313486231570000000000000000000000000000000000000000000000000000000000000000000000000000000000000000000000000000000000000000000000000000000000000000000000000000000000000000000000000000000000000000000000000000000000000000000000000000000000000000000000000000000000000000000000000000000000000000000000000000	0
0.5741348232709509	0
0.5774681566042843	0.000000007626441707222142
0.5808014899376177	0.00000006101153363733188
0.5858014899376176	0.00000032698368806029786
0.5933014899376174	0.000001458746925241141
0.6045514899376174	0.000005894532014241099
0.6214264899376176	0.00002240158637283142
0.6467389899376172	0.00008258905567508305
0.6847077399376174	0.0003001333158029569
0.7416608649376171	0.0010888921970831243
0.8270905524376166	0.003993112059819258
0.9270905524376163	0.011673574977482216
1.027090552437616	0.026476526885589737
1.1270905524376156	0.05036762911707744
1.2270905524376152	0.08434213460640531
1.3270905524376149	0.12934325199886168
1.4270905524376145	0.1862546569431726
1.5270905524376142	0.2558198446450219
1.6270905524376138	0.3385162346949357
1.7270905524376134	0.4342609733233519
1.827090552437613	0.542896105260523
1.9270905524376127	0.6643858091838608
2.0270905524376124	0.7985199191299903
2.127090552437612	0.944964475762862
2.2270905524376117	1.1033187505618152
2.3270905524376113	1.2731547483935517
2.427090552437611	1.4540402388742872
2.5270905524376106	1.6455519761942647
2.6270905524376102	1.847281963678029
2.72709055243761	2.058839658997259
2.8270905524376095	2.279852221175022
2.927090552437609	2.509963365714051
2.9563310546874995	2.648246765465551
179769313486231570000000000000000000000000000000000000000000000000000000000000000000000000000000000000000000000000000000000000000000000000000000000000000000000000000000000000000000000000000000000000000000000000000000000000000000000000000000000000000000000000000000000000000000000000000000000000000000000000000	2.648246765465551
