-100003.37430908204	0
0	0
0.0033333333333334103	0.000000006022768682551849
0.008333333333333304	0.00000009410576066483386
0.015833333333333144	0.0000006454714124000113
0.027083333333333126	0.0000032304743153220635
0.04395833333333332	0.000013812859724809887
0.06927083333333339	0.00005425754473706232
0.1072395833333335	0.00020432619035703114
0.16419270833333366	0.0007613517706356992
0.24962239583333368	0.0028516459504480526
0.34962239583333377	0.008386286541209114
0.44962239583333385	0.01900839587736846
0.5496223958333339	0.036712778234784124
0.649622395833334	0.06252375463349083
0.7496223958333337	0.09683538818297627
0.8496223958333333	0.14004877736719254
0.949622395833333	0.19261335168829702
1.0496223958333326	0.254766142333562
1.1496223958333323	0.3268406121093212
1.249622395833332	0.40914214436396945
1.3496223958333315	0.501408431091909
1.4496223958333312	0.60222488695833
1.5496223958333308	0.7135492559006187
1.6496223958333305	0.8359825794561805
1.7496223958333301	0.9693549116635914
1.8496223958333298	1.1139377208396364
1.9496223958333294	1.2679457606879312
2.049622395833329	1.427949463447297
2.1496223958333287	1.5933891048851219
2.2496223958333283	1.7640713542332314
2.349622395833328	1.9394928976136332
2.4496223958333276	2.1182135855575983
2.5496223958333273	2.3019008551964277
2.649622395833327	2.4904135533557015
2.7496223958333266	2.6757264912215977
2.849622395833326	2.883090706543777
2.9386909179687493	3.068998381886365
1000002.9386909179	3.068998381886365
