-100000	0
1.0999999999999996	0
1.103333333333333	0.00000000000000000000000000000002888894916580854
1.108333333333333	0.00000000000000000000000000000017256332301709633
1.115833333333333	0.000000000000000000000000000000634786509670033
1.127083333333333	0
1.143958333333333	0
1.169270833333333	0
1.2072395833333331	0
1.264192708333333	0
1.349622395833333	0
1.4496223958333332	0
1.5496223958333333	0
1.6496223958333334	0
1.7496223958333335	0
1.8496223958333335	0
1.9496223958333336	0
2.0496223958333335	0
2.1496223958333336	0
2.2496223958333337	0
2.3496223958333338	0
2.449622395833334	0
2.549622395833334	0
2.649622395833334	0
2.749622395833334	0
2.849622395833334	0
2.9496223958333343	0
3.0496223958333344	0
3.1496223958333345	0
3.2496223958333346	0
3.3496223958333347	0
3.4496223958333347	0
3.549622395833335	0
3.649622395833335	0
3.749622395833335	0
3.849622395833335	0
3.949622395833335	0.000000000000016856961115662576
4.049622395833335	0.000000000000018408660582273395
4.149622395833335	0.000000000000018867788962438385
4.249622395833335	0.000000000000019315929179360743
4.349622395833334	0.000000000000019753081233040478
4.449622395833334	0.00000000000002017924512347757
4.5496223958333335	0.000000000000019956257297852543
4.649622395833333	0.000000000000022278437286898312
4.749622395833333	0.00000000000002290712722366129
4.849622395833332	0.000000000000023535817160424176
4.949622395833332	0.00000000000002416450709718696
5.049622395833332	0.000000000000024793197033949664
5.149622395833331	0.00000000000002542188697071225
5.249622395833331	0.000000000000026050576907474745
5.349622395833331	0.00000000000002667926684423714
5.44962239583333	0.000000000000027307956780999434
5.54962239583333	0.000000000000027936646717761635
5.64962239583333	0.00000000000002856533665452373
5.749622395833329	0.000000000000026109020915151637
5.849622395833329	0.000000000000029822716528047633
5.9496223958333285	0.00000000000003045140646480944
6.049622395833328	0.00000000000003108009640157115
6.149622395833328	0.00000000000003170878633833274
6.2496223958333275	0.00000000000003233747627509425
6.349622395833327	0.00000000000003296616621185565
6.449622395833327	0.000000000000033594856148616966
6.549622395833326	0.000000000000034223546085378173
6.649622395833326	0.000000000000035104974799805956
6.749622395833326	0.00000000000003623069411912959
6.849622395833325	0.000000000000037350331426558754
6.949622395833325	0.00000000000003536149854029697
7.049622395833325	0.000000000000036715915014499475
7.149622395833324	0.00000000000004067275127747925
7.249622395833324	0.0000000000000395584800709733
7.3496223958333236	0.000000000000042857287785287147
7.449622395833323	0.00000000000004394043302134934
7.549622395833323	0.00000000000004501749624551708
7.6496223958333225	0.000000000000046088477457790264
7.749622395833322	0.00000000000004715337665816899
7.849622395833322	0.000000000000048212193846653234
7.949622395833321	0.0000000000000491108578304655
8.049622395833321	0.00000000000005039069768738581
8.14962239583332	0.00000000000005019327444269911
8.24962239583332	0.00000000000005165576772935444
8.34962239583332	0.00000000000005315196375323202
8.44962239583332	0.000000000000054681862514331863
8.54962239583332	0.000000000000056245464012653975
8.649622395833319	0.00000000000005784276824819831
8.749622395833319	0.00000000000005947377522096488
8.849622395833318	0.000000000000050947031233201715
8.949622395833318	0.000000000000051820979733607693
9.049622395833318	0.00000000000005269492823401325
9.149622395833317	0.000000000000053568876734418345
9.249622395833317	0.00000000000005444282523482298
9.349622395833316	0.00000000000005531677373522717
9.449622395833316	0.000000000000056190722235630904
9.549622395833316	0.00000000000005706467073603418
9.649622395833315	0.000000000000057938619236437
9.65	0.00000000000005794191930187136
1000009.65	0.00000000000005794191930187136
