-100001.1	0
0	0
0.0033333333333334103	0.003280269773241232
0.008333333333333304	0.00820078495971234
0.015833333333333366	0.015581806424289314
0.027083333333333348	0.026653874710669594
0.04395833333333332	0.04326224971066917
0.06927083333333339	0.0681748122106679
0.1072395833333335	0.1055436559606642
0.16419270833333344	0.16159692158565409
0.24962239583333345	0.24567682002313015
0.34962239583333354	0.34409682002308717
0.44962239583333363	0.44251682002302944
0.5496223958333337	0.5409368200229556
0.6496223958333338	0.6393568200228673
0.7496223958333339	0.7377768200227627
0.849622395833334	0.8361968200226428
0.9496223958333339	0.9346168200225073
1.049622395833334	1.0330368200223563
1.149622395833334	1.1314568200221906
1.2496223958333341	1.2298768200220094
1.3496223958333342	1.3282968200218124
1.4496223958333343	1.4267168200215996
1.5496223958333344	1.5251368200213726
1.6496223958333345	1.6235568200211297
1.7496223958333346	1.7219768200208696
1.8496223958333347	1.8203968200205964
1.9496223958333347	1.9188168200203064
2.049622395833335	2.0172368200200017
2.149622395833335	2.115656820019682
2.249622395833335	2.2140768200193452
2.349622395833335	2.3124968200189944
2.449622395833335	2.410916820018627
2.5496223958333353	2.5093368200182455
2.6496223958333354	2.607756820017848
2.7496223958333355	2.7061768200174345
2.8496223958333355	2.8045968200170064
2.9496223958333356	2.903016820016563
3.0496223958333353	3.001436820016103
3.149622395833335	3.099856820015627
3.2496223958333346	3.1982768200151366
3.349622395833334	3.296696820014632
3.449622395833334	3.3951168200141097
3.5496223958333335	3.4935368200135737
3.649622395833333	3.591956820013021
3.749622395833333	3.6903768200124527
3.8496223958333324	3.788796820011869
3.949622395833332	3.8872168200112713
4.049622395833332	3.9856368200106553
4.149622395833331	4.084056820010027
4.249622395833331	4.182476820009383
4.349622395833331	4.2808968200087225
4.44962239583333	4.379316820008047
4.54962239583333	4.477736820007355
4.64962239583333	4.576156820006647
4.749622395833329	4.6745768200059254
4.849622395833329	4.772996820005189
4.9496223958333285	4.871416820004437
5.049622395833328	4.969836820003669
5.149622395833328	5.068256820002883
5.2496223958333275	5.166676820002085
5.349622395833327	5.26509682000127
5.449622395833327	5.36351682000044
5.549622395833326	5.461936819999599
5.649622395833326	5.560356819998758
5.749622395833326	5.6587768199979305
5.849622395833325	5.75719681999711
5.949622395833325	5.855616819996301
6.049622395833325	5.954036819995493
6.149622395833324	6.0524568199947
6.249622395833324	6.150876819993912
6.3496223958333236	6.249296819993134
6.449622395833323	6.347716819992362
6.549622395833323	6.446136819991598
6.6496223958333225	6.544556819990845
6.749622395833322	6.642976819990096
6.849622395833322	6.741396819989358
6.949622395833321	6.839816819988661
7.049622395833321	6.938236819988025
7.149622395833321	7.03665681998744
7.24962239583332	7.135076819986913
7.34962239583332	7.233496819986436
7.44962239583332	7.3319168199860165
7.549622395833319	7.430336819985648
7.649622395833319	7.52875681998534
7.749622395833319	7.627176819985073
7.849622395833318	7.725596819984866
7.949622395833318	7.82401681998471
8.049622395833318	7.922436819984603
8.149622395833317	8.020856819984546
8.249622395833317	8.119276819984522
8.349622395833316	8.217696819984521
8.449622395833316	8.316116819984524
8.549622395833316	8.414536819984527
8.55	8.414908458005375
1000008.55	8.414908458005375
