-100000	0
1.0999999999999996	0
1.103333333333333	0.003280269773241231
1.108333333333333	0.008200784959712347
1.115833333333333	0.015581806424289324
1.127083333333333	0.026653874710669594
1.143958333333333	0.04326224971066924
1.169270833333333	0.0681748122106683
1.2072395833333331	0.10554365596066508
1.264192708333333	0.16159692158565556
1.349622395833333	0.24567682002313296
1.4496223958333332	0.3440968200230911
1.5496223958333333	0.4425168200230347
1.6496223958333334	0.5409368200229621
1.7496223958333335	0.6393568200228749
1.8496223958333335	0.7377768200227711
1.9496223958333336	0.8361968200226532
2.0496223958333335	0.9346168200225186
2.1496223958333336	1.0330368200223683
2.2496223958333337	1.131456820022204
2.3496223958333338	1.229876820022024
2.449622395833334	1.3282968200218275
2.549622395833334	1.4267168200216156
2.649622395833334	1.5251368200213897
2.749622395833334	1.6235568200211474
2.849622395833334	1.7219768200208891
2.9496223958333343	1.8203968200206169
3.0496223958333344	1.9188168200203282
3.1496223958333345	2.017236820020024
3.2496223958333346	2.115656820019704
3.3496223958333347	2.21407682001937
3.4496223958333347	2.3124968200190197
3.549622395833335	2.4109168200186533
3.649622395833335	2.5093368200182713
3.749622395833335	2.6077568200178756
3.849622395833335	2.7061768200174634
3.949622395833335	2.804596820017036
4.049622395833335	2.903016820016593
4.149622395833335	3.001436820016133
4.249622395833335	3.0998568200156598
4.349622395833334	3.19827682001517
4.449622395833334	3.2966968200146636
4.5496223958333335	3.395116820014142
4.649622395833333	3.4935368200136074
4.749622395833333	3.591956820013056
4.849622395833332	3.6903768200124882
4.949622395833332	3.788796820011904
5.049622395833332	3.887216820011307
5.149622395833331	3.9856368200106944
5.249622395833331	4.084056820010065
5.349622395833331	4.182476820009422
5.44962239583333	4.28089682000876
5.54962239583333	4.379316820008085
5.64962239583333	4.477736820007395
5.749622395833329	4.576156820006688
5.849622395833329	4.674576820005967
5.9496223958333285	4.772996820005229
6.049622395833328	4.871416820004476
6.149622395833328	4.969836820003708
6.2496223958333275	5.068256820002925
6.349622395833327	5.1666768200021265
6.449622395833327	5.265096820001312
6.549622395833326	5.363516820000482
6.649622395833326	5.461936819999641
6.749622395833326	5.56035681999881
6.849622395833325	5.6587768199979935
6.949622395833325	5.757196819997192
7.049622395833325	5.8556168199964045
7.149622395833324	5.95403681999563
7.249622395833324	6.052456819994872
7.3496223958333236	6.150876819994126
7.449622395833323	6.249296819993393
7.549622395833323	6.347716819992675
7.6496223958333225	6.4461368199919695
7.749622395833322	6.544556819991281
7.849622395833322	6.6429768199906
7.949622395833321	6.741396819989942
8.049622395833321	6.839816819989418
8.14962239583332	6.93823681998906
8.24962239583332	7.036656819988835
8.34962239583332	7.13507681998872
8.44962239583332	7.23349681998867
8.54962239583332	7.331916819988645
8.649622395833319	7.430336819988634
8.749622395833319	7.528756819988634
8.849622395833318	7.627176819988638
8.949622395833318	7.7255968199886365
9.049622395833318	7.82401681998864
9.149622395833317	7.92243681998864
9.249622395833317	8.02085681998864
9.349622395833316	8.119276819988643
9.449622395833316	8.217696819988642
9.549622395833316	8.316116819988643
9.649622395833315	8.414536819988644
9.65	8.414908458009494
1000009.65	8.414908458009494
