-100000	0
1.0999999999999996	0
1.103333333333333	0.0032802697732412303
1.108333333333333	0.008200784959712342
1.115833333333333	0.01558180642428932
1.127083333333333	0.026653874710669594
1.143958333333333	0.04326224971066923
1.169270833333333	0.06817481221066848
1.2072395833333331	0.10554365596066644
1.264192708333333	0.1615969215856608
1.349622395833333	0.24567682002314828
1.4496223958333332	0.34409682002312536
1.5496223958333333	0.4425168200230949
1.6496223958333334	0.5409368200230558
1.7496223958333335	0.6393568200230088
1.8496223958333335	0.7377768200229524
1.9496223958333336	0.8361968200228883
2.0496223958333335	0.9346168200228148
2.1496223958333336	1.033036820022732
2.2496223958333337	1.1314568200226407
2.3496223958333338	1.2298768200225412
2.449622395833334	1.3282968200224312
2.549622395833334	1.4267168200223128
2.649622395833334	1.5251368200221849
2.749622395833334	1.6235568200220474
2.849622395833334	1.7219768200218988
2.9496223958333343	1.8203968200217417
3.0496223958333344	1.918816820021575
3.1496223958333345	2.0172368200213975
3.2496223958333346	2.1156568200212096
3.3496223958333347	2.2140768200210124
3.4496223958333347	2.3124968200208045
3.549622395833335	2.4109168200205855
3.649622395833335	2.5093368200203567
3.749622395833335	2.6077568200201164
3.849622395833335	2.7061768200198664
3.949622395833335	2.8045968200196048
4.049622395833335	2.9030168200193325
4.149622395833335	3.001436820019048
4.249622395833335	3.099856820018752
4.349622395833334	3.198276820018444
4.449622395833334	3.296696820018127
4.5496223958333335	3.395116820017796
4.649622395833333	3.493536820017454
4.749622395833333	3.5919568200171015
4.849622395833332	3.6903768200167337
4.949622395833332	3.7887968200163553
5.049622395833332	3.8872168200159662
5.149622395833331	3.985636820015564
5.249622395833331	4.084056820015149
5.349622395833331	4.182476820014721
5.44962239583333	4.280896820014282
5.54962239583333	4.379316820013828
5.64962239583333	4.477736820013361
5.749622395833329	4.576156820012883
5.849622395833329	4.6745768200123905
5.9496223958333285	4.772996820011885
6.049622395833328	4.871416820011368
6.149622395833328	4.969836820010833
6.2496223958333275	5.068256820010286
6.349622395833327	5.166676820009728
6.449622395833327	5.2650968200091555
6.549622395833326	5.363516820008567
6.649622395833326	5.461936820007968
6.749622395833326	5.560356820007386
6.849622395833325	5.658776820006827
6.949622395833325	5.757196820006289
7.049622395833325	5.855616820005768
7.149622395833324	5.954036820005269
7.249622395833324	6.052456820004793
7.3496223958333236	6.15087682000433
7.449622395833323	6.249296820003889
7.549622395833323	6.347716820003469
7.6496223958333225	6.446136820003061
7.749622395833322	6.544556820002675
7.849622395833322	6.642976820002304
7.949622395833321	6.741396820001961
8.049622395833321	6.839816820001655
8.14962239583332	6.938236820001401
8.24962239583332	7.036656820001197
8.34962239583332	7.135076820001035
8.44962239583332	7.233496820000894
8.54962239583332	7.331916820000774
8.649622395833319	7.430336820000678
8.749622395833319	7.5287568200006
8.849622395833318	7.627176820000535
8.949622395833318	7.725596820000479
9.049622395833318	7.824016820000445
9.149622395833317	7.92243682000042
9.249622395833317	8.020856820000404
9.349622395833316	8.119276820000392
9.449622395833316	8.217696820000388
9.549622395833316	8.316116820000385
9.649622395833315	8.414536820000388
9.65	8.414908458021237
1000009.65	8.414908458021237
