-100000	0
1.0999999999999996	0
1.103333333333333	0.0032802697732412242
1.108333333333333	0.0082007849597124
1.115833333333333	0.015581806424289394
1.127083333333333	0.026653874710669878
1.143958333333333	0.043262249710669984
1.169270833333333	0.06817481221067034
1.2072395833333331	0.10554365596067093
1.264192708333333	0.16159692158567135
1.349622395833333	0.24567682002317234
1.4496223958333332	0.34409682002317277
1.5496223958333333	0.4425168200231733
1.6496223958333334	0.5409368200231724
1.7496223958333335	0.6393568200231714
1.8496223958333335	0.7377768200231688
1.9496223958333336	0.8361968200231655
2.0496223958333335	0.9346168200231609
2.1496223958333336	1.0330368200231546
2.2496223958333337	1.1314568200231474
2.3496223958333338	1.2298768200231383
2.449622395833334	1.328296820023127
2.549622395833334	1.4267168200231146
2.649622395833334	1.5251368200230995
2.749622395833334	1.6235568200230814
2.849622395833334	1.7219768200230616
2.9496223958333343	1.8203968200230405
3.0496223958333344	1.9188168200230147
3.1496223958333345	2.0172368200229878
3.2496223958333346	2.115656820022956
3.3496223958333347	2.214076820022923
3.4496223958333347	2.3124968200228864
3.549622395833335	2.4109168200228455
3.649622395833335	2.5093368200228006
3.749622395833335	2.6077568200227534
3.849622395833335	2.706176820022702
3.949622395833335	2.8045968200226463
4.049622395833335	2.903016820022586
4.149622395833335	3.0014368200225214
4.249622395833335	3.0998568200224517
4.349622395833334	3.19827682002238
4.449622395833334	3.2966968200223006
4.5496223958333335	3.395116820022218
4.649622395833333	3.4935368200221304
4.749622395833333	3.591956820022036
4.849622395833332	3.6903768200219367
4.949622395833332	3.788796820021834
5.049622395833332	3.8872168200217248
5.149622395833331	3.9856368200216092
5.249622395833331	4.084056820021489
5.349622395833331	4.182476820021361
5.44962239583333	4.280896820021226
5.54962239583333	4.379316820021088
5.64962239583333	4.477736820020941
5.749622395833329	4.576156820020781
5.849622395833329	4.674576820020598
5.9496223958333285	4.7729968200203885
6.049622395833328	4.87141682002015
6.149622395833328	4.969836820019883
6.2496223958333275	5.068256820019581
6.349622395833327	5.166676820019255
6.449622395833327	5.265096820018894
6.549622395833326	5.363516820018506
6.649622395833326	5.461936820018091
6.749622395833326	5.560356820017661
6.849622395833325	5.658776820017222
6.949622395833325	5.7571968200167705
7.049622395833325	5.855616820016315
7.149622395833324	5.9540368200158404
7.249622395833324	6.052456820015358
7.3496223958333236	6.150876820014862
7.449622395833323	6.249296820014352
7.549622395833323	6.347716820013835
7.6496223958333225	6.446136820013299
7.749622395833322	6.544556820012749
7.849622395833322	6.642976820012179
7.949622395833321	6.741396820011601
8.049622395833321	6.8398168200110385
8.14962239583332	6.93823682001052
8.24962239583332	7.036656820010037
8.34962239583332	7.1350768200095835
8.44962239583332	7.233496820009171
8.54962239583332	7.331916820008799
8.649622395833319	7.430336820008459
8.749622395833319	7.52875682000815
8.849622395833318	7.627176820007877
8.949622395833318	7.725596820007639
9.049622395833318	7.8240168200074365
9.149622395833317	7.922436820007266
9.249622395833317	8.020856820007127
9.349622395833316	8.119276820007014
9.449622395833316	8.21769682000694
9.549622395833316	8.316116820006897
9.649622395833315	8.41453682000688
9.65	8.414908458027732
1000009.65	8.414908458027732
