-100000	0
1.0999999999999996	0
1.103333333333333	0.0032802697732411297
1.108333333333333	0.008200784959712498
1.115833333333333	0.0155818064242894
1.127083333333333	0.02665387471066987
1.143958333333333	0.043262249710669984
1.169270833333333	0.0681748122106704
1.2072395833333331	0.10554365596067093
1.264192708333333	0.16159692158567146
1.349622395833333	0.24567682002317268
1.4496223958333332	0.3440968200231739
1.5496223958333333	0.44251682002317533
1.6496223958333334	0.5409368200231764
1.7496223958333335	0.6393568200231778
1.8496223958333335	0.7377768200231789
1.9496223958333336	0.8361968200231807
2.0496223958333335	0.9346168200231814
2.1496223958333336	1.0330368200231828
2.2496223958333337	1.131456820023184
2.3496223958333338	1.2298768200231855
2.449622395833334	1.328296820023187
2.549622395833334	1.4267168200231877
2.649622395833334	1.5251368200231896
2.749622395833334	1.6235568200231907
2.849622395833334	1.721976820023192
2.9496223958333343	1.8203968200231928
3.0496223958333344	1.9188168200231948
3.1496223958333345	2.0172368200231956
3.2496223958333346	2.1156568200231973
3.3496223958333347	2.214076820023199
3.4496223958333347	2.312496820023199
3.549622395833335	2.410916820023201
3.649622395833335	2.5093368200232025
3.749622395833335	2.6077568200232037
3.849622395833335	2.706176820023205
3.949622395833335	2.8045968200232068
4.049622395833335	2.903016820023207
4.149622395833335	3.001436820023208
4.249622395833335	3.09985682002321
4.349622395833334	3.19827682002321
4.449622395833334	3.296696820023211
4.5496223958333335	3.3951168200232122
4.649622395833333	3.4935368200232126
4.749622395833333	3.591956820023214
4.849622395833332	3.690376820023215
4.949622395833332	3.7887968200232156
5.049622395833332	3.887216820023218
5.149622395833331	3.9856368200232177
5.249622395833331	4.084056820023218
5.349622395833331	4.182476820023219
5.44962239583333	4.280896820023217
5.54962239583333	4.379316820023209
5.64962239583333	4.477736820023182
5.749622395833329	4.576156820023136
5.849622395833329	4.674576820023069
5.9496223958333285	4.772996820022981
6.049622395833328	4.871416820022872
6.149622395833328	4.969836820022746
6.2496223958333275	5.068256820022597
6.349622395833327	5.166676820022431
6.449622395833327	5.265096820022199
6.549622395833326	5.363516820021832
6.649622395833326	5.461936820021216
6.749622395833326	5.560356820020548
6.849622395833325	5.658776820019874
6.949622395833325	5.757196820019191
7.049622395833325	5.8556168200185015
7.149622395833324	5.954036820017803
7.249622395833324	6.052456820017102
7.3496223958333236	6.150876820016389
7.449622395833323	6.2492968200156715
7.549622395833323	6.3477168200149485
7.6496223958333225	6.446136820014213
7.749622395833322	6.544556820013472
7.849622395833322	6.642976820012724
7.949622395833321	6.7413968200119685
8.049622395833321	6.839816820011241
8.14962239583332	6.938236820010557
8.24962239583332	7.036656820009918
8.34962239583332	7.135076820009319
8.44962239583332	7.233496820008769
8.54962239583332	7.331916820008264
8.649622395833319	7.430336820007796
8.749622395833319	7.528756820007379
8.849622395833318	7.627176820007003
8.949622395833318	7.725596820006675
9.049622395833318	7.82401682000639
9.149622395833317	7.922436820006144
9.249622395833317	8.020856820005948
9.349622395833316	8.119276820005794
9.449622395833316	8.217696820005683
9.549622395833316	8.316116820005618
9.649622395833315	8.414536820005594
9.65	8.414908458026446
1000009.65	8.414908458026446
