-100000	0
1.0999999999999996	0
1.103333333333333	0.0032802697732412247
1.108333333333333	0.0082007849597124
1.115833333333333	0.01558180642428937
1.127083333333333	0.02665387471066988
1.143958333333333	0.04326224971067004
1.169270833333333	0.06817481221067034
1.2072395833333331	0.10554365596067095
1.264192708333333	0.16159692158567143
1.349622395833333	0.2456768200231728
1.4496223958333332	0.34409682002317377
1.5496223958333333	0.44251682002317533
1.6496223958333334	0.5409368200231764
1.7496223958333335	0.6393568200231778
1.8496223958333335	0.7377768200231792
1.9496223958333336	0.8361968200231809
2.0496223958333335	0.9346168200231816
2.1496223958333336	1.033036820023183
2.2496223958333337	1.1314568200231843
2.3496223958333338	1.2298768200231858
2.449622395833334	1.3282968200231866
2.549622395833334	1.4267168200231877
2.649622395833334	1.5251368200231892
2.749622395833334	1.6235568200231913
2.849622395833334	1.721976820023192
2.9496223958333343	1.820396820023193
3.0496223958333344	1.9188168200231948
3.1496223958333345	2.017236820023196
3.2496223958333346	2.1156568200231973
3.3496223958333347	2.2140768200231986
3.4496223958333347	2.3124968200232
3.549622395833335	2.410916820023201
3.649622395833335	2.5093368200232025
3.749622395833335	2.607756820023204
3.849622395833335	2.7061768200232046
3.949622395833335	2.8045968200232068
4.049622395833335	2.9030168200232076
4.149622395833335	3.0014368200232084
4.249622395833335	3.0998568200232093
4.349622395833334	3.19827682002321
4.449622395833334	3.296696820023211
4.5496223958333335	3.3951168200232114
4.649622395833333	3.493536820023213
4.749622395833333	3.591956820023214
4.849622395833332	3.6903768200232157
4.949622395833332	3.7887968200232147
5.049622395833332	3.8872168200232093
5.149622395833331	3.9856368200231898
5.249622395833331	4.084056820023153
5.349622395833331	4.182476820023103
5.44962239583333	4.280896820023031
5.54962239583333	4.379316820022946
5.64962239583333	4.477736820022842
5.749622395833329	4.576156820022723
5.849622395833329	4.674576820022582
5.9496223958333285	4.772996820022428
6.049622395833328	4.871416820022245
6.149622395833328	4.969836820022009
6.2496223958333275	5.068256820021687
6.349622395833327	5.166676820021276
6.449622395833327	5.26509682002077
6.549622395833326	5.363516820020167
6.649622395833326	5.461936820019473
6.749622395833326	5.560356820018762
6.849622395833325	5.658776820018045
6.949622395833325	5.757196820017327
7.049622395833325	5.855616820016603
7.149622395833324	5.954036820015878
7.249622395833324	6.052456820015149
7.3496223958333236	6.1508768200144175
7.449622395833323	6.249296820013677
7.549622395833323	6.347716820012936
7.6496223958333225	6.446136820012189
7.749622395833322	6.544556820011442
7.849622395833322	6.642976820010687
7.949622395833321	6.74139682000993
8.049622395833321	6.839816820009204
8.14962239583332	6.93823682000852
8.24962239583332	7.036656820007877
8.34962239583332	7.135076820007281
8.44962239583332	7.2334968200067316
8.54962239583332	7.331916820006225
8.649622395833319	7.430336820005761
8.749622395833319	7.528756820005343
8.849622395833318	7.627176820004966
8.949622395833318	7.725596820004636
9.049622395833318	7.824016820004351
9.149622395833317	7.922436820004106
9.249622395833317	8.020856820003909
9.349622395833316	8.119276820003758
9.449622395833316	8.217696820003647
9.549622395833316	8.31611682000358
9.649622395833315	8.414536820003562
9.65	8.41490845802441
1000009.65	8.41490845802441
