-100000	0
1.0999999999999996	0
1.103333333333333	0.00328026977324122
1.108333333333333	0.008200784959712404
1.115833333333333	0.015581806424289414
1.127083333333333	0.026653874710669847
1.143958333333333	0.04326224971067
1.169270833333333	0.06817481221067039
1.2072395833333331	0.105543655960671
1.264192708333333	0.1615969215856714
1.349622395833333	0.2456768200231728
1.4496223958333332	0.3440968200231739
1.5496223958333333	0.44251682002317533
1.6496223958333334	0.5409368200231763
1.7496223958333335	0.639356820023178
1.8496223958333335	0.737776820023179
1.9496223958333336	0.8361968200231802
2.0496223958333335	0.9346168200231816
2.1496223958333336	1.0330368200231828
2.2496223958333337	1.131456820023184
2.3496223958333338	1.2298768200231853
2.449622395833334	1.3282968200231866
2.549622395833334	1.4267168200231881
2.649622395833334	1.5251368200231892
2.749622395833334	1.623556820023191
2.849622395833334	1.721976820023192
2.9496223958333343	1.820396820023193
3.0496223958333344	1.9188168200231948
3.1496223958333345	2.0172368200231965
3.2496223958333346	2.1156568200231973
3.3496223958333347	2.2140768200231986
3.4496223958333347	2.3124968200231995
3.549622395833335	2.4109168200232007
3.649622395833335	2.509336820023202
3.749622395833335	2.6077568200232024
3.849622395833335	2.706176820023205
3.949622395833335	2.8045968200232063
4.049622395833335	2.903016820023205
4.149622395833335	3.001436820023196
4.249622395833335	3.099856820023174
4.349622395833334	3.1982768200231395
4.449622395833334	3.296696820023093
4.5496223958333335	3.395116820023033
4.649622395833333	3.49353682002296
4.749622395833333	3.5919568200228738
4.849622395833332	3.690376820022775
4.949622395833332	3.7887968200226627
5.049622395833332	3.8872168200225383
5.149622395833331	3.985636820022399
5.249622395833331	4.084056820022247
5.349622395833331	4.182476820022072
5.44962239583333	4.28089682002186
5.54962239583333	4.379316820021603
5.64962239583333	4.477736820021302
5.749622395833329	4.576156820020955
5.849622395833329	4.674576820020564
5.9496223958333285	4.772996820020126
6.049622395833328	4.871416820019643
6.149622395833328	4.969836820019113
6.2496223958333275	5.06825682001854
6.349622395833327	5.166676820017916
6.449622395833327	5.265096820017244
6.549622395833326	5.3635168200165255
6.649622395833326	5.461936820015766
6.749622395833326	5.560356820015
6.849622395833325	5.658776820014236
6.949622395833325	5.757196820013471
7.049622395833325	5.855616820012707
7.149622395833324	5.954036820011942
7.249622395833324	6.0524568200111775
7.3496223958333236	6.150876820010415
7.449622395833323	6.249296820009654
7.549622395833323	6.347716820008894
7.6496223958333225	6.446136820008134
7.749622395833322	6.544556820007372
7.849622395833322	6.642976820006614
7.949622395833321	6.741396820005856
8.049622395833321	6.839816820005129
8.14962239583332	6.938236820004444
8.24962239583332	7.036656820003802
8.34962239583332	7.135076820003207
8.44962239583332	7.233496820002658
8.54962239583332	7.3319168200021485
8.649622395833319	7.430336820001682
8.749622395833319	7.528756820001267
8.849622395833318	7.627176820000889
8.949622395833318	7.725596820000558
9.049622395833318	7.824016820000279
9.149622395833317	7.922436820000034
9.249622395833317	8.020856819999834
9.349622395833316	8.119276819999682
9.449622395833316	8.217696819999572
9.549622395833316	8.316116819999507
9.649622395833315	8.414536819999483
9.65	8.414908458020333
1000009.65	8.414908458020333
