-100001.1	0
0	0
0.0033333333333334103	0.0032802697732412203
0.008333333333333304	0.008200784959712406
0.015833333333333366	0.015581806424289456
0.027083333333333348	0.02665387471066981
0.04395833333333332	0.04326224971066998
0.06927083333333339	0.06817481221067039
0.1072395833333335	0.10554365596067093
0.16419270833333344	0.16159692158567163
0.24962239583333345	0.24567682002317268
0.34962239583333354	0.3440968200231739
0.44962239583333363	0.44251682002317533
0.5496223958333337	0.5409368200231767
0.6496223958333338	0.6393568200231778
0.7496223958333339	0.7377768200231789
0.849622395833334	0.8361968200231804
0.9496223958333339	0.9346168200231814
1.049622395833334	1.0330368200231828
1.149622395833334	1.131456820023184
1.2496223958333341	1.2298768200231847
1.3496223958333342	1.3282968200231866
1.4496223958333343	1.4267168200231874
1.5496223958333344	1.5251368200231892
1.6496223958333345	1.6235568200231905
1.7496223958333346	1.7219768200231895
1.8496223958333347	1.820396820023184
1.9496223958333347	1.9188168200231688
2.049622395833335	2.0172368200231423
2.149622395833335	2.115656820023107
2.249622395833335	2.2140768200230623
2.349622395833335	2.312496820023007
2.449622395833335	2.4109168200229423
2.5496223958333353	2.5093368200228663
2.6496223958333354	2.607756820022781
2.7496223958333355	2.706176820022686
2.8496223958333355	2.8045968200225815
2.9496223958333356	2.9030168200224664
3.0496223958333353	3.0014368200223407
3.149622395833335	3.099856820022205
3.2496223958333346	3.1982768200220586
3.349622395833334	3.296696820021893
3.449622395833334	3.3951168200216992
3.5496223958333335	3.493536820021478
3.649622395833333	3.5919568200212275
3.749622395833333	3.69037682002095
3.8496223958333324	3.7887968200206443
3.949622395833332	3.8872168200203063
4.049622395833332	3.985636820019941
4.149622395833331	4.084056820019549
4.249622395833331	4.182476820019124
4.349622395833331	4.280896820018671
4.44962239583333	4.379316820018191
4.54962239583333	4.477736820017679
4.64962239583333	4.576156820017138
4.749622395833329	4.674576820016567
4.849622395833329	4.772996820015967
4.9496223958333285	4.871416820015339
5.049622395833328	4.969836820014679
5.149622395833328	5.06825682001399
5.2496223958333275	5.166676820013273
5.349622395833327	5.265096820012522
5.449622395833327	5.363516820011743
5.549622395833326	5.461936820010936
5.649622395833326	5.560356820010131
5.749622395833326	5.6587768200093285
5.849622395833325	5.757196820008531
5.949622395833325	5.855616820007737
6.049622395833325	5.954036820006947
6.149622395833324	6.052456820006158
6.249622395833324	6.150876820005379
6.3496223958333236	6.249296820004599
6.449622395833323	6.347716820003824
6.549622395833323	6.446136820003052
6.6496223958333225	6.544556820002285
6.749622395833322	6.642976820001521
6.849622395833322	6.7413968200007615
6.949622395833321	6.839816820000029
7.049622395833321	6.938236819999351
7.149622395833321	7.036656819998711
7.24962239583332	7.135076819998114
7.34962239583332	7.23349681999756
7.44962239583332	7.331916819997057
7.549622395833319	7.430336819996594
7.649622395833319	7.528756819996177
7.749622395833319	7.627176819995798
7.849622395833318	7.725596819995465
7.949622395833318	7.824016819995183
8.049622395833318	7.922436819994937
8.149622395833317	8.02085681999474
8.249622395833317	8.119276819994587
8.349622395833316	8.217696819994478
8.449622395833316	8.316116819994411
8.549622395833316	8.414536819994387
8.55	8.414908458015239
1000008.55	8.414908458015239
