-100000	0
1.0999999999999996	0
1.103333333333333	0.003280269773241222
1.108333333333333	0.008200784959712406
1.115833333333333	0.015581806424289456
1.127083333333333	0.026653874710669826
1.143958333333333	0.043262249710670025
1.169270833333333	0.06817481221067034
1.2072395833333331	0.10554365596067097
1.264192708333333	0.16159692158567157
1.349622395833333	0.24567682002317257
1.4496223958333332	0.344096820023174
1.5496223958333333	0.4425168200231753
1.6496223958333334	0.5409368200231764
1.7496223958333335	0.6393568200231778
1.8496223958333335	0.7377768200231792
1.9496223958333336	0.8361968200231802
2.0496223958333335	0.9346168200231817
2.1496223958333336	1.0330368200231828
2.2496223958333337	1.1314568200231838
2.3496223958333338	1.2298768200231853
2.449622395833334	1.3282968200231866
2.549622395833334	1.4267168200231877
2.649622395833334	1.5251368200231856
2.749622395833334	1.6235568200231763
2.849622395833334	1.721976820023158
2.9496223958333343	1.8203968200231295
3.0496223958333344	1.9188168200230922
3.1496223958333345	2.0172368200230455
3.2496223958333346	2.1156568200229886
3.3496223958333347	2.214076820022923
3.4496223958333347	2.3124968200228477
3.549622395833335	2.410916820022763
3.649622395833335	2.5093368200226673
3.749622395833335	2.607756820022563
3.849622395833335	2.7061768200224496
3.949622395833335	2.804596820022326
4.049622395833335	2.9030168200221937
4.149622395833335	3.00143682002205
4.249622395833335	3.0998568200218894
4.349622395833334	3.198276820021706
4.449622395833334	3.296696820021494
4.5496223958333335	3.395116820021256
4.649622395833333	3.4935368200209918
4.749622395833333	3.591956820020699
4.849622395833332	3.69037682002038
4.949622395833332	3.7887968200200337
5.049622395833332	3.887216820019661
5.149622395833331	3.9856368200192613
5.249622395833331	4.084056820018834
5.349622395833331	4.18247682001838
5.44962239583333	4.2808968200178965
5.54962239583333	4.379316820017387
5.64962239583333	4.47773682001685
5.749622395833329	4.576156820016284
5.849622395833329	4.674576820015694
5.9496223958333285	4.772996820015072
6.049622395833328	4.871416820014426
6.149622395833328	4.96983682001375
6.2496223958333275	5.068256820013048
6.349622395833327	5.166676820012314
6.449622395833327	5.265096820011557
6.549622395833326	5.363516820010768
6.649622395833326	5.4619368200099565
6.749622395833326	5.560356820009146
6.849622395833325	5.658776820008338
6.949622395833325	5.757196820007534
7.049622395833325	5.855616820006737
7.149622395833324	5.954036820005943
7.249622395833324	6.052456820005153
7.3496223958333236	6.150876820004367
7.449622395833323	6.249296820003585
7.549622395833323	6.347716820002809
7.6496223958333225	6.4461368200020335
7.749622395833322	6.544556820001267
7.849622395833322	6.642976820000504
7.949622395833321	6.741396819999742
8.049622395833321	6.839816819999013
8.14962239583332	6.93823681999833
8.24962239583332	7.036656819997691
8.34962239583332	7.135076819997095
8.44962239583332	7.233496819996542
8.54962239583332	7.331916819996034
8.649622395833319	7.430336819995573
8.749622395833319	7.528756819995157
8.849622395833318	7.627176819994781
8.949622395833318	7.725596819994448
9.049622395833318	7.824016819994165
9.149622395833317	7.92243681999392
9.249622395833317	8.02085681999372
9.349622395833316	8.11927681999357
9.449622395833316	8.217696819993458
9.549622395833316	8.316116819993391
9.649622395833315	8.414536819993375
9.65	8.41490845801422
1000009.65	8.41490845801422
