-100000	0
1.0999999999999996	0
1.103333333333333	0.0032802697732412208
1.108333333333333	0.0082007849597124
1.115833333333333	0.015581806424289456
1.127083333333333	0.0266538747106698
1.143958333333333	0.04326224971067001
1.169270833333333	0.06817481221067037
1.2072395833333331	0.10554365596067093
1.264192708333333	0.16159692158567154
1.349622395833333	0.24567682002317268
1.4496223958333332	0.344096820023174
1.5496223958333333	0.44251682002317516
1.6496223958333334	0.5409368200231764
1.7496223958333335	0.6393568200231781
1.8496223958333335	0.7377768200231795
1.9496223958333336	0.8361968200231805
2.0496223958333335	0.9346168200231817
2.1496223958333336	1.0330368200231828
2.2496223958333337	1.131456820023184
2.3496223958333338	1.2298768200231842
2.449622395833334	1.3282968200231802
2.549622395833334	1.426716820023168
2.649622395833334	1.5251368200231465
2.749622395833334	1.623556820023116
2.849622395833334	1.7219768200230774
2.9496223958333343	1.8203968200230287
3.0496223958333344	1.9188168200229716
3.1496223958333345	2.0172368200229034
3.2496223958333346	2.1156568200228283
3.3496223958333347	2.214076820022743
3.4496223958333347	2.312496820022649
3.549622395833335	2.410916820022546
3.649622395833335	2.5093368200224337
3.749622395833335	2.6077568200223107
3.849622395833335	2.7061768200221805
3.949622395833335	2.8045968200220415
4.049622395833335	2.903016820021886
4.149622395833335	3.0014368200217083
4.249622395833335	3.099856820021505
4.349622395833334	3.1982768200212783
4.449622395833334	3.296696820021026
4.5496223958333335	3.395116820020747
4.649622395833333	3.4935368200204433
4.749622395833333	3.591956820020114
4.849622395833332	3.6903768200197593
4.949622395833332	3.7887968200193805
5.049622395833332	3.887216820018973
5.149622395833331	3.9856368200185424
5.249622395833331	4.084056820018087
5.349622395833331	4.182476820017603
5.44962239583333	4.280896820017095
5.54962239583333	4.379316820016561
5.64962239583333	4.477736820016002
5.749622395833329	4.576156820015416
5.849622395833329	4.674576820014805
5.9496223958333285	4.772996820014165
6.049622395833328	4.871416820013502
6.149622395833328	4.969836820012814
6.2496223958333275	5.068256820012096
6.349622395833327	5.166676820011356
6.449622395833327	5.2650968200105845
6.549622395833326	5.3635168200097905
6.649622395833326	5.4619368200089715
6.749622395833326	5.560356820008157
6.849622395833325	5.658776820007341
6.949622395833325	5.757196820006539
7.049622395833325	5.855616820005735
7.149622395833324	5.954036820004938
7.249622395833324	6.052456820004143
7.3496223958333236	6.150876820003356
7.449622395833323	6.249296820002572
7.549622395833323	6.347716820001792
7.6496223958333225	6.446136820001017
7.749622395833322	6.544556820000251
7.849622395833322	6.642976819999485
7.949622395833321	6.741396819998724
8.049622395833321	6.8398168199979965
8.14962239583332	6.938236819997311
8.24962239583332	7.03665681999667
8.34962239583332	7.135076819996076
8.44962239583332	7.233496819995523
8.54962239583332	7.331916819995014
8.649622395833319	7.430336819994557
8.749622395833319	7.528756819994133
8.849622395833318	7.627176819993759
8.949622395833318	7.725596819993427
9.049622395833318	7.82401681999314
9.149622395833317	7.922436819992902
9.249622395833317	8.020856819992703
9.349622395833316	8.119276819992546
9.449622395833316	8.21769681999244
9.549622395833316	8.316116819992374
9.649622395833315	8.414536819992351
9.65	8.414908458013203
1000009.65	8.414908458013203
