-100000	0
1.0999999999999996	0
1.103333333333333	0.0032802697732412208
1.108333333333333	0.008200784959712406
1.115833333333333	0.015581806424289463
1.127083333333333	0.026653874710669816
1.143958333333333	0.04326224971067
1.169270833333333	0.0681748122106704
1.2072395833333331	0.1055436559606709
1.264192708333333	0.16159692158567154
1.349622395833333	0.24567682002317262
1.4496223958333332	0.34409682002317393
1.5496223958333333	0.44251682002317516
1.6496223958333334	0.5409368200231768
1.7496223958333335	0.6393568200231777
1.8496223958333335	0.737776820023179
1.9496223958333336	0.8361968200231805
2.0496223958333335	0.9346168200231816
2.1496223958333336	1.0330368200231805
2.2496223958333337	1.1314568200231738
2.3496223958333338	1.229876820023159
2.449622395833334	1.328296820023135
2.549622395833334	1.4267168200231022
2.649622395833334	1.5251368200230615
2.749622395833334	1.6235568200230115
2.849622395833334	1.721976820022952
2.9496223958333343	1.820396820022885
3.0496223958333344	1.918816820022809
3.1496223958333345	2.017236820022724
3.2496223958333346	2.1156568200226302
3.3496223958333347	2.2140768200225276
3.4496223958333347	2.312496820022417
3.549622395833335	2.410916820022297
3.649622395833335	2.5093368200221673
3.749622395833335	2.6077568200220296
3.849622395833335	2.7061768200218794
3.949622395833335	2.804596820021709
4.049622395833335	2.903016820021514
4.149622395833335	3.0014368200212953
4.249622395833335	3.0998568200210532
4.349622395833334	3.198276820020787
4.449622395833334	3.2966968200204962
4.5496223958333335	3.395116820020183
4.649622395833333	3.493536820019844
4.749622395833333	3.591956820019483
4.849622395833332	3.690376820019097
4.949622395833332	3.7887968200186872
5.049622395833332	3.887216820018252
5.149622395833331	3.9856368200177936
5.249622395833331	4.0840568200173095
5.349622395833331	4.182476820016804
5.44962239583333	4.28089682001627
5.54962239583333	4.379316820015716
5.64962239583333	4.477736820015136
5.749622395833329	4.57615682001453
5.849622395833329	4.674576820013901
5.9496223958333285	4.772996820013248
6.049622395833328	4.871416820012571
6.149622395833328	4.969836820011869
6.2496223958333275	5.0682568200111415
6.349622395833327	5.1666768200103865
6.449622395833327	5.26509682000961
6.549622395833326	5.363516820008812
6.649622395833326	5.461936820007985
6.749622395833326	5.560356820007166
6.849622395833325	5.658776820006348
6.949622395833325	5.757196820005539
7.049622395833325	5.855616820004732
7.149622395833324	5.954036820003931
7.249622395833324	6.052456820003134
7.3496223958333236	6.150876820002344
7.449622395833323	6.249296820001559
7.549622395833323	6.347716820000773
7.6496223958333225	6.446136820000003
7.749622395833322	6.5445568199992294
7.849622395833322	6.642976819998466
7.949622395833321	6.741396819997705
8.049622395833321	6.839816819996978
8.14962239583332	6.938236819996295
8.24962239583332	7.036656819995653
8.34962239583332	7.135076819995056
8.44962239583332	7.233496819994507
8.54962239583332	7.3319168199939995
8.649622395833319	7.430336819993537
8.749622395833319	7.528756819993115
8.849622395833318	7.627176819992742
8.949622395833318	7.725596819992412
9.049622395833318	7.824016819992124
9.149622395833317	7.922436819991882
9.249622395833317	8.020856819991684
9.349622395833316	8.119276819991526
9.449622395833316	8.21769681999142
9.549622395833316	8.316116819991354
9.649622395833315	8.41453681999133
9.65	8.414908458012185
1000009.65	8.414908458012185
