-100000	0
1.0999999999999996	0
1.103333333333333	0.003280269773241223
1.108333333333333	0.008200784959712402
1.115833333333333	0.015581806424289421
1.127083333333333	0.026653874710669857
1.143958333333333	0.04326224971066999
1.169270833333333	0.06817481221067037
1.2072395833333331	0.1055436559606711
1.264192708333333	0.1615969215856718
1.349622395833333	0.24567682002317268
1.4496223958333332	0.3440968200231712
1.5496223958333333	0.4425168200231643
1.6496223958333334	0.5409368200231495
1.7496223958333335	0.639356820023127
1.8496223958333335	0.7377768200230969
1.9496223958333336	0.8361968200230587
2.0496223958333335	0.9346168200230128
2.1496223958333336	1.0330368200229592
2.2496223958333337	1.1314568200228978
2.3496223958333338	1.2298768200228287
2.449622395833334	1.3282968200227516
2.549622395833334	1.4267168200226665
2.649622395833334	1.5251368200225741
2.749622395833334	1.623556820022474
2.849622395833334	1.7219768200223655
2.9496223958333343	1.8203968200222487
3.0496223958333344	1.9188168200221256
3.1496223958333345	2.017236820021994
3.2496223958333346	2.115656820021853
3.3496223958333347	2.2140768200216967
3.4496223958333347	2.3124968200215217
3.549622395833335	2.4109168200213253
3.649622395833335	2.5093368200211095
3.749622395833335	2.6077568200208736
3.849622395833335	2.7061768200206164
3.949622395833335	2.804596820020339
4.049622395833335	2.9030168200200404
4.149622395833335	3.001436820019722
4.249622395833335	3.099856820019382
4.349622395833334	3.1982768200190224
4.449622395833334	3.2966968200186417
4.5496223958333335	3.39511682001824
4.649622395833333	3.4935368200178187
4.749622395833333	3.591956820017375
4.849622395833332	3.690376820016913
4.949622395833332	3.7887968200164286
5.049622395833332	3.887216820015926
5.149622395833331	3.9856368200153978
5.249622395833331	4.084056820014852
5.349622395833331	4.182476820014286
5.44962239583333	4.280896820013699
5.54962239583333	4.3793168200130905
5.64962239583333	4.47773682001246
5.749622395833329	4.57615682001181
5.849622395833329	4.674576820011139
5.9496223958333285	4.7729968200104445
6.049622395833328	4.871416820009734
6.149622395833328	4.969836820008998
6.2496223958333275	5.0682568200082425
6.349622395833327	5.166676820007464
6.449622395833327	5.2650968200066695
6.549622395833326	5.3635168200058505
6.649622395833326	5.461936820005014
6.749622395833326	5.56035682000418
6.849622395833325	5.658776820003351
6.949622395833325	5.757196820002529
7.049622395833325	5.855616820001717
7.149622395833324	5.9540368200009075
7.249622395833324	6.052456820000102
7.3496223958333236	6.150876819999303
7.449622395833323	6.249296819998513
7.549622395833323	6.347716819997726
7.6496223958333225	6.446136819996949
7.749622395833322	6.544556819996174
7.849622395833322	6.642976819995412
7.949622395833321	6.741396819994652
8.049622395833321	6.83981681999392
8.14962239583332	6.938236819993235
8.24962239583332	7.036656819992594
8.34962239583332	7.135076819991999
8.44962239583332	7.2334968199914496
8.54962239583332	7.331916819990943
8.649622395833319	7.4303368199904805
8.749622395833319	7.528756819990061
8.849622395833318	7.627176819989683
8.949622395833318	7.725596819989356
9.049622395833318	7.824016819989068
9.149622395833317	7.922436819988827
9.249622395833317	8.020856819988628
9.349622395833316	8.119276819988475
9.449622395833316	8.217696819988362
9.549622395833316	8.316116819988299
9.649622395833315	8.414536819988276
9.65	8.414908458009128
1000009.65	8.414908458009128
