-100000	0
1.0999999999999996	0
1.103333333333333	0.003234997959919009
1.108333333333333	0.008087914799435115
1.115833333333333	0.015368443327374661
1.127083333333333	0.026292727544116306
1.143958333333333	0.04271567652730361
1.169270833333333	0.06744020164577169
1.2072395833333331	0.10465587661502879
1.264192708333333	0.1605863650469311
1.349622395833333	0.2445150830389343
1.4496223958333332	0.34276666160629365
1.5496223958333333	0.44102865981138856
1.6496223958333334	0.5392979185675633
1.7496223958333335	0.6375759394310386
1.8496223958333335	0.7358613003823898
1.9496223958333336	0.8341524073936626
2.0496223958333335	0.9324519509654643
2.1496223958333336	1.0307586164990123
2.2496223958333337	1.1290724493917825
2.3496223958333338	1.2273935053715144
2.449622395833334	1.325720433903455
2.549622395833334	1.4240532865369067
2.649622395833334	1.5223919002659025
2.749622395833334	1.6207360671062967
2.849622395833334	1.7190844172914246
2.9496223958333343	1.8174369706091367
3.0496223958333344	1.915794263423926
3.1496223958333345	2.014155373398145
3.2496223958333346	2.112519739332188
3.3496223958333347	2.2108858570058705
3.4496223958333347	2.3092555126094125
3.549622395833335	2.407627920134083
3.649622395833335	2.5060025110426167
3.749622395833335	2.604379000683328
3.849622395833335	2.7027573157380043
3.949622395833335	2.80113693380025
4.049622395833335	2.8995173741219835
4.149622395833335	2.9978983350332675
4.249622395833335	3.096279392781575
4.349622395833334	3.19466045052987
4.449622395833334	3.2930415082781526
4.5496223958333335	3.391422566026418
4.649622395833333	3.4898036237746766
4.749622395833333	3.588184681522917
4.849622395833332	3.686565739271141
4.949622395833332	3.784946797019352
5.049622395833332	3.8833278547675487
5.149622395833331	3.981708912515732
5.249622395833331	4.080089970263901
5.349622395833331	4.178471028012053
5.44962239583333	4.276852085760197
5.54962239583333	4.3752331435083205
5.64962239583333	4.473614201827793
5.749622395833329	4.571995273930819
5.849622395833329	4.670376385398314
5.9496223958333285	4.768757562328163
6.049622395833328	4.8671388308182415
6.149622395833328	4.965520216966429
6.2496223958333275	5.06390174687061
6.349622395833327	5.16228344662866
6.449622395833327	5.260665342338458
6.549622395833326	5.359047460097888
6.649622395833326	5.457429826004873
6.749622395833326	5.555812466157226
6.849622395833325	5.65419540665288
6.949622395833325	5.7525786735897055
7.049622395833325	5.850962293065584
7.149622395833324	5.9493462911784
7.249622395833324	6.04773069402603
7.3496223958333236	6.146115527706354
7.449622395833323	6.24450081831725
7.549622395833323	6.342886591956595
7.6496223958333225	6.441272874722277
7.749622395833322	6.539659692712169
7.849622395833322	6.638047072024149
7.949622395833321	6.736435038756094
8.049622395833321	6.834823619005916
8.14962239583332	6.933212838871491
8.24962239583332	7.031602724450714
8.34962239583332	7.129993301841479
8.44962239583332	7.2283845971416785
8.54962239583332	7.326776636449204
8.649622395833319	7.425169445861955
8.749622395833319	7.523563051477812
8.849622395833318	7.621957479394678
8.949622395833318	7.720352755710441
9.049622395833318	7.818748906523004
9.149622395833317	7.9171459579302415
9.249622395833317	8.015543966269647
9.349622395833316	8.113943347176098
9.449622395833316	8.212344751877971
9.549622395833316	8.310749577853462
9.649622395833315	8.409162391954347
9.65	8.409534029838692
1000009.65	8.409534029838692
