-100000	0
1.0999999999999996	0
1.103333333333333	0.0029282466581840197
1.108333333333333	0.007321305488550247
1.115833333333333	0.01391252141510758
1.127083333333333	0.023805884039649082
1.143958333333333	0.038774944082698826
1.169270833333333	0.06156327781587437
1.2072395833333331	0.0962980554518774
1.264192708333333	0.1488829786500098
1.349622395833333	0.2280276284556615
1.4496223958333332	0.3209507654148428
1.5496223958333333	0.4141801479217527
1.6496223958333334	0.5076893018741687
1.7496223958333335	0.6014589796642626
1.8496223958333335	0.6954802814437202
1.9496223958333336	0.7897153456599705
2.0496223958333335	0.8841980999628432
2.1496223958333336	0.9788931526579248
2.2496223958333337	1.0737986193206515
2.3496223958333338	1.168896501196215
2.449622395833334	1.2641554149305922
2.549622395833334	1.3595895714188344
2.649622395833334	1.455194642436856
2.749622395833334	1.5509600380029054
2.849622395833334	1.6468702129481652
2.9496223958333343	1.742893855395734
3.0496223958333344	1.8390465970694965
3.1496223958333345	1.935312849415438
3.2496223958333346	2.031702580516833
3.3496223958333347	2.1281981571185145
3.4496223958333347	2.22480697767906
3.549622395833335	2.321510471519199
3.649622395833335	2.418307228305936
3.749622395833335	2.5151880430779725
3.849622395833335	2.612114034523661
3.949622395833335	2.709103322114263
4.049622395833335	2.8061926181042236
4.149622395833335	2.903348636191714
4.249622395833335	3.0005383925052427
4.349622395833334	3.09779379563913
4.449622395833334	3.195115909475908
4.5496223958333335	3.292476197792525
4.649622395833333	3.389886391946752
4.749622395833333	3.487355366276831
4.849622395833332	3.584872348316362
4.949622395833332	3.682429129225495
5.049622395833332	3.780025127324781
5.149622395833331	3.8776589394997143
5.249622395833331	3.975325949226887
5.349622395833331	4.073025652685317
5.44962239583333	4.170760177560749
5.54962239583333	4.268526782796245
5.64962239583333	4.366320546337293
5.749622395833329	4.4641398289897225
5.849622395833329	4.561982863015342
5.9496223958333285	4.659847830311637
6.049622395833328	4.757736179293403
6.149622395833328	4.855649174733784
6.2496223958333275	4.953584102981863
6.349622395833327	5.051537477292244
6.449622395833327	5.149506043144286
6.549622395833326	5.2474944303859505
6.649622395833326	5.345507838120459
6.749622395833326	5.443542396563763
6.849622395833325	5.541594926157011
6.949622395833325	5.6396648880240425
7.049622395833325	5.737752065813046
7.149622395833324	5.835855360028284
7.249622395833324	5.9339744918000275
7.3496223958333236	6.0321091859231055
7.449622395833323	6.130260676180411
7.549622395833323	6.228434536267689
7.6496223958333225	6.326628100830982
7.749622395833322	6.424834982947052
7.849622395833322	6.523054374232351
7.949622395833321	6.6212858753154
8.049622395833321	6.719532743770195
8.14962239583332	6.81779922277889
8.24962239583332	6.916081364798768
8.34962239583332	7.014372318253154
8.44962239583332	7.11266763288625
8.54962239583332	7.210966939567976
8.649622395833319	7.30927023829834
8.749622395833319	7.40757752907735
8.849622395833318	7.505888815758528
8.949622395833318	7.604205165264332
9.049622395833318	7.702530148831214
9.149622395833317	7.800866747829119
9.249622395833317	7.8992153874539515
9.349622395833316	7.997576067705703
9.449622395833316	8.095949530020324
9.549622395833316	8.194340757218166
9.649622395833315	8.292751118117673
9.65	8.293122756002111
1000009.65	8.293122756002111
