-100000	0
1.0999999999999996	0
1.103333333333333	0.0024729424729184137
1.108333333333333	0.0061838522069768784
1.115833333333333	0.01175419115667325
1.127083333333333	0.020122761724497687
1.143958333333333	0.03279347592334503
1.169270833333333	0.05209556761178606
1.2072395833333331	0.0815591015165978
1.264192708333333	0.12636833325878005
1.349622395833333	0.19428855415090135
1.4496223958333332	0.27472424977931115
1.5496223958333333	0.3561142902696391
1.6496223958333334	0.438421879977196
1.7496223958333335	0.5216045563882252
1.8496223958333335	0.6055940968882709
1.9496223958333336	0.6903128663040031
2.0496223958333335	0.7758057720448791
2.1496223958333336	0.86199379529265
2.2496223958333337	0.9488477885549379
2.3496223958333338	1.0363194445904946
2.449622395833334	1.1243492514886388
2.549622395833334	1.2129456510686987
2.649622395833334	1.3020660712322596
2.749622395833334	1.3916796969663954
2.849622395833334	1.4817573549537448
2.9496223958333343	1.572265450177447
3.0496223958333344	1.6631692400813474
3.1496223958333345	1.7544538761631747
3.2496223958333346	1.8461072271402528
3.3496223958333347	1.9381116217631693
3.4496223958333347	2.030441616199951
3.549622395833335	2.1230686239177703
3.649622395833335	2.2159906366775974
3.749622395833335	2.3091774064543396
3.849622395833335	2.4025704972149846
3.949622395833335	2.4962025409432433
4.049622395833335	2.590103480141334
4.149622395833335	2.6842362744258383
4.249622395833335	2.7785603058267556
4.349622395833334	2.8730692855493194
4.449622395833334	2.967742788357621
4.5496223958333335	3.062555592537454
4.649622395833333	3.157533947366617
4.749622395833333	3.2526887603769428
4.849622395833332	3.3479955143331734
4.949622395833332	3.4434441084156493
5.049622395833332	3.539022565427587
5.149622395833331	3.6347186977135144
5.249622395833331	3.730530847057242
5.349622395833331	3.826449989736037
5.44962239583333	3.922467039284747
5.54962239583333	4.01858223711518
5.64962239583333	4.114793921020965
5.749622395833329	4.211096435808315
5.849622395833329	4.3074836019110005
5.9496223958333285	4.403949424577344
6.049622395833328	4.5004999701391295
6.149622395833328	4.59713548020571
6.2496223958333275	4.693845356414924
6.349622395833327	4.790619375704881
6.449622395833327	4.8874533168464245
6.549622395833326	4.9843644223077765
6.649622395833326	5.081358900792189
6.749622395833326	5.1784269426502645
6.849622395833325	5.275558632163082
6.949622395833325	5.372747778564062
7.049622395833325	5.469992808628299
7.149622395833324	5.5672923552305775
7.249622395833324	5.664648914103044
7.3496223958333236	5.762065493356837
7.449622395833323	5.859547879013218
7.549622395833323	5.957101770826372
7.6496223958333225	6.054718078295703
7.749622395833322	6.152391228601409
7.849622395833322	6.250121206789212
7.949622395833321	6.347908002243242
8.049622395833321	6.445753076086025
8.14962239583332	6.543657847649635
8.24962239583332	6.6416222075604585
8.34962239583332	6.739645467739885
8.44962239583332	6.837722322298164
8.54962239583332	6.935840191993409
8.649622395833319	7.033988725577022
8.749622395833319	7.132176371047365
8.849622395833318	7.230408959833368
8.949622395833318	7.328684396682216
9.049622395833318	7.426990167052929
9.149622395833317	7.52531207031563
9.249622395833317	7.623646989403144
9.349622395833316	7.721999949197637
9.449622395833316	7.820372042693809
9.549622395833316	7.918763269891643
9.649622395833315	8.017173630791158
9.65	8.017545268675597
1000009.65	8.017545268675597
