-100001.1	0
0	0
0.0033333333333334103	0.0014872245872964154
0.008333333333333304	0.0037232878615707492
0.015833333333333366	0.007088854153510716
0.027083333333333348	0.012162583534713858
0.04395833333333332	0.019870172187819685
0.06927083333333339	0.03168973214929706
0.1072395833333335	0.049938476179005306
0.16419270833333344	0.0783250332809545
0.24962239583333345	0.12280100112258514
0.34962239583333354	0.17735814457248308
0.44962239583333363	0.23455985195175588
0.5496223958333337	0.2942500685100982
0.6496223958333338	0.3563059717098324
0.7496223958333339	0.42059822606440694
0.849622395833334	0.48677089764506637
0.9496223958333339	0.5552023608377605
1.049622395833334	0.6251549022394199
1.149622395833334	0.6971883365569577
1.2496223958333341	0.7708746117981253
1.3496223958333342	0.8458731446718618
1.4496223958333343	0.922681672276477
1.5496223958333344	1.001262919477993
1.6496223958333345	1.0805892004967608
1.7496223958333346	1.1611234349562967
1.8496223958333347	1.2432420472409549
1.9496223958333347	1.326937598487843
2.049622395833335	1.410870674943289
2.149622395833335	1.4968120222542542
2.249622395833335	1.5828414063016265
2.349622395833335	1.6707267654319085
2.449622395833335	1.7590274233955805
2.5496223958333353	1.8481750563342134
2.6496223958333354	1.9391609475245477
2.7496223958333355	2.029780395754136
2.8496223958333355	2.121046401914887
2.9496223958333356	2.212831938530989
3.0496223958333353	2.3035419867179785
3.149622395833335	2.3933019748538196
3.2496223958333346	2.4836074466729334
3.349622395833334	2.5737777569730036
3.449622395833334	2.6646665812707155
3.5496223958333335	2.7567159360830016
3.649622395833333	2.8487666835945924
3.749622395833333	2.9429439785215576
3.8496223958333324	3.034217200359419
3.949622395833332	3.1257218131433246
4.049622395833332	3.214925699164012
4.149622395833331	3.3050892741232785
4.249622395833331	3.3936328484230986
4.349622395833331	3.48123521031132
4.44962239583333	3.566990466058339
4.54962239583333	3.651271969101812
4.64962239583333	3.737966886081275
4.749622395833329	3.8251488921865042
4.849622395833329	3.9143692382021613
4.9496223958333285	4.003003270620177
5.049622395833328	4.09516280334317
5.149622395833328	4.188090809230126
5.2496223958333275	4.2824820550779386
5.349622395833327	4.378833820704747
5.449622395833327	4.476035916477879
5.549622395833326	4.573043597924236
5.649622395833326	4.670745857125496
5.749622395833326	4.76761038368155
5.849622395833325	4.8636993643815964
5.949622395833325	4.9587720851662205
6.049622395833325	5.052918742894967
6.149622395833324	5.146152299788808
6.249622395833324	5.23768890325655
6.3496223958333236	5.33160335348989
6.449622395833323	5.42629595624959
6.549622395833323	5.520526410594147
6.6496223958333225	5.6180109349140475
6.749622395833322	5.717706080745596
6.849622395833322	5.820740739951432
6.949622395833321	5.924595689071072
7.049622395833321	6.027459229774305
7.149622395833321	6.129927573651049
7.24962239583332	6.233810171509167
7.34962239583332	6.335294092011168
7.44962239583332	6.436481523765599
7.549622395833319	6.5410072300724815
7.649622395833319	6.643783656665951
7.749622395833319	6.744722298843463
7.849622395833318	6.845365732351008
7.949622395833318	6.9457086072493315
8.049622395833318	7.04574557359914
8.149622395833317	7.147658073771357
8.249622395833317	7.247765961028948
8.349622395833316	7.347539565727922
8.449622395833316	7.447367875781361
8.549622395833316	7.545057079890962
8.55	7.54560783330686
1000008.55	7.54560783330686
