-100000	0
-0.014948852539061974	0
-0.01161551920572864	0.03306151586107605
-0.00661551920572864	0.08327810358609751
0.0008844807942713596	0.159420577638035
0.01213448079427136	0.2749268329878926
0.02900948079427136	0.4503324297164039
0.05432198079427136	0.7170709917911391
0.09229073079427136	1.1233344533460916
0.14924385579427135	1.743072605963104
0.23467354329427137	2.689684973519629
0.33467354329427135	3.8164905461249568
0.4346735432942713	4.957986825262922
0.5346735432942713	6.110332935615352
0.6346735432942713	7.270760418442697
0.7346735432942713	8.437139554005013
0.8346735432942712	9.607758353515127
0.9346735432942712	10.781194610682935
1.0346735432942713	11.956241454279702
1.1346735432942714	13.131864474560398
1.2346735432942715	14.307526445324585
1.3346735432942716	15.48319525199001
1.4346735432942717	16.658871781402137
1.5346735432942717	17.834554789424654
1.6346735432942718	19.010244451094966
1.734673543294272	20.185942442862597
1.834673543294272	21.3616459802233
1.934673543294272	22.537356319749062
2.034673543294272	23.713067181038294
2.134673543294272	24.88879034243773
2.234673543294272	26.0645279389647
2.3346735432942722	27.24026551357688
2.4346735432942723	28.41600888657418
2.5346735432942724	29.59175885843647
2.6346735432942725	30.767514930259487
2.7346735432942726	31.943277101983742
2.8346735432942727	33.119045373548516
2.9346735432942728	34.294819744894056
3.034673543294273	35.47060021596055
3.134673543294273	36.64638678668774
3.234673543294273	37.82216353821876
3.334673543294273	38.99796138572365
3.434673543294273	40.17378374525737
3.5346735432942733	41.349594750699524
3.6346735432942734	42.52540748438823
3.7346735432942735	43.701246594420454
3.8346735432942736	44.87705825328369
3.9346735432942737	46.052891265462804
4.034673543294273	47.2287298542087
4.134673543294273	48.40457401968496
4.234673543294273	49.58042376205476
4.334673543294272	50.75627908148182
4.434673543294272	51.93213997812978
4.5346735432942715	53.10800645216204
4.634673543294271	54.283878503741974
4.734673543294271	55.45975613303276
4.8346735432942705	56.63563934019896
4.93467354329427	57.811535274243724
5.03467354329427	58.98742963967847
5.134673543294269	60.16332920030364
5.234673543294269	61.33923395562867
5.334673543294269	62.51514390516347
5.434673543294268	63.691030574179216
5.534673543294268	64.86698125936188
5.634673543294268	66.04290483649962
5.734673543294267	67.21883249253571
5.834673543294267	68.39476422724012
5.9346735432942666	69.57070004038368
6.034673543294266	70.74663993173722
6.134673543294266	71.92258600641884
6.2346735432942655	73.09853304676672
6.334673543294265	74.27448227885502
6.434673543294265	75.45043370244402
6.534673543294264	76.62638731729524
6.634673543294264	77.802343123169
6.734673543294264	78.97830167593449
6.834673543294263	80.15426136418732
6.934673543294263	81.33022284912244
7.034673543294263	82.50618613062836
7.134673543294262	83.68215120859475
7.234673543294262	84.8581180829101
7.334673543294262	86.03408675346411
7.434673543294261	87.21005882721016
7.534673543294261	88.38603062048412
7.6346735432942605	89.56200363024729
7.73467354329426	90.73797785629961
7.83467354329426	91.91395329843746
7.9346735432942594	93.08992101428585
8.034673543294259	94.26590587764127
8.134673543294259	95.44188399603021
8.234673543294258	96.61786277639855
8.334673543294258	97.79384221873232
8.434673543294258	98.9698223230181
8.534673543294257	100.14580308924135
8.634673543294257	101.32178451738876
8.734673543294257	102.49776585553585
8.834673543294256	103.67374813170022
8.934673543294256	104.84973106907347
9.034673543294256	106.0257146676678
9.134673543294255	107.2016989274988
9.234673543294255	108.3776838485801
9.334673543294254	109.55366802341428
9.434673543294254	110.72965702633333
9.534673543294254	111.90564386249756
9.634673543294253	113.08163135985575
9.734673543294253	114.25761951842503
9.834673543294253	115.43360833822419
9.934673543294252	116.60959711850427
10.034673543294252	117.78558697176737
10.134673543294252	118.96157696244653
10.234673543294251	120.13756709043196
10.334673543294251	121.31355735561502
10.43467354329425	122.4895477578854
10.53467354329425	123.66553829713423
10.63467354329425	124.8415289732528
10.73467354329425	126.0175197861316
10.83467354329425	127.19351073566044
10.934673543294249	128.36950182173135
11.034673543294248	129.54549304423477
11.134673543294248	130.7214837779873
11.234673543294248	131.75336785130347
11.334673543294247	132.7307747809615
11.434673543294247	133.70818330585678
11.534673543294247	134.6855909304584
11.634673543294246	135.66300253418376
11.734673543294246	136.64041135851878
11.834673543294246	137.61782064193648
11.934673543294245	138.59523272834855
12.034673543294245	139.59718371242968
12.134673543294245	140.60358125834014
12.234673543294244	141.60997824527243
12.334673543294244	142.61637589365876
12.434673543294243	143.6227742035204
12.534673543294243	144.62917317487586
12.56	144.88407659172705
1000012.56	144.88407659172705
