-100000	0
0.3159409416418075	0
0.3192742749751409	0.0000005601468786625732
0.3242742749751409	0.000008076057604031656
0.3317742749751409	0.000049258325039026336
0.3430242749751409	0.00021632991233507865
0.35989927497514085	0.0007989523895011394
0.38521177497514086	0.0026531081352498325
0.42318052497514086	0.008192856612695063
0.48013364997514085	0.02394417293502827
0.5655633374751409	0.06673587866534214
0.6655633374751408	0.14485801463766612
0.7655633374751408	0.2426301251841277
0.8655633374751408	0.35353163961795225
0.9655633374751408	0.47374364328540636
1.0655633374751408	0.6005832773721267
1.1655633374751408	0.7320021484745963
1.265563337475141	0.8663512116793696
1.365563337475141	1.0022660509903243
1.4655633374751411	1.1385840856442848
1.5655633374751412	1.2743037940396282
1.6655633374751413	1.408552504186911
1.7655633374751414	1.540566446538966
1.8655633374751415	1.6696775007382276
1.9655633374751416	1.7953015152020722
2.0655633374751416	1.9169339948775397
2.1655633374751417	2.034143653106298
2.265563337475142	2.1465723901889278
2.365563337475142	2.2539317638116234
2.465563337475142	2.356001272931669
2.565563337475142	2.4526314141291596
2.665563337475142	2.5439138829862156
2.7655633374751423	2.630007251313898
2.8655633374751424	2.7109298297374194
2.9655633374751424	2.7868048703597497
3.0655633374751425	2.8578642109369685
3.1655633374751426	2.9244372404749583
3.2655633374751427	2.9869505330794657
3.365563337475143	3.0459160969607986
3.465563337475143	3.101928673643807
3.565563337475143	3.155654077939754
3.665563337475143	3.207829292014481
3.765563337475143	3.259250090384641
3.8655633374751432	3.310771485562618
3.9655633374751433	3.363306345192891
4.065563337475143	3.41783254056914
4.165563337475143	3.475400655310539
4.265563337475142	3.537155232374141
4.365563337475142	3.6043508167817695
4.465563337475142	3.678390579637958
4.565563337475141	3.7608473930934387
4.665563337475141	3.8535150141467005
4.7655633374751405	3.9584502298248707
4.86556333747514	4.07800892403403
4.96556333747514	4.214951316967984
5.065563337475139	4.372500519372955
5.165563337475139	4.554427252011182
5.265563337475139	4.765596473372826
5.365563337475138	5.011982463349678
5.465563337475138	5.300917366732776
5.565563337475138	5.633912449211412
5.665563337475137	6.0093733518806225
5.765563337475137	6.425175257451579
5.865563337475137	6.878973784765865
5.965563337475136	7.368488480754336
6.065563337475136	7.891612044689196
6.1655633374751355	8.446401302435913
6.265563337475135	9.031127794362824
6.365563337475135	9.644186811939711
6.4655633374751345	10.284118037473856
6.565563337475134	10.949577513208279
6.665563337475134	11.639324842236398
6.765563337475133	12.352204538124852
6.865563337475133	13.087134329984753
6.965563337475133	13.843098771533304
7.065563337475132	14.619148070118307
7.165563337475132	15.414378910041995
7.265563337475132	16.227932361297945
7.365563337475131	17.058997745812373
7.465563337475131	17.906799268531923
7.5655633374751305	18.770595286017514
7.66556333747513	19.649679550094064
7.76556333747513	20.543372242134975
7.8655633374751295	21.451024826160857
7.965563337475129	22.37201510020376
8.06556333747513	23.305745616618186
8.16556333747513	24.251645175928246
8.265563337475129	25.20916406028545
8.365563337475129	26.177771356111634
8.465563337475128	27.156979957605294
8.565563337475128	28.14628955581136
8.665563337475128	29.145247286194333
8.765563337475127	30.15341255441565
8.865563337475127	31.170363370389158
8.965563337475126	32.195704041782626
9.065563337475126	33.229053871833344
9.165563337475126	34.270052244826786
9.265563337475125	35.31836137838407
9.365563337475125	36.37366015593913
9.465563337475125	37.43564524651063
9.565563337475124	38.50403526514633
9.665563337475124	39.57856654669093
9.765563337475124	40.65789671921146
9.865563337475123	41.74131792994691
9.965563337475123	42.82873429441155
10.065563337475123	43.92004462541689
10.165563337475122	45.015153395977386
10.265563337475122	46.11395954685567
10.365563337475121	47.21636528381252
10.465563337475121	48.32227095729665
10.56556333747512	49.43157573346713
10.66556333747512	50.54417811654096
10.76556333747512	51.65997632956244
10.86556333747512	52.778865877158466
10.96556333747512	53.900740739492555
11.065563337475119	55.0254935666078
11.165563337475119	56.1530123792168
11.265563337475118	57.283185112089186
11.365563337475118	58.4158937204555
11.465563337475118	59.551018648479065
11.565563337475117	60.68843395397929
11.665563337475117	61.828009352075576
11.765563337475117	62.96960851474398
11.865563337475116	64.11308907312988
11.965563337475116	65.2583004956454
12.065563337475115	66.40508392108339
12.165563337475115	67.55327451463407
12.265563337475115	68.70268756957323
12.365563337475114	69.85313111164753
12.465563337475114	71.00426361525386
12.565563337475114	72.15567250787706
12.665563337475113	73.30734125481172
12.678839937650096	73.39967002256404
1000012.6788399377	73.39967002256404
