-100000	0
0.9681123306575543	0
0.9714456639908876	0.00000007964890275876212
0.9764456639908876	0.0000012175811266386204
0.9839456639908876	0.000008095265214519055
0.9951956639908875	0.00003877247750119473
1.0120706639908876	0.00015562318322553647
1.0373831639908877	0.0005596254041380282
1.0753519139908878	0.0018601596743962024
1.1323050389908877	0.005800516013416877
1.2177347264908878	0.01705477210801794
1.3177347264908879	0.039159385438695966
1.417734726490888	0.07091300875448951
1.517734726490888	0.11038881407309172
1.6177347264908881	0.15425291640976505
1.7177347264908882	0.20028094072164693
1.8177347264908883	0.24689601917733825
1.9177347264908884	0.29289521308623623
2.0177347264908883	0.3373312612499772
2.1177347264908883	0.37945709496594937
2.2177347264908884	0.41868994927213826
2.3177347264908885	0.4546034445364658
2.4177347264908886	0.4869203661277179
2.5177347264908887	0.516118044123265
2.617734726490889	0.5429280166668721
2.717734726490889	0.5667405157506856
2.817734726490889	0.5870936618164814
2.917734726490889	0.6037227713589918
3.017734726490889	0.6165200639385598
3.1177347264908892	0.6256217297185727
3.2177347264908893	0.6317322920030659
3.3177347264908894	0.6355933252051452
3.4177347264908895	0.637829006621183
3.5177347264908896	0.6389542782088233
3.6177347264908897	0.6393902821634461
3.7177347264908898	0.63947882761444
3.81773472649089	0.6394799454608678
3.91773472649089	0.6394799454608678
4.01773472649089	0.6394799454608678
4.117734726490889	0.6394799454608678
4.217734726490889	0.6394799454608678
4.3177347264908885	0.6394799454608678
4.417734726490888	0.6394799454608678
4.517734726490888	0.6394799454608678
4.6177347264908875	0.6394799454608678
4.717734726490887	0.6394799454608678
4.817734726490887	0.6394814823364585
4.917734726490886	0.6397907539911846
5.017734726490886	0.6419023199457079
5.117734726490886	0.6491675591875408
5.217734726490885	0.6683988375872748
5.317734726490885	0.7115410378366218
5.417734726490885	0.7887250539508028
5.517734726490884	0.907717481894836
5.617734726490884	1.0709214519390837
5.7177347264908835	1.2755409306593481
5.817734726490883	1.5185272579048632
5.917734726490883	1.7969868652329821
6.0177347264908825	2.108334044565365
6.117734726490882	2.4502923813760225
6.217734726490882	2.8208561480105527
6.317734726490881	3.2182443933523395
6.417734726490881	3.6408657152689856
6.517734726490881	4.087286273810399
6.61773472649088	4.556205930724617
6.71773472649088	5.046435919640248
6.81773472649088	5.55688462850798
6.917734726490879	6.086543484311447
7.017734726490879	6.634476371880577
7.117734726490879	7.199809282478347
7.217734726490878	7.781718469384749
7.317734726490878	8.37944883075067
7.4177347264908775	8.99227944589588
7.517734726490877	9.619532062351364
7.617734726490877	10.260563920380669
7.717734726490876	10.914768473019727
7.817734726490876	11.581568416175571
7.917734726490876	12.260416374504091
8.017734726490875	12.950792366034591
8.117734726490875	13.65219741815938
8.217734726490875	14.364170194756273
8.317734726490874	15.08625008430136
8.417734726490874	15.818011562366122
8.517734726490874	16.55904554090006
8.617734726490873	17.30896154155402
8.717734726490873	18.067386838949492
8.817734726490873	18.833965709096255
8.917734726490872	19.608359031486327
9.017734726490872	20.390243317028563
9.117734726490871	21.179310126701907
9.217734726490871	21.975265432580567
9.31773472649087	22.777829318103734
9.41773472649087	23.586735252317354
9.51773472649087	24.40173065498887
9.61773472649087	25.22257588182972
9.71773472649087	26.048758685414086
9.817734726490869	26.879322029995503
9.917734726490869	27.714116506437517
10.017734726490868	28.553041682106617
10.117734726490868	29.39599515687836
10.217734726490868	30.24287755690167
10.317734726490867	31.093587124256175
10.417734726490867	31.94802471276749
10.517734726490866	32.80608841643509
10.617734726490866	33.667678315088864
10.717734726490866	34.53269201794232
10.817734726490865	35.40102728678009
10.917734726490865	36.27258092669473
11.017734726490865	37.14724663562381
11.117734726490864	38.024918083731784
11.217734726490864	38.90548636559886
11.317734726490864	39.788838422029755
11.417734726490863	40.6748596385714
11.517734726490863	41.56343163885847
11.617734726490863	42.45443087874815
11.717734726490862	43.34772908033589
11.817734726490862	44.243192614308384
11.917734726490862	45.14068116098566
12.017734726490861	46.04004651194645
12.11773472649086	46.941131219181244
12.21773472649086	47.84376811041108
12.31773472649086	48.747777658344695
12.41773472649086	49.65296377568837
12.51773472649086	50.558713118328384
12.617734726490859	51.46466596414749
12.697725115782585	52.15350466066442
1000012.6977251158	52.15350466066442
