-100000	0
0	0
0.0033333333333333335	0.0015553131861301163
0.008333333333333333	0.004572368428905383
0.01583333333333333	0.009996286575383317
0.02708333333333333	0.019555638565153053
0.043958333333333335	0.03627112363170948
0.06927083333333334	0.06538880477021726
0.10723958333333333	0.11601592191557088
0.16419270833333333	0.20383866656103325
0.24962239583333334	0.35569232008585877
0.3496223958333333	0.5566812448511879
0.4496223958333333	0.7771186470737314
0.5496223958333333	1.0131925641544886
0.6496223958333333	1.2622246236731702
0.7496223958333332	1.5222066105536127
0.8496223958333332	1.7915541391083776
0.9496223958333332	2.069002807307947
1.0496223958333333	2.353499539803371
1.1496223958333334	2.6441500020132875
1.2496223958333335	2.9402319981172673
1.3496223958333335	3.2410686742579746
1.4496223958333336	3.5461114198419943
1.5496223958333337	3.854875856038469
1.6496223958333338	4.166938545653552
1.749622395833334	4.481935240476297
1.849622395833334	4.799548736097652
1.949622395833334	5.119513768254814
2.049622395833334	5.44160582905279
2.149622395833334	5.765643305988781
2.249622395833334	6.091486225192707
2.349622395833334	6.419039163236268
2.4496223958333343	6.748253825673527
2.5496223958333344	7.079132429044444
2.6496223958333345	7.411737280732383
2.7496223958333346	7.746202192596893
2.8496223958333347	8.082752674259853
2.9496223958333347	8.422346741577801
3.049622395833335	8.766635804544983
3.149622395833335	9.116417560757192
3.249622395833335	9.47251716470653
3.349622395833335	9.835814853988687
3.449622395833335	10.207264447544688
3.5496223958333353	10.587887287652427
3.6496223958333354	10.97879362474706
3.7496223958333355	11.381155769727773
3.8496223958333355	11.796242550593329
3.9496223958333356	12.225404416879753
4.049622395833335	12.67007342212221
4.149622395833335	13.131749639144138
4.249622395833335	13.6119739978197
4.349622395833334	14.112279095335568
4.449622395833334	14.634099687675281
4.5496223958333335	15.178637419153917
4.649622395833333	15.746678847198071
4.749622395833333	16.338387371605545
4.849622395833332	16.953357522183783
4.949622395833332	17.591415688485675
5.049622395833332	18.252535178407317
5.149622395833331	18.936452003731212
5.249622395833331	19.64272011445795
5.349622395833331	20.370776057019473
5.44962239583333	21.119991720501393
5.54962239583333	21.889712560656065
5.64962239583333	22.67927417230086
5.749622395833329	23.488023262399526
5.849622395833329	24.315321254316686
5.9496223958333285	25.160548347697762
6.049622395833328	26.023103908191903
6.149622395833328	26.902406997557758
6.2496223958333275	27.797894919858066
6.349622395833327	28.70902148632326
6.449622395833327	29.635254943941703
6.549622395833326	30.576076312514406
6.649622395833326	31.530979714252453
6.749622395833326	32.499465845108254
6.849622395833325	33.48104556172196
6.949622395833325	34.475236154388284
7.049622395833325	35.48156146448334
7.149622395833324	36.4995490405433
7.249622395833324	37.528731571403576
7.3496223958333236	38.56864562471389
7.449622395833323	39.61883092774902
7.549622395833323	40.678830115651024
7.6496223958333225	41.748189539538764
7.749622395833322	42.82645916169199
7.849622395833322	43.91319333715311
7.949622395833321	45.0079513516685
8.049622395833321	46.11029847876503
8.14962239583332	47.21980671987602
8.24962239583332	48.33605737536119
8.34962239583332	49.458641758874265
8.44962239583332	50.587163491002414
8.54962239583332	51.72123721887446
8.649622395833319	52.86049195542147
8.749622395833319	54.0045772586958
8.849622395833318	55.15317419152737
8.949622395833318	56.3059797136844
9.049622395833318	57.462712630800915
9.149622395833317	58.62311752477703
9.249622395833317	59.78696582355966
9.349622395833316	60.95405689144651
9.449622395833316	62.124218427391995
9.549622395833316	63.29730684538697
9.649622395833315	64.47320688223323
9.749622395833315	65.65068044967546
9.849622395833315	66.82852786377052
9.949622395833314	68.00673588392965
10.049622395833314	69.18529077631287
10.149622395833314	70.36418174292204
10.249622395833313	71.54338263522412
10.349622395833313	72.7228898369774
10.449622395833313	73.90268392038625
10.549622395833312	75.08274932132419
10.649622395833312	76.26306953106155
10.749622395833311	77.44362806057674
10.849622395833311	78.6244078092277
10.94962239583331	79.80539098558349
11.04962239583331	80.98655938532399
11.14962239583331	82.16789410922476
11.24962239583331	83.34937538110735
11.34962239583331	84.53098306015247
11.449622395833309	85.71269595232863
11.549622395833309	86.8944918851704
11.649622395833308	88.07634773839904
11.749622395833308	89.25823979765879
11.849622395833308	90.44014256732724
11.949622395833307	91.62202959812883
12.049622395833307	92.8038732865629
12.149622395833306	93.9856444321019
12.249622395833306	95.16731242772148
12.349622395833306	96.3488778522433
12.449622395833305	97.53063076850928
12.549622395833305	98.71264581303895
12.60044238382787	99.22768522719691
1000012.6004423838	99.22768522719691
