-100000	0
0	0
0.0033333333333333335	0.002086150465583772
0.008333333333333333	0.005917411929890607
0.01583333333333333	0.012582852467651763
0.02708333333333333	0.024039519796431603
0.043958333333333335	0.04365470651297297
0.06927083333333334	0.07721934945979464
0.10723958333333333	0.13468833383028508
0.16419270833333333	0.23307250848930597
0.24962239583333334	0.40131285073590717
0.3496223958333333	0.6221608447054543
0.4496223958333333	0.8630826257946336
0.5496223958333333	1.1202079707275567
0.6496223958333333	1.3908202211935536
0.7496223958333332	1.6728835775652084
0.8496223958333332	1.9648089571911125
0.9496223958333332	2.265324267184589
1.0496223958333333	2.5733775023151546
1.1496223958333334	2.888090270830972
1.2496223958333335	3.2087228495116684
1.3496223958333335	3.5346359985738562
1.4496223958333336	3.8652965949007947
1.5496223958333337	4.200239854955914
1.6496223958333338	4.539068867627348
1.749622395833334	4.881448920819827
1.849622395833334	5.227100198154254
1.949622395833334	5.575794525224871
2.049622395833334	5.927354870156245
2.149622395833334	6.281655205384092
2.249622395833334	6.638618468862875
2.349622395833334	6.998223012940163
2.4496223958333343	7.360506116619667
2.5496223958333344	7.725574673304603
2.6496223958333345	8.093616760575975
2.7496223958333346	8.464925761051896
2.8496223958333347	8.840467589951658
2.9496223958333347	9.223030318250034
3.049622395833335	9.613591696834112
3.149622395833335	10.012655600697645
3.249622395833335	10.420847886682267
3.349622395833335	10.838849560939874
3.449622395833335	11.267429687498497
3.5496223958333353	11.707439100611335
3.6496223958333354	12.159811741932748
3.7496223958333355	12.625562301689765
3.8496223958333355	13.10578101907669
3.9496223958333356	13.601623676645263
4.049622395833335	14.114289190324106
4.149622395833335	14.64498063576783
4.249622395833335	15.19483712821117
4.349622395833334	15.764834393485843
4.449622395833334	16.355644903011058
4.5496223958333335	16.967490727065144
4.649622395833333	17.6003745948738
4.749622395833333	18.25444930005465
4.849622395833332	18.92981529928377
4.949622395833332	19.626390032685606
5.049622395833332	20.343907970995133
5.149622395833331	21.081970331117226
5.249622395833331	21.84009191607784
5.349622395833331	22.61773484725371
5.44962239583333	23.414337804831174
5.54962239583333	24.229329929495258
5.64962239583333	25.062146232937106
5.749622395833329	25.91222984058038
5.849622395833329	26.779036462997283
5.9496223958333285	27.66203741815793
6.049622395833328	28.560716697211497
6.149622395833328	29.47457213828317
6.2496223958333275	30.40311431600754
6.349622395833327	31.345864157737356
6.449622395833327	32.3023521499629
6.549622395833326	33.27211835557047
6.649622395833326	34.254708099738465
6.749622395833326	35.24967329263132
6.849622395833325	36.256570823638725
6.949622395833325	37.274961245654325
7.049622395833325	38.30440770194799
7.149622395833324	39.34447486367615
7.249622395833324	40.39473239910764
7.3496223958333236	41.454747698858554
7.449622395833323	42.52409154856221
7.549622395833323	43.60233521531259
7.6496223958333225	44.68905188177421
7.749622395833322	45.78381647371647
7.849622395833322	46.886206434371964
7.949622395833321	47.99580303417058
8.049622395833321	49.11219203113465
8.14962239583332	50.23496487170642
8.24962239583332	51.363721092052835
8.34962239583332	52.49807013124448
8.44962239583332	53.63763223651622
8.54962239583332	54.782041694436266
8.649622395833319	55.93094946671734
8.749622395833319	57.08402462845325
8.849622395833318	58.24095653930175
8.949622395833318	59.40145844650311
9.049622395833318	60.56526841806979
9.149622395833317	61.732151536910905
9.249622395833317	62.90190061024513
9.349622395833316	64.07433757871587
9.449622395833316	65.24931434292004
9.549622395833316	66.42671300980811
9.649622395833315	67.60644384566496
9.749622395833315	68.71508142925589
9.849622395833315	69.82352640280978
9.949622395833314	70.93204660713414
10.049622395833314	72.04063900386758
10.149622395833314	73.14930024296564
10.249622395833313	74.258026731967
10.349622395833313	75.36681503758261
10.449622395833313	76.47566139190793
10.549622395833312	77.5845621230217
10.649622395833312	78.69351343423259
10.749622395833311	79.80251115690858
10.849622395833311	80.91155154206587
10.94962239583331	82.02063011857243
11.04962239583331	83.12974280974407
11.14962239583331	84.23888489531916
11.24962239583331	85.14990131891473
11.34962239583331	86.0601882502661
11.449622395833309	86.97049011738928
11.549622395833309	87.88080182979601
11.649622395833308	88.79111775193424
11.749622395833308	89.70143223257999
11.849622395833308	90.6117394300459
11.949622395833307	91.52203295727342
12.049622395833307	92.43230646589548
12.149622395833306	93.34255291595917
12.249622395833306	94.2527651631487
12.349622395833306	95.16296604664863
12.449622395833305	96.07333730546321
12.549622395833305	96.98391016973217
12.588869107591592	97.29693303537167
1000012.5888691075	97.29693303537167
