-100000	0
0	0
0.0033333333333333335	0.0027008921109419317
0.008333333333333333	0.007474268785515923
0.01583333333333333	0.01556942725742764
0.02708333333333333	0.029206959873261922
0.043958333333333335	0.052153479446910025
0.06927083333333334	0.09081764132009604
0.10723958333333333	0.156108384446481
0.16419270833333333	0.2665315491210112
0.24962239583333334	0.45336908732194187
0.3496223958333333	0.6966339176788977
0.4496223958333333	0.9605574543247268
0.5496223958333333	1.2411958027037637
0.6496223958333333	1.5357908862523841
0.7496223958333332	1.8422769932320486
0.8496223958333332	2.1590593436769874
0.9496223958333332	2.484855170697527
1.0496223958333333	2.8186145837295355
1.1496223958333334	3.1594663911793424
1.2496223958333335	3.506681230805373
1.3496223958333335	3.8596447168940027
1.4496223958333336	4.21783917096073
1.5496223958333337	4.580828984372169
1.6496223958333338	4.948252187522392
1.749622395833334	5.319812762918203
1.849622395833334	5.695277965710968
1.949622395833334	6.074474386037125
2.049622395833334	6.457288904883001
2.149622395833334	6.843670101920888
2.249622395833334	7.233629552281626
2.349622395833334	7.627253916603701
2.4496223958333343	8.024712644064639
2.5496223958333344	8.426276714931731
2.6496223958333345	8.832350838039734
2.7496223958333346	9.244161566186998
2.8496223958333347	9.664118173222944
2.9496223958333347	10.093131729148748
3.049622395833335	10.531610491784887
3.149622395833335	10.980057609502019
3.249622395833335	11.439066650926977
3.349622395833335	11.909320244292854
3.449622395833335	12.391587157197856
3.5496223958333353	12.886719632126555
3.6496223958333354	13.395650953373313
3.7496223958333355	13.9193781102885
3.8496223958333355	14.458948283811889
3.9496223958333356	15.015429501104764
4.049622395833335	15.589854556894618
4.149622395833335	16.183142043138403
4.249622395833335	16.79598092069053
4.349622395833334	17.428695351012752
4.449622395833334	18.081067218760822
4.5496223958333335	18.752671915706777
4.649622395833333	19.44362668303192
4.749622395833333	20.154028013995976
4.849622395833332	20.88380038917032
4.949622395833332	21.632727121292973
5.049622395833332	22.400485067636215
5.149622395833331	23.186676577073907
5.249622395833331	23.990856462743007
5.349622395833331	24.812551418570578
5.44962239583333	25.65127472553276
5.54962239583333	26.506536043359507
5.64962239583333	27.377846934204612
5.749622395833329	28.264725056860527
5.849622395833329	29.16669517878133
5.9496223958333285	30.083294433923566
6.049622395833328	31.01406349930679
6.149622395833328	31.958555038311225
6.2496223958333275	32.91632908129291
6.349622395833327	33.886952660771634
6.449622395833327	34.869999064442524
6.549622395833326	35.8650469340296
6.649622395833326	36.87167958485124
6.749622395833326	37.88948421154861
6.849622395833325	38.91805103550528
6.949622395833325	39.95697272512925
7.049622395833325	41.005843881743985
7.149622395833324	42.06425978643446
7.249622395833324	43.13181956271839
7.3496223958333236	44.2081155426931
7.449622395833323	45.29276460628416
7.549622395833323	46.38534846298795
7.6496223958333225	47.48547633845085
7.749622395833322	48.592752598888445
7.849622395833322	49.70678435904423
7.949622395833321	50.827183819139684
8.049622395833321	51.953563664058024
8.14962239583332	53.08554930500194
8.24962239583332	54.22276950698503
8.34962239583332	55.36486389169872
8.44962239583332	56.51148341267852
8.54962239583332	57.66229264082005
8.649622395833319	58.81697195044002
8.749622395833319	59.9752206354479
8.849622395833318	61.13675710958435
8.949622395833318	62.301322156650095
9.049622395833318	63.46868024624437
9.149622395833317	64.6386228602225
9.249622395833317	65.81096780200002
9.349622395833316	66.98556026877215
9.449622395833316	68.16227427371932
9.549622395833316	69.34101256983294
9.649622395833315	70.52170329773331
9.749622395833315	71.38869570258507
9.849622395833315	72.25449569177198
9.949622395833314	73.12029568095797
10.049622395833314	73.9860956500523
10.149622395833314	74.85189565005219
10.249622395833313	75.71769565005242
10.349622395833313	76.58349565005238
10.449622395833313	77.44929565005218
10.549622395833312	78.31509565005237
10.649622395833312	79.18089565005234
10.749622395833311	80.04669565005265
10.849622395833311	80.91249563095147
10.94962239583331	81.77829564176064
11.04962239583331	82.6440956525697
11.14962239583331	83.50989565777328
11.15	83.51316461691792
1000011.15	83.51316461691792
