-100000	0
0	0
0.0033333333333333335	0.00341280690163562
0.008333333333333333	0.00926979197351743
0.01583333333333333	0.019022086745245654
0.02708333333333333	0.035180878132408416
0.043958333333333335	0.06197541966217496
0.06927083333333334	0.10652625160453014
0.10723958333333333	0.18083403125766295
0.16419270833333333	0.3051154482022581
0.24962239583333334	0.5133038147376274
0.3496223958333333	0.7822324239637054
0.4496223958333333	1.0724053393301574
0.5496223958333333	1.379793346768428
0.6496223958333333	1.7015868830607468
0.7496223958333332	2.03569229134745
0.8496223958333332	2.3804914932778254
0.9496223958333332	2.7346946264110015
1.0496223958333333	3.097255157535127
1.1496223958333334	3.4673113025738127
1.2496223958333335	3.844149383997153
1.3496223958333335	4.2271785116649845
1.4496223958333336	4.615910804418894
1.5496223958333337	5.009948560621114
1.6496223958333338	5.408976478128674
1.749622395833334	5.8127561791272155
1.849622395833334	6.221121035252383
1.949622395833334	6.633979476028678
2.049622395833334	7.0513154075801765
2.149622395833334	7.473191246366038
2.249622395833334	7.899770739506309
2.349622395833334	8.331322085271283
2.4496223958333343	8.768269968252374
2.5496223958333344	9.211376794352805
2.6496223958333345	9.66207618287563
2.7496223958333346	10.121567154399852
2.8496223958333347	10.59029264273446
2.9496223958333347	11.06870098648584
3.049622395833335	11.55732487625492
3.149622395833335	12.056800604332114
3.249622395833335	12.567827469724183
3.349622395833335	13.091166446390968
3.449622395833335	13.627665638110619
3.5496223958333353	14.178230197894443
3.6496223958333354	14.743818913876304
3.7496223958333355	15.325401679116021
3.8496223958333355	15.923930263670739
3.9496223958333356	16.54027118300899
4.049622395833335	17.175119067941456
4.149622395833335	17.828876009018174
4.249622395833335	18.50147918813459
4.349622395833334	19.19214130775486
4.449622395833334	19.900339886807178
4.5496223958333335	20.626189892868787
4.649622395833333	21.36978249226734
4.749622395833333	22.131065859561023
4.849622395833332	22.909874075003874
4.949622395833332	23.705950086361604
5.049622395833332	24.518969843870913
5.149622395833331	25.348570354158365
5.249622395833331	26.19435023545149
5.349622395833331	27.05589390205032
5.44962239583333	27.932769681475936
5.54962239583333	28.824544666573516
5.64962239583333	29.7307907241293
5.749622395833329	30.651081733626075
5.849622395833329	31.58498431732483
5.9496223958333285	32.53208345387907
6.049622395833328	33.491968680268926
6.149622395833328	34.46423328745225
6.2496223958333275	35.44847225675182
6.349622395833327	36.444285534482354
6.449622395833327	37.451277483833906
6.549622395833326	38.46906209106157
6.649622395833326	39.497252023997504
6.749622395833326	40.53546318170791
6.849622395833325	41.58330164195796
6.949622395833325	42.64039511200003
7.049622395833325	43.706371785897794
7.149622395833324	44.780854581712475
7.249622395833324	45.86347060975653
7.3496223958333236	46.953847941944396
7.449622395833323	48.051610978745664
7.549622395833323	49.15638986179653
7.6496223958333225	50.26782024567171
7.749622395833322	51.38553699880539
7.849622395833322	52.509179057073005
7.949622395833321	53.638391228705466
8.049622395833321	54.77282340678068
8.14962239583332	55.91213028268299
8.24962239583332	57.05597757450128
8.34962239583332	58.20404012087557
8.44962239583332	59.35600384998273
8.54962239583332	60.511567428848
8.649622395833319	61.6704463523434
8.749622395833319	62.832372945352255
8.849622395833318	63.997096648542346
8.949622395833318	65.16438944166752
9.049622395833318	66.33404638763997
9.149622395833317	67.50588301730733
9.249622395833317	68.67974129923479
9.349622395833316	69.85549091575221
9.449622395833316	71.03302508886026
9.549622395833316	72.21226409627006
9.649622395833315	73.39315340635746
9.65	73.39764704608706
1000009.65	73.39764704608706
