-100000	0
-0.014948852539061974	0
-0.01161551920572864	0.03306536649284559
-0.00661551920572864	0.08328768273131713
0.0008844807942713596	0.15943885444306682
0.01213448079427136	0.2749580646740008
0.02900948079427136	0.4503830556173358
0.05432198079427136	0.7171506219258481
0.09229073079427136	1.1234574245157372
0.14924385579427135	1.7432601510230419
0.23467354329427137	2.689968395386056
0.33467354329427135	3.816884874795544
0.4346735432942713	4.9584905228341825
0.5346735432942713	6.110944586930964
0.6346735432942713	7.271478207904206
0.7346735432942713	8.437961861871054
0.8346735432942712	9.608683819212425
0.9346735432942712	10.782221862293664
1.0346735432942713	11.957368979435579
1.1346735432942714	13.133090652153989
1.2346735432942715	14.308849139089359
1.3346735432942716	15.484614209942045
1.4346735432942717	16.660383452465805
1.5346735432942717	17.836158956607456
1.6346735432942718	19.01194114637005
1.734673543294272	20.18772614604282
1.834673543294272	21.363520115066134
1.934673543294272	22.539317511593183
2.034673543294272	23.715117541691427
2.134673543294272	24.890925456795685
2.234673543294272	26.066738770227918
2.3346735432942722	27.242557482337133
2.4346735432942723	28.418381888179766
2.5346735432942724	29.594210647720125
2.6346735432942725	30.770044224163378
2.7346735432942726	31.945882617585653
2.8346735432942727	33.12172582806457
2.9346735432942728	34.29757385567636
3.034673543294273	35.47342670049826
3.134673543294273	36.64929026990324
3.234673543294273	37.82515270733597
3.334673543294273	39.00101258520818
3.434673543294273	40.176883199400415
3.5346735432942733	41.35275974062458
3.6346735432942734	42.52863890575696
3.7346735432942735	43.70451535827557
3.8346735432942736	44.8804081570225
3.9346735432942737	46.05629848039966
4.034673543294273	47.23219244569213
4.134673543294273	48.40809005281144
4.234673543294273	49.583991301669734
4.334673543294272	50.759896192178786
4.434673543294272	51.93580472425016
4.5346735432942715	53.11171689779609
4.634673543294271	54.287632712728126
4.734673543294271	55.463559458574416
4.8346735432942705	56.63947382338037
4.93467354329427	57.8154014573179
5.03467354329427	58.99132967446941
5.134673543294269	60.16726150062337
5.234673543294269	61.343195805573416
5.334673543294269	62.51913258937773
5.434673543294268	63.695071852097485
5.534673543294268	64.87101359379159
5.634673543294268	66.04695781452038
5.734673543294267	67.22290451434299
5.834673543294267	68.398853693319
5.9346735432942666	69.57480535150943
6.034673543294266	70.75076959462402
6.134673543294266	71.9267151903507
6.2346735432942655	73.10266743595925
6.334673543294265	74.2786323226481
6.434673543294265	75.45459358418829
6.534673543294264	76.6305563512214
6.634673543294264	77.80652062374651
6.734673543294264	78.98248640176388
6.834673543294263	80.15845368527384
6.934673543294263	81.33442247427627
7.034673543294263	82.51039276877093
7.134673543294262	83.6863645687578
7.234673543294262	84.8623378742373
7.334673543294262	86.03831206348083
7.434673543294261	87.2142885616309
7.534673543294261	88.3902653998624
7.6346735432942605	89.56624379802669
7.73467354329426	90.74222336938912
7.83467354329426	91.91820411389678
7.9346735432942594	93.09418603149624
8.034673543294259	94.2701681039999
8.134673543294259	95.44615137549496
8.234673543294258	96.6221351908029
8.334673543294258	97.79811954992915
8.434673543294258	98.97410445287704
8.534673543294257	100.15008946334207
8.634673543294257	101.32607572520874
8.734673543294257	102.50206360659352
8.834673543294256	103.67804989820519
8.934673543294256	104.85403748900679
9.034673543294256	106.03002562348324
9.134673543294255	107.20601430164689
9.234673543294255	108.38200352350724
9.334673543294254	109.55799328907607
9.434673543294254	110.73398359836375
9.534673543294254	111.90997445138245
9.634673543294253	113.08596584814174
9.734673543294253	114.26195778865363
9.834673543294253	115.43795118858242
9.934673543294252	116.61394349615739
10.034673543294252	117.78993666095063
10.134673543294252	118.96593102862767
10.234673543294251	120.14192594088516
10.334673543294251	121.31792139768612
10.43467354329425	122.49391852688359
10.53467354329425	123.66991466048016
10.63467354329425	124.84591023568551
10.73467354329425	126.02190778198988
10.83467354329425	127.1979058725085
10.934673543294249	128.37390450721986
11.034673543294248	129.54990368610467
11.134673543294248	130.72590340914053
11.234673543294248	131.75779762132044
11.334673543294247	132.73520682706678
11.434673543294247	133.7126160364133
11.534673543294247	134.69002708968296
11.634673543294246	135.66743765099554
11.734673543294246	136.64484875903975
11.834673543294246	137.6222599065368
11.934673543294245	138.5996720548797
12.034673543294245	139.60162677759322
12.134673543294245	140.60802445367958
12.234673543294244	141.6144223051111
12.334673543294244	142.62082050884723
12.434673543294243	143.62721969149422
12.534673543294243	144.63361956847822
12.56	144.88850389991967
1000012.56	144.88850389991967
