-100000	0
0	0
0.0033333333333333335	0.005837086192919614
0.008333333333333333	0.015348133695399752
0.01583333333333333	0.03065442602450806
0.02708333333333333	0.055287621158102776
0.043958333333333335	0.09503922210733436
0.06927083333333334	0.1594769291020794
0.10723958333333333	0.26444306174835486
0.16419270833333333	0.4362208564088404
0.24962239583333334	0.7184307645945373
0.3496223958333333	1.0775269271993464
0.4496223958333333	1.4611293869766353
0.5496223958333333	1.8648498142559289
0.6496223958333333	2.285629066418484
0.7496223958333332	2.7212001407147324
0.8496223958333332	3.169812543122916
0.9496223958333332	3.6300837298610107
1.0496223958333333	4.1009067742645255
1.1496223958333334	4.581387514033943
1.2496223958333335	5.070805300602013
1.3496223958333335	5.568602909259707
1.4496223958333336	6.07435542980805
1.5496223958333337	6.587779610123463
1.6496223958333338	7.108732676913374
1.749622395833334	7.6372293588137525
1.849622395833334	8.173295339855608
1.949622395833334	8.717077370546109
2.049622395833334	9.268854857832569
2.149622395833334	9.828901870692082
2.249622395833334	10.397531217098077
2.349622395833334	10.975124700174044
2.4496223958333343	11.562102304017557
2.5496223958333344	12.15893424761148
2.6496223958333345	12.766144664793286
2.7496223958333346	13.384263969020646
2.8496223958333347	14.013873384553106
2.9496223958333347	14.655563922145827
3.049622395833335	15.309929073773349
3.149622395833335	15.977545585344387
3.249622395833335	16.658947532132224
3.349622395833335	17.354593690730052
3.449622395833335	18.064827979306077
3.5496223958333353	18.789836414045038
3.6496223958333354	19.529530316250938
3.7496223958333355	20.283282045823363
3.8496223958333355	21.05049531159789
3.9496223958333356	21.8311792600157
4.049622395833335	22.625591474809223
4.149622395833335	23.433900778932234
4.249622395833335	24.256185810931093
4.349622395833334	25.09244269001022
4.449622395833334	25.94259532663944
4.5496223958333335	26.806505708502176
4.649622395833333	27.683985143705975
4.749622395833333	28.574803882193635
4.849622395833332	29.47870032049579
4.949622395833332	30.395388454337127
5.049622395833332	31.32456387214273
5.149622395833331	32.265908018502266
5.249622395833331	33.21909790830597
5.349622395833331	34.18379803127705
5.44962239583333	35.15967398359562
5.54962239583333	36.14638879098723
5.64962239583333	37.14360529491927
5.749622395833329	38.150987066973805
5.849622395833329	39.16819987024224
5.9496223958333285	40.194910421506755
6.049622395833328	41.23079046365668
6.149622395833328	42.275511135801295
6.2496223958333275	43.32874853895453
6.349622395833327	44.39018111811728
6.449622395833327	45.45948944370435
6.549622395833326	46.53635871752134
6.649622395833326	47.62047534450535
6.749622395833326	48.71152902532281
6.849622395833325	49.809212183649336
6.949622395833325	50.91322062029988
7.049622395833325	52.02325301942214
7.149622395833324	53.13901089363757
7.249622395833324	54.260198731028936
7.3496223958333236	55.38652560961598
7.449622395833323	56.517703379142645
7.549622395833323	57.653448519641124
7.6496223958333225	58.793482202791665
7.749622395833322	59.93752577288985
7.849622395833322	61.08532392123944
7.949622395833321	62.236604318147855
8.049622395833321	63.391115207752236
8.14962239583332	64.54861127602018
8.24962239583332	65.70885656000142
8.34962239583332	66.87162307033134
8.44962239583332	68.03669524476105
8.54962239583332	69.20387114141693
8.649622395833319	70.37295949457136
8.749622395833319	71.54378493763043
8.849622395833318	72.71618804316945
8.949622395833318	73.89002425634061
9.049622395833318	75.06516848060915
9.149622395833317	76.24151231523982
9.249622395833317	77.41896551767852
9.349622395833316	78.59745890084946
9.449622395833316	79.77694074683245
9.549622395833316	80.9573799166998
9.649622395833315	82.13876205598824
9.749622395833315	83.00575609178176
9.849622395833315	83.87155612696448
9.949622395833314	84.73735623836434
10.049622395833314	85.6031562383643
10.149622395833314	86.4689562383644
10.249622395833313	87.33475623836433
10.349622395833313	88.2005562383641
10.449622395833313	89.06635623836422
10.549622395833312	89.9321562383643
10.649622395833312	90.7979562383642
10.749622395833311	91.66375623836376
10.849622395833311	92.52955623836417
10.94962239583331	93.39535629308084
11.04962239583331	94.26115625791465
11.14962239583331	95.12695610199906
11.15	95.13022455468723
1000011.15	95.13022455468723
