-100000	0
0	0
0.0033333333333333335	0.006649819676391546
0.008333333333333333	0.017398001568392246
0.01583333333333333	0.034599730580559
0.02708333333333333	0.06212450342662625
0.043958333333333335	0.10631438515296175
0.06927083333333334	0.1775841378533948
0.10723958333333333	0.2930847839128592
0.16419270833333333	0.4811717998245633
0.24962239583333334	0.7887102687560058
0.3496223958333333	1.1784703320201944
0.4496223958333333	1.5936113000196035
0.5496223958333333	2.029611239984249
0.6496223958333333	2.4833373564651815
0.7496223958333332	2.9524880410757217
0.8496223958333332	3.435315497274313
0.9496223958333332	3.9304667342081947
1.0496223958333333	4.436894621784948
1.1496223958333334	4.953805754823095
1.2496223958333335	5.480619835324396
1.3496223958333335	6.016967620673605
1.4496223958333336	6.562693560869245
1.5496223958333337	7.117818226587197
1.6496223958333338	7.681780720191744
1.749622395833334	8.25381746184547
1.849622395833334	8.833848290255967
1.949622395833334	9.422115947344682
2.049622395833334	10.018915287829692
2.149622395833334	10.624624464715835
2.249622395833334	11.239650308448397
2.349622395833334	11.864402367077133
2.4496223958333343	12.499370997931445
2.5496223958333344	13.145059024777632
2.6496223958333345	13.801987419917316
2.7496223958333346	14.470686353995964
2.8496223958333347	15.151678601358492
2.9496223958333347	15.845461982031093
3.049622395833335	16.552489025341576
3.149622395833335	17.27311893925755
3.249622395833335	18.007587730984927
3.349622395833335	18.75598898544762
3.449622395833335	19.51801002996445
3.5496223958333353	20.292955333607612
3.6496223958333354	21.080405557953807
3.7496223958333355	21.880484490001066
3.8496223958333355	22.69341919896687
3.9496223958333356	23.519394036829826
4.049622395833335	24.35850688918621
4.149622395833335	25.21077097834242
4.249622395833335	26.076136523786857
4.349622395833334	26.954490068544192
4.449622395833334	27.845674457029762
4.5496223958333335	28.749491919721113
4.649622395833333	29.665712905588347
4.749622395833333	30.594075402572596
4.849622395833332	31.534300404198017
4.949622395833332	32.4860967387469
5.049622395833332	33.449156537408065
5.149622395833331	34.42316909439914
5.249622395833331	35.40781495207027
5.349622395833331	36.402775764431915
5.44962239583333	37.40772946125468
5.54962239583333	38.42235091788808
5.64962239583333	39.4463240177849
5.749622395833329	40.47933065333365
5.849622395833329	41.52105034004856
5.9496223958333285	42.57117282749167
6.049622395833328	43.62938504569701
6.149622395833328	44.69537414435216
6.2496223958333275	45.76883823412007
6.349622395833327	46.84947631966433
6.449622395833327	47.93698941982294
6.549622395833326	49.03108523624403
6.649622395833326	50.13146867807501
6.749622395833326	51.23785636173056
6.849622395833325	52.34996020330377
6.949622395833325	53.467498783494015
7.049622395833325	54.59019279786683
7.149622395833324	55.717771665041816
7.249622395833324	56.84996464973676
7.3496223958333236	57.98650868467489
7.449622395833323	59.1271411955571
7.549622395833323	60.27160696502383
7.6496223958333225	61.41965389847512
7.749622395833322	62.57104332123711
7.849622395833322	63.72553490688992
7.949622395833321	64.8828960223627
8.049622395833321	66.04290297797283
8.14962239583332	67.20534232167196
8.24962239583332	68.37001002267047
8.34962239583332	69.53671004489297
8.44962239583332	70.70526075576787
8.54962239583332	71.87548817119564
8.649622395833319	73.04723539771184
8.749622395833319	74.220355820519
8.849622395833318	75.39471385876084
8.949622395833318	76.57019902166489
9.049622395833318	77.74670928758077
9.149622395833317	78.92416199322652
9.249622395833317	80.10249089277154
9.349622395833316	81.28164506877206
9.449622395833316	82.46159237328575
9.549622395833316	83.64232327849673
9.649622395833315	84.8238353312621
9.65	84.8281634689758
1000009.65	84.8281634689758
