-100000	0
-0.014948852539061974	0
-0.01161551920572864	0.033068678366667735
-0.00661551920572864	0.08329595219607412
0.0008844807942713596	0.15945456604449146
0.01213448079427136	0.2749849293331018
0.02900948079427136	0.45042662241408055
0.05432198079427136	0.7172191721259895
0.09229073079427136	1.123563236785687
0.14924385579427135	1.7434215780787738
0.23467354329427137	2.6902121295466994
0.33467354329427135	3.8172237747775983
0.4346735432942713	4.958922841815875
0.5346735432942713	6.111468661646732
0.6346735432942713	7.272092782502623
0.7346735432942713	8.438665308188991
0.8346735432942712	9.609474304924206
0.9346735432942712	10.783098062907
1.0346735432942713	11.958329565317253
1.1346735432942714	13.134133624922075
1.2346735432942715	14.309973197095271
1.3346735432942716	15.485817807840437
1.4346735432942717	16.661664229299742
1.5346735432942717	17.837516093638516
1.6346735432942718	19.013374140386105
1.734673543294272	20.189234406205156
1.834673543294272	21.365099107295475
1.934673543294272	22.540967991806546
2.034673543294272	23.716836947488147
2.134673543294272	24.89271377118039
2.234673543294272	26.068599052573457
2.3346735432942722	27.244484832366197
2.4346735432942723	28.42037165982538
2.5346735432942724	29.596271052976665
2.6346735432942725	30.77216881110217
2.7346735432942726	31.948063804180777
2.8346735432942727	33.12396906494276
2.9346735432942728	34.29987828102111
3.034673543294273	35.4757914525824
3.134673543294273	36.651708579794544
3.234673543294273	37.827629662823945
3.334673543294273	39.00356406539509
3.434673543294273	40.17948584832616
3.5346735432942733	41.355418389026966
3.6346735432942734	42.53135560655359
3.7346735432942735	43.70729577300308
3.8346735432942736	44.883239297080245
3.9346735432942737	46.05918533825675
4.034673543294273	47.235134798091536
4.134673543294273	48.4110872876633
4.234673543294273	49.58704280715813
4.334673543294272	50.763001356763276
4.434673543294272	51.9389629366671
4.5346735432942715	53.11492754705615
4.634673543294271	54.29089534256924
4.734673543294271	55.466865408631996
4.8346735432942705	56.64283776223926
4.93467354329427	57.81881368290615
5.03467354329427	58.994791108435976
5.134673543294269	60.17076062926032
5.234673543294269	61.346751512380024
5.334673543294269	62.522734090749694
5.434673543294268	63.69871799051625
5.534673543294268	64.87470321165382
5.634673543294268	66.05068975413619
5.734673543294267	67.2266776179367
5.834673543294267	68.40266680302986
5.9346735432942666	69.57865611085771
6.034673543294266	70.75464753617285
6.134673543294266	71.93064193125763
6.2346735432942655	73.10663597189802
6.334673543294265	74.28263053338505
6.434673543294265	75.45862446678134
6.534673543294264	76.63461965295826
6.634673543294264	77.81061531308713
6.734673543294264	78.98661144717045
6.834673543294263	80.16260805521212
6.934673543294263	81.33860513721464
7.034673543294263	82.51460269318079
7.134673543294262	83.69060657167059
7.234673543294262	84.86659932746092
7.334673543294262	86.0425976302836
7.434673543294261	87.21859692279148
7.534673543294261	88.39459612989641
7.6346735432942605	89.57059228087645
7.73467354329426	90.74659447981702
7.83467354329426	91.92259399503429
7.9346735432942594	93.09859368195832
8.034673543294259	94.27459338931743
8.134673543294259	95.45059321952785
8.234673543294258	96.62659322136001
8.334673543294258	97.80259339481518
8.434673543294258	98.97859441838641
8.534673543294257	100.15459477583367
8.634673543294257	101.33059530484759
8.734673543294257	102.50659651606989
8.834673543294256	103.68259795816607
8.934673543294256	104.85859934294896
9.034673543294256	106.03460075430964
9.134673543294255	107.21060233731292
9.234673543294255	108.38660409196105
9.334673543294254	109.56260601825528
9.434673543294254	110.73860811619618
9.534673543294254	111.91461038578517
9.634673543294253	113.09061238505076
9.734673543294253	114.26661601053907
9.834673543294253	115.44261860059675
9.934673543294252	116.61862114938013
10.034673543294252	117.79462464798692
10.134673543294252	118.97062831833604
10.234673543294251	120.14663210582992
10.334673543294251	121.32263576911328
10.43467354329425	122.49863960405492
10.53467354329425	123.6746436106569
10.63467354329425	124.8506477889201
10.73467354329425	126.02665213884482
10.83467354329425	127.20265666043255
10.934673543294249	128.37866135368438
11.034673543294248	129.55466621860043
11.134673543294248	130.73067073384306
11.234673543294248	131.76257202585325
11.334673543294247	132.73998645057097
11.434673543294247	133.71739927335148
11.534673543294247	134.6948141204686
11.634673543294246	135.67222866686947
11.734673543294246	136.64964295613595
11.834673543294246	137.62705748479647
11.934673543294245	138.6044721851173
12.034673543294245	139.6064292009759
12.134673543294245	140.61282840792978
12.234673543294244	141.61922744046382
12.334673543294244	142.62562670212327
12.434673543294243	143.63202666436038
12.534673543294243	144.63842679826558
12.56	144.89331228256273
1000012.56	144.89331228256273
