-100000	0
0	0
0.0033333333333333335	0.008976164330914282
0.008333333333333333	0.023367972945816797
0.01583333333333333	0.046180130783181186
0.02708333333333333	0.08233046823403437
0.043958333333333335	0.13978434599095851
0.06927083333333334	0.2314656657157093
0.10723958333333333	0.37843031903640656
0.16419270833333333	0.6150670428354109
0.24962239583333334	0.9975844925346629
0.3496223958333333	1.4774993836013697
0.4496223958333333	1.98482932426756
0.5496223958333333	2.5148093761491324
0.6496223958333333	3.0642569797628636
0.7496223958333332	3.6309521101041864
0.8496223958333332	4.213338504705685
0.9496223958333332	4.810369819032201
1.0496223958333333	5.421386753462746
1.1496223958333334	6.046131537532758
1.2496223958333335	6.683747200715219
1.3496223958333335	7.330649677347719
1.4496223958333336	7.986405881012984
1.5496223958333337	8.651388931853772
1.6496223958333338	9.326011312287987
1.749622395833334	10.010772338112654
1.849622395833334	10.706234185240366
1.949622395833334	11.412985686537546
2.049622395833334	12.131628709023614
2.149622395833334	12.86277766004111
2.249622395833334	13.607005154359085
2.349622395833334	14.364774118420495
2.4496223958333343	15.136450865735128
2.5496223958333344	15.922084267794103
2.6496223958333345	16.72087493495143
2.7496223958333346	17.531721528116428
2.8496223958333347	18.353807052361148
2.9496223958333347	19.187063542622372
3.049622395833335	20.031721100095265
3.149622395833335	20.887953732393083
3.249622395833335	21.755878118193028
3.349622395833335	22.635561893361935
3.449622395833335	23.52701593669281
3.5496223958333353	24.43018139659426
3.6496223958333354	25.344963541294756
3.7496223958333355	26.271234022886645
3.8496223958333355	27.20882150946819
3.9496223958333356	28.157524462542106
4.049622395833335	29.117116023359408
4.149622395833335	30.087343551683194
4.249622395833335	31.067946083369048
4.349622395833334	32.058636326118766
4.449622395833334	33.059130029305614
4.5496223958333335	34.069129662483085
4.649622395833333	35.08833111448111
4.749622395833333	36.1164319169109
4.849622395833332	37.15312650275808
4.949622395833332	38.19811288250527
5.049622395833332	39.251078851255905
5.149622395833331	40.31172412886326
5.249622395833331	41.379746193412835
5.349622395833331	42.4548491012691
5.44962239583333	43.536742719007535
5.54962239583333	44.62513620754795
5.64962239583333	45.71975746589765
5.749622395833329	46.82031951988501
5.849622395833329	47.92654801510364
5.9496223958333285	49.03817934213
6.049622395833328	50.15495310860653
6.149622395833328	51.276610290397535
6.2496223958333275	52.40290109266727
6.349622395833327	53.53357364245729
6.449622395833327	54.668390952367794
6.549622395833326	55.80712095490657
6.649622395833326	56.94952720427744
6.749622395833326	58.095386318208966
6.849622395833325	59.24447716814489
6.949622395833325	60.396600404422536
7.049622395833325	61.55153644909606
7.149622395833324	62.709089128788754
7.249622395833324	63.86906269365834
7.3496223958333236	65.03127408144762
7.449622395833323	66.1955360901859
7.549622395833323	67.36167825243923
7.6496223958333225	68.52953280213845
7.749622395833322	69.69894256592119
7.849622395833322	70.86975612777401
7.949622395833321	72.04182628430061
8.049622395833321	73.21502187432166
8.14962239583332	74.38922252857279
8.24962239583332	75.56431541314869
8.34962239583332	76.74018975044724
8.44962239583332	77.91675352680308
8.54962239583332	79.0939261219543
8.649622395833319	80.27163661925339
8.749622395833319	81.44981414535513
8.849622395833318	82.62842465468742
8.949622395833318	83.80743163267844
9.049622395833318	84.98680220457798
9.149622395833317	86.16654037260176
9.249622395833317	87.34664116031175
9.349622395833316	88.52711803961942
9.449622395833316	89.70799596035374
9.549622395833316	90.88931936081016
9.649622395833315	92.07113844359934
9.65	92.07519386472049
1000009.65	92.07519386472049
