-100000	0
-0.014948852539061974	0
-0.01161551920572864	0.03306822993786408
-0.00661551920572864	0.08329483251108503
0.0008844807942713596	0.15945244408200074
0.01213448079427136	0.274981292391629
0.02900948079427136	0.4504206984030875
0.05432198079427136	0.7172098408181793
0.09229073079427136	1.1235487935419923
0.14924385579427135	1.7433993733854167
0.23467354329427137	2.6901783647080793
0.33467354329427135	3.8171764099472525
0.4346735432942713	4.958861862094379
0.5346735432942713	6.111394114551598
0.6346735432942713	7.272004570036555
0.7346735432942713	8.438563555817387
0.8346735432942712	9.609358846640419
0.9346735432942712	10.782969059860587
1.0346735432942713	11.95818664812798
1.1346735432942714	13.13397721610305
1.2346735432942715	14.309803033300602
1.3346735432942716	15.48563291750937
1.4346735432942717	16.661467332700123
1.5346735432942717	17.83730571465322
1.6346735432942718	19.01314781457588
1.734673543294272	20.188994890345892
1.834673543294272	21.364845792536716
1.934673543294272	22.54069989787761
2.034673543294272	23.71655897821976
2.134673543294272	24.892423304698944
2.234673543294272	26.068290384884275
2.3346735432942722	27.244161241484534
2.4346735432942723	28.420034945833557
2.5346735432942724	29.595914500547792
2.6346735432942725	30.771794111644535
2.7346735432942726	31.94767853667258
2.8346735432942727	33.123566237223635
2.9346735432942728	34.2994572133098
3.034673543294273	35.47535146494315
3.134673543294273	36.65124899213729
3.234673543294273	37.82715006677403
3.334673543294273	39.003054172349096
3.434673543294273	40.178961472977896
3.5346735432942733	41.35487196859099
3.6346735432942734	42.530785345786654
3.7346735432942735	43.70670211753192
3.8346735432942736	44.882622078478335
3.9346735432942737	46.058545228696914
4.034673543294273	47.23447474616186
4.134673543294273	48.41040124355772
4.234673543294273	49.5863337889759
4.334673543294272	50.76226935996844
4.434673543294272	51.93820487359203
4.5346735432942715	53.114149983566264
4.634673543294271	54.29009461622792
4.734673543294271	55.46604218974004
4.8346735432942705	56.641992704078156
4.93467354329427	57.817945365653806
5.03467354329427	58.993901596039045
5.134673543294269	60.169860761486866
5.234673543294269	61.34582286202268
5.334673543294269	62.521788546038394
5.434673543294268	63.69775553831472
5.534673543294268	64.8737245506203
5.634673543294268	66.0496955829915
5.734673543294267	67.22566354404019
5.834673543294267	68.40164406582481
5.9346735432942666	69.57762133618988
6.034673543294266	70.7536006317966
6.134673543294266	71.9295814906612
6.2346735432942655	73.1055642182402
6.334673543294265	74.28154827661207
6.434673543294265	75.45753366583075
6.534673543294264	76.6335232132203
6.634673543294264	77.80950900339816
6.734673543294264	78.98549849785765
6.834673543294263	80.16148932580316
6.934673543294263	81.3374814872354
7.034673543294263	82.51347466500732
7.134673543294262	83.6894684036161
7.234673543294262	84.86546240069724
7.334673543294262	86.04145665618124
7.434673543294261	87.21745072513187
7.534673543294261	88.39344525512351
7.6346735432942605	89.56944003866498
7.73467354329426	90.7454350758281
7.83467354329426	91.92143089582932
7.9346735432942594	93.09742632216238
8.034673543294259	94.27342249866858
8.134673543294259	95.44941872208872
8.234673543294258	96.62541551916537
8.334673543294258	97.80141170839617
8.434673543294258	98.97740879086196
8.534673543294257	100.15340613123307
8.634673543294257	101.32940372943736
8.734673543294257	102.50540133928313
8.834673543294256	103.68139918345739
8.934673543294256	104.85739728175585
9.034673543294256	106.03339492327198
9.134673543294255	107.20939451034448
9.234673543294255	108.3853936310489
9.334673543294254	109.56139300908039
9.434673543294254	110.73739264437445
9.534673543294254	111.91339193846069
9.634673543294253	113.08939210121164
9.734673543294253	114.26539252129854
9.834673543294253	115.4413931986483
9.934673543294252	116.61739375257795
10.034673543294252	117.79339465985568
10.134673543294252	118.96939582188992
10.234673543294251	120.14539723875112
10.334673543294251	121.32139787770262
10.43467354329425	122.49740118777305
10.53467354329425	123.67340361364438
10.63467354329425	124.8494062961533
10.73467354329425	126.02540923525035
10.83467354329425	127.20141243088642
10.934673543294249	128.37741526232472
11.034673543294248	129.55341909825842
11.134673543294248	130.72942319130314
11.234673543294248	131.76132074970448
11.334673543294247	132.73873365557952
11.434673543294247	133.71614745225506
11.534673543294247	134.69355992115692
11.634673543294246	135.67097280315355
11.734673543294246	136.64838664813166
11.834673543294246	137.62580092080196
11.934673543294245	138.6032136857819
12.034673543294245	139.60517044002378
12.134673543294245	140.61156936514575
12.234673543294244	141.61796868432242
12.334673543294244	142.62436804304573
12.434673543294243	143.63076739592165
12.534673543294243	144.63716700471625
12.56	144.89205288272598
1000012.56	144.89205288272598
