-100000	0
-0.014948852539061974	0
-0.01161551920572864	0.033066755846900976
-0.00661551920572864	0.08329114707815594
0.0008844807942713596	0.15944544246236358
0.01213448079427136	0.274969355358103
0.02900948079427136	0.45040128546827
0.05432198079427136	0.7171792664106972
0.09229073079427136	1.1235015750238246
0.14924385579427135	1.7433272999434755
0.23467354329427137	2.690069461403841
0.33467354329427135	3.8170247861101227
0.4346735432942713	4.958668275173751
0.5346735432942713	6.11115920198145
0.6346735432942713	7.271728848061224
0.7346735432942713	8.438247780568497
0.8346735432942712	9.609003507879223
0.9346735432942712	10.782574743246663
1.0346735432942713	11.95775402788478
1.1346735432942714	13.133507273292054
1.2346735432942715	14.30929606453688
1.3346735432942716	15.485090372136108
1.4346735432942717	16.660888788907005
1.5346735432942717	17.836690624671338
1.6346735432942718	19.01249867208736
1.734673543294272	20.188310567686013
1.834673543294272	21.36412650959939
1.934673543294272	22.539946818108444
2.034673543294272	23.71576965427622
2.134673543294272	24.891598517224548
2.234673543294272	26.06743384284709
2.3346735432942722	27.243271664762307
2.4346735432942723	28.419113593508374
2.5346735432942724	29.594960089816606
2.6346735432942725	30.770810951465464
2.7346735432942726	31.946666178240445
2.8346735432942727	33.12252360048019
2.9346735432942728	34.29838965074987
3.034673543294273	35.47425989230656
3.134673543294273	36.65012992148254
3.234673543294273	37.82600623373335
3.334673543294273	39.001886734377
3.434673543294273	40.17777142352635
3.5346735432942733	41.353660301296664
3.6346735432942734	42.529554500766814
3.7346735432942735	43.705451155072694
3.8346735432942736	44.881351113255825
3.9346735432942737	46.05725437539679
4.034673543294273	47.233160941575385
4.134673543294273	48.40907081187185
4.234673543294273	49.58498437214379
4.334673543294272	50.76090153553954
4.434673543294272	51.93682127862971
4.5346735432942715	53.112744325262106
4.634673543294271	54.288670675353124
4.734673543294271	55.4646003288203
4.8346735432942705	56.640533285580915
4.93467354329427	57.81647112151045
5.03467354329427	58.99240975760495
5.134673543294269	60.168350828220035
5.234673543294269	61.344294333449206
5.334673543294269	62.52024027338793
5.434673543294268	63.69618622567718
5.534673543294268	64.87214024560511
5.634673543294268	66.0480942630699
5.734673543294267	67.22404938621101
5.834673543294267	68.40000660426496
5.9346735432942666	69.57596591728996
6.034673543294266	70.75192732534364
6.134673543294266	71.92789304212462
6.2346735432942655	73.10385840741783
6.334673543294265	74.27982526230157
6.434673543294265	75.45579360671668
6.534673543294264	76.63176344060352
6.634673543294264	77.80773476390321
6.734673543294264	78.9837079527185
6.834673543294263	80.15968409105497
6.934673543294263	81.33565832875509
7.034673543294263	82.51163482527727
7.134673543294262	83.6876123708804
7.234673543294262	84.8635909655896
7.334673543294262	86.03957060942857
7.434673543294261	87.21555287152718
7.534673543294261	88.39153428100536
7.6346735432942605	89.56751628221424
7.73467354329426	90.74349887510789
7.83467354329426	91.91948205963988
7.9346735432942594	93.0954647882939
8.034673543294259	94.27145012720491
8.134673543294259	95.4474349948634
8.234673543294258	96.62342024452784
8.334673543294258	97.79940600255374
8.434673543294258	98.97539226894918
8.534673543294257	100.15137904372132
8.634673543294257	101.32736632687728
8.734673543294257	102.50335404629965
8.834673543294256	103.67934245779328
8.934673543294256	104.85533137805297
9.034673543294256	106.03132080707022
9.134673543294255	107.20731074483888
9.234673543294255	108.38330085255653
9.334673543294254	109.5592912962893
9.434673543294254	110.73528304988169
9.534673543294254	111.91127490706087
9.634673543294253	113.08726727266735
9.734673543294253	114.2632601467079
9.834673543294253	115.4392535291897
9.934673543294252	116.61524617343983
10.034673543294252	117.79124067169674
10.134673543294252	118.96723567864959
10.234673543294251	120.14323119428984
10.334673543294251	121.31922721861014
10.43467354329425	122.49522375160403
10.53467354329425	123.67122004357405
10.63467354329425	124.84721694301474
10.73467354329425	126.02321536517951
10.83467354329425	127.19921380882457
10.934673543294249	128.37521276094773
11.034673543294248	129.55121222155861
11.134673543294248	130.72721219066364
11.234673543294248	131.759102759842
11.334673543294247	132.73651159604134
11.434673543294247	133.71392055042898
11.534673543294247	134.6913311917212
11.634673543294246	135.6687419672231
11.734673543294246	136.6461533675878
11.834673543294246	137.62356472252145
11.934673543294245	138.60097707242892
12.034673543294245	139.60293104890985
12.134673543294245	140.60932850050207
12.234673543294244	141.6157263477017
12.334673543294244	142.62212490200722
12.434673543294243	143.62852401211606
12.534673543294243	144.6349236307771
12.56	144.8898182058908
1000012.56	144.8898182058908
