-100000	0
0	0
0.0033333333333333335	0.016044603567460246
0.008333333333333333	0.040731049811483386
0.01583333333333333	0.07890903025689251
0.02708333333333333	0.13826867554304625
0.043958333333333335	0.2310845931689022
0.06927083333333334	0.3770370430747727
0.10723958333333333	0.6078012018154991
0.16419270833333333	0.9744900601759399
0.24962239583333334	1.5596021716475015
0.3496223958333333	2.285336864037884
0.4496223958333333	3.045689908786446
0.5496223958333333	3.834466875402099
0.6496223958333333	4.6474874916255855
0.7496223958333332	5.481779855030295
0.8496223958333332	6.335151929705325
0.9496223958333332	7.205973116740383
1.0496223958333333	8.092994154635242
1.1496223958333334	8.99362500593412
1.2496223958333335	9.900434560785364
1.3496223958333335	10.81288375945314
1.4496223958333336	11.731233551712135
1.5496223958333337	12.655712962898457
1.6496223958333338	13.586547168092544
1.749622395833334	14.523907740003565
1.849622395833334	15.467955925182148
1.949622395833334	16.41882276555599
2.049622395833334	17.376616570853166
2.149622395833334	18.341417654633318
2.249622395833334	19.313283691946268
2.349622395833334	20.292247718497574
2.4496223958333343	21.278322957302287
2.5496223958333344	22.27150191974083
2.6496223958333345	23.2717535246789
2.7496223958333346	24.27903333152015
2.8496223958333347	25.293275982695693
2.9496223958333347	26.31440148359997
3.049622395833335	27.342316861499462
3.149622395833335	28.37691453077526
3.249622395833335	29.41807678890355
3.349622395833335	30.465675451707156
3.449622395833335	31.519574269237367
3.5496223958333353	32.57962769151164
3.6496223958333354	33.64568418091535
3.7496223958333355	34.71758637737877
3.8496223958333355	35.79517246754681
3.9496223958333356	36.87827687072563
4.049622395833335	37.966732317554694
4.149622395833335	39.060367369863606
4.249622395833335	40.15900969393143
4.349622395833334	41.26249921792656
4.449622395833334	42.37065045479087
4.5496223958333335	43.483288452512866
4.649622395833333	44.6002393967162
4.749622395833333	45.72133207085968
4.849622395833332	46.846396194713336
4.949622395833332	47.9752620878689
5.049622395833332	49.10776363049242
5.149622395833331	50.2437350607949
5.249622395833331	51.38301421774334
5.349622395833331	52.525442355302886
5.44962239583333	53.67086421527334
5.54962239583333	54.81912622965514
5.64962239583333	55.97007748657522
5.749622395833329	57.12357280199033
5.849622395833329	58.279469082929495
5.9496223958333285	59.437626009246046
6.049622395833328	60.597909213488066
6.149622395833328	61.760187548202914
6.2496223958333275	62.92433234348064
6.349622395833327	64.09022002132927
6.449622395833327	65.25773239092807
6.549622395833326	66.42675292702
6.649622395833326	67.59717053907045
6.749622395833326	68.76887926270987
6.849622395833325	69.94177563516146
6.949622395833325	71.1157641886314
7.049622395833325	72.29076227490346
7.149622395833324	73.46666584056148
7.249622395833324	74.64338837818823
7.3496223958333236	75.82085056145266
7.449622395833323	76.99897378650911
7.549622395833323	78.17768702426721
7.6496223958333225	79.35692216085552
7.749622395833322	80.53661755547255
7.849622395833322	81.71671364924961
7.949622395833321	82.89715589912282
8.049622395833321	84.07789552398826
8.14962239583332	85.25888660715243
8.24962239583332	86.44008969487487
8.34962239583332	87.62146805568628
8.44962239583332	88.80299121213325
8.54962239583332	89.9846310460401
8.649622395833319	91.16636418583703
8.749622395833319	92.34817114464818
8.849622395833318	93.53003817481321
8.949622395833318	94.71195259622131
9.049622395833318	95.8939084543773
9.149622395833317	97.07590156217233
9.249622395833317	98.25793168484591
9.349622395833316	99.44000174292486
9.449622395833316	100.62211705471857
9.549622395833316	101.80428659439922
9.649622395833315	102.986522198622
9.749622395833315	104.10808525518466
9.849622395833315	105.2881324026451
9.949622395833314	106.13718446555716
10.049622395833314	107.1781807986679
10.149622395833314	108.16216399604652
10.249622395833313	109.14615161609814
10.349622395833313	110.13014365565951
10.449622395833313	111.11414012267305
10.549622395833312	112.09814107678599
10.649622395833312	113.08214644083131
10.749622395833311	114.06615620498695
10.849622395833311	115.05017045629198
10.94962239583331	116.03418914064723
11.04962239583331	117.01821164761027
11.14962239583331	118.00223991686167
11.24962239583331	118.98627204201274
11.34962239583331	119.9703083866419
11.449622395833309	120.95434924709875
11.549622395833309	121.93839448325583
11.649622395833308	122.92244426324632
11.749622395833308	123.90649832047428
11.849622395833308	124.89055713030083
11.949622395833307	125.8746201281468
11.950000000000001	125.87834114893765
1000011.95	125.87834114893765
