-100000	0
0	0
0.0033333333333333335	0.02042342298339445
0.008333333333333333	0.051839814307824056
0.01583333333333333	0.10021360534585845
0.02708333333333333	0.17487010333188996
0.043958333333333335	0.2904481162891629
0.06927083333333334	0.47006839281205115
0.10723958333333333	0.7502468105295252
0.16419270833333333	1.189060357640296
0.24962239583333334	1.8789325815003024
0.3496223958333333	2.7234367912828246
0.4496223958333333	3.599437324959123
0.5496223958333333	4.501367157471519
0.6496223958333333	5.4254257685115865
0.7496223958333332	6.368839079787493
0.8496223958333332	7.329510136316876
0.9496223958333332	8.305800611623894
1.0496223958333333	9.296419925368259
1.1496223958333334	10.29998264559059
1.2496223958333335	11.30954351998997
1.3496223958333335	12.322782931076764
1.4496223958333336	13.339849577810433
1.5496223958333337	14.360870136036178
1.6496223958333338	15.385957625325917
1.749622395833334	16.41520817482032
1.849622395833334	17.448712928376555
1.949622395833334	18.486530914083268
2.049622395833334	19.52871896257692
2.149622395833334	20.575316392764122
2.249622395833334	21.62634427315508
2.349622395833334	22.681819043765127
2.4496223958333343	23.741738323843997
2.5496223958333344	24.80610263000863
2.6496223958333345	25.87488006468266
2.7496223958333346	26.948045158772302
2.8496223958333347	28.0255360893837
2.9496223958333347	29.10730231729284
3.049622395833335	30.193287786612327
3.149622395833335	31.283416424711042
3.249622395833335	32.37761570318492
3.349622395833335	33.475812756153765
3.449622395833335	34.577910122499716
3.5496223958333353	35.6838232165329
3.6496223958333354	36.79345394438625
3.7496223958333355	37.90671767606356
3.8496223958333355	39.023497013279936
3.9496223958333356	40.143695581810675
4.049622395833335	41.2672133942984
4.149622395833335	42.39393841488257
4.249622395833335	43.52376399864738
4.349622395833334	44.65658656495023
4.449622395833334	45.79230100581245
4.5496223958333335	46.930791148519575
4.649622395833333	48.07195467654134
4.749622395833333	49.21568300817922
4.849622395833332	50.36188328158704
4.949622395833332	51.51043218586601
5.049622395833332	52.661237589362
5.149622395833331	53.81419165283108
5.249622395833331	54.969209244501705
5.349622395833331	56.12617898765939
5.44962239583333	57.28500387100509
5.54962239583333	58.445593672655995
5.64962239583333	59.6078608347372
5.749622395833329	60.77170623090757
5.849622395833329	61.93704142033626
5.9496223958333285	63.103784287945636
6.049622395833328	64.27185310934003
6.149622395833328	65.441169173923
6.2496223958333275	66.61165469643132
6.349622395833327	67.78323029645493
6.449622395833327	68.95582393747812
6.549622395833326	70.12936619141601
6.649622395833326	71.30379142875742
6.749622395833326	72.4790365704533
6.849622395833325	73.65503417279706
6.949622395833325	74.83172822073797
7.049622395833325	76.00906016005926
7.149622395833324	77.18697816820226
7.249622395833324	78.36543238080071
7.3496223958333236	79.54436926400206
7.449622395833323	80.72374473079104
7.549622395833323	81.90351650655664
7.6496223958333225	83.08364399970795
7.749622395833322	84.26408853745642
7.849622395833322	85.44481284759676
7.949622395833321	86.62578724715576
8.049622395833321	87.80697794608662
8.14962239583332	88.9883637480341
8.24962239583332	90.16990795769911
8.34962239583332	91.3515965585378
8.44962239583332	92.53340626884706
8.54962239583332	93.71531861280114
8.649622395833319	94.89732095669821
8.749622395833319	96.07938850650034
8.849622395833318	97.2615156383929
8.949622395833318	98.44369437826738
9.049622395833318	99.62591022723365
9.149622395833317	100.80815852081462
9.249622395833317	101.99043053072992
9.349622395833316	103.17272233659514
9.449622395833316	104.3550307447589
9.549622395833316	105.53735094993905
9.649622395833315	106.7196829433938
9.749622395833315	107.9020195239895
9.849622395833315	109.08435551123992
9.949622395833314	110.26669784442359
10.049622395833314	111.44903725562517
10.149622395833314	112.63137643019216
10.249622395833313	113.813719285534
10.349622395833313	114.99606317610639
10.449622395833313	116.17840769029817
10.549622395833312	117.36075275449996
10.649622395833312	118.54309945000398
10.749622395833311	119.72294563408414
10.849622395833311	120.86305795760093
10.94962239583331	121.9507762345829
11.04962239583331	122.98610360357377
11.14962239583331	123.9762092937214
11.24962239583331	124.9602576701876
11.34962239583331	125.94430890934034
11.449622395833309	126.92836132358808
11.549622395833309	127.91241491291882
11.649622395833308	128.89647088165034
11.749622395833308	129.88052631829638
11.849622395833308	130.864582455637
11.949622395833307	131.84864085937653
12.049622395833307	132.85495064670275
12.149622395833306	133.86134609388273
12.249622395833306	134.86773989813761
12.349622395833306	135.87413630008962
12.449622395833305	136.88053512072082
12.549622395833305	137.88693511638073
12.56	137.99138594103738
1000012.56	137.99138594103738
