-100000	0
-0.014948852539061974	0
-0.01161551920572864	0.03306386118163244
-0.00661551920572864	0.0832839143262106
0.0008844807942713596	0.15943170397663328
0.01213448079427136	0.2749458222112504
0.02900948079427136	0.45036318729236313
0.05432198079427136	0.7171192802013671
0.09229073079427136	1.1234088560690656
0.14924385579427135	1.7431856510069033
0.23467354329427137	2.689854905058102
0.33467354329427135	3.8167254570838414
0.4346735432942713	4.958284891930621
0.5346735432942713	6.110692411455117
0.6346735432942713	7.27117938495851
0.7346735432942713	8.4376163676481
0.8346735432942712	9.608290760761605
0.9346735432942712	10.781781314648208
1.0346735432942713	11.956880670252197
1.1346735432942714	13.132554512205099
1.2346735432942715	14.308264799377548
1.3346735432942716	15.48398098680595
1.4346735432942717	16.659701890990178
1.5346735432942717	17.835428510344087
1.6346735432942718	19.011162281844165
1.734673543294272	20.18689941885592
1.834673543294272	21.362642627908894
1.934673543294272	22.53839243947766
2.034673543294272	23.714145444547885
2.134673543294272	24.889904931002313
2.234673543294272	26.065670015183166
2.3346735432942722	27.24143980805486
2.4346735432942723	28.417214132008883
2.5346735432942724	29.592995887425
2.6346735432942725	30.76878091986688
2.7346735432942726	31.944570008881634
2.8346735432942727	33.12036615145841
2.9346735432942728	34.29616585056381
3.034673543294273	35.47196974580858
3.134673543294273	36.64778065246024
3.234673543294273	37.82359714095361
3.334673543294273	38.99941495297345
3.434673543294273	40.17523843554025
3.5346735432942733	41.35106950400405
3.6346735432942734	42.526902111708175
3.7346735432942735	43.702740500136414
3.8346735432942736	44.87858613587341
3.9346735432942737	46.05443306308087
4.034673543294273	47.23028615550957
4.134673543294273	48.40614600179926
4.234673543294273	49.582005921847525
4.334673543294272	50.757871250035635
4.434673543294272	51.93374384725256
4.5346735432942715	53.109617321895456
4.634673543294271	54.28549415529013
4.734673543294271	55.46137703769884
4.8346735432942705	56.63726111670428
4.93467354329427	57.813147227941016
5.03467354329427	58.98903950920382
5.134673543294269	60.16493323500228
5.234673543294269	61.34082920867854
5.334673543294269	62.51673088071984
5.434673543294268	63.69263659115793
5.534673543294268	64.86854181563446
5.634673543294268	66.0444508693664
5.734673543294267	67.22036622091957
5.834673543294267	68.39628066284469
5.9346735432942666	69.57219955528294
6.034673543294266	70.74812430157694
6.134673543294266	71.92404815450345
6.2346735432942655	73.09997669034199
6.334673543294265	74.27590859762707
6.434673543294265	75.45184330465491
6.534673543294264	76.62778147669432
6.634673543294264	77.80372355961104
6.734673543294264	78.97966795326523
6.834673543294263	80.1556154241264
6.934673543294263	81.33156685124683
7.034673543294263	82.50752096672514
7.134673543294262	83.68347742006333
7.234673543294262	84.85943598578565
7.334673543294262	86.03539581747978
7.434673543294261	87.21135619413616
7.534673543294261	88.38731828884109
7.6346735432942605	89.56328256438567
7.73467354329426	90.73924631685578
7.83467354329426	91.91521158319262
7.9346735432942594	93.09117874192272
8.034673543294259	94.26714622070247
8.134673543294259	95.4431148387371
8.234673543294258	96.61908354864549
8.334673543294258	97.79505429880302
8.434673543294258	98.97102571924357
8.534673543294257	100.14699750969449
8.634673543294257	101.32297046064694
8.734673543294257	102.49894472961188
8.834673543294256	103.67491893103745
8.934673543294256	104.85089448263913
9.034673543294256	106.02687128754589
9.134673543294255	107.2028480785184
9.234673543294255	108.37882631728188
9.334673543294254	109.5548057102975
9.434673543294254	110.73078494980255
9.534673543294254	111.90676571074495
9.634673543294253	113.08274748741343
9.734673543294253	114.25872970368326
9.834673543294253	115.4347117689527
9.934673543294252	116.61069709552004
10.034673543294252	117.78668106938171
10.134673543294252	118.96266810611155
10.234673543294251	120.1386544358443
10.334673543294251	121.31464116484905
10.43467354329425	122.49063072246638
10.53467354329425	123.66662048812874
10.63467354329425	124.8426107311116
10.73467354329425	126.01860184652924
10.83467354329425	127.19459383426793
10.934673543294249	128.37058619610292
11.034673543294248	129.54658018187834
11.134673543294248	130.72257466807238
11.234673543294248	131.7544640272242
11.334673543294247	132.73186878664424
11.434673543294247	133.70927430437476
11.534673543294247	134.68668090680916
11.634673543294246	135.66408861206193
11.734673543294246	136.64149672382084
11.834673543294246	137.61890559360356
11.934673543294245	138.59631528083042
12.034673543294245	139.5982675327887
12.134673543294245	140.60466314540588
12.234673543294244	141.61105987577577
12.334673543294244	142.61745751331438
12.434673543294243	143.62385602215835
12.534673543294243	144.63025540239212
12.56	144.88514572725475
1000012.56	144.88514572725475
