-100000	0
-0.014948852539061974	0
-0.01161551920572864	0.03306242394284756
-0.00661551920572864	0.08328032012756204
0.0008844807942713596	0.1594248811230241
0.01213448079427136	0.27493416943622856
0.02900948079427136	0.45034423868833834
0.05432198079427136	0.7170895609469665
0.09229073079427136	1.1233628969183904
0.14924385579427135	1.743115506716568
0.23467354329427137	2.6897485756116977
0.33467354329427135	3.816577201928178
0.4346735432942713	4.958094935992571
0.5346735432942713	6.1104611024469815
0.6346735432942713	7.270907085224885
0.7346735432942713	8.43730323295978
0.8346735432942712	9.607937305064672
0.9346735432942712	10.781387987100068
1.0346735432942713	11.95644763568484
1.1346735432942714	13.132081828173687
1.2346735432942715	14.307753117685143
1.3346735432942716	15.48342974697653
1.4346735432942717	16.65911290948191
1.5346735432942717	17.834800980213352
1.6346735432942718	19.010495378218668
1.734673543294272	20.18619585846141
1.834673543294272	21.36190135586282
1.934673543294272	22.537613540052824
2.034673543294272	23.713330898795395
2.134673543294272	24.8890537743093
2.234673543294272	26.06478332449273
2.3346735432942722	27.240517577275266
2.4346735432942723	28.416258316535377
2.5346735432942724	29.592005215022603
2.6346735432942725	30.76775685488786
2.7346735432942726	31.943514987508678
2.8346735432942727	33.11927919838167
2.9346735432942728	34.29504769937346
3.034673543294273	35.470822598112946
3.134673543294273	36.646600930054085
3.234673543294273	37.82238502645374
3.334673543294273	38.99817448208037
3.434673543294273	40.17396713462786
3.5346735432942733	41.34976597186564
3.6346735432942734	42.52557010136236
3.7346735432942735	43.70137682053118
3.8346735432942736	44.8771884445386
3.9346735432942737	46.05300463780932
4.034673543294273	47.22882345003652
4.134673543294273	48.404648242781235
4.234673543294273	49.58047457780513
4.334673543294272	50.756306447933866
4.434673543294272	51.93214326264376
4.5346735432942715	53.107981872315236
4.634673543294271	54.28382565114149
4.734673543294271	55.45967424481611
4.8346735432942705	56.63552497726913
4.93467354329427	57.81138103553599
5.03467354329427	58.987241623461124
5.134673543294269	60.163104505458456
5.234673543294269	61.33897361027507
5.334673543294269	62.514845507617046
5.434673543294268	63.69072025258067
5.534673543294268	64.86660134529248
5.634673543294268	66.04248385739153
5.734673543294267	67.21837222496862
5.834673543294267	68.39426556533031
5.9346735432942666	69.57016025168895
6.034673543294266	70.74606071511738
6.134673543294266	71.92196573927384
6.2346735432942655	73.09787236503334
6.334673543294265	74.27378544396178
6.434673543294265	75.44970075873589
6.534673543294264	76.62562115366238
6.634673543294264	77.80154559651385
6.734673543294264	78.97747314557668
6.834673543294263	80.1534056016217
6.934673543294263	81.32934188160128
7.034673543294263	82.50528101924954
7.134673543294262	83.68122426811156
7.234673543294262	84.85716845946979
7.334673543294262	86.0331148472707
7.434673543294261	87.20906319822139
7.534673543294261	88.3850112392479
7.6346735432942605	89.56096172861477
7.73467354329426	90.73691351277287
7.83467354329426	91.91286522988625
7.9346735432942594	93.0888189558816
8.034673543294259	94.26477308291156
8.134673543294259	95.44072949713481
8.234673543294258	96.61668572412331
8.334673543294258	97.79264359687723
8.434673543294258	98.96860370324261
8.534673543294257	100.14456315083848
8.634673543294257	101.32052502178583
8.734673543294257	102.49648829804025
8.834673543294256	103.67245096398139
8.934673543294256	104.84841652646968
9.034673543294256	106.02438328113125
9.134673543294255	107.2003491639016
9.234673543294255	108.37631841972303
9.334673543294254	109.55228798799935
9.434673543294254	110.72825848326177
9.534673543294254	111.90423070119533
9.634673543294253	113.08020351879965
9.734673543294253	114.2561780414629
9.834673543294253	115.43215477731273
9.934673543294252	116.60812750952127
10.034673543294252	117.78410574765077
10.134673543294252	118.96008586236258
10.234673543294251	120.1360641102284
10.334673543294251	121.31204563717145
10.43467354329425	122.48802832160236
10.53467354329425	123.66401171552322
10.63467354329425	124.83999583950335
10.73467354329425	126.01598190732665
10.83467354329425	127.19196945156675
10.934673543294249	128.36795682177487
11.034673543294248	129.5439464291275
11.134673543294248	130.71993719348288
11.234673543294248	131.7518186342858
11.334673543294247	132.72921981385753
11.434673543294247	133.70662197777992
11.534673543294247	134.684025568393
11.634673543294246	135.66143162831378
11.734673543294246	136.6388371153968
11.834673543294246	137.61624322655896
11.934673543294245	138.5936517314327
12.034673543294245	139.5956016247505
12.134673543294245	140.60199589496366
12.234673543294244	141.60839132125096
12.334673543294244	142.61478790366263
12.434673543294243	143.62118612381974
12.534673543294243	144.62758541466727
12.56	144.88247637683992
1000012.56	144.88247637683992
