-100000	0
0	0
0.0033333333333333335	0.0313981984194882
0.008333333333333333	0.07920781809699413
0.01583333333333333	0.15184491255370125
0.02708333333333333	0.262295356441856
0.043958333333333335	0.43039128928903053
0.06927083333333334	0.6866828135933695
0.10723958333333333	1.0781190671514436
0.16419270833333333	1.6770905622546817
0.24962239583333334	2.59513375588725
0.3496223958333333	3.691663387817684
0.4496223958333333	4.805782337414962
0.5496223958333333	5.933342281258731
0.6496223958333333	7.071389126078147
0.7496223958333332	8.21767296188699
0.8496223958333332	9.370405401757832
0.9496223958333332	10.528115652475849
1.0496223958333333	11.689562670875317
1.1496223958333334	12.85357099438667
1.2496223958333335	14.018390271348249
1.3496223958333335	15.183671190598606
1.4496223958333336	16.349412463763557
1.5496223958333337	17.515611022398485
1.6496223958333338	18.68225929378248
1.749622395833334	19.849355666245533
1.849622395833334	21.016892340114087
1.949622395833334	22.184859430976566
2.049622395833334	23.35325352867317
2.149622395833334	24.52206778702582
2.249622395833334	25.69128904809329
2.349622395833334	26.86091230088504
2.4496223958333343	28.0309234883233
2.5496223958333344	29.201318513743782
2.6496223958333345	30.372082840151958
2.7496223958333346	31.543206526704523
2.8496223958333347	32.7146821842937
2.9496223958333347	33.88649855868226
3.049622395833335	35.058648677011085
3.149622395833335	36.231117586126686
3.249622395833335	37.40390124370109
3.349622395833335	38.57698178532289
3.449622395833335	39.75034641538964
3.5496223958333353	40.92400105938682
3.6496223958333354	42.09792627022895
3.7496223958333355	43.27210638382938
3.8496223958333355	44.44654086209289
3.9496223958333356	45.621219840095804
4.049622395833335	46.796133871505546
4.149622395833335	47.97127172868552
4.249622395833335	49.14662944237458
4.349622395833334	50.32219876289227
4.449622395833334	51.497968407506505
4.5496223958333335	52.67393558535741
4.649622395833333	53.85009016021372
4.749622395833333	55.02643337843369
4.849622395833332	56.20295244489149
4.949622395833332	57.37964230593579
5.049622395833332	58.556499529940396
5.149622395833331	59.73352654005731
5.249622395833331	60.91069665584558
5.349622395833331	62.08802702452374
5.44962239583333	63.26550806887124
5.54962239583333	64.44313352028641
5.64962239583333	65.62090065898792
5.749622395833329	66.79880894984682
5.849622395833329	67.97685998297965
5.9496223958333285	69.15505348811764
6.049622395833328	70.33336757910295
6.149622395833328	71.51180768642475
6.2496223958333275	72.69040036565352
6.349622395833327	73.86911795754112
6.449622395833327	75.04796119420045
6.549622395833326	76.2269250666877
6.649622395833326	77.40602403741288
6.749622395833326	78.585251726189
6.849622395833325	79.76460944541203
6.949622395833325	80.94408995695015
7.049622395833325	82.1237045692797
7.149622395833324	83.30344384416397
7.249622395833324	84.48331968657332
7.3496223958333236	85.66333659491032
7.449622395833323	86.8434764775653
7.549622395833323	88.02374071499804
7.6496223958333225	89.20413775128712
7.749622395833322	90.38466789750856
7.849622395833322	91.56532885859181
7.949622395833321	92.74611127686687
8.049622395833321	93.92701804003315
8.14962239583332	95.10805350853629
8.24962239583332	96.28921123981132
8.34962239583332	97.47049101599606
8.44962239583332	98.65188745228585
8.54962239583332	99.8333894046672
8.649622395833319	101.01500551377805
8.749622395833319	102.19672377622294
8.849622395833318	103.37853634806534
8.949622395833318	104.5604502916231
9.049622395833318	105.74244167489977
9.149622395833317	106.92451045294625
9.249622395833317	108.1066602398733
9.349622395833316	109.28886555097658
9.449622395833316	110.47111460018685
9.549622395833316	111.65339409349383
9.649622395833315	112.83569760827038
9.749622395833315	114.01800649105877
9.849622395833315	115.20031787189245
9.949622395833314	116.38263196525044
10.049622395833314	117.56494877120069
10.149622395833314	118.74726527515396
10.249622395833313	119.92958953426773
10.349622395833313	121.11191809305504
10.449622395833313	122.29424591734431
10.549622395833312	123.47657645469083
10.649622395833312	124.65890970513681
10.749622395833311	125.8412456687201
10.849622395833311	127.02358434548104
10.94962239583331	128.20592573545966
11.04962239583331	129.38827079498418
11.14962239583331	130.5706169504266
11.24962239583331	131.58318379292314
11.34962239583331	132.5672318084977
11.449622395833309	133.55128253685132
11.549622395833309	134.53533597803522
11.649622395833308	135.5193921320987
11.749622395833308	136.50345099909248
11.849622395833308	137.4875124580414
11.949622395833307	138.47157725437745
11.950000000000001	138.47529556190977
1000011.95	138.47529556190977
