-100000	0
-0.014948852539061974	0
-0.01161551920572864	0.030630638416708256
-0.00661551920572864	0.07727526615885845
0.0008844807942713596	0.14814877417701428
0.01213448079427136	0.2559138110749191
0.02900948079427136	0.4199726984942144
0.05432198079427136	0.6701491457760627
0.09229073079427136	1.0523693623699928
0.14924385579427135	1.6360385169608818
0.23467354329427137	2.5331622694073346
0.33467354329427135	3.605163543444288
0.4346735432942713	4.694730862828853
0.5346735432942713	5.797710469535947
0.6346735432942713	6.9111325891777255
0.7346735432942713	8.032726590479363
0.8346735432942712	9.16068068258052
0.9346735432942712	10.293502809744444
1.0346735432942713	11.429929135177087
1.1346735432942714	12.568824906752075
1.2346735432942715	13.70915725164402
1.3346735432942716	14.850721935472693
1.4346735432942717	15.993456022977456
1.5346735432942717	17.137300713895627
1.6346735432942718	18.28219353354269
1.734673543294272	19.4280806696236
1.834673543294272	20.574909638979108
1.934673543294272	21.722631608554998
2.034673543294272	22.871200826821042
2.134673543294272	24.020576182483904
2.234673543294272	25.17071975007496
2.3346735432942722	26.321596419897656
2.4346735432942723	27.473171210756913
2.5346735432942724	28.625416145893283
2.6346735432942725	29.77829920764711
2.7346735432942726	30.931796391417855
2.8346735432942727	32.08588548439558
2.9346735432942728	33.240541315070566
3.034673543294273	34.39574844556353
3.134673543294273	35.55148329348128
3.234673543294273	36.70773080781244
3.334673543294273	37.864476229720715
3.434673543294273	39.02170734509934
3.5346735432942733	40.17940709486568
3.6346735432942734	41.3375657057495
3.7346735432942735	42.49617240709401
3.8346735432942736	43.65521960354347
3.9346735432942737	44.81469386556098
4.034673543294273	45.974593533697
4.134673543294273	47.13490626769996
4.234673543294273	48.295627718321235
4.334673543294272	49.45675423873865
4.434673543294272	50.61827438957543
4.5346735432942715	51.78019113286268
4.634673543294271	52.942494734302436
4.734673543294271	54.10518356283902
4.8346735432942705	55.268254589001955
4.93467354329427	56.431701646704134
5.03467354329427	57.595526563839854
5.134673543294269	58.75972207730566
5.234673543294269	59.92428606116426
5.334673543294269	61.08921948383928
5.434673543294268	62.25451675155286
5.534673543294268	63.42017588006701
5.634673543294268	64.5861951056642
5.734673543294267	65.75256235585314
5.834673543294267	66.91928764380744
5.9346735432942666	68.08636614416075
6.034673543294266	69.25379378237874
6.134673543294266	70.42156446346189
6.2346735432942655	71.58966379197585
6.334673543294265	72.7581083196936
6.434673543294265	73.92689166223495
6.534673543294264	75.09601030049666
6.634673543294264	76.26544578589153
6.734673543294264	77.4352088842066
6.834673543294263	78.60528332201497
6.934673543294263	79.77568066256705
7.034673543294263	80.94638613950819
7.134673543294262	82.11739076258421
7.234673543294262	83.288696562263
7.334673543294262	84.46029168437916
7.434673543294261	85.63217158933953
7.534673543294261	86.80432768320071
7.6346735432942605	87.97675315729789
7.73467354329426	89.14944148224342
7.83467354329426	90.3223847542828
7.9346735432942594	91.49556278272647
8.034673543294259	92.6689830232194
8.134673543294259	93.84262947240562
8.234673543294258	95.01649491782568
8.334673543294258	96.19057016651762
8.434673543294258	97.36484580309335
8.534673543294257	98.53931223270156
8.634673543294257	99.71395975614867
8.734673543294257	100.88877850464408
8.834673543294256	102.06375856004563
8.934673543294256	103.23888991921615
9.034673543294256	104.41416746534884
9.134673543294255	105.5895911361314
9.234673543294255	106.76511775177488
9.334673543294254	107.94075791879135
9.434673543294254	109.11650193825407
9.534673543294254	110.29234584769155
9.634673543294253	111.46829131327686
9.734673543294253	112.64427198934033
9.834673543294253	113.8202453293327
9.934673543294252	114.99618885524465
10.034673543294252	116.172191594819
10.134673543294252	117.34818675396022
10.234673543294251	118.52417672234095
10.334673543294251	119.70017933880202
10.43467354329425	120.87617419558205
10.53467354329425	122.05215327515252
10.63467354329425	123.22814510313769
10.73467354329425	124.40413949832435
10.83467354329425	125.58014169553722
10.934673543294249	126.75614389275006
11.034673543294248	127.93214608996303
11.134673543294248	129.10814828717642
11.234673543294248	130.1399893779798
11.334673543294247	131.11737853189723
11.434673543294247	132.0947784452914
11.534673543294247	133.0721864744972
11.634673543294246	134.0495833066904
11.734673543294246	135.02699678432373
11.834673543294246	136.0043988774912
11.934673543294245	136.98180657372316
12.034673543294245	137.9837132436089
12.134673543294245	138.99011327865642
12.234673543294244	139.99651048387673
12.334673543294244	141.002907689096
12.434673543294243	142.00930489431576
12.534673543294243	143.01570213476774
12.56	143.27083647591553
1000012.56	143.27083647591553
