-100000	0
0	0
0.0033333333333333335	0.033242289631999176
0.008333333333333333	0.08373375871506714
0.01583333333333333	0.16029393261557667
0.02708333333333333	0.2764345315202418
0.043958333333333335	0.45280495870426396
0.06927083333333334	0.721012189723389
0.10723958333333333	1.1295150247369656
0.16419270833333333	1.7526720777662657
0.24962239583333334	2.704507537176461
0.3496223958333333	3.837527647068876
0.4496223958333333	4.985311144519853
0.5496223958333333	6.143992678391786
0.6496223958333333	7.310787300815329
0.7496223958333332	8.483552174040689
0.8496223958333332	9.66056510499732
0.9496223958333332	10.840396017884665
1.0496223958333333	12.021829482499223
1.1496223958333334	13.203826963737646
1.2496223958333335	14.385863445668711
1.3496223958333335	15.567907824917466
1.4496223958333336	16.749957038103204
1.5496223958333337	17.932010125597934
1.6496223958333338	19.11405371404367
1.749622395833334	20.29607788360277
1.849622395833334	21.478120604520416
1.949622395833334	22.660164107085766
2.049622395833334	23.842168326437392
2.149622395833334	25.024107147045772
2.249622395833334	26.20606122678952
2.349622395833334	27.388030500503437
2.4496223958333343	28.56995651954958
2.5496223958333344	29.751941425085096
2.6496223958333345	30.93392914785281
2.7496223958333346	32.115921060667254
2.8496223958333347	33.2978094221469
2.9496223958333347	34.479808974356885
3.049622395833335	35.66181253255206
3.149622395833335	36.84376410998171
3.249622395833335	38.0257669065893
3.349622395833335	39.20776226412215
3.449622395833335	40.38981079324907
3.5496223958333353	41.571886101385196
3.6496223958333354	42.75399757494703
3.7496223958333355	43.93611602231776
3.8496223958333355	45.11824048179707
3.9496223958333356	46.30036914414183
4.049622395833335	47.4825177963652
4.149622395833335	48.664671484980374
4.249622395833335	49.84682645934637
4.349622395833334	51.028988057446504
4.449622395833334	52.21115386044833
4.5496223958333335	53.39332600229101
4.649622395833333	54.57549903968596
4.749622395833333	55.7576655937208
4.849622395833332	56.93983375596279
4.949622395833332	58.12200417555789
5.049622395833332	59.30415491303374
5.149622395833331	60.4862677384352
5.249622395833331	61.668353175951566
5.349622395833331	62.85041318469595
5.44962239583333	64.03250979711738
5.54962239583333	65.21462507677448
5.64962239583333	66.39674480387427
5.749622395833329	67.57876062530838
5.849622395833329	68.76089114310831
5.9496223958333285	69.94302694800143
6.049622395833328	71.1251671372342
6.149622395833328	72.30719956330569
6.2496223958333275	73.48938624049366
6.349622395833327	74.67151444032734
6.449622395833327	75.85360745827191
6.549622395833326	77.03576896332291
6.649622395833326	78.21801308936989
6.749622395833326	79.40026143690801
6.849622395833325	80.58249563048945
6.949622395833325	81.76475714136593
7.049622395833325	82.94702420526497
7.149622395833324	84.12930611925007
7.249622395833324	85.31158959920191
7.3496223958333236	86.49387706289062
7.449622395833323	87.67616674151304
7.549622395833323	88.85845846635809
7.6496223958333225	90.04075296406775
7.749622395833322	91.2230496997312
7.849622395833322	92.40533491978769
7.949622395833321	93.58760517665787
8.049622395833321	94.76988727244255
8.14962239583332	95.95216913348705
8.24962239583332	97.13444933448301
8.34962239583332	98.31659894875744
8.44962239583332	99.49877282193145
8.54962239583332	100.68096200794679
8.649622395833319	101.86311411434188
8.749622395833319	103.04531760783586
8.849622395833318	104.22752134215013
8.949622395833318	105.40972921790134
9.049622395833318	106.59183640419083
9.149622395833317	107.77404282436068
9.249622395833317	108.95624946061835
9.349622395833316	110.13845629700735
9.449622395833316	111.32062171699192
9.549622395833316	112.50282093349449
9.649622395833315	113.68504981825119
9.749622395833315	114.8673428260232
9.849622395833315	116.04965606533739
9.949622395833314	117.23197142080392
10.049622395833314	118.41429181958455
10.149622395833314	119.59661604867314
10.249622395833313	120.77894235633151
10.349622395833313	121.96127175950808
10.449622395833313	123.14360215549725
10.549622395833312	124.32593788065502
10.649622395833312	125.5082742958607
10.749622395833311	126.69061351803346
10.849622395833311	127.87295554782675
10.94962239583331	129.05529848536665
11.04962239583331	130.23764896425018
11.14962239583331	131.4200028616461
11.24962239583331	132.43255317523312
11.34962239583331	133.4166045492197
11.449622395833309	134.40065608447586
11.549622395833309	135.3847088540699
11.649622395833308	136.3687628580036
11.749622395833308	137.35281809627332
11.849622395833308	138.3368745688835
11.949622395833307	139.32093289276332
12.049622395833307	140.3272419679964
12.149622395833306	141.33363655238028
12.249622395833306	142.34003306176186
12.349622395833306	143.3464291721154
12.449622395833305	144.35282651650468
12.549622395833305	145.35922509503624
12.56	145.46364584487333
1000012.56	145.46364584487333
