-100000	0
-0.014948852539061974	0
-0.01161551920572864	0.02494514054173958
-0.00661551920572864	0.06317375287046162
0.0008844807942713596	0.12164263232708071
0.01213448079427136	0.2111399645347243
0.02900948079427136	0.3483867450590332
0.05432198079427136	0.5593689253519254
0.09229073079427136	0.884596859474796
0.14924385579427135	1.3873745701859788
0.23467354329427137	2.166738739228754
0.33467354329427135	3.1079706415053763
0.4346735432942713	4.073285642408099
0.5346735432942713	5.057840456911311
0.6346735432942713	6.058227847647625
0.7346735432942713	7.0718894516045205
0.8346735432942712	8.096810130753363
0.9346735432942712	9.131353953780062
1.0346735432942713	10.174159099086369
1.1346735432942714	11.223922802436608
1.2346735432942715	12.27885123179034
1.3346735432942716	13.338368999274126
1.4346735432942717	14.40213384711575
1.5346735432942717	15.469841263866874
1.6346735432942718	16.54122107602858
1.734673543294272	17.616032893896175
1.834673543294272	18.694054083591304
1.934673543294272	19.775102806040515
2.034673543294272	20.858991985283502
2.134673543294272	21.945554973779018
2.234673543294272	23.034649972809447
2.3346735432942722	24.126148854872362
2.4346735432942723	25.219936946995052
2.5346735432942724	26.31590644219926
2.6346735432942725	27.413958277252455
2.7346735432942726	28.51400555716227
2.8346735432942727	29.61596005541408
2.9346735432942728	30.71975151266382
3.034673543294273	31.825313059675782
3.134673543294273	32.932585564009386
3.234673543294273	34.04150715912793
3.334673543294273	35.15202858349889
3.434673543294273	36.264105851253646
3.5346735432942733	37.37769883349461
3.6346735432942734	38.492763641010136
3.7346735432942735	39.60926835399928
3.8346735432942736	40.72717966981717
3.9346735432942737	41.84647300032367
4.034673543294273	42.96712548875268
4.134673543294273	44.08911132226378
4.234673543294273	45.212408803860676
4.334673543294272	46.3369970056393
4.434673543294272	47.462866058118124
4.5346735432942715	48.58999844340868
4.634673543294271	49.71838609573106
4.734673543294271	50.8480068047008
4.8346735432942705	51.97885201503022
4.93467354329427	53.110919931486286
5.03467354329427	54.2442017817672
5.134673543294269	55.37869469060205
5.234673543294269	56.514404374711084
5.334673543294269	57.65134719069667
5.434673543294268	58.789483733958065
5.534673543294268	59.9288413066852
5.634673543294268	61.069396215969334
5.734673543294267	62.21114155652877
5.834673543294267	63.35407743890738
5.9346735432942666	64.49820782539867
6.034673543294266	65.64346689393516
6.134673543294266	66.78986626800086
6.2346735432942655	67.93740231067892
6.334673543294265	69.08605717003667
6.434673543294265	70.23582179581757
6.534673543294264	71.3867125018287
6.634673543294264	72.53867776447952
6.734673543294264	73.6917524337529
6.834673543294263	74.84592546669626
6.934673543294263	76.001170460463
7.034673543294263	77.15748508304446
7.134673543294262	78.3148509207984
7.234673543294262	79.4732843632553
7.334673543294262	80.63270482357882
7.434673543294261	81.7931392738478
7.534673543294261	82.9545563105563
7.6346735432942605	84.11694656784036
7.73467354329426	85.2802869851908
7.83467354329426	86.44454991813213
7.9346735432942594	87.60971700574733
8.034673543294259	88.77576087010813
8.134673543294259	89.94265519158063
8.234673543294258	91.11037237374485
8.334673543294258	92.27888350992072
8.434673543294258	93.44815841784293
8.534673543294257	94.61816567364141
8.634673543294257	95.78887277222626
8.734673543294257	96.96024615023804
8.834673543294256	98.1322512771266
8.934673543294256	99.30485284925457
9.034673543294256	100.47801490788905
9.134673543294255	101.65170109433417
9.234673543294255	102.82587472571018
9.334673543294254	104.00049876511551
9.434673543294254	105.17553779617953
9.534673543294254	106.35095123606324
9.634673543294253	107.52670504835646
9.734673543294253	108.7026702274548
9.834673543294253	109.87861502597299
9.934673543294252	111.0545817683293
10.034673543294252	112.23055884688769
10.134673543294252	113.40655557833153
10.234673543294251	114.58252528132138
10.334673543294251	115.75849491734316
10.43467354329425	116.93445891449169
10.53467354329425	118.11045285904326
10.63467354329425	119.28643039561611
10.73467354329425	120.46240930154858
10.83467354329425	121.63838957812251
10.934673543294249	122.81435110001681
11.034673543294248	123.99034593159756
11.134673543294248	125.16634219493935
11.234673543294248	126.19829545859913
11.334673543294247	127.17569299557782
11.434673543294247	128.15309239630375
11.534673543294247	129.13049313600968
11.634673543294246	130.10788004880183
11.734673543294246	131.08528810274953
11.834673543294246	132.06269754572162
11.934673543294245	133.0401073261321
12.034673543294245	134.04204020336766
12.134673543294245	135.04843598446368
12.234673543294244	136.05483314810104
12.334673543294244	137.06123169321128
12.434673543294243	138.06762547321534
12.534673543294243	139.07401910014212
12.56	139.32893261682304
1000012.56	139.32893261682304
