-100000	0
0.1337755147999733	0
0.13710884813330662	0.000003472246035677869
0.14210884813330663	0.00003643324095871955
0.14960884813330663	0.00018461551068079022
0.16085884813330664	0.0007014357885714524
0.17773384813330664	0.0022885147807507338
0.20304634813330663	0.006790277553781143
0.24101509813330663	0.01887326033613226
0.2979682231333066	0.047639841080537954
0.38339791063330664	0.10577088422814375
0.4833979106333066	0.1895459392768058
0.5833979106333066	0.28581014086234247
0.6833979106333066	0.391677111785391
0.7833979106333065	0.5051136142719436
0.8833979106333065	0.6245514770661669
0.9833979106333065	0.7487099591619341
1.0833979106333065	0.8765018311851585
1.1833979106333066	1.0069787444596776
1.2833979106333067	1.139297519008149
1.3833979106333067	1.2726993166200107
1.4833979106333068	1.4064941284353456
1.583397910633307	1.5400531696362616
1.683397910633307	1.672802043310349
1.783397910633307	1.8042188765595955
1.8833979106333072	1.9338273173220604
1.9833979106333073	2.0612022570658053
2.083397910633307	2.1859675927180384
2.1833979106333072	2.30779546637176
2.2833979106333073	2.4264102621044765
2.3833979106333074	2.541589843128236
2.4833979106333075	2.653169684475621
2.5833979106333076	2.76104626496704
2.6833979106333077	2.865201858901644
2.7833979106333078	2.9659934751386885
2.883397910633308	3.063469376197713
2.983397910633308	3.157631511029355
3.083397910633308	3.248685186871317
3.183397910633308	3.3369751158308287
3.283397910633308	3.4229580892362073
3.3833979106333083	3.50718315088239
3.4833979106333084	3.590288845644165
3.5833979106333085	3.6729773043056277
3.6833979106333086	3.7560357111924607
3.7833979106333087	3.840319371514803
3.8833979106333087	3.9267590034287188
3.983397910633309	4.016356886281869
4.083397910633309	4.110190913413787
4.183397910633309	4.209419168415285
4.283397910633308	4.315281078637498
4.383397910633308	4.429096564118172
4.4833979106333075	4.552268472722096
4.583397910633307	4.686293311386801
4.683397910633307	4.832758669307135
4.783397910633306	4.9933460507723115
4.883397910633306	5.169841916731822
4.983397910633306	5.364160912559537
5.083397910633305	5.578412064460211
5.183397910633305	5.815053930657967
5.283397910633305	6.0772265867267
5.383397910633304	6.368972026060723
5.483397910633304	6.691830246162616
5.583397910633304	7.045226576399707
5.683397910633303	7.428024824433074
5.783397910633303	7.83881816819153
5.8833979106333025	8.276151585475166
5.983397910633302	8.738624082940623
6.083397910633302	9.224925220040852
6.1833979106333015	9.733834481675231
6.283397910633301	10.264228640657063
6.383397910633301	10.815086930405219
6.4833979106333	11.385449030099519
6.5833979106333	11.974420429037371
6.6833979106333	12.581163312577544
6.783397910633299	13.204889353968019
6.883397910633299	13.844853775391895
6.983397910633299	14.500350061504967
7.083397910633298	15.170705626906711
7.183397910633298	15.855279236038665
7.283397910633298	16.553456248992998
7.383397910633297	17.26464699341402
7.483397910633297	17.988286057288224
7.5833979106332965	18.723827511318003
7.683397910633296	19.470747331076023
7.783397910633296	20.228539164205124
7.883397910633295	20.996714479442122
7.983397910633295	21.77480343666854
8.083397910633295	22.56235256490958
8.183397910633294	23.358923594292417
8.283397910633294	24.164096052241536
8.383397910633294	24.977465461075013
8.483397910633293	25.798642805072557
8.583397910633293	26.627255569312016
8.683397910633293	27.46294723994916
8.783397910633292	28.305377539918585
8.883397910633292	29.154222303392512
8.983397910633292	30.009173906856027
9.083397910633291	30.86994131807895
9.18339791063329	31.736249903120132
9.28339791063329	32.60784161873837
9.38339791063329	33.48447493466832
9.48339791063329	34.36592495253176
9.58339791063329	35.25198426179585
9.683397910633289	36.14235472511484
9.783397910633289	37.03574672824281
9.883397910633288	37.931782315075395
9.983397910633288	38.830394726318694
10.083397910633288	39.73151934192771
10.183397910633287	40.63508904270257
10.283397910633287	41.541038292002554
10.383397910633287	42.44929916378984
10.483397910633286	43.35980522663903
10.583397910633286	44.27248694761464
10.683397910633285	45.18727562214211
10.783397910633285	46.10410106673337
10.883397910633285	47.022890747962926
10.983397910633284	47.94357302163639
11.083397910633284	48.866070936873676
11.183397910633284	49.79030873794535
11.283397910633283	50.716207211511716
11.383397910633283	51.643683550988946
11.483397910633283	52.57265335986609
11.583397910633282	53.50302993712962
11.683397910633282	54.43471892715547
11.783397910633282	55.36762494387907
11.883397910633281	56.301647587410976
11.98339791063328	57.23668021126023
12.08339791063328	58.17260944893545
12.18339791063328	59.109316581261666
12.28339791063328	60.04667380437224
12.38339791063328	60.984545055667105
12.483397910633279	61.92272118093793
12.583397910633279	62.861107064788115
12.664371945977152	63.57958110220454
1000012.664371946	63.57958110220454
