-100000	0
-0.014948852539061974	0
-0.01161551920572864	0.023152970708208067
-0.00661551920572864	0.058722516107782466
0.0008844807942713596	0.11325550324791096
0.01213448079427136	0.19694651036310237
0.02900948079427136	0.32565403546874044
0.05432198079427136	0.524127542247867
0.09229073079427136	0.8311209572564439
0.14924385579427135	1.3074849110050022
0.23467354329427137	2.0489081685503234
0.33467354329427135	2.9478227143703664
0.4346735432942713	3.8727609278757367
0.5346735432942713	4.818481717149742
0.6346735432942713	5.781435271065666
0.7346735432942713	6.759633396231939
0.8346735432942712	7.750586942307299
0.9346735432942712	8.752627604878226
1.0346735432942713	9.76437393722051
1.1346735432942714	10.784513066199212
1.2346735432942715	11.811207369242855
1.3346735432942716	12.843732645597262
1.4346735432942717	13.881610256983214
1.5346735432942717	14.924427533345527
1.6346735432942718	15.971824257617277
1.734673543294272	17.023479373764225
1.834673543294272	18.079108140671273
1.934673543294272	19.138459152368974
2.034673543294272	20.201305502084008
2.134673543294272	21.267444092089892
2.234673543294272	22.336690236997807
2.3346735432942722	23.408869258518916
2.4346735432942723	24.483840977395264
2.5346735432942724	25.561475743453823
2.6346735432942725	26.641650731202372
2.7346735432942726	27.724254244507307
2.8346735432942727	28.809184788832003
2.9346735432942728	29.8963521257979
3.034673543294273	30.985673750040675
3.134673543294273	32.07707423964189
3.234673543294273	33.170485544466025
3.334673543294273	34.26584674035246
3.434673543294273	35.363100372685466
3.5346735432942733	36.46219473455439
3.6346735432942734	37.56308345995245
3.7346735432942735	38.6657254144097
3.8346735432942736	39.77008288797247
3.9346735432942737	40.87612170263058
4.034673543294273	41.983811635246646
4.134673543294273	43.09312549931653
4.234673543294273	44.204037225113595
4.334673543294272	45.316525579555844
4.434673543294272	46.43057010887671
4.5346735432942715	47.54615294841171
4.634673543294271	48.66325874847805
4.734673543294271	49.78187388883381
4.8346735432942705	50.901985350590834
4.93467354329427	52.02358236287416
5.03467354329427	53.14665430778547
5.134673543294269	54.271192761499286
5.234673543294269	55.397189098496916
5.334673543294269	56.52463579905523
5.434673543294268	57.65352669404487
5.534673543294268	58.783856071261546
5.634673543294268	59.91561703565391
5.734673543294267	61.04880340656605
5.834673543294267	62.18340948293306
5.9346735432942666	63.31943046583398
6.034673543294266	64.45686018721459
6.134673543294266	65.59569244601688
6.2346735432942655	66.7359208574198
6.334673543294265	67.87753883679603
6.434673543294265	69.02053888106134
6.534673543294264	70.16491306445442
6.634673543294264	71.31065180917989
6.734673543294264	72.45774539246935
6.834673543294263	73.60618199045268
6.934673543294263	74.75595206931115
7.034673543294263	75.90704071596227
7.134673543294262	77.05943273912726
7.234673543294262	78.21311443606638
7.334673543294262	79.36806744175145
7.434673543294261	80.52427348841884
7.534673543294261	81.68171250659783
7.6346735432942605	82.84036261992955
7.73467354329426	84.00020068174491
7.83467354329426	85.16120186937626
7.9346735432942594	86.32333700256046
8.034673543294259	87.48657881465337
8.134673543294259	88.65089894725247
8.234673543294258	89.81626279066042
8.334673543294258	90.98263808981474
8.434673543294258	92.14998712715149
8.534673543294257	93.31827374805464
8.634673543294257	94.48745869462897
8.734673543294257	95.65750061003244
8.834673543294256	96.828357152566
8.934673543294256	97.9999845922804
9.034673543294256	99.17233803317325
9.134673543294255	100.34537164254237
9.234673543294255	101.51903887479938
9.334673543294254	102.69329357038805
9.434673543294254	103.86808882029153
9.534673543294254	105.04337724555823
9.634673543294253	106.21912043329165
9.734673543294253	107.39512092570835
9.834673543294253	108.57112265478304
9.934673543294252	109.74711718719185
10.034673543294252	110.92312361848151
10.134673543294252	112.09912809075078
10.234673543294251	113.27513012379839
10.334673543294251	114.45113502373914
10.43467354329425	115.62714140118261
10.53467354329425	116.80314227713086
10.63467354329425	117.97914761637402
10.73467354329425	119.15515292413063
10.83467354329425	120.33115924755926
10.934673543294249	121.50716557098816
11.034673543294248	122.68317189441669
11.134673543294248	123.85917821784527
11.234673543294248	124.89107619408081
11.334673543294247	125.86848779079997
11.434673543294247	126.84589935115831
11.534673543294247	127.82331359812893
11.634673543294246	128.80072563356043
11.734673543294246	129.77813928611852
11.834673543294246	130.75555403076737
11.934673543294245	131.7329693200547
12.034673543294245	132.73491691339328
12.134673543294245	133.7413162300911
12.234673543294244	134.74771613311432
12.334673543294244	135.75411547024677
12.434673543294243	136.76051597106658
12.534673543294243	137.76691532005668
12.56	138.0218514483261
1000012.56	138.0218514483261
