-100000	0
0	0
0.0033333333333333335	0.03320899617814001
0.008333333333333333	0.0836505879858806
0.01583333333333333	0.16013868393021366
0.02708333333333333	0.2761707891365318
0.043958333333333335	0.4523789448423085
0.06927083333333334	0.7203457249919523
0.10723958333333333	1.1284898592208301
0.16419270833333333	1.7511157566907958
0.24962239583333334	2.7021704767247736
0.3496223958333333	3.834299969847797
0.4496223958333333	4.981219315678769
0.5496223958333333	6.139063473487869
0.6496223958333333	7.3050485370818725
0.7496223958333332	8.477030813748375
0.8496223958333332	9.653286951352847
0.9496223958333332	10.832387429130174
1.0496223958333333	12.013116102186398
1.1496223958333334	13.194438252750789
1.2496223958333335	14.375802275368464
1.3496223958333335	15.557181686918737
1.4496223958333336	16.738576487420435
1.5496223958333337	17.9199866768932
1.6496223958333338	19.10141225535622
1.749622395833334	20.282853222828653
1.849622395833334	21.464309579329736
1.949622395833334	22.645824559815328
2.049622395833334	23.827275753827827
2.149622395833334	25.00877389606126
2.249622395833334	26.190284382942604
2.349622395833334	27.371807214485255
2.4496223958333343	28.553342390702
2.5496223958333344	29.73488991160579
2.6496223958333345	30.916449777210037
2.7496223958333346	32.09802198752748
2.8496223958333347	33.279606542571635
2.9496223958333347	34.46120344235516
3.049622395833335	35.642812686891325
3.149622395833335	36.82443427619317
3.249622395833335	38.00606821027379
3.349622395833335	39.18771448914616
3.449622395833335	40.36937311282354
3.5496223958333353	41.551044081318935
3.6496223958333354	42.732727394645146
3.7496223958333355	43.91442305281587
3.8496223958333355	45.09613105584341
3.9496223958333356	46.27785140374136
4.049622395833335	47.45958409652324
4.149622395833335	48.64132913420099
4.249622395833335	49.82308651678823
4.349622395833334	51.0048562442979
4.449622395833334	52.186638316743476
4.5496223958333335	53.36843273413816
4.649622395833333	54.55023949649426
4.749622395833333	55.73205860382521
4.849622395833332	56.91389005614422
4.949622395833332	58.095733853464395
5.049622395833332	59.27758999579826
5.149622395833331	60.459458483159835
5.249622395833331	61.64133931556121
5.349622395833331	62.823232493016555
5.44962239583333	64.00513801553795
5.54962239583333	65.1870558831389
5.64962239583333	66.36898609583248
5.749622395833329	67.55092865363146
5.849622395833329	68.73288355654934
5.9496223958333285	69.91485080459897
6.049622395833328	71.09683039779364
6.149622395833328	72.27882233614604
6.2496223958333275	73.46082661966942
6.349622395833327	74.6428432483771
6.449622395833327	75.82487222228208
6.549622395833326	77.0069135413968
6.649622395833326	78.18896720573548
6.749622395833326	79.37103321531023
6.849622395833325	80.55311157013456
6.949622395833325	81.73520227022149
7.049622395833325	82.91730531558386
7.149622395833324	84.09942070623514
7.249622395833324	85.28154844218848
7.3496223958333236	86.46368852345607
7.449622395833323	87.64584095005158
7.549622395833323	88.82800572198877
7.6496223958333225	90.01018283927951
7.749622395833322	91.1923723019379
7.849622395833322	92.37457410997564
7.949622395833321	93.55678826340717
8.049622395833321	94.73904161449329
8.14962239583332	95.9212713533093
8.24962239583332	97.10350473013321
8.34962239583332	98.2857417449236
8.44962239583332	99.4679823976401
8.54962239583332	100.6502266882415
8.649622395833319	101.83247461668819
8.749622395833319	103.01472618293984
8.849622395833318	104.19698121432961
8.949622395833318	105.37923896645394
9.049622395833318	106.56150143573846
9.149622395833317	107.7437675427565
9.249622395833317	108.9260372874675
9.349622395833316	110.10831066983582
9.449622395833316	111.29058768981994
9.549622395833316	112.47286834738264
9.649622395833315	113.65515264248602
9.749622395833315	114.83744243167979
9.849622395833315	116.01973442843472
9.949622395833314	117.20202956043974
10.049622395833314	118.38432832930933
10.149622395833314	119.56663073503925
10.249622395833313	120.74893677762412
10.349622395833313	121.9312464570604
10.449622395833313	123.11355977334341
10.549622395833312	124.29587672646826
10.649622395833312	125.47819731643037
10.749622395833311	126.66052154322506
10.849622395833311	127.84284819317588
10.94962239583331	129.02517991411005
11.04962239583331	130.2075152724575
11.14962239583331	131.3898542681383
11.24962239583331	132.40240325489248
11.34962239583331	133.38644551728044
11.449622395833309	134.37049141705532
11.549622395833309	135.35454095408247
11.649622395833308	136.3385941282279
11.749622395833308	137.3226486222024
11.849622395833308	138.30670943441388
11.949622395833307	139.29077388358152
11.950000000000001	139.29454102981455
1000011.95	139.29454102981455
