-100000	0
0	0
0.0033333333333333335	0.03324118454504522
0.008333333333333333	0.08373083461604221
0.01583333333333333	0.16028780546915716
0.02708333333333333	0.27642349841493224
0.043958333333333335	0.45278606221973533
0.06927083333333334	0.7209811896502262
0.10723958333333333	1.1294654014611072
0.16419270833333333	1.7525940735522723
0.24962239583333334	2.704389417385126
0.3496223958333333	3.8373663844895542
0.4496223958333333	4.985112271449741
0.5496223958333333	6.143762809861587
0.6496223958333333	7.310533226419685
0.7496223958333332	8.483280370386819
0.8496223958333332	9.660281909177671
0.9496223958333332	10.840107164918157
1.0496223958333333	12.021541845138554
1.1496223958333334	13.203545454588456
1.2496223958333335	14.385586579743022
1.3496223958333335	15.56762966489315
1.4496223958333336	16.749694328780123
1.5496223958333337	17.93175139917534
1.6496223958333338	19.113819494088993
1.749622395833334	20.295897228678502
1.849622395833334	21.47797803768711
1.949622395833334	22.66006481989068
2.049622395833334	23.842157574868885
2.149622395833334	25.024250116283724
2.249622395833334	26.206354174097
2.349622395833334	27.388469530345855
2.4496223958333343	28.57058582925203
2.5496223958333344	29.75270821123955
2.6496223958333345	30.934836557217267
2.7496223958333346	32.1169708671852
2.8496223958333347	33.29911114114366
2.9496223958333347	34.48125123765659
3.049622395833335	35.6634099940883
3.149622395833335	36.845568168105046
3.249622395833335	38.027732305792064
3.349622395833335	39.209902407149
3.449622395833335	40.39207847217612
3.5496223958333353	41.57426050087301
3.6496223958333354	42.75645458423629
3.7496223958333355	43.938642576135365
3.8496223958333355	45.12084191419563
3.9496223958333356	46.303046853525736
4.049622395833335	47.48525739394179
4.149622395833335	48.66747353526119
4.249622395833335	49.84969445804738
4.349622395833334	51.031921991159315
4.449622395833334	52.21415400023147
4.5496223958333335	53.39639124813304
4.649622395833333	54.57863373486546
4.749622395833333	55.760881460427576
4.849622395833332	56.94312565012998
4.949622395833332	58.12539298295399
5.049622395833332	59.30765587657992
5.149622395833331	60.48992361374236
5.249622395833331	61.67219619453777
5.349622395833331	62.85447361906081
5.44962239583333	64.03674567610261
5.54962239583333	65.21905350864469
5.64962239583333	66.40133297831048
5.749622395833329	67.58362719736223
5.849622395833329	68.76592502419686
5.9496223958333285	69.94822645877821
6.049622395833328	71.130531501072
6.149622395833328	72.3128528921981
6.2496223958333275	73.4951518993459
6.349622395833327	74.67746508056833
6.449622395833327	75.85978031721527
6.549622395833326	77.04209760928752
6.649622395833326	78.22441695678482
6.749622395833326	79.40673103306649
6.849622395833325	80.58906178063744
6.949622395833325	81.77138735403905
7.049622395833325	82.95371485327593
7.149622395833324	84.13604427817718
7.249622395833324	85.31837562856968
7.3496223958333236	86.50070127078459
7.449622395833323	87.68304298259487
7.549622395833323	88.86537949170084
7.6496223958333225	90.04771675114483
7.749622395833322	91.23005515210701
7.849622395833322	92.41239469458925
7.949622395833321	93.59473537859336
8.049622395833321	94.77707615873987
8.14962239583332	95.95942043220988
8.24962239583332	97.14176338333482
8.34962239583332	98.32410695756961
8.44962239583332	99.50645115491494
8.54962239583332	100.68879597537115
8.649622395833319	101.87114170342547
8.749622395833319	103.05348673109394
8.849622395833318	104.23583368636396
8.949622395833318	105.41818126690313
9.049622395833318	106.60052947262683
9.149622395833317	107.78287830345046
9.249622395833317	108.96522819507581
9.349622395833316	110.14757593575187
9.449622395833316	111.32992663384145
9.549622395833316	112.51227795687896
9.649622395833315	113.69462990478011
9.749622395833315	114.87698247745945
9.849622395833315	116.05933708176106
9.949622395833314	117.24168629236515
10.049622395833314	118.42404235657949
10.149622395833314	119.60639742200395
10.249622395833313	120.78875311193845
10.349622395833313	121.97110942629601
10.449622395833313	123.15346636499463
10.549622395833312	124.3358221522515
10.649622395833312	125.5181795321132
10.749622395833311	126.70053855197499
10.849622395833311	127.88289886868141
10.94962239583331	129.06525859207267
11.04962239583331	130.24761798752309
11.14962239583331	131.42997942959622
11.24962239583331	132.44254646394648
11.34962239583331	133.4266059730634
11.449622395833309	134.4106646887429
11.549622395833309	135.39472402763212
11.649622395833308	136.37878398973126
11.749622395833308	137.36284457504013
11.849622395833308	138.346906389883
11.949622395833307	139.33096708133334
12.049622395833307	140.33727850454486
12.149622395833306	141.34367594265294
12.249622395833306	142.35007400431698
12.349622395833306	143.35647268944524
12.449622395833305	144.36287197894072
12.549622395833305	145.36927076148433
12.56	145.47371356949228
1000012.56	145.47371356949228
