-100000	0
-0.014948860168457756	0
-0.011615526835124422	0.016055676307690437
-0.006615526835124422	0.04092630656068455
0.0008844731648755778	0.07937541538532211
0.012134473164875578	0.13891369124907166
0.02900947316487558	0.23138999284036804
0.05432197316487558	0.3755872873411438
0.09229072316487558	0.6014326921977525
0.14924384816487557	0.9568202292647409
0.2346735356648756	1.5186351562181044
0.33467353566487557	2.210251629913943
0.43467353566487554	2.931079073703239
0.5346735356648755	3.6760576345129934
0.6346735356648755	4.4416334651731475
0.7346735356648755	5.225147826041794
0.8346735356648755	6.02452716678368
0.9346735356648754	6.838118632065882
1.0346735356648755	7.664558859527687
1.1346735356648756	8.502728224143874
1.2346735356648757	9.351683494524336
1.3346735356648758	10.210639764117955
1.4346735356648759	11.078931396190221
1.534673535664876	11.95599614424325
1.634673535664876	12.841264297645596
1.7346735356648761	13.734086838351041
1.8346735356648762	14.63389270389215
1.9346735356648763	15.540190074367786
2.034673535664876	16.452547568066482
2.1346735356648763	17.37058572422557
2.2346735356648764	18.29397935544629
2.3346735356648765	19.22243520151243
2.4346735356648765	20.155664319374594
2.5346735356648766	21.09342514366657
2.6346735356648767	22.035498761375024
2.734673535664877	22.98169355848994
2.834673535664877	23.931840611369342
2.934673535664877	24.885787454352144
3.034673535664877	25.84339640635087
3.134673535664877	26.80454452779781
3.2346735356648773	27.769122654135842
3.3346735356648773	28.737033739467073
3.4346735356648774	29.708191789199574
3.5346735356648775	30.68251991319779
3.6346735356648776	31.659952466536733
3.7346735356648777	32.64043170847884
3.834673535664878	33.62390658829357
3.934673535664878	34.6103346188764
4.0346735356648775	35.59967923489833
4.134673535664877	36.59191045455264
4.234673535664877	37.58700456053122
4.3346735356648765	38.584941236215265
4.434673535664876	39.58570671933402
4.534673535664876	40.58929207550579
4.634673535664875	41.59569093701351
4.734673535664875	42.604901581818204
4.834673535664875	43.61692616446963
4.934673535664874	44.63176970873433
5.034673535664874	45.64944036323813
5.134673535664874	46.66994844309363
5.234673535664873	47.693306850396816
5.334673535664873	48.71953268064153
5.4346735356648725	49.74864335296699
5.534673535664872	50.78065830429756
5.634673535664872	51.815597973493794
5.7346735356648715	52.85348593096207
5.834673535664871	53.89434803662361
5.934673535664871	54.93820654287084
6.03467353566487	55.98508949078368
6.13467353566487	57.035024207242635
6.23467353566487	58.088038953891264
6.334673535664869	59.1441615423601
6.434673535664869	60.203420934214485
6.534673535664869	61.26584695262662
6.634673535664868	62.33146983179311
6.734673535664868	63.400317406276294
6.834673535664868	64.47241962011584
6.934673535664867	65.54780663636802
7.034673535664867	66.62650853819656
7.1346735356648665	67.70855143586617
7.234673535664866	68.79396535529897
7.334673535664866	69.8827779774931
7.434673535664865	70.97501701940445
7.534673535664865	72.07070885704478
7.634673535664865	73.16988031614183
7.734673535664864	74.27255572234671
7.834673535664864	75.37875992435092
7.934673535664864	76.48851693350174
8.034673535664863	77.60185003649241
8.134673535664863	78.71878128285894
8.234673535664863	79.83933375842788
8.334673535664862	80.96352860343413
8.434673535664862	82.09138597943769
8.534673535664862	83.22292668210963
8.634673535664861	84.35817180108397
8.73467353566486	85.49713970812475
8.83467353566486	86.63985157555705
8.93467353566486	87.78632826481046
9.03467353566486	88.93659140258876
9.13467353566486	90.09066470299024
9.234673535664859	91.24857071730356
9.334673535664859	92.41033674870427
9.434673535664858	93.57599218815353
9.534673535664858	94.7455721551446
9.634673535664858	95.91913283340492
9.734673535664857	97.09511384849708
9.834673535664857	98.27112079632316
9.934673535664857	99.4471294197579
10.034673535664856	100.62313662006973
10.134673535664856	101.7991448576256
10.234673535664855	102.97515339987353
10.334673535664855	104.1511603459844
10.434673535664855	105.32716887766026
10.534673535664854	106.50317702768464
10.634673535664854	107.67918471205984
10.734673535664854	108.8551932378631
10.834673535664853	110.03120061252723
10.934673535664853	111.20720894153273
11.034673535664853	112.38321718329668
11.134673535664852	113.55922456887976
11.234673535664852	114.59112204817046
11.334673535664852	115.56853822483453
11.434673535664851	116.54595412460004
11.53467353566485	117.52337004451987
11.63467353566485	118.50078567878987
11.73467353566485	119.4782016029954
11.83467353566485	120.45561786621114
11.93467353566485	121.433033551932
11.950000000000001	121.58283818453971
1000011.95	121.58283818453971
