-100000	0
-0.014948860168457756	0
-0.011615526835124422	0.015220336352696285
-0.006615526835124422	0.03874038137094461
0.0008844731648755778	0.07508376654961708
0.012134473164875578	0.13137619787922275
0.02900947316487558	0.21886957080136424
0.05432197316487558	0.35544546092988205
0.09229072316487558	0.5696702243074923
0.14924384816487557	0.9074016873172874
0.2346735356648756	1.4425048947934982
0.33467353566487557	2.102748097704246
0.43467353566487554	2.792218786326672
0.5346735356648755	3.505909871923639
0.6346735356648755	4.2402848575694865
0.7346735356648755	4.992681422176587
0.8346735356648755	5.761012078212743
0.9346735356648754	6.5435943635070055
1.0346735356648755	7.339043783854558
1.1346735356648756	8.146205230889237
1.2346735356648757	8.964105444103533
1.3346735356648758	9.791919825336695
1.4346735356648759	10.628946663350602
1.534673535664876	11.474591837391873
1.634673535664876	12.328352885152409
1.7346735356648761	13.189788178191348
1.8346735356648762	14.058411447333196
1.9346735356648763	14.933730472933812
2.034673535664876	15.815316068124993
2.1346735356648763	16.702793534481202
2.2346735356648764	17.59584104280267
2.3346735356648765	18.49416471514733
2.4346735356648765	19.397473133476087
2.5346735356648766	20.30552145920646
2.6346735356648767	21.21809095020247
2.734673535664877	22.134979685681596
2.834673535664877	23.056018525073192
2.934673535664877	23.981050628562514
3.034673535664877	24.909937606282558
3.134673535664877	25.84255297305168
3.2346735356648773	26.778785952622194
3.3346735356648773	27.718538026706565
3.4346735356648774	28.66172285323859
3.5346735356648775	29.608263989824742
3.6346735356648776	30.55809561551658
3.7346735356648777	31.5111614648541
3.834673535664878	32.467412791759365
3.934673535664878	33.42680879031903
4.0346735356648775	34.389316512566374
4.134673535664877	35.35490974989126
4.234673535664877	36.32356769395383
4.3346735356648765	37.29527597671014
4.434673535664876	38.270026202095615
4.534673535664876	39.247814045317874
4.634673535664875	40.22863966081722
4.734673535664875	41.21250799472223
4.834673535664875	42.19942840542655
4.934673535664874	43.189413180148726
5.034673535664874	44.18247827353285
5.134673535664874	45.17864317411343
5.234673535664873	46.17792892639132
5.334673535664873	47.18036046006813
5.4346735356648725	48.18596484966424
5.534673535664872	49.19477161411208
5.634673535664872	50.20681119476261
5.7346735356648715	51.22211634736925
5.834673535664871	52.24072245014127
5.934673535664871	53.26266554390706
6.03467353566487	54.28798130887149
6.13467353566487	55.316709190729156
6.23467353566487	56.34888860795987
6.334673535664869	57.38455883982995
6.434673535664869	58.42376042843205
6.534673535664869	59.4665347171141
6.634673535664868	60.512923907544916
6.734673535664868	61.562967742663744
6.834673535664868	62.616709021419304
6.934673535664867	63.67418982154604
7.034673535664867	64.73545179776605
7.1346735356648665	65.80053626603727
7.234673535664866	66.86948334051938
7.334673535664866	67.94233549315486
7.434673535664865	69.01913271549034
7.534673535664865	70.09991541065826
7.634673535664865	71.18472309872853
7.734673535664864	72.27359340944835
7.834673535664864	73.3665659499555
7.934673535664864	74.46367783153906
8.034673535664863	75.5649665582639
8.134673535664863	76.67046888846473
8.234673535664863	77.7802209782014
8.334673535664862	78.89425804167796
8.434673535664862	80.01261623984777
8.534673535664862	81.13532992900596
8.634673535664861	82.26243344240036
8.73467353566486	83.39396208859009
8.83467353566486	84.5299506369216
8.93467353566486	85.67043441692076
9.03467353566486	86.81544931448173
9.13467353566486	87.96503212389719
9.234673535664859	89.11922083482142
9.334673535664859	90.27805507922834
9.434673535664858	91.441574440921
9.534673535664858	92.60982840729257
9.634673535664858	93.78288240485766
9.734673535664857	94.95885799096378
9.834673535664857	96.13486541454662
9.934673535664857	97.31087488973257
10.034673535664856	98.48688170422014
10.134673535664856	99.66288972228244
10.234673535664855	100.8388980465865
10.334673535664855	102.01490451944525
10.434673535664855	103.19091275221311
10.534673535664854	104.36692025430426
10.634673535664854	105.54292737750421
10.734673535664854	106.71893580157956
10.834673535664853	107.89494311940743
10.934673535664853	109.07095094299505
11.034673535664853	110.24695885980773
11.134673535664852	111.42296592784969
11.234673535664852	112.45487001157854
11.334673535664852	113.43228668811372
11.434673535664851	114.40970329124889
11.53467353566485	115.38711910703874
11.63467353566485	116.3645349228283
11.73467353566485	117.3419510986824
11.83467353566485	118.31936721296508
11.93467353566485	119.29678222834971
11.950000000000001	119.44658350323577
1000011.95	119.44658350323577
