-100000	0
-0.014948852539061974	0
-0.01161551920572864	0.012534405057965575
-0.00661551920572864	0.031787027771567854
0.0008844807942713596	0.061495858731605575
0.01213448079427136	0.10749187131326232
0.02900948079427136	0.17908355742698506
0.05432198079427136	0.29117424353226307
0.09229073079427136	0.4677778920410169
0.14924385579427135	0.7478804107851197
0.23467354329427137	1.1950452816152295
0.33467354329427135	1.75119849526767
0.4346735432942713	2.3360309785329076
0.5346735432942713	2.944917083718422
0.6346735432942713	3.57452647915733
0.7346735432942713	4.222311455420403
0.8346735432942712	4.88624397248227
0.9346735432942712	5.564661031937496
1.0346735432942713	6.256172564652483
1.1346735432942714	6.959596815411733
1.2346735432942715	7.6739182925852685
1.3346735432942716	8.39825577028204
1.4346735432942717	9.131840797346186
1.5346735432942717	9.873999880385673
1.6346735432942718	10.624142945735278
1.734673543294272	11.381751492011844
1.834673543294272	12.146371854122531
1.934673543294272	12.917611296162326
2.034673543294272	13.695132524811115
2.134673543294272	14.478644192433508
2.234673543294272	15.267915761245767
2.3346735432942722	16.062751964369713
2.4346735432942723	16.862963813906912
2.5346735432942724	17.66835918235155
2.6346735432942725	18.478760876787277
2.7346735432942726	19.29400570536872
2.8346735432942727	20.113939981437277
2.9346735432942728	20.938427715385767
3.034673543294273	21.767346022659645
3.134673543294273	22.600584669808505
3.234673543294273	23.438046687726843
3.334673543294273	24.279646691856318
3.434673543294273	25.125311003102254
3.5346735432942733	25.9749770692776
3.6346735432942734	26.828592223366442
3.7346735432942735	27.68611439166564
3.8346735432942736	28.547510738979142
3.9346735432942737	29.41275730023616
4.034673543294273	30.281838850257685
4.134673543294273	31.154748053446745
4.234673543294273	32.03148533778994
4.334673543294272	32.9120581713462
4.434673543294272	33.79648123667227
4.5346735432942715	34.68477430647512
4.634673543294271	35.57696441445571
4.734673543294271	36.47308390911285
4.8346735432942705	37.373170234765915
4.93467354329427	38.27726451738088
5.03467354329427	39.185414935664525
5.134673543294269	40.097680099070224
5.234673543294269	41.01408821455529
5.334673543294269	41.93472336638808
5.434673543294268	42.85963904463904
5.534673543294268	43.788898321661875
5.634673543294268	44.722568228561116
5.734673543294267	45.66071817918628
5.834673543294267	46.603417819466735
5.9346735432942666	47.550740339773284
6.034673543294266	48.50276032131594
6.134673543294266	49.459553629316446
6.2346735432942655	50.421195222089366
6.334673543294265	51.387764237832286
6.434673543294265	52.35933801454307
6.534673543294264	53.33599479732611
6.634673543294264	54.31781243619444
6.734673543294264	55.30487177855076
6.834673543294263	56.297250645243146
6.934673543294263	57.295026937273526
7.034673543294263	58.29827795257681
7.134673543294262	59.307084072131644
7.234673543294262	60.32152074472677
7.334673543294262	61.34166370010567
7.434673543294261	62.367587958592836
7.534673543294261	63.399369758555785
7.6346735432942605	64.43708186722547
7.73467354329426	65.48079425030627
7.83467354329426	66.53058165042997
7.9346735432942594	67.58651236042049
8.034673543294259	68.648656483406
8.134673543294259	69.71707510039748
8.234673543294258	70.79184255729618
8.334673543294258	71.87301961922856
8.434673543294258	72.96066818161347
8.534673543294257	74.05485432677563
8.634673543294257	75.15563565279777
8.734673543294257	76.26307089335101
8.834673543294256	77.37722055642705
8.934673543294256	78.49814106688935
9.034673543294256	79.62588585746896
9.134673543294255	80.76050977770265
9.234673543294255	81.90206949415031
9.334673543294254	83.05061357356556
9.434673543294254	84.20619415469174
9.534673543294254	85.36886416542467
9.634673543294253	86.53866907417262
9.734673543294253	87.71291367594884
9.834673543294253	88.88738670298896
9.934673543294252	90.06203335419877
10.034673543294252	91.23684593265354
10.134673543294252	92.41181673320052
10.234673543294251	93.5869378089851
10.334673543294251	94.76220154051785
10.43467354329425	95.93759991844428
10.53467354329425	97.11312529610298
10.63467354329425	98.28876984045222
10.73467354329425	99.46452566985343
10.83467354329425	100.64038510213932
10.934673543294249	101.81634005793669
11.034673543294248	102.99238291250926
11.134673543294248	104.16850742868941
11.234673543294248	105.14561214308101
11.334673543294247	106.04745039321493
11.434673543294247	106.94928867443878
11.534673543294247	107.85112693027317
11.634673543294246	108.75296516426296
11.734673543294246	109.65480335920705
11.834673543294246	110.55664167226332
11.934673543294245	111.4584799174238
11.950000000000001	111.5966999863929
1000011.95	111.5966999863929
