-100000	0
0	0
0.0033333333333333335	0.03321062442167194
0.008333333333333333	0.08365503618940505
0.01583333333333333	0.16014643899422804
0.02708333333333333	0.27618408174217857
0.043958333333333335	0.4524006856674387
0.06927083333333334	0.720379637732682
0.10723958333333333	1.1285432719284807
0.16419270833333333	1.7511984055495922
0.24962239583333334	2.7022980916562567
0.3496223958333333	3.834481909807258
0.4496223958333333	4.981457417672823
0.5496223958333333	6.139359594666475
0.6496223958333333	7.305404507570056
0.7496223958333332	8.477448375707436
0.8496223958333332	9.653768152705954
0.9496223958333332	10.832933611238973
1.0496223958333333	12.013729538841115
1.1496223958333334	13.195116598094517
1.2496223958333335	14.376548626542272
1.3496223958333335	15.557995388236233
1.4496223958333336	16.739456883186214
1.5496223958333337	17.92093311140221
1.6496223958333338	19.10242407289408
1.749622395833334	20.28392976767189
1.849622395833334	21.465450195745376
1.949622395833334	22.646985357124674
2.049622395833334	23.828535251819464
2.149622395833334	25.01009987983997
2.249622395833334	26.191679241195953
2.349622395833334	27.373273335897327
2.4496223958333343	28.554882163954204
2.5496223958333344	29.73650572537636
2.6496223958333345	30.91814402017386
2.7496223958333346	32.09979704835627
2.8496223958333347	33.28146480993397
2.9496223958333347	34.46314730491659
3.049622395833335	35.64484453331442
3.149622395833335	36.82654344386276
3.249622395833335	38.008284924133896
3.349622395833335	39.19002389171389
3.449622395833335	40.37177540123262
3.5496223958333353	41.55353945269068
3.6496223958333354	42.73531604608779
3.7496223958333355	43.917105181423686
3.8496223958333355	45.09890685869893
3.9496223958333356	46.28072107791324
4.049622395833335	47.462547839066524
4.149622395833335	48.644387142158756
4.249622395833335	49.82623898719
4.349622395833334	51.00810337416028
4.449622395833334	52.18998030306985
4.5496223958333335	53.37186977391834
4.649622395833333	54.553771786706086
4.749622395833333	55.735686341432775
4.849622395833332	56.91761343809856
4.949622395833332	58.09955307670323
5.049622395833332	59.28150525724692
5.149622395833331	60.46346997973005
5.249622395833331	61.64544724415193
5.349622395833331	62.82743705051291
5.44962239583333	64.00943939881293
5.54962239583333	65.19145428905225
5.64962239583333	66.37348172123058
5.749622395833329	67.55552169534764
5.849622395833329	68.73757421140402
5.9496223958333285	69.91963926939944
6.049622395833328	71.10171686933367
6.149622395833328	72.28380701120703
6.2496223958333275	73.46590969501968
6.349622395833327	74.64802492077139
6.449622395833327	75.83015268846194
6.549622395833326	77.01229299809206
6.649622395833326	78.19444584966064
6.749622395833326	79.37661124316874
6.849622395833325	80.55878917861561
6.949622395833325	81.7409796560012
7.049622395833325	82.9231826753264
7.149622395833324	84.10539823659019
7.249622395833324	85.28762633979332
7.3496223958333236	86.46986698493595
7.449622395833323	87.65212017201709
7.549622395833323	88.83446202668682
7.6496223958333225	90.01667678301554
7.749622395833322	91.19895823899279
7.849622395833322	92.38124449576023
7.949622395833321	93.56353555347998
8.049622395833321	94.74583156188325
8.14962239583332	95.92812909221496
8.24962239583332	97.11042850382435
8.34962239583332	98.29272979671873
8.44962239583332	99.47503297090438
8.54962239583332	100.65733802638988
8.649622395833319	101.83964496318163
8.749622395833319	103.02195378128631
8.849622395833318	104.20426448071278
8.949622395833318	105.38657706146681
9.049622395833318	106.56889152355629
9.149622395833317	107.75120786698885
9.249622395833317	108.93352609177052
9.349622395833316	110.11584619791041
9.449622395833316	111.29816818541364
9.549622395833316	112.48049205428862
9.649622395833315	113.66281780454256
9.749622395833315	114.84514525339594
9.849622395833315	116.0274748960286
9.949622395833314	117.20980574118188
10.049622395833314	118.3921390245712
10.149622395833314	119.57447418944143
10.249622395833313	120.75681123579491
10.349622395833313	121.93915016363525
10.449622395833313	123.12149097296627
10.549622395833312	124.30383366378976
10.649622395833312	125.48617812739852
10.749622395833311	126.66852498746259
10.849622395833311	127.85087328112186
10.94962239583331	129.03322345613242
11.04962239583331	130.21557551251237
11.14962239583331	131.39792945027955
11.24962239583331	132.41049270464106
11.34962239583331	133.39454603483173
11.449622395833309	134.37860124616736
11.549622395833309	135.3626590287051
11.649622395833308	136.34671803788953
11.749622395833308	137.33077892840308
11.849622395833308	138.31484170032155
11.949622395833307	139.29890635372297
11.950000000000001	139.30263962848002
1000011.95	139.30263962848002
