-100000	0
-0.014948852539061974	0
-0.01161551920572864	0.009736901603594902
-0.00661551920572864	0.025033165634657167
0.0008844807942713596	0.04889156228585573
0.01213448079427136	0.08616650501823214
0.02900948079427136	0.14459750363584378
0.05432198079427136	0.23662097808779092
0.09229073079427136	0.38234103060159397
0.14924385579427135	0.614443450402478
0.23467354329427137	0.9863311668828554
0.33467354329427135	1.450164859891467
0.4346735432942713	1.9389177527760135
0.5346735432942713	2.4485676717794114
0.6346735432942713	2.976249348830345
0.7346735432942713	3.5197874679065233
0.8346735432942712	4.077455554381392
0.9346735432942712	4.647844276129116
1.0346735432942713	5.229776157750679
1.1346735432942714	5.822251039142582
1.2346735432942715	6.424408346522014
1.3346735432942716	7.035500492060083
1.4346735432942717	7.654873434489579
1.5346735432942717	8.281951665581564
1.6346735432942718	8.91622742317705
1.734673543294272	9.557252143016674
1.834673543294272	10.204629895670166
1.934673543294272	10.858012302135112
2.034673543294272	11.517094735518564
2.134673543294272	12.181613344255782
2.234673543294272	12.851343895597694
2.3346735432942722	13.526099327320354
2.4346735432942723	14.2057311567849
2.5346735432942724	14.890128351948695
2.6346735432942725	15.579217122908807
2.7346735432942726	16.27297741591187
2.8346735432942727	16.971417088391945
2.9346735432942728	17.67460266246073
3.034673543294273	18.38258463245544
3.134673543294273	19.095335980844837
3.234673543294273	19.81276148583698
3.334673543294273	20.534779956308967
3.434673543294273	21.261329727185004
3.5346735432942733	21.992363865858586
3.6346735432942734	22.727849630348565
3.7346735432942735	23.46776768461263
3.8346735432942736	24.212110942689502
3.9346735432942737	24.960883889140337
4.034673543294273	25.714101743575366
4.134673543294273	26.47178959640855
4.234673543294273	27.233982073028454
4.334673543294272	28.00072198582174
4.434673543294272	28.772060301730527
4.5346735432942715	29.548054833299133
4.634673543294271	30.32877057345115
4.734673543294271	31.1142783287537
4.8346735432942705	31.90465438489067
4.93467354329427	32.69998035112463
5.03467354329427	33.50034211961619
5.134673543294269	34.30582973397253
5.234673543294269	35.11653716582111
5.334673543294269	35.93256116798175
5.434673543294268	36.754001880641475
5.534673543294268	37.58096156830971
5.634673543294268	38.41354463162757
5.734673543294267	39.25185793724042
5.834673543294267	40.09600856835758
5.9346735432942666	40.94610656364769
6.034673543294266	41.802261345002286
6.134673543294266	42.664583782050634
6.2346735432942655	43.533185546706655
6.334673543294265	44.40817754555293
6.434673543294265	45.28967180842667
6.534673543294264	46.17777962747748
6.634673543294264	47.072612075267415
6.734673543294264	47.97427967090221
6.834673543294263	48.88289273454431
6.934673543294263	49.79856011776952
7.034673543294263	50.72138997974991
7.134673543294262	51.65149070137509
7.234673543294262	52.588967096636004
7.334673543294262	53.53392485914904
7.434673543294261	54.48646859802498
7.534673543294261	55.44669827842444
7.6346735432942605	56.414717243271866
7.73467354329426	57.39062443700161
7.83467354329426	58.37451700708064
7.9346735432942594	59.366493986066935
8.034673543294259	60.36664752153998
8.134673543294259	61.3750730006452
8.234673543294258	62.39186266266871
8.334673543294258	63.417104292078434
8.434673543294258	64.45089041144453
8.534673543294257	65.49330601519904
8.634673543294257	66.54443630821389
8.734673543294257	67.6043688246135
8.834673543294256	68.67318307910674
8.934673543294256	69.75096198545052
9.034673543294256	70.83778736282585
9.134673543294255	71.9337346763515
9.234673543294255	73.03888444235199
9.334673543294254	74.15331327869362
9.434673543294254	75.27709359387602
9.534673543294254	76.4103038811868
9.634673543294253	77.55301255864403
9.734673543294253	78.70215093306302
9.834673543294253	79.8528885890909
9.934673543294252	81.00511769019849
10.034673543294252	82.15878255892417
10.134673543294252	83.31382769747886
10.234673543294251	84.47019754020309
10.334673543294251	85.62783652842245
10.43467354329425	86.78668903665313
10.53467354329425	87.94669942049578
10.63467354329425	89.10781193931506
10.73467354329425	90.26997078794054
10.83467354329425	91.43312018687138
10.934673543294249	92.59720436659548
11.034673543294248	93.76216744258927
11.134673543294248	94.92795652653852
11.234673543294248	95.83627019152934
11.334673543294247	96.64704558177326
11.434673543294247	97.45782094400349
11.534673543294247	98.26859633365103
11.634673543294246	99.07937175861713
11.734673543294246	99.89014718110774
11.834673543294246	100.70092260213421
11.934673543294245	101.5116980230876
11.950000000000001	101.63596116695982
1000011.95	101.63596116695982
