-100000	0
0	0
0.0033333333333333335	0.033226621026811023
0.008333333333333333	0.08369503377815221
0.01583333333333333	0.160222349229766
0.02708333333333333	0.27631381611351974
0.043958333333333335	0.45261097219791946
0.06927083333333334	0.7207103714906915
0.10723958333333333	1.1290537502510074
0.16419270833333333	1.751976542099946
0.24962239583333334	2.7034731337946023
0.3496223958333333	3.8361146415727823
0.4496223958333333	4.9835403446280075
0.5496223958333333	6.1418850801060065
0.6496223958333333	7.308365050776337
0.7496223958333332	8.480836629501553
0.8496223958333332	9.65757654816224
0.9496223958333332	10.837154742589478
1.0496223958333333	12.018355673149046
1.1496223958333334	13.200138223283014
1.2496223958333335	14.38196235016932
1.3496223958333335	15.56379585983527
1.4496223958333336	16.74563875230384
1.5496223958333337	17.927491027597775
1.6496223958333338	19.109352685740028
1.749622395833334	20.291223726753245
1.849622395833334	21.473104150660543
1.949622395833334	22.654993957484518
2.049622395833334	23.8368931472479
2.149622395833334	25.018801719974014
2.249622395833334	26.200719675685164
2.349622395833334	27.382647014404554
2.4496223958333343	28.5645837361547
2.5496223958333344	29.746529840958782
2.6496223958333345	30.92848532883944
2.7496223958333346	32.11045019981951
2.8496223958333347	33.292424453921825
2.9496223958333347	34.47440809116938
3.049622395833335	35.656401111584614
3.149622395833335	36.838403515190706
3.249622395833335	38.02041530201047
3.349622395833335	39.20243647206671
3.449622395833335	40.38446702538245
3.5496223958333353	41.56656335960943
3.6496223958333354	42.74855869686505
3.7496223958333355	43.93061468024493
3.8496223958333355	45.11267747894935
3.9496223958333356	46.29474709297845
4.049622395833335	47.47682352233208
4.149622395833335	48.658906767010286
4.249622395833335	49.84099682701307
4.349622395833334	51.023093702340844
4.449622395833334	52.20519739299302
4.5496223958333335	53.387307898969695
4.649622395833333	54.56942522027121
4.749622395833333	55.75154935689739
4.849622395833332	56.93368030884796
4.949622395833332	58.11581807612346
5.049622395833332	59.297962658723556
5.149622395833331	60.48011405664816
5.249622395833331	61.66227226989753
5.349622395833331	62.844437298471384
5.44962239583333	64.02660914236976
5.54962239583333	65.20878780159315
5.64962239583333	66.39097327614103
5.749622395833329	67.57316556601337
5.849622395833329	68.75536467121059
5.9496223958333285	69.93757059173221
6.049622395833328	71.11978332757866
6.149622395833328	72.30200287874978
6.2496223958333275	73.48422924524526
6.349622395833327	74.66646242706553
6.449622395833327	75.84870242421053
6.549622395833326	77.03094923668026
6.649622395833326	78.21320286447481
6.749622395833326	79.39546330759352
6.849622395833325	80.57773056603669
6.949622395833325	81.76000463980517
7.049622395833325	82.94228552889741
7.149622395833324	84.12445904976776
7.249622395833324	85.30687740501645
7.3496223958333236	86.48917470865263
7.449622395833323	87.67147515091882
7.549622395833323	88.8537787316826
7.6496223958333225	90.03608545081286
7.749622395833322	91.21839530817851
7.849622395833322	92.40070830364738
7.949622395833321	93.58302443708858
8.049622395833321	94.7653450850023
8.14962239583332	95.94766540521846
8.24962239583332	97.1299870188603
8.34962239583332	98.31230992592307
8.44962239583332	99.49463412640193
8.54962239583332	100.67695962029184
8.649622395833319	101.85928640758911
8.749622395833319	103.0416144882875
8.849622395833318	104.22394386238332
8.949622395833318	105.40627452987182
9.049622395833318	106.58860649074761
9.149622395833317	107.77093974500706
9.249622395833317	108.95327429264434
9.349622395833316	110.1356101336553
9.449622395833316	111.31794726803527
9.549622395833316	112.50028569577964
9.649622395833315	113.68262541688286
9.749622395833315	114.86496614184365
9.849622395833315	116.04730824969025
9.949622395833314	117.2296516505474
10.049622395833314	118.41199726408848
10.149622395833314	119.59434343241638
10.249622395833313	120.77669089403996
10.349622395833313	121.95903964895629
10.449622395833313	123.14138969716308
10.549622395833312	124.3237410386581
10.649622395833312	125.50609279810973
10.749622395833311	126.68844678218349
10.849622395833311	127.87080205962673
10.94962239583331	129.05315863043134
11.04962239583331	130.23551649458733
11.14962239583331	131.4178756520849
11.24962239583331	132.43044285567004
11.34962239583331	133.4145009144188
11.449622395833309	134.39856026672274
11.549622395833309	135.38261891274675
11.649622395833308	136.36668065724595
11.749622395833308	137.35074369512805
11.849622395833308	138.3348080263481
11.949622395833307	139.31887365085947
11.950000000000001	139.32259708374585
1000011.95	139.32259708374585
