-100000	0
0	0
0.0033333333333333335	0.033243007766753804
0.008333333333333333	0.08373538254905426
0.01583333333333333	0.16029643877095753
0.02708333333333333	0.27643816374899965
0.043958333333333335	0.4528097800455237
0.06927083333333334	0.7210183058364918
0.10723958333333333	1.1295223170570803
0.16419270833333333	1.7526800497203754
0.24962239583333334	2.7045170826638607
0.3496223958333333	3.8375402326473655
0.4496223958333333	4.9853296573847565
0.5496223958333333	6.1440208159856216
0.6496223958333333	7.310829567471906
0.7496223958333332	8.48361224142305
0.8496223958333332	9.660646360806803
0.9496223958333332	10.84050223481109
1.0496223958333333	12.021964094582863
1.1496223958333334	13.203992608811554
1.2496223958333335	14.386055973403463
1.3496223958333335	15.5681229808945
1.4496223958333336	16.750196547773317
1.5496223958333337	17.932274584086247
1.6496223958333338	19.114361214624523
1.749622395833334	20.296447726656787
1.849622395833334	21.47853468712923
1.949622395833334	22.660637281766977
2.049622395833334	23.842739014987295
2.149622395833334	25.02484535356163
2.249622395833334	26.20695629755212
2.349622395833334	27.389071847019768
2.4496223958333343	28.57118972506386
2.5496223958333344	29.753314331786026
2.6496223958333345	30.93544354072837
2.7496223958333346	32.11757735212123
2.8496223958333347	33.29971576619465
2.9496223958333347	34.48186972717756
3.049622395833335	35.66401808027391
3.149622395833335	36.8461589515028
3.249622395833335	38.028315737446896
3.349622395833335	39.21047712511517
3.449622395833335	40.39265234585429
3.5496223958333353	41.57481712378056
3.6496223958333354	42.75699325433577
3.7496223958333355	43.939173852587395
3.8496223958333355	45.12135813816148
3.9496223958333356	46.303547127273106
4.049622395833335	47.48574064022424
4.149622395833335	48.667938677165814
4.249622395833335	49.85014123824623
4.349622395833334	51.0323483236167
4.449622395833334	52.21455993342614
4.5496223958333335	53.396776067825556
4.649622395833333	54.578996726963574
4.749622395833333	55.76122213245881
4.849622395833332	56.94345104902662
4.949622395833332	58.12568728329508
5.049622395833332	59.30790780833342
5.149622395833331	60.4901667812739
5.249622395833331	61.67241310100112
5.349622395833331	62.85466355333113
5.44962239583333	64.03691813826322
5.54962239583333	65.21917685579741
5.64962239583333	66.40143970593432
5.749622395833329	67.58370668867366
5.849622395833329	68.7659778040153
5.9496223958333285	69.94827603984363
6.049622395833328	71.13053126126039
6.149622395833328	72.31281682169026
6.2496223958333275	73.49510400283116
6.349622395833327	74.67739159093432
6.449622395833327	75.85968372588461
6.549622395833326	77.04197841971003
6.649622395833326	78.2242756723363
6.749622395833326	79.40657548368932
6.849622395833325	80.58887785369564
6.949622395833325	81.77118278227991
7.049622395833325	82.95349026936933
7.149622395833324	84.13580031488927
7.249622395833324	85.31811264458416
7.3496223958333236	86.50042656372767
7.449622395833323	87.68274514364496
7.549622395833323	88.86505651284853
7.6496223958333225	90.0473841805362
7.749622395833322	91.22970592220076
7.849622395833322	92.41202907477826
7.949622395833321	93.59435363825393
8.049622395833321	94.77667891555829
8.14962239583332	95.95900551069101
8.24962239583332	97.14133307508874
8.34962239583332	98.32366160878732
8.44962239583332	99.50599111182247
8.54962239583332	100.68832267525109
8.649622395833319	101.8706533647428
8.749622395833319	103.05298694802102
8.849622395833318	104.23531954261018
8.949622395833318	105.41765425721255
9.049622395833318	106.59998994273657
9.149622395833317	107.78232659915868
9.249622395833317	108.96466422645409
9.349622395833316	110.14700282459965
9.449622395833316	111.32934239357157
9.549622395833316	112.51168293334523
9.649622395833315	113.6940244438967
9.749622395833315	114.87636578071796
9.849622395833315	116.05870937548265
9.949622395833314	117.24105346744714
10.049622395833314	118.42340158179954
10.149622395833314	119.60574383190482
10.249622395833313	120.78809123605409
10.349622395833313	121.9704396111259
10.449622395833313	123.152788957085
10.549622395833312	124.33513927389386
10.649622395833312	125.51749056151759
10.749622395833311	126.6998428199206
10.849622395833311	127.88219604906661
10.94962239583331	129.06455024891983
11.04962239583331	130.24690709420727
11.14962239583331	131.42926105612221
11.24962239583331	132.44182549073673
11.34962239583331	133.42587924454764
11.449622395833309	134.40993480667987
11.549622395833309	135.39398935118356
11.649622395833308	136.3780455248202
11.749622395833308	137.36210430075616
11.849622395833308	138.34616276873726
11.949622395833307	139.3302222069016
12.049622395833307	140.33653127771763
12.149622395833306	141.3429266474029
12.249622395833306	142.34932392960218
12.349622395833306	143.35572120589325
12.449622395833305	144.36211913410037
12.549622395833305	145.3685180325319
12.56	145.47296170673715
1000012.56	145.47296170673715
