-100000	0
0	0
0.0033333333333333335	0.03324353794114789
0.008333333333333333	0.08373671030060605
0.01583333333333333	0.16029895338666716
0.02708333333333333	0.27644250877701115
0.043958333333333335	0.4528168004240408
0.06927083333333334	0.7210293776581668
0.10723958333333333	1.1295393691703035
0.16419270833333333	1.752705937577407
0.24962239583333334	2.7045561536322174
0.3496223958333333	3.837594399060175
0.4496223958333333	4.985398543945816
0.5496223958333333	6.144104265245496
0.6496223958333333	7.310926798900193
0.7496223958333332	8.48372298720658
0.8496223958333332	9.660770378000821
0.9496223958333332	10.840638565003912
1.0496223958333333	12.022112917156143
1.1496223958333334	13.204153717165674
1.2496223958333335	14.386231635973475
1.3496223958333335	15.568321818207604
1.4496223958333336	16.75041822067054
1.5496223958333337	17.9325170569247
1.6496223958333338	19.114625564195546
1.749622395833334	20.296737050230313
1.849622395833334	21.478853794450135
1.949622395833334	22.660975422376627
2.049622395833334	23.843098103482994
2.149622395833334	25.025229021553702
2.249622395833334	26.207369541100714
2.349622395833334	27.38951070093469
2.4496223958333343	28.571655960892684
2.5496223958333344	29.753806461121027
2.6496223958333345	30.935961734996617
2.7496223958333346	32.1181217824692
2.8496223958333347	33.30028660348825
2.9496223958333347	34.482456198004094
3.049622395833335	35.664630565965915
3.149622395833335	36.84680970732417
3.249622395833335	38.02899362202796
3.349622395833335	39.21117244644778
3.449622395833335	40.39336531156935
3.5496223958333353	41.57557143353961
3.6496223958333354	42.757774740540725
3.7496223958333355	43.93998310247176
3.8496223958333355	45.122195047299705
3.9496223958333356	46.30441144861811
4.049622395833335	47.48663230652688
4.149622395833335	48.668857621125674
4.249622395833335	49.851087392515765
4.349622395833334	51.03332162079665
4.449622395833334	52.21556030606888
4.5496223958333335	53.39780344843297
4.649622395833333	54.580051047989045
4.749622395833333	55.76230310483721
4.849622395833332	56.94456121433777
4.949622395833332	58.12683609224832
5.049622395833332	59.30908659869426
5.149622395833331	60.49135453162663
5.249622395833331	61.67362578101526
5.349622395833331	62.85590034685945
5.44962239583333	64.03817822915984
5.54962239583333	65.22045942791644
5.64962239583333	66.40274394312816
5.749622395833329	67.58503177479665
5.849622395833329	68.76732292292117
5.9496223958333285	69.94961738750125
6.049622395833328	71.13189390159441
6.149622395833328	72.31421565061333
6.2496223958333275	73.49652009350505
6.349622395833327	74.67882632506333
6.449622395833327	75.86113496066412
6.549622395833326	77.04344600022952
6.649622395833326	78.22575944368148
6.749622395833326	79.40807529094272
6.849622395833325	80.59039354193486
6.949622395833325	81.77271419658007
7.049622395833325	82.95503725480076
7.149622395833324	84.13736271651896
7.249622395833324	85.31969058165699
7.3496223958333236	86.50200879369017
7.449622395833323	87.68435887962234
7.549622395833323	88.86668670835945
7.6496223958333225	90.0490217232259
7.749622395833322	91.23135793737275
7.849622395833322	92.41369535085073
7.949622395833321	93.5960339637121
8.049622395833321	94.77837463728721
8.14962239583332	95.96071526897508
8.24962239583332	97.14305656589629
8.34962239583332	98.32539852802557
8.44962239583332	99.507741155337
8.54962239583332	100.69008444780455
8.649622395833319	101.8724281233581
8.749622395833319	103.05477258131076
8.849622395833318	104.23711761521584
8.949622395833318	105.41946331315826
9.049622395833318	106.60180967515552
9.149622395833317	107.78415670122395
9.249622395833317	108.9665043913805
9.349622395833316	110.14885274564277
9.449622395833316	111.33120176402825
9.549622395833316	112.51355144655342
9.649622395833315	113.69590179323528
9.749622395833315	114.87825280409093
9.849622395833315	116.06060541440043
9.949622395833314	117.24295572468795
10.049622395833314	118.42531130353156
10.149622395833314	119.6076645260309
10.249622395833313	120.79001699637016
10.349622395833313	121.97237239504587
10.449622395833313	123.15472845901915
10.549622395833312	124.33708518823791
10.649622395833312	125.51944401940987
10.749622395833311	126.70180157437565
10.849622395833311	127.88415979338772
10.94962239583331	129.06651867647972
11.04962239583331	130.24887822368436
11.14962239583331	131.43123843503656
11.24962239583331	132.44380803470145
11.34962239583331	133.42786497169416
11.449622395833309	134.41192320871122
11.549622395833309	135.39598211018878
11.649622395833308	136.38004167612633
11.749622395833308	137.36410190652458
11.849622395833308	138.348162801383
11.949622395833307	139.3322243936411
12.049622395833307	140.33853502005448
12.149622395833306	141.34493218904746
12.249622395833306	142.35133002266005
12.349622395833306	143.35772852085458
12.449622395833305	144.36412763041363
12.549622395833305	145.37052660353532
12.56	145.4749675199523
1000012.56	145.4749675199523
