-100000	0
-0.014948852539061974	0
-0.01161551920572864	0.0004382217835246175
-0.00661551920572864	0.001599121779813673
0.0008844807942713596	0.004184139648720958
0.01213448079427136	0.009513225165683219
0.02900948079427136	0.02004225861221831
0.05432198079427136	0.040286719489683674
0.09229073079427136	0.0784610842945787
0.14924385579427135	0.14933646166755532
0.23467354329427137	0.2791215249240382
0.33467354329427135	0.4585894180956092
0.4346735432942713	0.6614495658097647
0.5346735432942713	0.8833332479645882
0.6346735432942713	1.1211217101433633
0.7346735432942713	1.372441627637636
0.8346735432942712	1.6354066287568665
0.9346735432942712	1.9084749369338805
1.0346735432942713	2.190354865294573
1.1346735432942714	2.4799411998586303
1.2346735432942715	2.776278081287875
1.3346735432942716	3.0785292429560234
1.4346735432942717	3.3859556868604646
1.5346735432942717	3.6978991554654104
1.6346735432942718	4.0137720852862735
1.734673543294272	4.333045020984687
1.834673543294272	4.655241289958285
1.934673543294272	4.979929109095512
2.034673543294272	5.306716449694514
2.134673543294272	5.635248655376624
2.234673543294272	5.965202336774661
2.3346735432942722	6.296285054956432
2.4346735432942723	6.628226434599719
2.5346735432942724	6.960805450791171
2.6346735432942725	7.293788563277788
2.7346735432942726	7.62698965717831
2.8346735432942727	7.9602376363179435
2.9346735432942728	8.29338259228365
3.034673543294273	8.626295512722953
3.134673543294273	8.958865378558922
3.234673543294273	9.291001463771085
3.334673543294273	9.62263244379187
3.434673543294273	9.953708975203783
3.5346735432942733	10.28418298809017
3.6346735432942734	10.614053955919845
3.7346735432942735	10.94332167624919
3.8346735432942736	11.27200958754319
3.9346735432942737	11.600170890459465
4.034673543294273	11.927843621251757
4.134673543294273	12.25514105709913
4.234673543294273	12.582164136202152
4.334673543294272	12.909039079148005
4.434673543294272	13.235925120455928
4.5346735432942715	13.563000213453977
4.634673543294271	13.890470414484394
4.734673543294271	14.218568088487412
4.8346735432942705	14.5475554758144
4.93467354329427	14.877716152064329
5.03467354329427	15.209375468925293
5.134673543294269	15.542882062561679
5.234673543294269	15.878617949105628
5.334673543294269	16.216997162944473
5.434673543294268	16.558468295995272
5.534673543294268	16.903500598422983
5.634673543294268	17.25260925694121
5.734673543294267	17.60632677080779
5.834673543294267	17.965214398232746
5.9346735432942666	18.3298494873818
6.034673543294266	18.70083171150891
6.134673543294266	19.078763977797625
6.2346735432942655	19.464204613664027
6.334673543294265	19.85763609183867
6.434673543294265	20.25947791631583
6.534673543294264	20.670137850212427
6.634673543294264	21.09000584337939
6.734673543294264	21.519458038594927
6.834673543294263	21.958856864812
6.934673543294263	22.408550547575267
7.034673543294263	22.868873426655515
7.134673543294262	23.340145725302076
7.234673543294262	23.822675683489578
7.334673543294262	24.316756625070894
7.434673543294261	24.82267179214993
7.534673543294261	25.34068743838606
7.6346735432942605	25.871059962258443
7.73467354329426	26.41403233256893
7.83467354329426	26.969835354178212
7.9346735432942594	27.538687238176042
8.034673543294259	28.120794450092287
8.134673543294259	28.71635300861913
8.234673543294258	29.325540488804858
8.334673543294258	29.948532669258814
8.434673543294258	30.585487318820075
8.534673543294257	31.23655220150149
8.634673543294257	31.9018650305702
8.734673543294257	32.58155061185044
8.834673543294256	33.27572379341855
8.934673543294256	33.984488581746014
9.034673543294256	34.70793797754954
9.134673543294255	35.44615463670868
9.234673543294255	36.19921056674227
9.334673543294254	36.9671674825879
9.434673543294254	37.750076879449715
9.534673543294254	38.54798015972297
9.634673543294253	39.36090894491447
9.734673543294253	40.18753740912884
9.834673543294253	41.02569277465999
9.934673543294252	41.87517130700269
10.034673543294252	42.735792649114096
10.134673543294252	43.607374015268775
10.234673543294251	44.489731255668985
10.334673543294251	45.382682049762465
10.43467354329425	46.28604576529693
10.53467354329425	47.19963823278184
10.63467354329425	48.12327583955514
10.73467354329425	49.05677787782863
10.83467354329425	49.99996157214586
10.934673543294249	50.95264279503467
11.034673543294248	51.91463931477239
11.134673543294248	52.8857700307136
11.234673543294248	53.86585086696536
11.334673543294247	54.85469830567798
11.434673543294247	55.85213112173008
11.534673543294247	56.857965693969994
11.634673543294246	57.87201915379137
11.734673543294246	58.89411067709604
11.834673543294246	59.92405486017828
11.934673543294245	60.96167153102938
12.034673543294245	62.00677606845931
12.134673543294245	63.05918856639414
12.234673543294244	64.11875510518573
12.334673543294244	65.18534057981147
12.434673543294243	66.2588144589035
12.534673543294243	67.13897841487537
12.567683086509676	67.17028823238842
1000012.5676830865	67.17028823238842
