-100000	0
0	0
0.0033333333333333335	0.00046451928373285496
0.008333333333333333	0.0013554517527916584
0.01583333333333333	0.003123489888962775
0.02708333333333333	0.006719592408091718
0.043958333333333335	0.013858618371451326
0.06927083333333334	0.027952945645570826
0.10723958333333333	0.055329021437109376
0.16419270833333333	0.10755909481144373
0.24962239583333334	0.2051530459628912
0.3496223958333333	0.3416149628269174
0.4496223958333333	0.49627085666575316
0.5496223958333333	0.6650041210818822
0.6496223958333333	0.8447728207278634
0.7496223958333332	1.033275329944346
0.8496223958333332	1.2287327128688916
0.9496223958333332	1.4297057533662816
1.0496223958333333	1.634929816869329
1.1496223958333334	1.8432715018162533
1.2496223958333335	2.054116782597507
1.3496223958333335	2.2668305010527634
1.4496223958333336	2.4806927186720937
1.5496223958333337	2.695093973433258
1.6496223958333338	2.909516219741617
1.749622395833334	3.123459675070546
1.849622395833334	3.3366723604331288
1.949622395833334	3.548790983956529
2.049622395833334	3.7595709186490627
2.149622395833334	3.968852149932278
2.249622395833334	4.17647589548528
2.349622395833334	4.382421440631383
2.4496223958333343	4.586650442721544
2.5496223958333344	4.789165490275083
2.6496223958333345	4.99011665484645
2.7496223958333346	5.189771235502555
2.8496223958333347	5.388280217171381
2.9496223958333347	5.585889041362201
3.049622395833335	5.783010599055787
3.149622395833335	5.980188955125931
3.249622395833335	6.178017658335651
3.349622395833335	6.37720821121208
3.449622395833335	6.578585450765747
3.5496223958333353	6.783146526129677
3.6496223958333354	6.992040128984321
3.7496223958333355	7.206656363966198
3.8496223958333355	7.428614695462605
3.9496223958333356	7.659746505128069
4.049622395833335	7.902127343976821
4.149622395833335	8.15800497044545
4.249622395833335	8.429708659761271
4.349622395833334	8.71961138943246
4.449622395833334	9.029676106361821
4.5496223958333335	9.361215330375135
4.649622395833333	9.714174243222162
4.749622395833333	10.090491242215718
4.849622395833332	10.49122971099506
4.949622395833332	10.916046416705111
5.049622395833332	11.365695861893238
5.149622395833331	11.837096737272777
5.249622395833331	12.336897147812588
5.349622395833331	12.858133607371753
5.44962239583333	13.40670072428589
5.54962239583333	13.974544332146811
5.64962239583333	14.570843146492077
5.749622395833329	15.191764568292234
5.849622395833329	15.83615442717804
5.9496223958333285	16.504327377209176
6.049622395833328	17.19404868621043
6.149622395833328	17.905384588839475
6.2496223958333275	18.63674165324028
6.349622395833327	19.387836743453036
6.449622395833327	20.15803393886743
6.549622395833326	20.94631652334016
6.649622395833326	21.752094255383522
6.749622395833326	22.574593235044166
6.849622395833325	23.413091231912322
6.949622395833325	24.266810816682522
7.049622395833325	25.135098695469484
7.149622395833324	26.01726181874421
7.249622395833324	26.912688577832483
7.3496223958333236	27.820953134133223
7.449622395833323	28.74121443538234
7.549622395833323	29.673353751906646
7.6496223958333225	30.61654870544645
7.749622395833322	31.57031931546535
7.849622395833322	32.534238952675516
7.949622395833321	33.50780080510012
8.049622395833321	34.49064330418074
8.14962239583332	35.4821679194747
8.24962239583332	36.48213664938933
8.34962239583332	37.490134860432846
8.44962239583332	38.50562549594725
8.54962239583332	39.528520221017736
8.649622395833319	40.5582904174777
8.749622395833319	41.59452236655877
8.849622395833318	42.63703186138874
8.949622395833318	43.68532273183507
9.049622395833318	44.739317600574594
9.149622395833317	45.79832451495796
9.249622395833317	46.86255190030109
9.349622395833316	47.931181110755574
9.449622395833316	49.00438120114241
9.549622395833316	50.08158070105665
9.649622395833315	51.16260481087404
9.749622395833315	52.24805384342968
9.849622395833315	53.33674925303979
9.949622395833314	54.42860493347037
10.049622395833314	55.523521823369244
10.149622395833314	56.62129793328926
10.249622395833313	57.72163539520372
10.349622395833313	58.824422166141865
10.449622395833313	59.92931088531634
10.549622395833312	61.0362185350192
10.649622395833312	62.14495875044402
10.749622395833311	63.255214744433374
10.849622395833311	64.36690138881708
10.94962239583331	65.47970380131697
11.04962239583331	66.59348447228847
11.14962239583331	67.708172909749
11.24962239583331	68.8234135279904
11.34962239583331	69.93908406823111
11.449622395833309	71.05511029985286
11.549622395833309	72.17111982867533
11.649622395833308	73.28715542663845
11.749622395833308	74.40284707245391
11.849622395833308	75.51812829178145
11.949622395833307	76.63277123719442
12.049622395833307	77.7467076954186
12.149622395833306	78.85975777159554
12.249622395833306	79.97149994526254
12.349622395833306	81.08216622594541
12.449622395833305	82.19146098821608
12.549622395833305	83.29927604076438
12.649622395833305	84.37376086703402
12.749622395833304	85.20320833502132
12.849622395833304	86.03268301740115
12.949622395833304	86.86217409148057
13.049622395833303	87.69166516556021
13.149622395833303	88.52112564920857
13.249622395833303	89.35061813750877
13.349622395833302	90.18011062580936
13.449622395833302	91.00960311410938
13.549622395833302	91.83909560240974
13.649622395833301	92.66858809071029
13.7496223958333	93.49808057901
13.8496223958333	94.32757306731067
13.9496223958333	95.15706555561091
14.0496223958333	95.98655804391115
14.1496223958333	96.81605053221162
14.249622395833299	97.6455430205113
14.349622395833299	98.47503550881221
14.449622395833298	99.30452799711232
14.549622395833298	100.13402048541276
14.649622395833298	101.00268274044635
14.749622395833297	101.91156718965865
14.849622395833297	102.8205092316339
14.949622395833297	103.72945127361001
15.049622395833296	104.46569494427422
15.149622395833296	105.20069545117933
15.249622395833295	105.93566452479963
15.349622395833295	106.67066252050665
15.449622395833295	107.40566051621401
15.549622395833294	108.1406585119223
15.649622395833294	108.87565650763044
15.749622395833294	109.61065450333776
15.849622395833293	110.34565249904543
15.949622395833293	111.08065049475245
16.049622395833293	111.81564849046023
16.149622395833294	112.55064648616795
16.249622395833295	113.28564448187531
16.349622395833297	114.02064247758355
16.4496223958333	114.7556404732903
16.5496223958333	115.49063846899864
16.6496223958333	116.22563646470645
16.749622395833303	116.96063446041413
16.849622395833304	117.69556509217907
16.949622395833305	118.43056299124144
17.049622395833307	119.16556089030288
17.14962239583331	119.90055878936502
17.24962239583331	120.63555668842591
17.34962239583331	121.37055458748826
17.449622395833313	122.10552870109181
17.549622395833314	122.84052728334984
17.649622395833315	123.57552586560845
17.749622395833317	124.31052444786694
17.849622395833318	125.04552303012524
17.94962239583332	125.78052161238303
18.04962239583332	126.51552019464138
18.149622395833322	127.25051877689941
18.249622395833324	127.985517359158
18.349622395833325	128.72051594141658
18.449622395833327	129.4555145236742
18.549622395833328	130.1905131059321
18.64962239583333	130.92551168819074
18.74962239583333	131.66040411686532
18.849622395833332	132.39540300294428
18.949622395833334	133.13040188902283
19.049622395833335	133.86540077510088
19.149622395833337	134.6003996611795
19.249622395833338	135.33542119937303
19.34962239583334	136.0704201340459
19.44962239583334	136.8054190687185
19.549622395833342	137.54041800339232
19.649622395833344	138.27541693806455
19.749622395833345	139.01041587273886
19.849622395833347	139.74541460527837
19.949622395833348	140.48041310327667
20.04962239583335	141.21536111301796
20.14962239583335	141.95035646279266
20.249622395833352	143.02621843147514
20.349622395833354	144.10412867696505
20.449622395833355	145.01190188980448
20.549622395833357	145.74680180847935
20.649622395833358	146.48179590065104
20.74962239583336	147.21678999282418
20.84962239583336	147.95178408499638
20.949622395833362	148.68666023166892
21.049622395833364	149.42165654199627
21.149622395833365	150.1566528523225
21.249622395833367	150.89164916265034
21.349622395833368	151.6266454729772
21.44962239583337	152.36164178330466
21.54962239583337	153.0966380936313
21.649622395833372	153.83163440395782
21.749622395833374	154.56663071428542
21.849622395833375	155.30162702461195
21.949622395833376	156.03662333493958
22.049622395833378	156.77161964526616
22.14962239583338	157.5066159555929
22.24962239583338	158.24161226591963
22.349622395833382	158.9766085762468
22.449622395833384	159.71160488657367
22.549622395833385	160.44660119690062
22.649622395833386	161.18159750722776
22.749622395833388	161.91659381755446
22.75	161.92011512418154
1000022.75	161.92011512418154
