-100000	0
0.8800703361483126	0
0.883403669481646	0.0000006642968923772264
0.888403669481646	0.000006501657739270817
0.8959036694816459	0.000032075983413638155
0.9071536694816459	0.0001220152279385929
0.9240286694816459	0.00040709998277547234
0.9493411694816458	0.0012612353177697407
0.9873099194816458	0.003733690451426431
1.0442630444816459	0.01072783078307545
1.1296927319816459	0.030178362505081376
1.229692731981646	0.06873475042384197
1.329692731981646	0.12194664376932728
1.4296927319816461	0.18657736270596445
1.5296927319816462	0.2609791017509548
1.6296927319816463	0.34404815831176433
1.7296927319816464	0.43493130801558827
1.8296927319816465	0.5329317681242695
1.9296927319816466	0.6374501674339915
2.0296927319816467	0.7479532986461691
2.1296927319816468	0.8639543685481171
2.229692731981647	0.9850002465678164
2.329692731981647	1.1106621802623784
2.429692731981647	1.2405293617526398
2.529692731981647	1.374204032613352
2.629692731981647	1.5112979385384573
2.7296927319816473	1.6514292644726356
2.8296927319816474	1.794220654502756
2.9296927319816475	1.9392970868492982
3.0296927319816476	2.0862846819509953
3.1296927319816477	2.2347920368054526
3.2296927319816477	2.384452837507995
3.329692731981648	2.5349234272056815
3.429692731981648	2.6857982971066243
3.529692731981648	2.836693948474886
3.629692731981648	2.9872228451626217
3.729692731981648	3.136992851817869
3.8296927319816483	3.2856065135954013
3.9296927319816484	3.4326603392137183
4.0296927319816485	3.577744656830514
4.129692731981648	3.7204388570689724
4.229692731981648	3.860317106577549
4.329692731981647	3.996939054386246
4.429692731981647	4.129850791541518
4.529692731981647	4.258580185618045
4.629692731981646	4.382631235794889
4.729692731981646	4.501476398553581
4.829692731981646	4.614544672050936
4.929692731981645	4.721203722078305
5.029692731981645	4.820731858185079
5.1296927319816445	4.912263238681337
5.229692731981644	4.994750215697429
5.329692731981644	5.066777583718113
5.4296927319816435	5.12640818634664
5.529692731981643	5.171011494982175
5.629692731981643	5.197686316021006
5.729692731981642	5.207955844767068
5.829692731981642	5.209230573982016
5.929692731981642	5.209230573982016
6.029692731981641	5.209230573982016
6.129692731981641	5.209230573982016
6.229692731981641	5.209230573982016
6.32969273198164	5.209230573982016
6.42969273198164	5.209230573982016
6.52969273198164	5.209230573982016
6.629692731981639	5.209230573982016
6.729692731981639	5.209230573982016
6.8296927319816385	5.209230573982016
6.929692731981638	5.209230573982016
7.029692731981638	5.209230573982016
7.129692731981637	5.209230573982016
7.229692731981637	5.209230573982016
7.329692731981637	5.209230573982016
7.429692731981636	5.209230573982016
7.529692731981636	5.209230573982016
7.629692731981636	5.209230573982016
7.729692731981635	5.209230573982016
7.829692731981635	5.209230573982016
7.929692731981635	5.209230573982016
8.029692731981635	5.209230573982016
8.129692731981635	5.209230573982016
8.229692731981634	5.209230573982016
8.329692731981634	5.209237255866942
8.429692731981634	5.209603446135225
8.529692731981633	5.211164965445782
8.629692731981633	5.214772745771796
8.729692731981633	5.221280525146454
8.829692731981632	5.231568464177616
8.929692731981632	5.246554155965817
9.029692731981632	5.267196788009188
9.129692731981631	5.294491664036506
9.22969273198163	5.32944258312022
9.32969273198163	5.372637905810618
9.42969273198163	5.42410996311308
9.52969273198163	5.48380862245847
9.62969273198163	5.5516132301994086
9.729692731981629	5.627935551900007
9.829692731981629	5.713889555588849
9.929692731981628	5.809667915471981
10.029692731981628	5.915421684352537
10.129692731981628	6.0312851264138985
10.229692731981627	6.157378128093253
10.329692731981627	6.293808751155932
10.429692731981627	6.440673901878008
10.529692731981626	6.59806138580257
10.629692731981626	6.766051725377923
10.729692731981626	6.944718401575963
10.829692731981625	7.134129124607365
10.929692731981625	7.334346812457155
11.029692731981624	7.54542877497361
11.129692731981624	7.767431087920733
11.229692731981624	8.000405941607719
11.329692731981623	8.244402800815509
11.429692731981623	8.499468583578109
11.529692731981623	8.765648032188063
11.629692731981622	9.042984228317417
11.729692731981622	9.331518768440088
11.829692731981622	9.631292015890285
11.929692731981621	9.942342715754215
12.029692731981621	10.26470873530329
12.12969273198162	10.598427642798155
12.22969273198162	10.943535068960609
12.32969273198162	11.300067113338706
12.42969273198162	11.668058520355595
12.52969273198162	12.047543427518109
12.629692731981619	12.438550937869387
12.729692731981618	12.761442446425749
12.73501789261123	12.761670424417131
1000012.7350178926	12.761670424417131
