-100000	0
-0.02411678573636955	0
-0.020783452403036216	0.00031114973829885997
-0.015783452403036215	0.0020571097581520473
-0.008283452403036216	0.00676245075467852
0.002966547596963784	0.015130732238041275
0.019841547596963785	0.029576873987383588
0.04515404759696379	0.054417631306674465
0.08312279759696378	0.09706367156385991
0.14007592259696378	0.17018405817913976
0.2255056100969638	0.2952755475074977
0.32550561009696377	0.4593857342890216
0.42550561009696375	0.6381904194866937
0.5255056100969637	0.8287112312560897
0.6255056100969637	1.0288463355285793
0.7255056100969637	1.2370091546235826
0.8255056100969637	1.4519382287537412
0.9255056100969636	1.6726229056147741
1.0255056100969637	1.8982116942695302
1.1255056100969638	2.127980220137696
1.225505610096964	2.3613037793806937
1.325505610096964	2.5976361891282647
1.425505610096964	2.836495287464972
1.5255056100969642	3.0774522527749015
1.6255056100969643	3.3201239820470034
1.7255056100969643	3.56416647386567
1.8255056100969644	3.809268969793985
1.9255056100969645	4.055152810672059
2.0255056100969644	4.301564695204556
2.1255056100969645	4.548275922810716
2.2255056100969646	4.795082469790287
2.3255056100969647	5.041801840409713
2.4255056100969647	5.288273652309014
2.525505610096965	5.534360617370584
2.625505610096965	5.779950643071458
2.725505610096965	6.024960256964369
2.825505610096965	6.269340532379983
2.925505610096965	6.513114504366767
3.0255056100969653	6.756717615865964
3.1255056100969654	7.000954899417299
3.2255056100969655	7.24668506630308
3.3255056100969655	7.494817451348775
3.4255056100969656	7.746325162951624
3.5255056100969657	8.00223341592513
3.625505610096966	8.263641362189839
3.725505610096966	8.531720446944439
3.825505610096966	8.807721744650307
3.925505610096966	9.092982595113451
4.025505610096966	9.388932663879043
4.125505610096965	9.697099192629022
4.225505610096965	10.019109831718207
4.325505610096965	10.35669102848997
4.425505610096964	10.711658311923916
4.525505610096964	11.085892716384905
4.625505610096964	11.481293987345113
4.725505610096963	11.89969816821987
4.825505610096963	12.34274493136896
4.9255056100969625	12.811683748137597
5.025505610096962	13.306934493135234
5.125505610096962	13.827999450823347
5.2255056100969615	14.374825883130237
5.325505610096961	14.947163351611847
5.425505610096961	15.544444399589162
5.52550561009696	16.165918190256143
5.62550561009696	16.810758983968114
5.72550561009696	17.47810450822114
5.825505610096959	18.167099980743647
5.925505610096959	18.876915852543444
6.025505610096959	19.606756360366695
6.125505610096958	20.355860110542288
6.225505610096958	21.123500249482067
6.3255056100969576	21.90898247313574
6.425505610096957	22.71164180292926
6.525505610096957	23.530839738402005
6.6255056100969565	24.36596064747645
6.725505610096956	25.216409679721362
6.825505610096956	26.081610418662237
6.925505610096955	26.961001045474028
7.025505610096955	27.854035627015087
7.125505610096955	28.760178393444008
7.225505610096954	29.67890699991494
7.325505610096954	30.60970708516041
7.425505610096954	31.552074457602775
7.525505610096953	32.50551432133473
7.625505610096953	33.4695382610574
7.725505610096953	34.44366764476234
7.825505610096952	35.42743200979982
7.925505610096952	36.42036951844609
8.025505610096952	37.422026442482725
8.125505610096951	38.431960339127606
8.22550561009695	39.449739311444176
8.32550561009695	40.47494299717891
8.42550561009695	41.507168323514
8.52550561009695	42.54600969977291
8.62550561009695	43.59110182747155
8.725505610096949	44.642080170753516
8.825505610096949	45.69860249874644
8.925505610096948	46.76034615987931
9.025505610096948	47.827009204599776
9.125505610096948	48.89831176665391
9.225505610096947	49.973996420991284
9.325505610096947	51.05382941059319
9.425505610096947	52.13760080812777
9.525505610096946	53.22512528102034
9.625505610096946	54.31624186506125
9.725505610096945	55.41010941820471
9.825505610096945	56.50516174511446
9.925505610096945	57.60131815082284
10.025505610096944	58.69854360168957
10.125505610096944	59.79680379903751
10.225505610096944	60.896062703031596
10.325505610096943	61.99628453719526
10.425505610096943	63.09742590308635
10.525505610096943	64.19946913746664
10.625505610096942	65.30235611142287
10.725505610096942	66.40605418720992
10.825505610096942	67.51052421374537
10.925505610096941	68.61572206337078
11.02550561009694	69.72160796279309
11.12550561009694	70.82813677444311
11.22550561009694	71.9352633107539
11.32550561009694	73.04294050586928
11.42550561009694	74.15111913085673
11.525505610096939	75.25974787746085
11.625505610096939	76.3687741893098
11.725505610096938	77.47814136662913
11.825505610096938	78.5877916649968
11.925505610096938	79.6976630251858
12.025505610096937	80.80769118969273
12.125505610096937	81.91780788595172
12.225505610096937	83.02794078314633
12.325505610096936	84.13801376445234
12.425505610096936	85.24812739182417
12.525505610096936	86.35848487557078
12.6234044613437	87.38509020668388
1000012.6234044613	87.38509020668388
