-100000	0
2.060421809856676	0
2.063755143190009	0.000000028280038238034448
2.068755143190009	0.0000004443765987215726
2.076255143190009	0.0000030298842623899984
2.087505143190009	0.00001493886592639967
2.104380143190009	0.0000623693348193217
2.129692643190009	0.0002357075818482718
2.1676613931900093	0.0008325316355566691
2.2246145181900094	0.0027916111484498378
2.3100442056900095	0.00894336907229086
2.4100442056900095	0.02227569511453257
2.5100442056900096	0.04326585941454461
2.6100442056900097	0.07252609904812739
2.71004420569001	0.11025962817798812
2.81004420569001	0.15632320164540872
2.91004420569001	0.21014412524069423
3.01004420569001	0.27015921663042025
3.11004420569001	0.33483868254017185
3.2100442056900103	0.4029216201524983
3.3100442056900103	0.47327036220321583
3.4100442056900104	0.5448280818900706
3.5100442056900105	0.6165895908646127
3.6100442056900106	0.6875801048895119
3.7100442056900107	0.7568433800323298
3.810044205690011	0.8234348732306405
3.910044205690011	0.886420116996105
4.0100442056900105	0.9448770711242365
4.11004420569001	0.9979053580588552
4.21004420569001	1.0446396813904857
4.3100442056900095	1.084269123112123
4.410044205690009	1.116079847594456
4.510044205690009	1.139921673921614
4.610044205690008	1.1563349911759098
4.710044205690008	1.1662572434721648
4.810044205690008	1.171026943715713
4.910044205690007	1.172388898393164
5.010044205690007	1.1724489831201774
5.110044205690007	1.1724489831201774
5.210044205690006	1.1724489831201774
5.310044205690006	1.1724489831201774
5.4100442056900055	1.1724489831201774
5.510044205690005	1.1724489831201774
5.610044205690005	1.1724489831201774
5.7100442056900045	1.1724489831201774
5.810044205690004	1.1724489831201774
5.910044205690004	1.1724489831201774
6.010044205690003	1.1724489831201774
6.110044205690003	1.1724489831201774
6.210044205690003	1.1724489831201774
6.310044205690002	1.1724489831201774
6.410044205690002	1.1724489831201774
6.510044205690002	1.1724489831201774
6.610044205690001	1.1724489831201774
6.710044205690001	1.1724489831201774
6.810044205690001	1.1724489831201774
6.91004420569	1.1724489831201774
7.01004420569	1.1724489831201774
7.1100442056899995	1.1724489831201774
7.210044205689999	1.1724489831201774
7.310044205689999	1.1724489831201774
7.410044205689998	1.1724489831201774
7.510044205689998	1.1724489831201774
7.610044205689998	1.1724489831201774
7.710044205689997	1.1724489831201774
7.810044205689997	1.1724489831201774
7.910044205689997	1.1724489831201774
8.010044205689997	1.1724489831201774
8.110044205689997	1.1724489831201774
8.210044205689996	1.1724489831201774
8.310044205689996	1.1724489831201774
8.410044205689996	1.1724489831201774
8.510044205689995	1.1724489831201774
8.610044205689995	1.1724489831201774
8.710044205689995	1.1724489831201774
8.810044205689994	1.1724489831201774
8.910044205689994	1.1724489831201774
9.010044205689994	1.1724489831201774
9.110044205689993	1.1724489831201774
9.210044205689993	1.1724489831201774
9.310044205689993	1.1724489831201774
9.410044205689992	1.1724489831201774
9.510044205689992	1.1724489831201774
9.610044205689992	1.1724489831201774
9.710044205689991	1.1724489831201774
9.81004420568999	1.1724489831201774
9.91004420568999	1.1724489831201774
10.01004420568999	1.1724489831201774
10.11004420568999	1.1724489831201774
10.21004420568999	1.1724489831201774
10.310044205689989	1.1724489831201774
10.410044205689989	1.1724489831201774
10.510044205689988	1.1724489831201774
10.610044205689988	1.1724489831201774
10.710044205689988	1.1724489831201774
10.810044205689987	1.1724489831201774
10.910044205689987	1.1724489831201774
11.010044205689987	1.1724620674459478
11.110044205689986	1.173051329831311
11.210044205689986	1.175541951943099
11.310044205689985	1.1813622891956397
11.410044205689985	1.1919904580822025
11.510044205689985	1.208953854300614
11.610044205689984	1.2338284714488306
11.710044205689984	1.2682411079013667
11.810044205689984	1.3138645641680997
11.910044205689983	1.3720463792009887
12.010044205689983	1.4430664047754633
12.110044205689983	1.5270039995257927
12.210044205689982	1.6239324694537758
12.310044205689982	1.733920627599402
12.410044205689982	1.8570329933569387
12.510044205689981	1.9933297247337867
12.61004420568998	2.1428676664071076
12.71004420568998	2.305700482410248
12.768890225565416	2.3828405614407986
1000012.7688902256	2.3828405614407986
