-100000	0
2.8359490818134727	0
2.839282415146806	0.000000022935485915890776
2.844282415146806	0.0000003143447774211387
2.851782415146806	0.0000018952833479071995
2.863032415146806	0.000008359115724835628
2.879907415146806	0.00003148997668942384
2.905219915146806	0.00010812209773081059
2.943188665146806	0.00034883881977976796
3.0001417901468064	0.00107069683354384
3.0855714776468064	0.003125341124336291
3.1855714776468065	0.007123560928009157
3.2855714776468066	0.012727589201091481
3.3855714776468067	0.019601223846533938
3.4855714776468067	0.027271683853937342
3.585571477646807	0.035203640335104126
3.685571477646807	0.04286320790803639
3.785571477646807	0.04977095624623015
3.885571477646807	0.05554614440560335
3.985571477646807	0.059941379680191406
4.085571477646807	0.06287580370865792
4.185571477646807	0.06445799803758416
4.285571477646807	0.06500457796354972
4.385571477646806	0.06504998625220626
4.485571477646806	0.06504998625220626
4.5855714776468055	0.06504998625220626
4.685571477646805	0.06504998625220626
4.785571477646805	0.06504998625220626
4.885571477646804	0.06504998625220626
4.985571477646804	0.06504998625220626
5.085571477646804	0.06504998625220626
5.185571477646803	0.06504998625220626
5.285571477646803	0.06504998625220626
5.385571477646803	0.06504998625220626
5.485571477646802	0.06504998625220626
5.585571477646802	0.06504998625220626
5.685571477646802	0.06504998625220626
5.785571477646801	0.06504998625220626
5.885571477646801	0.06504998625220626
5.9855714776468005	0.06504998625220626
6.0855714776468	0.06504998625220626
6.1855714776468	0.06504998625220626
6.2855714776467995	0.06504998625220626
6.385571477646799	0.06504998625220626
6.485571477646799	0.06504998625220626
6.585571477646798	0.06504998625220626
6.685571477646798	0.06504998625220626
6.785571477646798	0.06504998625220626
6.885571477646797	0.06504998625220626
6.985571477646797	0.06504998625220626
7.085571477646797	0.06504998625220626
7.185571477646796	0.06504998625220626
7.285571477646796	0.06504998625220626
7.385571477646796	0.06504998625220626
7.485571477646795	0.06504998625220626
7.585571477646795	0.06504998625220626
7.6855714776467945	0.06504998625220626
7.785571477646794	0.06504998625220626
7.885571477646794	0.06504998625220626
7.985571477646793	0.06504998625220626
8.085571477646793	0.06504998625220626
8.185571477646793	0.06504998625220626
8.285571477646792	0.06504998625220626
8.385571477646792	0.06504998625220626
8.485571477646792	0.06504998625220626
8.585571477646791	0.06504998625220626
8.685571477646791	0.06504998625220626
8.78557147764679	0.06504998625220626
8.88557147764679	0.06504998625220626
8.98557147764679	0.06504998625220626
9.08557147764679	0.06504998625220626
9.18557147764679	0.06504998625220626
9.285571477646789	0.06504998625220626
9.385571477646788	0.06504998625220626
9.485571477646788	0.06504998625220626
9.585571477646788	0.06504998625220626
9.685571477646787	0.06504998625220626
9.785571477646787	0.06504998625220626
9.885571477646787	0.06504998625220626
9.985571477646786	0.06504998625220626
10.085571477646786	0.06504998625220626
10.185571477646786	0.06504998625220626
10.285571477646785	0.06504998625220626
10.385571477646785	0.06504998625220626
10.485571477646785	0.06504998625220626
10.585571477646784	0.06504998625220626
10.685571477646784	0.06504998625220626
10.785571477646783	0.06504998625220626
10.885571477646783	0.06504998625220626
10.985571477646783	0.06504998625220626
11.085571477646782	0.06504998625220626
11.185571477646782	0.06504998625220626
11.285571477646782	0.06504998625220626
11.385571477646781	0.06504998625220626
11.485571477646781	0.06504998625220626
11.58557147764678	0.06504998625220626
11.68557147764678	0.06504998625220626
11.78557147764678	0.06504998625220626
11.88557147764678	0.06522846485503543
11.98557147764678	0.06686154689669674
12.085571477646779	0.07168133041758197
12.185571477646779	0.08147837869752117
12.285571477646778	0.09810218969415144
12.385571477646778	0.12346032637085852
12.485571477646777	0.1595220293738693
12.585571477646777	0.2083137930109422
12.685571477646777	0.2713059460495783
12.777777386912984	0.3340876834002489
1000012.777777387	0.3340876834002489
