-100000	0
0	0
0.0033333333333333335	0.02694592009881653
0.008333333333333333	0.06787367145561615
0.01583333333333333	0.1299339235742831
0.02708333333333333	0.22407877326863118
0.043958333333333335	0.3670473456957464
0.06927083333333334	0.5844621337813758
0.10723958333333333	0.915605609002734
0.16419270833333333	1.4207569914039797
0.24962239583333334	2.1923534918393206
0.3496223958333333	3.1108347172763335
0.4496223958333333	4.041294033448395
0.5496223958333333	4.980597542630931
0.6496223958333333	5.9264878362112
0.7496223958333332	6.877227022718692
0.8496223958333332	7.831417764440824
0.9496223958333332	8.78790061139214
1.0496223958333333	9.745690003686507
1.1496223958333334	10.703944146206734
1.2496223958333335	11.662227517773736
1.3496223958333335	12.620516326358759
1.4496223958333336	13.578810571958783
1.5496223958333337	14.537110254570846
1.6496223958333338	15.495415374192127
1.749622395833334	16.453725930819584
1.849622395833334	17.412041924450254
1.949622395833334	18.370363355081324
2.049622395833334	19.328690222709614
2.149622395833334	20.287022527332223
2.249622395833334	21.245360268946342
2.349622395833334	22.203703447548993
2.4496223958333343	23.162052063137065
2.5496223958333344	24.120406115707677
2.6496223958333345	25.0787656052581
2.7496223958333346	26.03713053178517
2.8496223958333347	26.995500895285886
2.9496223958333347	27.953876695757447
3.049622395833335	28.912257933196663
3.149622395833335	29.870644607600926
3.249622395833335	30.829036718967046
3.349622395833335	31.78743426729206
3.449622395833335	32.745837252573125
3.5496223958333353	33.70424567480733
3.6496223958333354	34.662659533991466
3.7496223958333355	35.621078830122904
3.8496223958333355	36.579503563198514
3.9496223958333356	37.53793373321564
4.049622395833335	38.496369340170794
4.149622395833335	39.45481038406124
4.249622395833335	40.41325686488418
4.349622395833334	41.37170878263682
4.449622395833334	42.33016613731577
4.5496223958333335	43.28862892891813
4.649622395833333	44.247097157441154
4.749622395833333	45.20557082288178
4.849622395833332	46.16401130645975
4.949622395833332	47.12254214238975
5.049622395833332	48.08103001628486
5.149622395833331	49.039522216889495
5.249622395833331	49.99801874420814
5.349622395833331	50.95651959824384
5.44962239583333	51.91502477900102
5.54962239583333	52.873534286483086
5.64962239583333	53.83204812069389
5.749622395833329	54.79056628163743
5.849622395833329	55.74908876931774
5.9496223958333285	56.70766225883356
6.049622395833328	57.66614735668356
6.149622395833328	58.62468223998794
6.2496223958333275	59.58322111502666
6.349622395833327	60.54176398180145
6.449622395833327	61.50031084031336
6.549622395833326	62.4588616905637
6.649622395833326	63.4174165325543
6.749622395833326	64.3759753662863
6.849622395833325	65.33453819176104
6.949622395833325	66.29310500898016
7.049622395833325	67.25167581794508
7.149622395833324	68.21025061865674
7.249622395833324	69.16882941111683
7.3496223958333236	70.12741219532722
7.449622395833323	71.08599897128852
7.549622395833323	72.04458973900272
7.6496223958333225	73.00318449847109
7.749622395833322	73.96178324969495
7.849622395833322	74.92038599267569
7.949622395833321	75.8789927274146
8.049622395833321	76.8376005615474
8.14962239583332	77.7962127616852
8.24962239583332	78.75482668212962
8.34962239583332	79.7134423228594
8.44962239583332	80.67205968385147
8.54962239583332	81.63067876508491
8.649622395833319	82.58929956653637
8.749622395833319	83.54792208818448
8.849622395833318	84.50654633000664
8.949622395833318	85.46517229198128
9.049622395833318	86.42379997408584
9.149622395833317	87.38242937629879
9.249622395833317	88.34106049859722
9.349622395833316	89.29969334095965
9.449622395833316	90.2583279033632
9.549622395833316	91.2169641857868
9.649622395833315	92.17560218820752
9.749622395833315	93.13424170173275
9.849622395833315	94.09288313674068
9.949622395833314	95.05152629159598
10.049622395833314	96.01017116628029
10.149622395833314	96.96881776077603
10.249622395833313	97.92746510190908
10.349622395833313	98.88611591094686
10.449622395833313	99.84476762924359
10.549622395833312	100.80342106703222
10.649622395833312	101.76207622432192
10.749622395833311	102.72073310112108
10.849622395833311	103.67939169743799
10.94962239583331	104.63805201328107
11.04962239583331	105.59671404865807
11.14962239583331	106.55537780357834
11.24962239583331	107.37637249822714
11.34962239583331	108.17425277378418
11.449622395833309	108.97213476974314
11.549622395833309	109.77001848592847
11.649622395833308	110.5679039221661
11.749622395833308	111.36579107828149
11.849622395833308	112.16367995410006
11.949622395833307	112.9615705494467
11.950000000000001	112.96460281835252
1000011.95	112.96460281835252
