-100000	0
-0.02229085091762606	0
-0.018957517584292725	0.00021673581819368036
-0.013957517584292724	0.002195811558422842
-0.006457517584292725	0.008280313497994362
0.004792482415707275	0.01869146046087948
0.021667482415707276	0.03636899727234913
0.04697998241570728	0.06633858943120101
0.08494873241570727	0.11715424251959174
0.14190185741570727	0.20337823985983772
0.22733154491570728	0.3496674965412198
0.32733154491570726	0.5405564356024571
0.42733154491570724	0.7479864008125872
0.5273315449157072	0.968803099233212
0.6273315449157072	1.2007915634969082
0.7273315449157072	1.4422852152700092
0.8273315449157072	1.6919754600345722
0.9273315449157071	1.948811790786201
1.0273315449157072	2.2119195265305103
1.1273315449157073	2.480554089707722
1.2273315449157074	2.7540916001613556
1.3273315449157075	3.03198632560222
1.4273315449157076	3.3137654591376564
1.5273315449157077	3.5990151227202136
1.6273315449157078	3.8873729020505854
1.7273315449157078	4.178523362831377
1.827331544915708	4.4721904733392925
1.927331544915708	4.768136012276664
2.027331544915708	5.0661570841727315
2.127331544915708	5.366083479634064
2.227331544915708	5.6677779079268324
2.327331544915708	5.971137559592756
2.4273315449157082	6.276095454295272
2.5273315449157083	6.58262409305884
2.6273315449157084	6.8907422704109536
2.7273315449157085	7.200524245959272
2.8273315449157086	7.512115297772099
2.9273315449157087	7.825945694966699
3.0273315449157088	8.143201056572233
3.127331544915709	8.465352227267195
3.227331544915709	8.793079120482588
3.327331544915709	9.127222764391771
3.427331544915709	9.468709273006377
3.527331544915709	9.818567022797355
3.6273315449157093	10.177402503354028
3.7273315449157094	10.546579696239565
3.8273315449157095	10.927103156487568
3.9273315449157096	11.320286095875542
4.027331544915709	11.72749569122351
4.127331544915709	12.15014301712694
4.2273315449157085	12.589715589116883
4.327331544915708	13.048921239257593
4.427331544915708	13.528041481690774
4.527331544915707	14.02835249218813
4.627331544915707	14.5508407187442
4.727331544915707	15.095957711803063
4.827331544915706	15.663364138324233
4.927331544915706	16.25269540434351
5.027331544915706	16.86398561922137
5.127331544915705	17.497039062274222
5.227331544915705	18.151471172202626
5.327331544915705	18.82676814085703
5.427331544915704	19.52232596195415
5.527331544915704	20.23754637009088
5.6273315449157035	20.971775357626996
5.727331544915703	21.72438914233294
5.827331544915703	22.494754340778098
5.9273315449157025	23.282303865526668
6.027331544915702	24.086447316395205
6.127331544915702	24.906612582374002
6.227331544915701	25.742272449763252
6.327331544915701	26.592896215672635
6.427331544915701	27.457977292552318
6.5273315449157	28.337015377474614
6.6273315449157	29.22952837954195
6.7273315449157	30.135034854087696
6.827331544915699	31.053087480554616
6.927331544915699	31.98318797102007
7.027331544915699	32.92492146571939
7.127331544915698	33.87782103948415
7.227331544915698	34.8414294581256
7.3273315449156975	35.81533245389428
7.427331544915697	36.79908909695901
7.527331544915697	37.79225374142018
7.627331544915696	38.79438925699098
7.727331544915696	39.80509253623954
7.827331544915696	40.82393002942803
7.927331544915695	41.850467228727446
8.027331544915695	42.88431437531407
8.127331544915695	43.925061479691244
8.227331544915694	44.972311494371766
8.327331544915694	46.025664628475845
8.427331544915694	47.08477966724741
8.527331544915693	48.14926394955845
8.627331544915693	49.218767532421964
8.727331544915693	50.292968632693814
8.827331544915692	51.371551620443924
8.927331544915692	52.45422387402508
9.027331544915691	53.54071498480307
9.127331544915691	54.63077819944565
9.22733154491569	55.72418666143413
9.32733154491569	56.820754382376336
9.42733154491569	57.92031117121932
9.52733154491569	59.02270568069317
9.62733154491569	60.12782767009181
9.727331544915689	61.23485804845704
9.827331544915689	62.34232842534229
9.927331544915688	63.45018424364006
10.027331544915688	64.55841871255605
10.127331544915688	65.66701178604752
10.227331544915687	66.77594122351297
10.327331544915687	67.88519674774736
10.427331544915686	68.99476078120581
10.527331544915686	70.10462584466785
10.627331544915686	71.21476180322428
10.727331544915685	72.32516446253298
10.827331544915685	73.43580334993747
10.927331544915685	74.54667294332789
11.027331544915684	75.65773916133661
11.127331544915684	76.76900301564312
11.227331544915684	77.88042350168608
11.327331544915683	78.99199614050286
11.427331544915683	80.10367985171217
11.527331544915683	81.21547354027781
11.627331544915682	82.32734918480742
11.727331544915682	83.43926923611458
11.827331544915682	84.5512083320081
11.927331544915681	85.66315716144962
12.02733154491568	86.77507633560904
12.12733154491568	87.88693119125932
12.22733154491568	88.99869991455796
12.32733154491568	90.11036150294751
12.42733154491568	91.22212144005057
12.527331544915679	92.33413117558582
12.601503854269634	93.09807987050141
1000012.6015038543	93.09807987050141
