-100000	0
-0.014948852539061974	0
-0.01161551920572864	0.003520852133873474
-0.00661551920572864	0.009475994240472591
0.0008844807942713596	0.019303479376161812
0.01213448079427136	0.03553303602367633
0.02900948079427136	0.062361115316641916
0.05432198079427136	0.10683730671345773
0.09229073079427136	0.18084774800680745
0.14924385579427135	0.30438721678477526
0.23467354329427137	0.5110082270178546
0.33467354329427135	0.7776021552830407
0.4346735432942713	1.0650501239862813
0.5346735432942713	1.3694344284188542
0.6346735432942713	1.6880308317171213
0.7346735432942713	2.0188154246720433
0.8346735432942712	2.360222358959482
0.9346735432942712	2.7110069388803972
1.0346735432942713	3.0701611412280805
1.1346735432942714	3.436861744555796
1.2346735432942715	3.810432116125515
1.3346735432942716	4.190315651602068
1.4346735432942717	4.576061694393442
1.5346735432942717	4.967306029806057
1.6346735432942718	5.363774848586513
1.734673543294272	5.765268244773392
1.834673543294272	6.171667392840169
1.934673543294272	6.582936199571641
2.034673543294272	6.999121141903937
2.134673543294272	7.420380027800208
2.234673543294272	7.846972106796193
2.3346735432942722	8.279309117634073
2.4346735432942723	8.71818062040958
2.5346735432942724	9.164627941998615
2.6346735432942725	9.619349047681522
2.7346735432942726	10.082701800418542
2.8346735432942727	10.555103025285971
2.9346735432942728	11.037044214664899
3.034673543294273	11.529088043167917
3.134673543294273	12.03186487106209
3.234673543294273	12.546067827183927
3.334673543294273	13.07244721281425
3.434673543294273	13.611799936292826
3.5346735432942733	14.164954609053412
3.6346735432942734	14.732743811201663
3.7346735432942735	15.315968831110498
3.8346735432942736	15.915341825858793
3.9346735432942737	16.53141275773116
4.034673543294273	17.164475216941327
4.134673543294273	17.81439507850579
4.234673543294273	18.480333742396535
4.334673543294272	19.161759940838277
4.434673543294272	19.858811848801206
4.5346735432942715	20.571606547667212
4.634673543294271	21.30014340307864
4.734673543294271	22.04432252642282
4.8346735432942705	22.803958219983414
4.93467354329427	23.578805089509995
5.03467354329427	24.3685666045617
5.134673543294269	25.17291547287846
5.234673543294269	25.991499302591503
5.334673543294269	26.82395308879827
5.434673543294268	27.669904220600177
5.534673543294268	28.52897466167809
5.634673543294268	29.40078513641592
5.734673543294267	30.284959788430086
5.834673543294267	31.181124269387077
5.9346735432942666	32.088907313428074
6.034673543294266	33.007941950448554
6.134673543294266	33.937864339620766
6.2346735432942655	34.87831557642831
6.334673543294265	35.828939161430064
6.434673543294265	36.789382362412944
6.534673543294264	37.75929557732517
6.634673543294264	38.73833148475971
6.734673543294264	39.726146206256445
6.834673543294263	40.722396291044596
6.934673543294263	41.72674181373752
7.034673543294263	42.73884515887956
7.134673543294262	43.75836823871703
7.234673543294262	44.78497592445928
7.334673543294262	45.818334929425355
7.434673543294261	46.85811945830138
7.534673543294261	47.903981141023976
7.6346735432942605	48.95561428890767
7.73467354329426	50.01268742783761
7.83467354329426	51.07488086130985
7.9346735432942594	52.141879280593834
8.034673543294259	53.213373582026975
8.134673543294259	54.2890615034132
8.234673543294258	55.36864797577941
8.334673543294258	56.45184592000781
8.434673543294258	57.538380072653176
8.534673543294257	58.62798932348222
8.634673543294257	59.720423047793034
8.734673543294257	60.815447654201286
8.834673543294256	61.91284508897829
8.934673543294256	63.012418214454854
9.034673543294256	64.1139875666021
9.134673543294255	65.21739365672084
9.234673543294255	66.32250225107431
9.334673543294254	67.42919909499847
9.434673543294254	68.53739174397404
9.534673543294254	69.64701434091229
9.634673543294253	70.75802093843407
9.6463388671875	70.88771115779487
1000009.6463388671	70.88771115779487
