-100000	0
-0.014948852539061974	0
-0.01161551920572864	0.005147571655053849
-0.00661551920572864	0.013588000641622128
0.0008844807942713596	0.02721717571103405
0.01213448079427136	0.049208960034887034
0.02900948079427136	0.08478569567071627
0.05432198079427136	0.1425868142492402
0.09229073079427136	0.23693908009220127
0.14924385579427135	0.3916452821142649
0.23467354329427137	0.6462433254700944
0.33467354329427135	0.97063085338151
0.4346735432942713	1.3174552891050744
0.5346735432942713	1.6826715011419484
0.6346735432942713	2.0634628927780385
0.7346735432942713	2.4577382347485077
0.8346735432942712	2.8638849606501644
0.9346735432942712	3.2806248620491845
1.0346735432942713	3.706930053268909
1.1346735432942714	4.141967331103134
1.2346735432942715	4.58506143448116
1.3346735432942716	5.035673029298027
1.4346735432942717	5.4933833087539465
1.5346735432942717	5.957885450416759
1.6346735432942718	6.428984613407743
1.734673543294272	6.906606103860453
1.834673543294272	7.390810871112471
1.934673543294272	7.881807002950188
2.034673543294272	8.379963325904075
2.134673543294272	8.88568912946529
2.234673543294272	9.39926047964718
2.3346735432942722	9.920979239343264
2.4346735432942723	10.451207210526077
2.5346735432942724	10.99036413257116
2.6346735432942725	11.538908008791166
2.7346735432942726	12.097340580402369
2.8346735432942727	12.666203759937877
2.9346735432942728	13.246069762111881
3.034673543294273	13.837531498505406
3.134673543294273	14.441189069626283
3.234673543294273	15.057630777632875
3.334673543294273	15.687407621108624
3.434673543294273	16.3310012664788
3.5346735432942733	16.98877449923892
3.6346735432942734	17.660941330078487
3.7346735432942735	18.34745897468393
3.8346735432942736	19.04773315796108
3.9346735432942737	19.76112783879164
4.034673543294273	20.487651154643256
4.134673543294273	21.2275388208621
4.234673543294273	21.980936029318777
4.334673543294272	22.747899495234265
4.434673543294272	23.5284054441336
4.5346735432942715	24.322360576428938
4.634673543294271	25.12961366531501
4.734673543294271	25.949966449744647
4.8346735432942705	26.78318313906936
4.93467354329427	27.62899947644256
5.03467354329427	28.487130244053738
5.134673543294269	29.357274803447044
5.234673543294269	30.239121940117283
5.334673543294269	31.132353055142246
5.434673543294268	32.03664578724322
5.534673543294268	32.95167540968983
5.634673543294268	33.877116667091464
5.734673543294267	34.81264492603974
5.834673543294267	35.75793690918062
5.9346735432942666	36.712671348389996
6.034673543294266	37.676528919359484
6.134673543294266	38.649193294409166
6.2346735432942655	39.63035034701588
6.334673543294265	40.619689042753684
6.434673543294265	41.61690027180473
6.534673543294264	42.621677551187275
6.634673543294264	43.633717596278736
6.734673543294264	44.65271897299057
6.834673543294263	45.67838243644007
6.934673543294263	46.71041356638659
7.034673543294263	47.74851618065175
7.134673543294262	48.792400530161125
7.234673543294262	49.841777758664534
7.334673543294262	50.89636220022249
7.434673543294261	51.95587144833251
7.534673543294261	53.020027247149535
7.6346735432942605	54.08855822388442
7.73467354329426	55.161182899624535
7.83467354329426	56.237648054808766
7.9346735432942594	57.31768989503038
8.034673543294259	58.401055271199986
8.134673543294259	59.487499844733904
8.234673543294258	60.57678607740384
8.334673543294258	61.66868551075984
8.434673543294258	62.76298207132602
8.534673543294257	63.85946994466028
8.634673543294257	64.9579547210316
8.734673543294257	66.05825896068205
8.834673543294256	67.16021750378958
8.934673543294256	68.26368109531731
9.034673543294256	69.36851953904906
9.134673543294255	70.47461809861103
9.234673543294255	71.5818805803937
9.334673543294254	72.69023096098842
9.434673543294254	73.79961078800561
9.534673543294254	74.90998117741556
9.634673543294253	76.02132186064055
9.6463388671875	76.15102607827644
1000009.6463388671	76.15102607827644
