-100000	0
-0.014948852539061974	0
-0.01161551920572864	0.0058745021776696075
-0.00661551920572864	0.015402871602800945
0.0008844807942713596	0.030687276444667365
0.01213448079427136	0.055204682315265936
0.02900948079427136	0.09466137547543113
0.05432198079427136	0.1584426146224587
0.09229073079427136	0.26205732631688083
0.14924385579427135	0.43118896117816413
0.23467354329427137	0.7083886529796602
0.33467354329427135	1.0604268279201043
0.4346735432942713	1.4359773136487097
0.5346735432942713	1.8308494926614172
0.6346735432942713	2.242126476712932
0.7346735432942713	2.667648633505423
0.8346735432942712	3.105757330870061
0.9346735432942712	3.5551489960008698
1.0346735432942713	4.014791144479447
1.1346735432942714	4.483859823304467
1.2346735432942715	4.961715146605916
1.3346735432942716	5.447879536326477
1.4346735432942717	5.942029742601352
1.5346735432942717	6.444003338630094
1.6346735432942718	6.953798791949718
1.734673543294272	7.471209143378807
1.834673543294272	7.996008615347997
1.934673543294272	8.528287453444248
2.034673543294272	9.068282864240118
2.134673543294272	9.616286702192992
2.234673543294272	10.172638699792333
2.3346735432942722	10.73772322874711
2.4346735432942723	11.311965185882345
2.5346735432942724	11.895830827336273
2.6346735432942725	12.48980890825276
2.7346735432942726	13.094408430875164
2.8346735432942727	13.71015231681102
2.9346735432942728	14.337561781008151
3.034673543294273	14.977139454122042
3.134673543294273	15.629343511156156
3.234673543294273	16.29456542330502
3.334673543294273	16.973089997339613
3.434673543294273	17.66506211910437
3.5346735432942733	18.370368563451603
3.6346735432942734	19.088389470602685
3.7346735432942735	19.818580072454033
3.8346735432942736	20.560985941035533
3.9346735432942737	21.315856265197574
4.034673543294273	22.08336000555472
4.134673543294273	22.86358569110855
4.234673543294273	23.656547407709645
4.334673543294272	24.46219318949296
4.434673543294272	25.280413990240994
4.5346735432942715	26.111052478199067
4.634673543294271	26.95391211179169
4.734673543294271	27.808764619024338
4.8346735432942705	28.675357845427037
4.93467354329427	29.55342072484265
5.03467354329427	30.442668266767566
5.134673543294269	31.342805674864845
5.234673543294269	32.25353145734149
5.334673543294269	33.17453978520253
5.434673543294268	34.105522776692226
5.534673543294268	35.04617166345719
5.634673543294268	35.99617774276068
5.734673543294267	36.955233976310424
5.834673543294267	37.92303448060384
5.9346735432942666	38.89927575455464
6.034673543294266	39.88365700644033
6.134673543294266	40.8758796221916
6.2346735432942655	41.87564822035894
6.334673543294265	42.88266963131422
6.434673543294265	43.89665409790673
6.534673543294264	44.917314933613305
6.634673543294264	45.944367392409546
6.734673543294264	46.97753006289284
6.834673543294263	48.016524997504646
6.934673543294263	49.06107699998475
7.034673543294263	50.110913085386265
7.134673543294262	51.16576459305716
7.234673543294262	52.225365931833416
7.334673543294262	53.28945507559925
7.434673543294261	54.35777382274201
7.534673543294261	55.43006870425722
7.6346735432942605	56.506090310882755
7.73467354329426	57.58559737379456
7.83467354329426	58.66834406210812
7.9346735432942594	59.754105084668296
8.034673543294259	60.84265404272886
8.134673543294259	61.93377315927498
8.234673543294258	63.02725322093775
8.334673543294258	64.12289646971722
8.434673543294258	65.22051244835
8.534673543294257	66.31992394084884
8.634673543294257	67.42096618885334
8.734673543294257	68.52348448164668
8.834673543294256	69.62734283437256
8.934673543294256	70.73241621895454
9.034673543294256	71.83859622118096
9.134673543294255	72.94579165713971
9.234673543294255	74.0539261832008
9.334673543294254	75.16294248359343
9.434673543294254	76.27279851167941
9.534673543294254	77.38347079442266
9.634673543294253	78.49495204814264
9.6463388671875	78.62466279583725
1000009.6463388671	78.62466279583725
