-100000	0
-0.014948852539061974	0
-0.01161551920572864	0.0066009184380308806
-0.00661551920572864	0.01725228526057692
0.0008844807942713596	0.034258203858679455
0.01213448079427136	0.06140618747796848
0.02900948079427136	0.1049053644619675
0.05432198079427136	0.1749053411645409
0.09229073079427136	0.2880525160263883
0.14924385579427135	0.471881356593795
0.23467354329427137	0.7717178656772493
0.33467354329427135	1.1508909404390815
0.4346735432942713	1.554093179075656
0.5346735432942713	1.9770518167314362
0.6346735432942713	2.4168243410052774
0.7346735432942713	2.8712682779614767
0.8346735432942712	3.3387788106407847
0.9346735432942712	3.81813895181715
1.0346735432942713	4.308435163552527
1.1346735432942714	4.8089983336507895
1.2346735432942715	5.319403218927326
1.3346735432942716	5.839453588732347
1.4346735432942717	6.369173418225804
1.5346735432942717	6.908197027506308
1.6346735432942718	7.455199471539312
1.734673543294272	8.009701074277125
1.834673543294272	8.571901611110915
1.934673543294272	9.142080980597527
2.034673543294272	9.720564480036478
2.134673543294272	10.307721312626509
2.234673543294272	10.903956669207096
2.3346735432942722	11.50970211676793
2.4346735432942723	12.125425032853846
2.5346735432942724	12.751602939903524
2.6346735432942725	13.388725032858407
2.7346735432942726	14.037268395082453
2.8346735432942727	14.69768524283808
2.9346735432942728	15.370379268772714
3.034673543294273	16.05567813891662
3.134673543294273	16.753802592804195
3.234673543294273	17.46482853425758
3.334673543294273	18.18843606305319
3.434673543294273	18.923912797338616
3.5346735432942733	19.670810427502268
3.6346735432942734	20.429259282705445
3.7346735432942735	21.19950109367702
3.8346735432942736	21.981703468308293
3.9346735432942737	22.775960887814662
4.034673543294273	23.582300330368888
4.134673543294273	24.400686947135345
4.234673543294273	25.23103362588903
4.334673543294272	26.07320530853154
4.434673543294272	26.927027848735182
4.5346735432942715	27.792296309811388
4.634673543294271	28.668778956139118
4.734673543294271	29.556225113706592
4.8346735432942705	30.45436754477944
4.93467354329427	31.362928006249923
5.03467354329427	32.28161980763134
5.134673543294269	33.210151080985575
5.234673543294269	34.14822631923461
5.334673543294269	35.09554904982347
5.434673543294268	36.05182045599941
5.534673543294268	37.01674420150607
5.634673543294268	37.99002439644459
5.734673543294267	38.97136777112031
5.834673543294267	39.960483228588636
5.9346735432942666	40.95708225462589
6.034673543294266	41.96087890219223
6.134673543294266	42.97159179811493
6.2346735432942655	43.98894134434369
6.334673543294265	45.012652112232566
6.434673543294265	46.04245149112306
6.534673543294264	47.078070326710595
6.634673543294264	48.11924331804736
6.734673543294264	49.16570902736135
6.834673543294263	50.2172078303076
6.934673543294263	51.27348526086286
7.034673543294263	52.33429123129863
7.134673543294262	53.39937722111378
7.234673543294262	54.46850173506388
7.334673543294262	55.54142495194469
7.434673543294261	56.61791297506608
7.534673543294261	57.697737172255984
7.6346735432942605	58.78067279198082
7.73467354329426	59.866503226202035
7.83467354329426	60.95502015452904
7.9346735432942594	62.04600967402938
8.034673543294259	63.139279536296605
8.134673543294259	64.23463913611363
8.234673543294258	65.33190972914105
8.334673543294258	66.43091811071274
8.434673543294258	67.53150457736528
8.534673543294257	68.63351867349043
8.634673543294257	69.73682131124892
8.734673543294257	70.8412879822368
8.834673543294256	71.94680417015694
8.934673543294256	73.05327220296117
9.034673543294256	74.16060655590526
9.134673543294255	75.26873748640963
9.234673543294255	76.37761108574509
9.334673543294254	77.48718639002999
9.434673543294254	78.59744140555003
9.534673543294254	79.70836615305012
9.634673543294253	80.81996903262645
9.6463388671875	80.94970831432447
1000009.6463388671	80.94970831432447
