-100000	0
-0.06785693817213101	0
-0.06452360483879768	0.00034251123019662976
-0.059523604838797685	0.002552606391604217
-0.052023604838797685	0.008485660807351246
-0.04077360483879769	0.021069795075521737
-0.023898604838797688	0.0460009063212197
0.0014138951612023137	0.15239537893832092
0.039382645161202316	0.369604594514518
0.09633577016120232	0.7090375189662962
0.18176545766120233	1.241583890593343
0.2817654576612023	1.8925829988247118
0.3817654576612023	2.5674044377019865
0.48176545766120227	3.2620734129393965
0.5817654576612022	3.9738603225832
0.6817654576612022	4.700832777891817
0.7817654576612022	5.4415067551820915
0.8817654576612022	6.1948264018146295
0.9817654576612022	6.960045431600179
1.0817654576612021	7.736565764874103
1.1817654576612022	8.52299925169535
1.2817654576612023	9.321601368714868
1.3817654576612024	10.135393328034352
1.4817654576612025	10.962781920276724
1.5817654576612026	11.800918508623214
1.6817654576612027	12.648831143683935
1.7817654576612028	13.506716704857263
1.8817654576612028	14.374749696270136
1.981765457661203	15.253063669305089
2.081765457661203	16.141753653523644
2.181765457661203	17.040887015375745
2.281765457661203	17.950482731036708
2.3817654576612033	18.870547040245768
2.4817654576612034	19.801022360601454
2.5817654576612035	20.741828124897303
2.6817654576612036	21.692853434011322
2.7817654576612036	22.653967287151897
2.8817654576612037	23.62501000310674
2.981765457661204	24.605801630766084
3.081765457661204	25.596144330031194
3.181765457661204	26.59582360003709
3.281765457661204	27.604611258816526
3.381765457661204	28.622266317840243
3.4817654576612043	29.648539632273504
3.5817654576612044	30.683173607081496
3.6817654576612044	31.72590418022567
3.7817654576612045	32.776462398308354
3.8817654576612046	33.834588601216026
3.9817654576612047	34.900000527995935
4.081765457661205	35.97242392657994
4.181765457661204	37.051584813613914
4.281765457661204	38.13720947958495
4.381765457661204	39.2290285881179
4.481765457661203	40.326774520935814
4.581765457661203	41.43018003377861
4.681765457661203	42.5389853389476
4.781765457661202	43.652934528231235
4.881765457661202	44.77177068381335
4.981765457661202	45.895247766341974
5.081765457661201	47.023123781066275
5.181765457661201	48.1551570738956
5.2817654576612005	49.29111548734965
5.3817654576612	50.43077380968687
5.4817654576612	51.57390692276784
5.5817654576611995	52.72029824758428
5.681765457661199	53.86972822016957
5.781765457661199	55.02200157976659
5.881765457661198	56.176919412317304
5.981765457661198	57.33428660317909
6.081765457661198	58.49391870026161
6.181765457661197	59.65563499181568
6.281765457661197	60.81925854952896
6.381765457661197	61.984623407279116
6.481765457661196	63.15156803836617
6.581765457661196	64.31993559888414
6.681765457661196	65.48957301068374
6.781765457661195	66.66034279029248
6.881765457661195	67.83210931351384
6.9817654576611945	69.00474399595595
7.081765457661194	70.1781399862404
7.181765457661194	71.35217701803907
7.281765457661193	72.52674083302941
7.381765457661193	73.70173436278111
7.481765457661193	74.8770805879739
7.581765457661192	76.0526814425064
7.681765457661192	77.22845590371584
7.781765457661192	78.4043327759241
7.881765457661191	79.58025312965582
7.981765457661191	80.75616639061793
8.081765457661191	81.93201805251825
8.181765457661191	83.1077816314163
8.28176545766119	84.28342267836322
8.38176545766119	85.45892497755986
8.48176545766119	86.6342764212698
8.58176545766119	87.80947742105786
8.68176545766119	88.98453248779698
8.781765457661189	90.1594572450008
8.881765457661189	91.33427874627205
8.981765457661188	92.50902579657672
9.081765457661188	93.68374253975811
9.181765457661188	94.85847732263045
9.281765457661187	96.03328856421963
9.381765457661187	97.20824140430932
9.481765457661187	98.38341348630962
9.581765457661186	99.5588801342383
9.681765457661186	100.66436956038078
9.781765457661185	101.64174962573307
9.881765457661185	102.61913079878002
9.981765457661185	103.5965127792839
10.081765457661184	104.57389604320278
10.181765457661184	105.55128062533227
10.281765457661184	106.52866649233965
10.381765457661183	107.50605376600318
10.481765457661183	108.48344219650438
10.581765457661183	109.46083191864543
10.681765457661182	110.43822293242667
10.781765457661182	111.4156152378489
10.881765457661182	112.39300880196795
10.981765457661181	113.3704035531384
11.08176545766118	114.34779881461183
11.18176545766118	115.32519640394898
11.28176545766118	116.30259528495431
11.38176545766118	117.27999545762417
11.48176545766118	118.25739692195825
11.581765457661179	119.23480098486334
11.681765457661179	120.21220486557522
11.781765457661178	121.18961003791654
11.881765457661178	122.1670165018885
11.981765457661178	123.15362958553389
12.081765457661177	124.16002297701654
12.181765457661177	125.1664176601573
12.281765457661177	126.17281363495265
12.381765457661176	127.17921090139956
12.481765457661176	128.1856087136843
12.56	128.97295932610126
1000012.56	128.97295932610126
