-100000	0
-0.0684553985595695	0
-0.06512206522623618	0.0009437875564369054
-0.06012206522623618	0.003959025156931899
-0.05262206522623618	0.010566771492727212
-0.04137206522623618	0.023857912534563323
-0.02449706522623618	0.0495905691318375
0.0008154347737638207	0.16059194488906106
0.03878418477376382	0.39318831465673737
0.09573730977376382	0.7556424516066698
0.18116699727376384	1.3227650157364
0.2811669972737638	2.014418730315785
0.3811669972737638	2.7301334220053133
0.4811669972737638	3.465937935825815
0.5811669972737638	4.219094779686793
0.6811669972737637	4.987610070861698
0.7811669972737637	5.769989978171772
0.8811669972737637	6.56511270006703
0.9811669972737637	7.3721563321348755
1.0811669972737636	8.190418820387704
1.1811669972737637	9.019621953609061
1.2811669972737638	9.862016294524109
1.381166997273764	10.71384540193349
1.481166997273764	11.57442931318921
1.581166997273764	12.44398610111688
1.6811669972737642	13.322703672544776
1.7811669972737643	14.210734978091228
1.8811669972737644	15.108195686608832
1.9811669972737644	16.01517370051774
2.0811669972737645	16.93171859568977
2.1811669972737646	17.857850819686064
2.2811669972737647	18.793557966605533
2.381166997273765	19.738802466266776
2.481166997273765	20.693515814547986
2.581166997273765	21.657608563558508
2.681166997273765	22.630964977350263
2.781166997273765	23.61345132643694
2.8811669972737652	24.604913967508256
2.9811669972737653	25.605181817372852
3.0811669972737654	26.614071279211498
3.1811669972737655	27.631383922492482
3.2811669972737656	28.65691263645722
3.3811669972737657	29.69043902043596
3.4811669972737658	30.73173898848835
3.581166997273766	31.78058026192218
3.681166997273766	32.8367276002805
3.781166997273766	33.899947114176385
3.881166997273766	34.96999529209023
3.981166997273766	36.04662495980719
4.081166997273766	37.129591796274624
4.181166997273766	38.21865149021982
4.281166997273766	39.31355942300087
4.381166997273765	40.41407405502708
4.481166997273765	41.51995405388391
4.5811669972737645	42.630963578750666
4.681166997273764	43.74686502323107
4.781166997273764	44.867427508693936
4.8811669972737635	45.99242103833549
4.981166997273763	47.12162261808017
5.081166997273763	48.254810286649516
5.181166997273762	49.391767750436934
5.281166997273762	50.53228156577637
5.381166997273762	51.67614398883822
5.481166997273761	52.82315008568572
5.581166997273761	53.97310296055402
5.681166997273761	55.1258135019183
5.78116699727376	56.28109531561993
5.88116699727376	57.4387668250681
5.9811669972737596	58.598649660238436
6.081166997273759	59.760573458404174
6.181166997273759	60.92437434756922
6.2811669972737585	62.0898914808526
6.381166997273758	63.256970484102304
6.481166997273758	64.42546406989221
6.581166997273757	65.59523198981168
6.681166997273757	66.76613607917021
6.781166997273757	67.9380475697737
6.881166997273756	69.11084335545254
6.981166997273756	70.2844078903334
7.081166997273756	71.45862827088278
7.181166997273755	72.63340186721513
7.281166997273755	73.80863257984808
7.381166997273755	74.98422976959154
7.481166997273754	76.16010883319794
7.581166997273754	77.33619397835218
7.6811669972737535	78.51241802518557
7.781166997273753	79.68871558492256
7.881166997273753	80.8650330954183
7.9811669972737525	82.04132214378966
8.081166997273753	83.21754491669748
8.181166997273753	84.39366690284365
8.281166997273752	85.56966433350765
8.381166997273752	86.7455168087938
8.481166997273752	87.92122296652468
8.581166997273751	89.0967732408101
8.68116699727375	90.2721766670223
8.78116699727375	91.44744557956035
8.88116699727375	92.62260192788527
8.98116699727375	93.79767477023073
9.08116699727375	94.97269941157921
9.181166997273749	96.14771859614461
9.281166997273749	97.32278537764539
9.381166997273748	98.49795671142316
9.481166997273748	99.67329613692287
9.581166997273748	100.8488752182291
9.681166997273747	101.95559048626018
9.781166997273747	102.93296854034696
9.881166997273747	103.9103486752157
9.981166997273746	104.88772940972379
10.081166997273746	105.86511142259484
10.181166997273746	106.84249536776215
10.281166997273745	107.8198801520079
10.381166997273745	108.79726683256563
10.481166997273744	109.7746543153827
10.581166997273744	110.75204283857039
10.681166997273744	111.72943304190117
10.781166997273743	112.70682457603985
10.881166997273743	113.68421792935547
10.981166997273743	114.66161223865554
11.081166997273742	115.63900798516129
11.181166997273742	116.61640482328572
11.281166997273742	117.59380299225197
11.381166997273741	118.57120249204833
11.481166997273741	119.54860332266321
11.58116699727374	120.5260053022486
11.68116699727374	121.50340893023737
11.78116699727374	122.4808138888712
11.88116699727374	123.45822017816351
11.98116699727374	124.44466201438428
12.081166997273739	125.45105479578115
12.181166997273738	126.45744907867525
12.281166997273738	127.46384477123112
12.381166997273738	128.470241794527
12.481166997273737	129.476640148573
12.56	130.27001380442
1000012.56	130.27001380442
