-100000	0
-0.03317517885431975	0
-0.02984184552098642	0.0004460698002410544
-0.02484184552098642	0.0029548009326591917
-0.01734184552098642	0.00888851223631086
-0.006091845520986419	0.08901732843166031
0.010783154479013582	0.2395485857926085
0.036095654479013584	0.46965542159175094
0.07406440447901358	0.8222066019665406
0.13101752947901357	1.363703417269357
0.2164472169790136	2.197511968430696
0.31644721697901357	3.198565994744189
0.41644721697901355	4.220669011349045
0.5164472169790135	5.259724665254724
0.6164472169790135	6.312811788743277
0.7164472169790135	7.377689762386705
0.8164472169790135	8.452563274049641
0.9164472169790134	9.535938778016027
1.0164472169790135	10.62654346997325
1.1164472169790136	11.72326625584852
1.2164472169790137	12.823542136007806
1.3164472169790138	13.925570878822926
1.4164472169790139	15.029395644397143
1.516447216979014	16.135052987104793
1.616447216979014	17.242569759056174
1.7164472169790141	18.3519720317628
1.8164472169790142	19.463276315695346
1.9164472169790143	20.57649465044754
2.016447216979014	21.691637437179402
2.1164472169790143	22.808705526557887
2.2164472169790144	23.927694529854833
2.3164472169790145	25.04859733695822
2.4164472169790145	26.171409735983385
2.5164472169790146	27.29612623394815
2.6164472169790147	28.422719476543858
2.716447216979015	29.551163213722635
2.816447216979015	30.681430768777894
2.916447216979015	31.81349850869182
3.016447216979015	32.947333225140014
3.116447216979015	34.08290127086138
3.2164472169790153	35.22016972850762
3.3164472169790153	36.359100792545526
3.4164472169790154	37.49965916116177
3.5164472169790155	38.64180099074486
3.6164472169790156	39.78548698689533
3.7164472169790157	40.93067760185155
3.816447216979016	42.07732826878988
3.916447216979016	43.22539410240796
4.0164472169790155	44.374834816669065
4.116447216979015	45.52560683581172
4.216447216979015	46.67766290639281
4.3164472169790145	47.830960366831874
4.416447216979014	48.985455138073625
4.516447216979014	50.14110510724541
4.616447216979013	51.2978660754049
4.716447216979013	52.45569419062468
4.816447216979013	53.614546975376406
4.916447216979012	54.77438439059458
5.016447216979012	55.93516544043006
5.116447216979012	57.09684858639888
5.216447216979011	58.25939339347339
5.316447216979011	59.42276204277233
5.4164472169790105	60.58691824158391
5.51644721697901	61.75182374430533
5.61644721697901	62.91744137906004
5.7164472169790095	64.08373569177638
5.816447216979009	65.25067548745801
5.916447216979009	66.41822750206924
6.016447216979008	67.5863569347884
6.116447216979008	68.75503574327462
6.216447216979008	69.92423126079233
6.316447216979007	71.09391688029308
6.416447216979007	72.26406553457352
6.516447216979007	73.43464876494893
6.616447216979006	74.60564247100336
6.716447216979006	75.77702215115082
6.816447216979006	76.94876499724045
6.916447216979005	78.12084948692441
7.016447216979005	79.29325307259853
7.1164472169790045	80.4659557041159
7.216447216979004	81.63893968554491
7.316447216979004	82.812186254468
7.416447216979003	83.98567913439915
7.516447216979003	85.15940059669487
7.616447216979003	86.33333589074665
7.716447216979002	87.50747058373018
7.816447216979002	88.68179129716391
7.916447216979002	89.85628479338204
8.016447216979001	91.03093852204849
8.116447216979001	92.205741381228
8.216447216979	93.38068304465743
8.316447216979	94.55575551728431
8.416447216979	95.73094303973542
8.516447216979	96.90624366460369
8.616447216979	98.08164501567855
8.716447216978999	99.25713949683237
8.816447216978998	100.43271935499513
8.916447216978998	101.60837573946999
9.016447216978998	102.78410090577047
9.116447216978997	103.95988694342691
9.216447216978997	105.13572574288145
9.316447216978997	106.3116093557012
9.416447216978996	107.48752832765939
9.516447216978996	108.6634737758912
9.616447216978996	109.83943640006582
9.716447216978995	111.01540608825339
9.816447216978995	112.19137946781028
9.916447216978995	113.36735070786814
10.016447216978994	114.54332437230075
10.116447216978994	115.71930164219916
10.216447216978993	116.89527869117893
10.316447216978993	118.07125640642668
10.416447216978993	119.24723517990044
10.516447216978992	120.42321667564774
10.616447216978992	121.59919893014433
10.716447216978992	122.77518147429481
10.816447216978991	123.95116727714486
10.916447216978991	125.12715300742013
11.01644721697899	126.30314002027521
11.11644721697899	127.47912831569329
11.21644721697899	128.54720689879724
11.31644721697899	129.52460622479754
11.41644721697899	130.50200635149687
11.516447216978989	131.4794085043132
11.616447216978989	132.45681261364467
11.716447216978988	133.43421687809777
11.816447216978988	134.41162253204652
11.916447216978987	135.38902835138822
12.016447216978987	136.38569599678675
12.116447216978987	137.39208989419342
12.216447216978986	138.39848507390894
12.316447216978986	139.40488109892289
12.416447216978986	140.41127822838376
12.516447216978985	141.41767749309315
12.56	141.855992697835
1000012.56	141.855992697835
