-100000	0
-0.027660585382676572	0
-0.02432725204934324	0.0004957130643281044
-0.019327252049343237	0.002940090429339111
-0.011827252049343238	0.034902062973741536
-0.0005772520493432381	0.13998577756205785
0.016297747950656763	0.2999929794004452
0.041610247950656765	0.544035846579269
0.07957899795065676	0.9169875146339607
0.13653212295065675	1.4881660154060248
0.22196181045065677	2.364770152457608
0.32196181045065675	3.413637794965861
0.4219618104506567	4.481335813993798
0.5219618104506567	5.563917905798478
0.6219618104506567	6.658546357684996
0.7219618104506567	7.763035453697548
0.8219618104506566	8.875619853766167
0.9219618104506566	9.994825283962815
1.0219618104506567	11.119386267592494
1.1219618104506568	12.24817686561003
1.2219618104506569	13.37905087740998
1.321961810450657	14.511026944305057
1.421961810450657	15.644127582357786
1.5219618104506571	16.778364595087453
1.6219618104506572	17.91374387009802
1.7219618104506573	19.05026909054106
1.8219618104506574	20.18794722461375
1.9219618104506575	21.326776907974562
2.0219618104506574	22.46674967942459
2.1219618104506575	23.60786338447701
2.2219618104506575	24.750110131566615
2.3219618104506576	25.893480780113794
2.4219618104506577	27.037963055153195
2.521961810450658	28.183540959572024
2.621961810450658	29.33020313034979
2.721961810450658	30.47792956570299
2.821961810450658	31.62670287685694
2.921961810450658	32.77650223966229
3.0219618104506583	33.927309521183886
3.1219618104506583	35.079100905234796
3.2219618104506584	36.231853775708665
3.3219618104506585	37.38554571855086
3.4219618104506586	38.54015381053403
3.5219618104506587	39.695651084038325
3.621961810450659	40.85201385955771
3.721961810450659	42.00921770989657
3.821961810450659	43.167237778173096
3.921961810450659	44.326048317507656
4.021961810450659	45.485621844689675
4.121961810450658	46.645936185511815
4.221961810450658	47.80696626401419
4.321961810450658	48.968685587669974
4.421961810450657	50.13106820800043
4.521961810450657	51.29409264118691
4.621961810450657	52.457734736133105
4.721961810450656	53.62197023756042
4.821961810450656	54.78677586684213
4.9219618104506555	55.95212952219258
5.021961810450655	57.11801082201545
5.121961810450655	58.28439674280654
5.221961810450654	59.45126611484289
5.321961810450654	60.618600066358496
5.421961810450654	61.78637841016731
5.521961810450653	62.95458345340997
5.621961810450653	64.12319550534723
5.721961810450653	65.29219724327272
5.821961810450652	66.46157104787991
5.921961810450652	67.63130190222519
6.021961810450652	68.80137370371867
6.121961810450651	69.97177017299268
6.221961810450651	71.14247829225047
6.3219618104506505	72.31348262755697
6.42196181045065	73.48477198754136
6.52196181045065	74.65633222467994
6.6219618104506495	75.82815223931512
6.721961810450649	77.00022114856796
6.821961810450649	78.17252894403806
6.921961810450648	79.34506513231503
7.021961810450648	80.51782009429044
7.121961810450648	81.69078514100647
7.221961810450647	82.86395189648503
7.321961810450647	84.0373124411446
7.421961810450647	85.21085931305988
7.521961810450646	86.38458751868185
7.621961810450646	87.55849619995367
7.721961810450646	88.73256980091887
7.821961810450645	89.90681248933936
7.921961810450645	91.08121086758791
8.021961810450644	92.2557559284605
8.121961810450644	93.43044196166986
8.221961810450644	94.6052632450661
8.321961810450643	95.78021407836496
8.421961810450643	96.95528841721381
8.521961810450643	98.13047995927292
8.621961810450642	99.30578258810266
8.721961810450642	100.48118974673034
8.821961810450642	101.65669465870496
8.921961810450641	102.83228905037733
9.021961810450641	104.00796509575594
9.12196181045064	105.18371493588799
9.22196181045064	106.35952914273118
9.32196181045064	107.53539913236986
9.42196181045064	108.71131231885802
9.52196181045064	109.8872577124083
9.621961810450639	111.06322277201451
9.721961810450638	112.23919475155425
9.821961810450638	113.41516763240935
9.921961810450638	114.59114339116722
10.021961810450637	115.7671195521719
10.121961810450637	116.94309642800224
10.221961810450637	118.1190757246605
10.321961810450636	119.29505612512867
10.421961810450636	120.47103722012845
10.521961810450636	121.64701930502525
10.621961810450635	122.82300353574793
10.721961810450635	123.9989883827392
10.821961810450635	125.17497412952916
10.921961810450634	126.35096164571239
11.021961810450634	127.52695040333798
11.121961810450633	128.7029404023625
11.221961810450633	129.76006786481938
11.321961810450633	130.73746409153506
11.421961810450632	131.71486128460938
11.521961810450632	132.69226012422035
11.621961810450632	133.66966028059474
11.721961810450631	134.64706247449277
11.821961810450631	135.6244665183173
11.92196181045063	136.6018714461053
12.02196181045063	137.6001356850641
12.12196181045063	138.60652786979162
12.22196181045063	139.6129218133762
12.32196181045063	140.61931737163783
12.421961810450629	141.62571448869204
12.521961810450629	142.63211316466007
12.56	143.0149313109843
1000012.56	143.0149313109843
