-100000	0
-0.025230184980644665	0
-0.02189685164731133	0.000487920911949647
-0.01689685164731133	0.0029375935300292957
-0.00939685164731133	0.05680932097285708
0.0018531483526886688	0.16464954904625048
0.01872814835268867	0.3287150976332969
0.04404064835268867	0.578712218562178
0.08200939835268867	0.9603518591153268
0.13896252335268866	1.5441103538532865
0.22439221085268868	2.438744261840272
0.32439221085268866	3.507605158290095
0.42439221085268863	4.594217248471909
0.5243922108526886	5.694704518729365
0.6243922108526886	6.806284968326902
0.7243922108526886	7.926795108176608
0.8243922108526885	9.054494571507329
0.9243922108526885	10.187926909086903
1.0243922108526886	11.325835192996685
1.1243922108526887	12.467096020831807
1.2243922108526888	13.6098545767261
1.3243922108526889	14.753454917603483
1.424392210852689	15.897897759594848
1.524392210852689	17.043189099247055
1.6243922108526891	18.189334792485905
1.7243922108526892	19.33632916014037
1.8243922108526893	20.48417302740907
1.9243922108526894	21.63286561883781
2.0243922108526893	22.782395222789578
2.1243922108526894	23.93275754522362
2.2243922108526895	25.083941508396663
2.3243922108526895	26.2359389460619
2.4243922108526896	27.38873779356946
2.5243922108526897	28.542325586404306
2.62439221085269	29.69668893637582
2.72439221085269	30.851813419950798
2.82439221085269	32.00768498608479
2.92439221085269	33.16428525961815
3.02439221085269	34.321599720870196
3.1243922108526903	35.479610000312384
3.2243922108526903	36.63830007510425
3.3243922108526904	37.7976509913242
3.4243922108526905	38.957644304638805
3.5243922108526906	40.11826066007263
3.6243922108526907	41.27948456946739
3.724392210852691	42.44129438132343
3.824392210852691	43.603672789639774
3.924392210852691	44.76660250185916
4.024392210852691	45.93006363730443
4.12439221085269	47.094039084146836
4.22439221085269	48.25851065325058
4.3243922108526895	49.423460979309745
4.424392210852689	50.58887279963171
4.524392210852689	51.75472791084963
4.6243922108526885	52.92101022846402
4.724392210852688	54.08770758091152
4.824392210852688	55.254799364239034
4.924392210852687	56.422271984174984
5.024392210852687	57.59011110074596
5.124392210852687	58.75830035918383
5.224392210852686	59.9268311328075
5.324392210852686	61.0956856039731
5.424392210852686	62.26485285084503
5.524392210852685	63.43431993446264
5.624392210852685	64.60407773296058
5.724392210852685	65.77411286794339
5.824392210852684	66.94441558290798
5.924392210852684	68.1149941421656
6.0243922108526835	69.28583698134794
6.124392210852683	70.45692807335303
6.224392210852683	71.62826120264268
6.324392210852682	72.79981802209639
6.424392210852682	73.97159124870953
6.524392210852682	75.14357043342083
6.624392210852681	76.31575344539355
6.724392210852681	77.48813284455014
6.824392210852681	78.660702795475
6.92439221085268	79.8334567367153
7.02439221085268	81.00639205659954
7.12439221085268	82.17950295751237
7.224392210852679	83.35278441543853
7.324392210852679	84.52623285331025
7.4243922108526785	85.69984315330302
7.524392210852678	86.87361615279714
7.624392210852678	88.0475516154017
7.7243922108526775	89.22163783973048
7.824392210852677	90.39588170945439
7.924392210852677	91.57027226139274
8.024392210852676	92.74480263044612
8.124392210852676	93.91946947087177
8.224392210852676	95.09426852851787
8.324392210852675	96.26919383621883
8.424392210852675	97.44424462782898
8.524392210852675	98.61941354497817
8.624392210852674	99.79469558961138
8.724392210852674	100.97008554653864
8.824392210852674	102.14557378241217
8.924392210852673	103.32115771321592
9.024392210852673	104.49682756191515
9.124392210852672	105.67257479493057
9.224392210852672	106.84838983894002
9.324392210852672	108.024261560106
9.424392210852671	109.20018041034196
9.524392210852671	110.37613282362643
9.62439221085267	111.55210477762955
9.72439221085267	112.72808409763334
9.82439221085267	113.90406263784793
9.92439221085267	115.0800459477756
10.02439221085267	116.25602902218436
10.124392210852669	117.43201058180675
10.224392210852669	118.60799377615956
10.324392210852668	119.78397823897588
10.424392210852668	120.95996342882242
10.524392210852668	122.13594787975168
10.624392210852667	123.31193325927501
10.724392210852667	124.48791921997362
10.824392210852666	125.66390519179554
10.924392210852666	126.83989280838584
11.024392210852666	128.01588182216832
11.124392210852665	129.1918699022085
11.224392210852665	130.24417381160438
11.324392210852665	131.2215725271774
11.424392210852664	132.19897304551156
11.524392210852664	133.17637343854207
11.624392210852664	134.15377544142206
11.724392210852663	135.13118002799305
11.824392210852663	136.1085854626002
11.924392210852663	137.0859922329962
12.024392210852662	138.0849615529339
12.124392210852662	139.09135467023168
12.224392210852661	140.0977496598656
12.324392210852661	141.10414604693366
12.42439221085266	142.11054324138746
12.52439221085266	143.11694177250146
12.56	143.47530737096326
1000012.56	143.47530737096326
