-100000	0
5.868665284109298	0
5.871998617442631	0.0000007466378942963495
5.876998617442631	0.000007227015310805834
5.884498617442631	0.00003854857462962435
5.8957486174426315	0.00016664205184681457
5.912623617442631	0.000651539869422542
5.937936117442631	0.0024101850442855995
5.975904867442631	0.008566515527559706
6.032857992442631	0.029249192787135603
6.118287679942631	0.08798796504985157
6.21828767994263	0.19498045200873493
6.31828767994263	0.3389666692079773
6.41828767994263	0.516438188653718
6.518287679942629	0.7246151546512465
6.618287679942629	0.9612560498768898
6.7182876799426285	1.22447326940489
6.818287679942628	1.512608806454262
6.918287679942628	1.8242414913772327
7.0182876799426275	2.158007356625869
7.118287679942627	2.5128350474622403
7.218287679942627	2.887661653670856
7.318287679942626	3.2814803573298654
7.418287679942626	3.693369156690573
7.518287679942626	4.1226127799337124
7.618287679942625	4.568334683359692
7.718287679942625	5.029856352733703
7.818287679942625	5.506458129916087
7.918287679942624	5.9974322646841545
8.018287679942624	6.502283771943254
8.118287679942624	7.020286192585671
8.218287679942623	7.5510471601430895
8.318287679942623	8.093872670801177
8.418287679942623	8.648464461828796
8.518287679942622	9.214255489465337
8.618287679942622	9.790755256325973
8.718287679942621	10.377512826218062
8.818287679942621	10.974212836225037
8.91828767994262	11.580451692138189
9.01828767994262	12.195811054183318
9.11828767994262	12.820093539956648
9.21828767994262	13.45288643693124
9.31828767994262	14.094043506550625
9.418287679942619	14.743179350574666
9.518287679942619	15.40021835207656
9.618287679942618	16.06485803131108
9.718287679942618	16.73693330862711
9.818287679942618	17.41620172976147
9.918287679942617	18.102503731215855
10.018287679942617	18.79563008041618
10.118287679942616	19.49542108953063
10.218287679942616	20.201681095692305
10.318287679942616	20.914252598477148
10.418287679942615	21.63294845498756
10.518287679942615	22.357559021754323
10.618287679942615	23.087942900468995
10.718287679942614	23.823912164956496
10.818287679942614	24.565283182450926
10.918287679942614	25.311881913062237
11.018287679942613	26.063508560427223
11.118287679942613	26.819982349773575
11.218287679942613	27.581109484140143
11.318287679942612	28.34667843199098
11.418287679942612	29.11650056298883
11.518287679942611	29.89035457787081
11.618287679942611	30.668014677540242
11.71828767994261	31.449273486237843
11.81828767994261	32.23387813032529
11.91828767994261	33.021590250385415
12.01828767994261	33.81218249753171
12.11828767994261	34.6053881813934
12.218287679942609	35.400928983173664
12.318287679942609	36.19853033467466
12.418287679942608	36.99791890771055
12.518287679942608	37.79880101576904
12.618287679942608	38.60088107167315
12.718287679942607	39.40385844160889
12.818287679942607	39.31161783034796
12.918287679942607	39.33342726150703
13.018287679942606	39.355435325907486
13.118287679942606	39.377642023549356
13.218287679942605	39.400047354432644
13.318287679942605	39.42265131855734
13.418287679942605	39.44545391592343
13.518287679942604	39.46845514653094
13.618287679942604	39.49165501037969
13.718287679942604	39.51505350746997
13.818287679942603	39.5386506378017
13.918287679942603	39.562446401374814
14.018287679942603	39.586440798189265
14.118287679942602	39.61063382824515
14.218287679942602	39.63502549154235
14.318287679942602	39.65961578808105
14.418287679942601	39.68440471786109
14.5182876799426	39.70939228088265
14.6182876799426	39.734578477145526
14.7182876799426	39.75996330664979
14.8182876799426	39.78554676939546
14.9182876799426	39.81132886538263
15.018287679942599	39.83730959461103
15.118287679942599	39.863488957080904
15.218287679942598	39.889866952792254
15.318287679942598	39.91644358174478
15.418287679942598	39.94321884393896
15.518287679942597	39.97019273937438
15.618287679942597	39.99736526805129
15.718287679942597	40.0247364299696
15.818287679942596	40.0523062251292
15.918287679942596	40.08007465353037
16.018287679942596	40.108041715172796
16.118287679942597	40.13620741005668
16.2182876799426	40.164571738181955
16.3182876799426	40.19313469954863
16.4182876799426	40.22189629415674
16.518287679942603	40.25085652200617
16.618287679942604	40.280015383097044
16.718287679942605	40.309372877429325
16.818287679942607	40.33892900500303
16.91828767994261	40.368683765818105
17.01828767994261	40.3986371598746
17.11828767994261	40.4287891871725
17.218287679942613	40.45913984771174
17.318287679942614	40.4896891414924
17.418287679942615	40.52043706851451
17.518287679942617	40.551383628777984
17.61828767994262	40.58252882228287
17.71828767994262	40.61387264902917
17.81828767994262	40.64541510901681
17.918287679942623	40.67715620224588
18.018287679942624	40.70909592871641
18.118287679942625	40.74123428842835
18.218287679942627	40.773571281381564
18.318287679942628	40.80610690757622
18.41828767994263	40.83884116701227
18.51828767994263	40.87177405968978
18.618287679942632	40.904905585608645
18.718287679942634	40.93823574476892
18.818287679942635	40.97176453717058
18.918287679942637	41.00549196281375
19.018287679942638	41.0394180216982
19.11828767994264	41.07354271382403
19.21828767994264	41.107866039191336
19.318287679942642	41.14238799780003
19.418287679942644	41.17710858965014
19.518287679942645	41.21202781474154
19.618287679942647	41.247145673074506
19.718287679942648	41.282462164648734
19.81828767994265	41.31797728946443
19.91828767994265	41.35369104752147
20.018287679942652	41.389603438819975
20.118287679942654	41.42571446335988
20.218287679942655	41.46202412114115
20.318287679942657	41.498532412163804
20.418287679942658	41.53523933642789
20.51828767994266	41.572144893933384
20.61828767994266	41.60924908468031
20.718287679942662	41.6465519086686
20.818287679942664	41.684053365898265
20.918287679942665	41.72175345636931
21.018287679942667	41.75965218008175
21.118287679942668	41.79774953703559
21.21828767994267	41.836045527230965
21.31828767994267	41.87454015066769
21.418287679942672	41.913233407345764
21.518287679942674	41.952125297265155
21.618287679942675	41.99121582042607
21.718287679942677	42.0305049768283
21.818287679942678	42.06999276647207
21.91828767994268	42.109679189357124
22.01828767994268	42.14956424548362
22.118287679942682	42.189647934851514
22.218287679942684	42.22993025746076
22.318287679942685	42.270411213311476
22.418287679942686	42.31109080240354
22.518287679942688	42.351969024737
22.61828767994269	42.39304588031187
22.71828767994269	42.43432136912822
22.818287679942692	42.47579549118586
22.918287679942694	42.51746824648496
23.018287679942695	42.559339635025395
23.118287679942696	42.60140965680729
23.218287679942698	42.64367831183064
23.3182876799427	42.6861456000952
23.4182876799427	42.72881152160135
23.45	42.752376287120335
1000023.45	42.752376287120335
