-100000	0
-0.0209951078908297	0
-0.017661774557496367	0.0005393692115584124
-0.012661774557496366	0.023999235686302266
-0.005161774557496366	0.09786417025339933
0.006088225442503634	0.20998588626991013
0.022963225442503635	0.38034362643910075
0.048275725442503636	0.6395497099346189
0.08624447544250363	1.034597323522894
0.14319760044250363	1.6377083148451992
0.22862728794250364	2.5599398254994976
0.3286272879425036	3.6592027210862326
0.4286272879425036	4.774369282379888
0.5286272879425036	5.901702931954009
0.6286272879425036	7.038478490020263
0.7286272879425035	8.18259619600952
0.8286272879425035	9.332359257259434
0.9286272879425035	10.486339872111344
1.0286272879425036	11.643323313268732
1.1286272879425037	12.802193813767534
1.2286272879425038	13.961783167658062
1.3286272879425038	15.121819602403393
1.428627287942504	16.28231180356161
1.528627287942504	17.443233114071624
1.628627287942504	18.604592651175636
1.7286272879425042	19.76632490851956
1.8286272879425043	20.92850466461351
1.9286272879425044	22.091065089317013
2.0286272879425042	23.25402985949917
2.1286272879425043	24.417392948792237
2.2286272879425044	25.58115626876489
2.3286272879425045	26.745273098959277
2.4286272879425046	27.909755092190142
2.5286272879425047	29.074601713057984
2.6286272879425048	30.239811028694785
2.728627287942505	31.40534396729611
2.828627287942505	32.57120702990605
2.928627287942505	33.73739106550346
3.028627287942505	34.903907424334555
3.128627287942505	36.0707104446036
3.2286272879425053	37.2378003579623
3.3286272879425054	38.405173249498766
3.4286272879425055	39.57283499023224
3.5286272879425056	40.74074693635709
3.6286272879425057	41.908914428180346
3.7286272879425058	43.077342013375876
3.828627287942506	44.24601258463148
3.928627287942506	45.4149419245032
4.028627287942506	46.58408168583115
4.128627287942505	47.75343622466077
4.228627287942505	48.923023862388504
4.3286272879425045	50.09279038790416
4.428627287942504	51.26275186860156
4.528627287942504	52.43290618595663
4.628627287942503	53.60323282550072
4.728627287942503	54.77370902461983
4.828627287942503	55.9443264184747
4.928627287942502	57.11509104738246
5.028627287942502	58.28603605539279
5.128627287942502	59.45705291965595
5.228627287942501	60.628281066951146
5.328627287942501	61.799604259373446
5.428627287942501	62.971046990957674
5.5286272879425	64.1426692256392
5.6286272879425	65.31438046380839
5.7286272879424995	66.4862305529125
5.828627287942499	67.65819179231116
5.928627287942499	68.83033185424168
6.0286272879424985	70.00251320481563
6.128627287942498	71.17489988288482
6.228627287942498	72.34737578350722
6.328627287942497	73.51988365576949
6.428627287942497	74.69252202315708
6.528627287942497	75.8652346060445
6.628627287942496	77.03807897089172
6.728627287942496	78.2110400798665
6.828627287942496	79.38413272301626
6.928627287942495	80.55733184077563
7.028627287942495	81.73062200553237
7.128627287942495	82.9040578387126
7.228627287942494	84.07762766593095
7.328627287942494	85.25132380558381
7.4286272879424935	86.42511874390351
7.528627287942493	87.59906475884279
7.628627287942493	88.77313437767256
7.728627287942492	89.9473699708967
7.828627287942492	91.12171318364746
7.928627287942492	92.29607616486693
8.028627287942491	93.4705174546278
8.128627287942491	94.64509366465215
8.22862728794249	95.81975533429178
8.32862728794249	96.99455648589286
8.42862728794249	98.1694058894394
8.52862728794249	99.34443750694608
8.62862728794249	100.51955390036001
8.728627287942489	101.69478217764734
8.828627287942489	102.87003523650384
8.928627287942488	104.0454610474749
9.028627287942488	105.2209701347559
9.128627287942487	106.39652115214196
9.228627287942487	107.57217186607032
9.328627287942487	108.74779337554054
9.428627287942486	109.92354453310602
9.528627287942486	111.0993025032661
9.628627287942486	112.27509993388308
9.728627287942485	113.4508953615349
9.828627287942485	114.6267089816501
9.928627287942485	115.80250438945102
10.028627287942484	116.97844107001072
10.128627287942484	118.1543283044981
10.228627287942484	119.33019668014705
10.328627287942483	120.50612025438664
10.428627287942483	121.68205609409543
10.528627287942482	122.85795816264634
10.628627287942482	124.03384242260185
10.728627287942482	125.20978243444884
10.828627287942481	126.38570499198619
10.928627287942481	127.56161063502968
11.02862728794248	128.73755726452148
11.12862728794248	129.9134800866178
11.22862728794248	130.9574179166072
11.32862728794248	131.93468785868464
11.42862728794248	132.91201730465386
11.528627287942479	133.88936872625328
11.628627287942479	134.86669906903165
11.728627287942478	135.84406094954227
11.828627287942478	136.82137150321194
11.928627287942478	137.79869815103152
12.028627287942477	138.79873279496204
12.128627287942477	139.80511197091027
12.228627287942476	140.8114787506435
12.328627287942476	141.81784709674875
12.428627287942476	142.8242170094395
12.528627287942475	143.83058598903088
12.56	144.14900235094774
1000012.56	144.14900235094774
