-100000	0
-0.017542941150027858	0
-0.014209607816694524	0.007709885862979352
-0.009209607816694523	0.05769703712317741
-0.001709607816694523	0.1335036042326237
0.009540392183305477	0.24848896204528523
0.026415392183305478	0.42306734203521706
0.05172789218330548	0.6884781576996785
0.08969664218330548	1.092597360662135
0.14664976718330547	1.708881790043048
0.23207945468330549	2.649999792015119
0.33207945468330546	3.7701631280597985
0.43207945468330544	4.904998127259359
0.5320794546833054	6.0508019463233635
0.6320794546833054	7.204896929911834
0.7320794546833054	8.365212625277998
0.8320794546833054	9.530073048868116
0.9320794546833053	10.698080884537529
1.0320794546833054	11.868036518933907
1.1320794546833055	13.038890711532463
1.2320794546833056	14.209953560790694
1.3320794546833057	15.381152154796219
1.4320794546833058	16.552480582111123
1.5320794546833059	17.723941487965753
1.632079454683306	18.89552247759803
1.732079454683306	20.067224906107228
1.8320794546833061	21.239038486783524
1.9320794546833062	22.410960657715368
2.032079454683306	23.582985219009863
2.132079454683306	24.75510915504087
2.2320794546833063	25.927325441686822
2.3320794546833064	27.099629936151725
2.4320794546833064	28.27201601849499
2.5320794546833065	29.444481914273126
2.6320794546833066	30.617019464386196
2.7320794546833067	31.789626444931887
2.832079454683307	32.96229651755264
2.932079454683307	34.13502749022324
3.032079454683307	35.30781391602439
3.132079454683307	36.48065059471913
3.232079454683307	37.6535353017981
3.3320794546833072	38.82646518287276
3.4320794546833073	39.99943652324385
3.5320794546833074	41.1724422795741
3.6320794546833075	42.3454841833644
3.7320794546833076	43.51855879742184
3.8320794546833077	44.69166288717377
3.9320794546833078	45.86479404454868
4.032079454683307	47.037951208686145
4.132079454683307	48.21113189163641
4.232079454683307	49.38433570712605
4.332079454683306	50.557559436533275
4.432079454683306	51.730804074028846
4.532079454683306	52.904068115304284
4.632079454683305	54.077352486254064
4.732079454683305	55.250654461858275
4.832079454683305	56.423975420735964
4.932079454683304	57.59731489247108
5.032079454683304	58.770677610244405
5.1320794546833035	59.94405985536508
5.232079454683303	61.117464734085495
5.332079454683303	62.29089360656996
5.4320794546833024	63.46434748641686
5.532079454683302	64.63782875998295
5.632079454683302	65.81133924134151
5.732079454683301	66.98488003547418
5.832079454683301	68.15845308825773
5.932079454683301	69.33206507315758
6.0320794546833	70.50571370720364
6.1320794546833	71.67940194450361
6.2320794546833	72.85313532056539
6.332079454683299	74.02691336342393
6.432079454683299	75.20074116320077
6.5320794546832985	76.37461993158362
6.632079454683298	77.54855392196384
6.732079454683298	78.72254696882862
6.8320794546832975	79.89659875563511
6.932079454683297	81.07071553346881
7.032079454683297	82.24489842746208
7.132079454683296	83.41915162601808
7.232079454683296	84.593477139898
7.332079454683296	85.76787741521564
7.432079454683295	86.94235425556779
7.532079454683295	88.11691068207075
7.632079454683295	89.29154803416053
7.732079454683294	90.46626797222639
7.832079454683294	91.64107158396702
7.932079454683294	92.81595827972006
8.032079454683293	93.99093068404721
8.132079454683293	95.16598800437379
8.232079454683292	96.34113026244314
8.332079454683292	97.51635680746996
8.432079454683292	98.69166567769497
8.532079454683291	99.86705665833159
8.632079454683291	101.04252688191333
8.73207945468329	102.21807339324587
8.83207945468329	103.39369187840151
8.93207945468329	104.56938026838061
9.03207945468329	105.74513019461283
9.13207945468329	106.92093845466947
9.232079454683289	108.09679746305538
9.332079454683289	109.27269880922478
9.432079454683288	110.44863522081792
9.532079454683288	111.62459660982947
9.632079454683288	112.80057188763004
9.732079454683287	113.97655347663922
9.832079454683287	115.15253664710688
9.932079454683286	116.32851440143403
10.032079454683286	117.5044979513144
10.132079454683286	118.68048388038453
10.232079454683285	119.8564679209583
10.332079454683285	121.03245517574285
10.432079454683285	122.20844082115137
10.532079454683284	123.38442921336726
10.632079454683284	124.5604186350975
10.732079454683284	125.73640787656942
10.832079454683283	126.91239723913114
10.932079454683283	128.08838912023097
11.032079454683283	129.26438194971573
11.132079454683282	130.44037572754368
11.232079454683282	131.47741511023503
11.332079454683281	132.45481872015256
11.432079454683281	133.43222185164018
11.53207945468328	134.40962864011783
11.63207945468328	135.38703581514548
11.73207945468328	136.36444239656026
11.83207945468328	137.34185075093646
11.93207945468328	138.3192600531725
12.032079454683279	139.3204607640306
12.132079454683279	140.32685586541726
12.232079454683278	141.33325209061906
12.332079454683278	142.33964990896567
12.432079454683278	143.34604817108539
12.532079454683277	144.3524469201421
12.56	144.6334444558749
1000012.56	144.6334444558749
