-100000	0
-0.014948852539061974	0
-0.01161551920572864	0.033057728087530304
-0.00661551920572864	0.08326872017360974
0.0008844807942713596	0.15940317555116784
0.01213448079427136	0.2748974558005609
0.02900948079427136	0.45028518298186815
0.05432198079427136	0.7169970351978002
0.09229073079427136	1.1232211914218682
0.14924385579427135	1.7429019721012127
0.23467354329427137	2.6894287983908183
0.33467354329427135	3.816138678294678
0.4346735432942713	4.957541519386938
0.5346735432942713	6.109797137657786
0.6346735432942713	7.270135345960402
0.7346735432942713	8.436427738241745
0.8346735432942712	9.606960329105977
0.9346735432942712	10.780312125108061
1.0346735432942713	11.95527519162882
1.1346735432942714	13.130815783766796
1.2346735432942715	14.306396621797296
1.3346735432942716	15.481986627033942
1.4346735432942717	16.657583252086663
1.5346735432942717	17.833186718359745
1.6346735432942718	19.008796685773078
1.734673543294272	20.184411199642817
1.834673543294272	21.360029980791804
1.934673543294272	22.535655427845477
2.034673543294272	23.711286200113246
2.134673543294272	24.886922483360713
2.234673543294272	26.06256327670132
2.3346735432942722	27.238210594183684
2.4346735432942723	28.41386327933882
2.5346735432942724	29.58952090832577
2.6346735432942725	30.765182706068778
2.7346735432942726	31.94085065395039
2.8346735432942727	33.11652454008885
2.9346735432942728	34.29220262594421
3.034673543294273	35.46788523901661
3.134673543294273	36.64357368878385
3.234673543294273	37.819267404543645
3.334673543294273	38.99496570277189
3.434673543294273	40.17066940317442
3.5346735432942733	41.34637798244875
3.6346735432942734	42.52209177147056
3.7346735432942735	43.69781047812147
3.8346735432942736	44.87353492088725
3.9346735432942737	46.049263391192675
4.034673543294273	47.22499508426025
4.134673543294273	48.400732717906166
4.234673543294273	49.57647588858987
4.334673543294272	50.75222328061063
4.434673543294272	51.92797256545189
4.5346735432942715	53.10372749727491
4.634673543294271	54.279486704438796
4.734673543294271	55.45524887818314
4.8346735432942705	56.63101272298913
4.93467354329427	57.80678149406607
5.03467354329427	58.98255597482149
5.134673543294269	60.15833263447933
5.234673543294269	61.33411163222148
5.334673543294269	62.50989345190734
5.434673543294268	63.68568119392887
5.534673543294268	64.86147780185519
5.634673543294268	66.03729642072314
5.734673543294267	67.2131318169766
5.834673543294267	68.38899940230252
5.9346735432942666	69.56487925240866
6.034673543294266	70.74077319148927
6.134673543294266	71.9166710203717
6.2346735432942655	73.09256444201463
6.334673543294265	74.26846870389097
6.434673543294265	75.44437640468117
6.534673543294264	76.62028501407761
6.634673543294264	77.7961978303885
6.734673543294264	78.97211130141648
6.834673543294263	80.14803038536012
6.934673543294263	81.32395244515689
7.034673543294263	82.49987777021542
7.134673543294262	83.67580296977683
7.234673543294262	84.85173361942049
7.334673543294262	86.02766489772333
7.434673543294261	87.20359864696208
7.534673543294261	88.37953410185615
7.6346735432942605	89.55547496280845
7.73467354329426	90.73141120730547
7.83467354329426	91.90735154638215
7.9346735432942594	93.08332966920796
8.034673543294259	94.25923764110327
8.134673543294259	95.43517159382323
8.234673543294258	96.61110680530099
8.334673543294258	97.78703969419759
8.434673543294258	98.96298123383264
8.534673543294257	100.13892053739009
8.634673543294257	101.31486018284528
8.734673543294257	102.49080060418464
8.834673543294256	103.66674963587785
8.934673543294256	104.84269658083983
9.034673543294256	106.01864373283436
9.134673543294255	107.19459509180099
9.234673543294255	108.37055141391888
9.334673543294254	109.54650616474969
9.434673543294254	110.72246164857395
9.534673543294254	111.89841961393275
9.634673543294253	113.07437949253809
9.734673543294253	114.25034322149526
9.834673543294253	115.42630344588487
9.934673543294252	116.6022742709197
10.034673543294252	117.77824090060702
10.134673543294252	118.95420661857072
10.234673543294251	120.13017786599374
10.334673543294251	121.30614803079659
10.43467354329425	122.48212529789998
10.53467354329425	123.65810062401776
10.63467354329425	124.83408010366853
10.73467354329425	126.01006150370529
10.83467354329425	127.1860457580497
10.934673543294249	128.36202950663187
11.034673543294248	129.53801427160357
11.134673543294248	130.71400365454016
11.234673543294248	131.74587611836097
11.334673543294247	132.72327505962176
11.434673543294247	133.70067480824792
11.534673543294247	134.67807658485077
11.634673543294246	135.6554780241437
11.734673543294246	136.632883000708
11.834673543294246	137.61028872135418
11.934673543294245	138.58769861950213
12.034673543294245	139.58964749058813
12.134673543294245	140.59604197646073
12.234673543294244	141.60243628086528
12.334673543294244	142.60883271926846
12.434673543294243	143.61523107096883
12.534673543294243	144.62163068694554
12.56	144.87653127409
1000012.56	144.87653127409
