-100000	0
-0.014948852539061974	0
-0.01161551920572864	0.03305787864613714
-0.00661551920572864	0.08326896835181606
0.0008844807942713596	0.15940333705429255
0.01213448079427136	0.27489740812454705
0.02900948079427136	0.450284724118488
0.05432198079427136	0.716996046890412
0.09229073079427136	1.1232189704198854
0.14924385579427135	1.7428970290193686
0.23467354329427137	2.689420641623054
0.33467354329427135	3.8161250368268647
0.4346735432942713	4.957522429183797
0.5346735432942713	6.10977229556094
0.6346735432942713	7.2701060145516925
0.7346735432942713	8.436393879180999
0.8346735432942712	9.606923730360146
0.9346735432942712	10.78027413212805
1.0346735432942713	11.95523754071511
1.1346735432942714	13.130779576885796
1.2346735432942715	14.30636253581224
1.3346735432942716	15.48195473135443
1.4346735432942717	16.657557677317637
1.5346735432942717	17.833166738820946
1.6346735432942718	19.008784743231594
1.734673543294272	20.184410336427266
1.834673543294272	21.360042815569795
1.934673543294272	22.535683278363244
2.034673543294272	23.71133020718345
2.134673543294272	24.886984757911403
2.234673543294272	26.062646575334046
2.3346735432942722	27.238314632959256
2.4346735432942723	28.413990089776522
2.5346735432942724	29.58967268097067
2.6346735432942725	30.765361510413136
2.7346735432942726	31.941057717123968
2.8346735432942727	33.116760848197224
2.9346735432942728	34.292469984650594
3.034673543294273	35.46818645716187
3.134673543294273	36.64390881059564
3.234673543294273	37.81963818221002
3.334673543294273	38.995374539748354
3.434673543294273	40.171116348074094
3.5346735432942733	41.34686532269042
3.6346735432942734	42.522621034255025
3.7346735432942735	43.69838197057201
3.8346735432942736	44.87414954990973
3.9346735432942737	46.049923678057134
4.034673543294273	47.22570300719572
4.134673543294273	48.401489343079376
4.234673543294273	49.577281225672856
4.334673543294272	50.75307887795376
4.434673543294272	51.92888362296608
4.5346735432942715	53.10469314344205
4.634673543294271	54.280509640770674
4.734673543294271	55.45633259459759
4.8346735432942705	56.632159952839935
4.93467354329427	57.80799434816703
5.03467354329427	58.9838330096457
5.134673543294269	60.15967685475318
5.234673543294269	61.33552751235742
5.334673543294269	62.51138264605248
5.434673543294268	63.68724254798287
5.534673543294268	64.8631096964464
5.634673543294268	66.03898021138943
5.734673543294267	67.21485718558385
5.834673543294267	68.39074031940221
5.9346735432942666	69.56662577797037
6.034673543294266	70.74251935934981
6.134673543294266	71.91841478660122
6.2346735432942655	73.09431329246847
6.334673543294265	74.27021761648058
6.434673543294265	75.44612486617557
6.534673543294264	76.62203557326905
6.634673543294264	77.79795003556802
6.734673543294264	78.97386739462934
6.834673543294263	80.14978837994789
6.934673543294263	81.32571233331173
7.034673543294263	82.50163890187774
7.134673543294262	83.67756906961722
7.234673543294262	84.8535012228399
7.334673543294262	86.02943626443219
7.434673543294261	87.20537472306891
7.534673543294261	88.381314992057
7.6346735432942605	89.55725701715053
7.73467354329426	90.7332028137497
7.83467354329426	91.9091487949265
7.9346735432942594	93.08509681521427
8.034673543294259	94.26104571762106
8.134673543294259	95.43699752393918
8.234673543294258	96.61294872552507
8.334673543294258	97.78890147569827
8.434673543294258	98.9648568865383
8.534673543294257	100.14081165634137
8.634673543294257	101.3167694554944
8.734673543294257	102.49272758158918
8.834673543294256	103.66868592016985
8.934673543294256	104.84464764167626
9.034673543294256	106.02060958947781
9.134673543294255	107.19657148159928
9.234673543294255	108.37253718912214
9.334673543294254	109.5485021852443
9.434673543294254	110.7244688797544
9.534673543294254	111.90043806352395
9.634673543294253	113.07640663505532
9.734673543294253	114.25237820619876
9.834673543294253	115.42835088148463
9.934673543294252	116.60432259920812
10.034673543294252	117.78029813356616
10.134673543294252	118.95627569463848
10.234673543294251	120.13225260632561
10.334673543294251	121.3082326123638
10.43467354329425	122.48421163466554
10.53467354329425	123.66019313060613
10.63467354329425	124.8361761854385
10.73467354329425	126.01216118446685
10.83467354329425	127.18814609545046
10.934673543294249	128.3641313254102
11.034673543294248	129.54011930959305
11.134673543294248	130.71610855755293
11.234673543294248	131.74799498304526
11.334673543294247	132.72539436349643
11.434673543294247	133.70279529913614
11.534673543294247	134.68019802220988
11.634673543294246	135.65760171987722
11.734673543294246	136.63500614586428
11.834673543294246	137.6124131525151
11.934673543294245	138.5898200080609
12.034673543294245	139.59177042781027
12.134673543294245	140.5981647788736
12.234673543294244	141.60455975009657
12.334673543294244	142.6109560777398
12.434673543294243	143.61735366729496
12.534673543294243	144.62375251883302
12.56	144.8786425455436
1000012.56	144.8786425455436
