-100000	0
5.76935731457677	0
5.772690647910103	0.0000002786821840264265
5.777690647910103	0.00000435441886959183
5.785190647910103	0.000029851109463383134
5.796440647910104	0.0001486857675579966
5.813315647910104	0.0006303883932660665
5.838628147910104	0.002434760151161009
5.876596897910104	0.008862431713485677
5.9335500229101035	0.030539971181380254
6.018979710410104	0.09151066497926619
6.118979710410104	0.20200680582967534
6.218979710410103	0.350666794028464
6.318979710410103	0.5342254543780436
6.4189797104101025	0.7500300410838535
6.518979710410102	0.9958415863768395
6.618979710410102	1.2697337431195637
6.7189797104101014	1.5700050672109174
6.818979710410101	1.895126102161875
6.918979710410101	2.243740306440829
7.0189797104101	2.6146080667579255
7.1189797104101	3.006595293527432
7.2189797104101	3.418659226533133
7.318979710410099	3.8498371614914375
7.418979710410099	4.299236701980228
7.518979710410099	4.766027553687323
7.618979710410098	5.249434772770908
7.718979710410098	5.748733123556059
7.8189797104100975	6.26324217901855
7.918979710410097	6.792320153379117
8.018979710410097	7.335359975604306
8.118979710410096	7.891799055678419
8.218979710410096	8.461099234381402
8.318979710410096	9.042750709436952
8.418979710410095	9.636270365478447
8.518979710410095	10.24119901880529
8.618979710410095	10.857100331335312
8.718979710410094	11.483558972353055
8.818979710410094	12.120179117826986
8.918979710410094	12.766583452341603
9.018979710410093	13.422411785105028
9.118979710410093	14.087320268412542
9.218979710410093	14.760980346223182
9.318979710410092	15.443077773032874
9.418979710410092	16.133311873373724
9.518979710410091	16.831394911072028
9.618979710410091	17.537051463425993
9.71897971041009	18.24976459027424
9.81897971041009	18.96863694991998
9.91897971041009	19.693477580564583
10.01897971041009	20.424137959305327
10.11897971041009	21.160469419289875
10.218979710410089	21.902327377500157
10.318979710410089	22.649566910951464
10.418979710410088	23.402045597263058
10.518979710410088	24.15962172918615
10.618979710410088	24.92215319675661
10.718979710410087	25.689499963816562
10.818979710410087	26.46152004821042
10.918979710410087	27.238071736390406
11.018979710410086	28.019012804506335
11.118979710410086	28.804198325603483
11.218979710410085	29.59348176700661
11.318979710410085	30.38671450960897
11.418979710410085	31.183744188754083
11.518979710410084	31.98441360716955
11.618979710410084	32.78856136995615
11.718979710410084	33.596020105932475
11.818979710410083	34.406614935512536
11.918979710410083	35.2201633850297
12.018979710410083	36.03647093022618
12.118979710410082	36.855332264426096
12.218979710410082	37.67652781645661
12.318979710410082	38.499820682356265
12.418979710410081	39.324953028823224
12.51897971041008	40.15131028938019
12.61897971041008	40.97789251919001
12.71897971041008	41.80465988527358
12.732638914403832	41.892001751289186
1000012.7326389144	41.892001751289186
