-100000	0
-0.014948852539061974	0
-0.01161551920572864	0.033061287481651006
-0.00661551920572864	0.08327748481625885
0.0008844807942713596	0.15941952309954383
0.01213448079427136	0.2749250391452609
0.02900948079427136	0.45032953166826584
0.05432198079427136	0.717066550312783
0.09229073079427136	1.1233278392252204
0.14924385579427135	1.743063059258006
0.23467354329427137	2.6896711966953992
0.33467354329427135	3.8164737543764127
0.4346735432942713	4.957967251676317
0.5346735432942713	6.1103123396968835
0.6346735432942713	7.270739457669149
0.7346735432942713	8.437119232167426
0.8346735432942712	9.60773994521036
0.9346735432942712	10.78117876063295
1.0346735432942713	11.95622989996084
1.1346735432942714	13.131858579557925
1.2346735432942715	14.30752527251219
1.3346735432942716	15.483195278449466
1.4346735432942717	16.658889809782043
1.5346735432942717	17.8345801510687
1.6346735432942718	19.010270162374628
1.734673543294272	20.185973931381724
1.834673543294272	21.361676923872473
1.934673543294272	22.53739469004408
2.034673543294272	23.71311037479275
2.134673543294272	24.888830801516065
2.234673543294272	26.064562630814063
2.3346735432942722	27.24029390439655
2.4346735432942723	28.416033739621437
2.5346735432942724	29.591781782530663
2.6346735432942725	30.76752867046166
2.7346735432942726	31.943284896636044
2.8346735432942727	33.119049022399516
2.9346735432942728	34.29481310587461
3.034673543294273	35.47058886549355
3.134673543294273	36.64636279192048
3.234673543294273	37.822146401294674
3.334673543294273	38.99793728204396
3.434673543294273	40.173730973594616
3.5346735432942733	41.349527725131466
3.6346735432942734	42.52533309608364
3.7346735432942735	43.70113742898403
3.8346735432942736	44.87695323680166
3.9346735432942737	46.05277396989922
4.034673543294273	47.22859319433316
4.134673543294273	48.40442744556913
4.234673543294273	49.58025553535134
4.334673543294272	50.756092847348
4.434673543294272	51.93194127637749
4.5346735432942715	53.1077843171965
4.634673543294271	54.28363636142335
4.734673543294271	55.45949883557935
4.8346735432942705	56.63535633568439
4.93467354329427	57.81122944154883
5.03467354329427	58.98709151203791
5.134673543294269	60.162967190577724
5.234673543294269	61.33885141182987
5.334673543294269	62.51473343573709
5.434673543294268	63.690616043558016
5.534673543294268	64.86651263113869
5.634673543294268	66.0424000824978
5.734673543294267	67.21830145933625
5.834673543294267	68.39421144609837
5.9346735432942666	69.57010845426254
6.034673543294266	70.74603407772705
6.134673543294266	71.92194468599817
6.2346735432942655	73.09785243315689
6.334673543294265	74.27378310978789
6.434673543294265	75.44970259645329
6.534673543294264	76.62563149112745
6.634673543294264	77.8015641035399
6.734673543294264	78.97749343863129
6.834673543294263	80.15342993297845
6.934673543294263	81.3293687583826
7.034673543294263	82.5053066717301
7.134673543294262	83.68125396922834
7.234673543294262	84.85719519201638
7.334673543294262	86.03314414268641
7.434673543294261	87.209098996911
7.534673543294261	88.38505058158714
7.6346735432942605	89.56100083543473
7.73467354329426	90.7369620998152
7.83467354329426	91.91291254003208
7.9346735432942594	93.08887397563241
8.034673543294259	94.26483661262277
8.134673543294259	95.44080061719893
8.234673543294258	96.61675977353728
8.334673543294258	97.79272417024856
8.434673543294258	98.96869221624772
8.534673543294257	100.14465333406488
8.634673543294257	101.32062233096057
8.734673543294257	102.49659315605948
8.834673543294256	103.6725562293241
8.934673543294256	104.84852926730122
9.034673543294256	106.02450343159576
9.134673543294255	107.2004684567737
9.234673543294255	108.37644553720996
9.334673543294254	109.55241910736406
9.434673543294254	110.72839442637547
9.534673543294254	111.90437113628984
9.634673543294253	113.08034711486548
9.734673543294253	114.25632298390003
9.834673543294253	115.43230916999967
9.934673543294252	116.60827946959257
10.034673543294252	117.78426131092391
10.134673543294252	118.96024914904564
10.234673543294251	120.13622403246615
10.334673543294251	121.31221402160638
10.43467354329425	122.48819765115232
10.53467354329425	123.66417992235964
10.63467354329425	124.84016412395164
10.73467354329425	126.01615668632034
10.83467354329425	127.19214603101102
10.934673543294249	128.36813641369503
11.034673543294248	129.54412783432466
11.134673543294248	130.7201202928518
11.234673543294248	131.75199719999452
11.334673543294247	132.7293977688716
11.434673543294247	133.70680377682083
11.534673543294247	134.68420957780714
11.634673543294246	135.66161831571256
11.734673543294246	136.6390248170835
11.834673543294246	137.61643031941824
11.934673543294245	138.5938376881886
12.034673543294245	139.59579209399743
12.134673543294245	140.6021886014629
12.234673543294244	141.6085823926807
12.334673543294244	142.61497745451692
12.434673543294243	143.62137680057432
12.534673543294243	144.62777752531517
12.56	144.88267017756476
1000012.56	144.88267017756476
