-100000	0
-0.014948852539061974	0
-0.01161551920572864	0.03304373181841735
-0.00661551920572864	0.08323362078529441
0.0008844807942713596	0.15933611528503633
0.01213448079427136	0.2747825968677077
0.02900948079427136	0.4500991464158377
0.05432198079427136	0.7167046073829278
0.09229073079427136	1.1227701074526237
0.14924385579427135	1.7422157639630158
0.23467354329427137	2.6883986970043425
0.33467354329427135	3.8147155199330904
0.4346735432942713	4.955741294348507
0.5346735432942713	6.107633272603495
0.6346735432942713	7.26762536196896
0.7346735432942713	8.433584421772993
0.8346735432942712	9.603798385237244
0.9346735432942712	10.776845988808358
1.0346735432942713	11.951522330363302
1.1346735432942714	13.126795409426862
1.2346735432942715	14.302131560265297
1.3346735432942716	15.477475897786235
1.4346735432942717	16.652901311744312
1.5346735432942717	17.828303013127275
1.6346735432942718	19.003684230008098
1.734673543294272	20.17916579901644
1.834673543294272	21.354613970887616
1.934673543294272	22.530101123956797
2.034673543294272	23.705610240066783
2.134673543294272	24.88115271320204
2.234673543294272	26.05670271911504
2.3346735432942722	27.23225474761663
2.4346735432942723	28.40787489705086
2.5346735432942724	29.583491187934076
2.6346735432942725	30.759113783098403
2.7346735432942726	31.93479812148406
2.8346735432942727	33.11047956598886
2.9346735432942728	34.28618231835064
3.034673543294273	35.46191646565934
3.134673543294273	36.637651336484986
3.234673543294273	37.81339261430073
3.334673543294273	38.98915339243285
3.434673543294273	40.16490563041869
3.5346735432942733	41.3406639481691
3.6346735432942734	42.51646288641116
3.7346735432942735	43.69221883185552
3.8346735432942736	44.86799529229889
3.9346735432942737	46.043809731883954
4.034673543294273	47.21958727694941
4.134673543294273	48.39538554963724
4.234673543294273	49.571171369849814
4.334673543294272	50.7470124182986
4.434673543294272	51.922824565992684
4.5346735432942715	53.09862810647733
4.634673543294271	54.27449620397368
4.734673543294271	55.45032631498483
4.8346735432942705	56.62614559201953
4.93467354329427	57.80202697996564
5.03467354329427	58.97787672928354
5.134673543294269	60.15373202543178
5.234673543294269	61.329624919597855
5.334673543294269	62.505491644382325
5.434673543294268	63.681362909250794
5.534673543294268	64.8572880888635
5.634673543294268	66.0331478632892
5.734673543294267	67.20903257440698
5.834673543294267	68.38498871616686
5.9346735432942666	69.56086040771852
6.034673543294266	70.73675624815161
6.134673543294266	71.91273420754374
6.2346735432942655	73.0886204244794
6.334673543294265	74.26452877267265
6.434673543294265	75.44045532021204
6.534673543294264	76.61638174149853
6.634673543294264	77.79230199139465
6.734673543294264	78.96821435781065
6.834673543294263	80.14417369526475
6.934673543294263	81.32009995575186
7.034673543294263	82.4960220398959
7.134673543294262	83.67198693587036
7.234673543294262	84.84792381967499
7.334673543294262	86.02386310185567
7.434673543294261	87.1998390706427
7.534673543294261	88.37577900780104
7.6346735432942605	89.55172105477996
7.73467354329426	90.72772319088001
7.83467354329426	91.90366072387607
7.9346735432942594	93.07961117216212
8.034673543294259	94.25557579017655
8.134673543294259	95.4315342367066
8.234673543294258	96.6074899194908
8.334673543294258	97.78343160713729
8.434673543294258	98.95938584456874
8.534673543294257	100.13534566357946
8.634673543294257	101.31130493873233
8.734673543294257	102.48725734523099
8.834673543294256	103.66321962947518
8.934673543294256	104.83918336986389
9.034673543294256	106.01513026237902
9.134673543294255	107.19109304490185
9.234673543294255	108.36706064140306
9.334673543294254	109.54302138713159
9.434673543294254	110.71898663686547
9.534673543294254	111.89495300842016
9.634673543294253	113.07090628631657
9.734673543294253	114.246879298922
9.834673543294253	115.42285344019042
9.934673543294252	116.59877027846903
10.034673543294252	117.77475136233129
10.134673543294252	118.95072359105323
10.234673543294251	120.1266627715291
10.334673543294251	121.30264656433245
10.43467354329425	122.47862284055263
10.53467354329425	123.65458662541694
10.63467354329425	124.83055051654607
10.73467354329425	126.00653306887091
10.83467354329425	127.1825167478643
10.934673543294249	128.35849730575632
11.034673543294248	129.53447732907483
11.134673543294248	130.7104661896755
11.234673543294248	131.74220424982846
11.334673543294247	132.71958530398268
11.434673543294247	133.69695735290867
11.534673543294247	134.67436107010096
11.634673543294246	135.6517551407128
11.734673543294246	136.629148237979
11.834673543294246	137.60654005771875
11.934673543294245	138.58394884743683
12.034673543294245	139.58586502156578
12.134673543294245	140.59225491047772
12.234673543294244	141.59864274297
12.334673543294244	142.60503675724132
12.434673543294243	143.61143228238126
12.534673543294243	144.61782893386857
12.56	144.873172159937
1000012.56	144.873172159937
