-100000	0
-0.014948852539061974	0
-0.01161551920572864	0.033061240567359686
-0.00661551920572864	0.08327736743818848
0.0008844807942713596	0.15941928390001564
0.01213448079427136	0.2749246323066565
0.02900948079427136	0.45032888907358376
0.05432198079427136	0.7170654939523006
0.09229073079427136	1.123326138980356
0.14924385579427135	1.74306032409505
0.23467354329427137	2.689667101285554
0.33467354329427135	3.816467270304344
0.4346735432942713	4.9579587587638505
0.5346735432942713	6.1103010080137565
0.6346735432942713	7.27072542784356
0.7346735432942713	8.437102309408035
0.8346735432942712	9.607719457247802
0.9346735432942712	10.781155446479255
1.0346735432942713	11.956202762453826
1.1346735432942714	13.131827044631128
1.2346735432942715	14.30749050603014
1.3346735432942716	15.483162024757496
1.4346735432942717	16.65884097483997
1.5346735432942717	17.834526778147097
1.6346735432942718	19.010219359201546
1.734673543294272	20.185918745231202
1.834673543294272	21.361624645460132
1.934673543294272	22.537336967224697
2.034673543294272	23.713055325245797
2.134673543294272	24.888780377522902
2.234673543294272	26.0645123524527
2.3346735432942722	27.240249788802856
2.4346735432942723	28.415993918272918
2.5346735432942724	29.59174263619922
2.6346735432942725	30.76749731006771
2.7346735432942726	31.94325743883054
2.8346735432942727	33.11902302248838
2.9346735432942728	34.2947940614876
3.034673543294273	35.470571232434395
3.134673543294273	36.64635236604778
3.234673543294273	37.822139788382955
3.334673543294273	38.997932668744966
3.434673543294273	40.17373100705267
3.5346735432942733	41.349533706013425
3.6346735432942734	42.525344021491804
3.7346735432942735	43.7011585634184
3.8346735432942736	44.876978617777525
3.9346735432942737	46.05280409001891
4.034673543294273	47.22863498007519
4.134673543294273	48.404469906351814
4.234673543294273	49.58031296218598
4.334673543294272	50.75616067225823
4.434673543294272	51.93200987051219
4.5346735432942715	53.10786516307925
4.634673543294271	54.28372485636209
4.734673543294271	55.459588950357066
4.8346735432942705	56.63545735564751
4.93467354329427	57.81133168078637
5.03467354329427	58.98720630534309
5.134673543294269	60.16308660362012
5.234673543294269	61.33897067077148
5.334673543294269	62.514858506732566
5.434673543294268	63.69074750968715
5.534673543294268	64.86664480587017
5.634673543294268	66.04254432926854
5.734673543294267	67.2184469272282
5.834673543294267	68.39435308960171
5.9346735432942666	69.57026281636666
6.034673543294266	70.74617229054803
6.134673543294266	71.92209258669656
6.2346735432942655	73.0980130381017
6.334673543294265	74.27393565843907
6.434673543294265	75.4498610474133
6.534673543294264	76.62578920505499
6.634673543294264	77.80172013139327
6.734673543294264	78.97765413228488
6.834673543294263	80.15359206625713
6.934673543294263	81.32952921518763
7.034673543294263	82.5054702233249
7.134673543294262	83.68141354135363
7.234673543294262	84.85735916935481
7.334673543294262	86.03330738077732
7.434673543294261	87.20925954385864
7.534673543294261	88.38520904209875
7.6346735432942605	89.56116274015527
7.73467354329426	90.73711816807975
7.83467354329426	91.9130753258743
7.9346735432942594	93.08903117881366
8.034673543294259	94.26499498306048
8.134673543294259	95.44095602891713
8.234673543294258	96.61691841370722
8.334673543294258	97.79288183692854
8.434673543294258	98.96884629851878
8.534673543294257	100.14481179841502
8.634673543294257	101.32077816142511
8.734673543294257	102.49674491222713
8.834673543294256	103.67271387635125
8.934673543294256	104.84868352369173
9.034673543294256	106.02465420914459
9.134673543294255	107.2006259326466
9.234673543294255	108.37659823605772
9.334673543294254	109.55257114760347
9.434673543294254	110.72854665702826
9.534673543294254	111.90452252771311
9.634673543294253	113.08049943625518
9.734673543294253	114.25647738259174
9.834673543294253	115.43245815175746
9.934673543294252	116.60843595232319
10.034673543294252	117.7844168173967
10.134673543294252	118.96039890980867
10.234673543294251	120.13638203980545
10.334673543294251	121.31236620732356
10.43467354329425	122.48835219680063
10.53467354329425	123.6643372947505
10.63467354329425	124.8403246485495
10.73467354329425	126.0163130401901
10.83467354329425	127.19230288144132
10.934673543294249	128.36829226403125
11.034673543294248	129.54428377654006
11.134673543294248	130.72027632665316
11.234673543294248	131.75216204924988
11.334673543294247	132.729564556352
11.434673543294247	133.70696827357827
11.534673543294247	134.68437316570726
11.634673543294246	135.66178000244915
11.734673543294246	136.63918660487096
11.834673543294246	137.6165944993104
11.934673543294245	138.59400307919503
12.034673543294245	139.59595462122118
12.134673543294245	140.60234984484026
12.234673543294244	141.60874610533625
12.334673543294244	142.61514327903166
12.434673543294243	143.62154114061983
12.534673543294243	144.6279405976077
12.56	144.8828252950328
1000012.56	144.8828252950328
