-100000	0
-0.014948852539061974	0
-0.01161551920572864	0.033062613467677304
-0.00661551920572864	0.08328078937542147
0.0008844807942713596	0.15942577087593088
0.01213448079427136	0.27493568541623803
0.02900948079427136	0.4503467244227755
0.05432198079427136	0.7170933892973964
0.09229073079427136	1.1233688910119584
0.14924385579427135	1.7431247887304027
0.23467354329427137	2.689762794105333
0.33467354329427135	3.816597969159243
0.4346735432942713	4.958122296443426
0.5346735432942713	6.11049546253068
0.6346735432942713	7.270949150116808
0.7346735432942713	8.437353198225793
0.8346735432942712	9.607995763259309
0.9346735432942712	10.781455023877601
1.0346735432942713	11.956524025164878
1.1346735432942714	13.132168123165217
1.2346735432942715	14.307849508330632
1.3346735432942716	15.483535655167978
1.4346735432942717	16.659231889500237
1.5346735432942717	17.834927962680784
1.6346735432942718	19.010631053509233
1.734673543294272	20.18634014756863
1.834673543294272	21.36205245359185
1.934673543294272	22.537769033294516
2.034673543294272	23.713489885395635
2.134673543294272	24.88921500861261
2.234673543294272	26.0649416657946
2.3346735432942722	27.240674275432493
2.4346735432942723	28.416413700194912
2.5346735432942724	29.59215434098314
2.6346735432942725	30.76789827895238
2.7346735432942726	31.943645514105118
2.8346735432942727	33.11939604644412
2.9346735432942728	34.29514881450218
3.034673543294273	35.47091327366873
3.134673543294273	36.64668488173801
3.234673543294273	37.82246014285709
3.334673543294273	38.99823905648003
3.434673543294273	40.174021622060145
3.5346735432942733	41.349807839051586
3.6346735432942734	42.52560092157215
3.7346735432942735	43.701405079937366
3.8346735432942736	44.87721291859009
3.9346735432942737	46.05302437621833
4.034673543294273	47.228839452250135
4.134673543294273	48.40465814611541
4.234673543294273	49.580480455331774
4.334673543294272	50.75631713617564
4.434673543294272	51.932156731295954
4.5346735432942715	53.10799949338822
4.634673543294271	54.283845422012696
4.734673543294271	55.459694516731865
4.8346735432942705	56.63554843156467
4.93467354329427	57.811410159073496
5.03467354329427	58.98727927161457
5.134673543294269	60.16315137604201
5.234673543294269	61.33902647212636
5.334673543294269	62.51490455963815
5.434673543294268	63.69078563834723
5.534673543294268	64.8666714231152
5.634673543294268	66.04257252143023
5.734673543294267	67.2184737387126
5.834673543294267	68.39437814866784
5.9346735432942666	69.57028575146042
6.034673543294266	70.74619654725551
6.134673543294266	71.92210840990673
6.2346735432942655	73.09803915093687
6.334673543294265	74.27396861098893
6.434673543294265	75.44990026119879
6.534673543294264	76.6258341017726
6.634673543294264	77.8017701329164
6.734673543294264	78.97771027487963
6.834673543294263	80.15364932452776
6.934673543294263	81.32959252177112
7.034673543294263	82.50553758461511
7.134673543294262	83.68148451316942
7.234673543294262	84.85743330754616
7.334673543294262	86.03338620737435
7.434673543294261	87.20933695177341
7.534673543294261	88.38529128788332
7.6346735432942605	89.561247054724
7.73467354329426	90.73720425229313
7.83467354329426	91.91316288058869
7.9346735432942594	93.08912293960856
8.034673543294259	94.26508423619681
8.134673543294259	95.44104168129748
8.234673543294258	96.61700074946178
8.334673543294258	97.7929609695471
8.434673543294258	98.96892234165571
8.534673543294257	100.14488486589009
8.634673543294257	101.3208484833728
8.734673543294257	102.49680847980129
8.834673543294256	103.67276911977066
8.934673543294256	104.84873113552047
9.034673543294256	106.02469452724404
9.134673543294255	107.20065929513588
9.234673543294255	108.37662503788448
9.334673543294254	109.55259296107513
9.434673543294254	110.72856195218547
9.534673543294254	111.90453232282368
9.634673543294253	113.08050407298938
9.734673543294253	114.25647720268148
9.834673543294253	115.4324517118996
9.934673543294252	116.60842898924327
10.034673543294252	117.7844044933314
10.134673543294252	118.96038303839735
10.234673543294251	120.1363629615892
10.334673543294251	121.31234426309643
10.43467354329425	122.48832694311027
10.53467354329425	123.66431213134578
10.63467354329425	124.84029751193854
10.73467354329425	126.01628427028905
10.83467354329425	127.19227240670584
10.934673543294249	128.36826178739753
11.034673543294248	129.54425311229693
11.134673543294248	130.72024525907824
11.234673543294248	131.75213263167947
11.334673543294247	132.72953514819443
11.434673543294247	133.70693952823007
11.534673543294247	134.68434383705912
11.634673543294246	135.6617500733204
11.734673543294246	136.63915703772935
11.834673543294246	137.61656528344758
11.934673543294245	138.5939744388398
12.034673543294245	139.59592663573656
12.134673543294245	140.6023214428971
12.234673543294244	141.60871753747028
12.334673543294244	142.61511464279286
12.434673543294243	143.62151275890886
12.534673543294243	144.62791211409467
12.56	144.88279969331663
1000012.56	144.88279969331663
