-100000	0
-0.014948852539061974	0
-0.01161551920572864	0.0330614611497601
-0.00661551920572864	0.08327791815087786
0.0008844807942713596	0.15942032314501073
0.01213448079427136	0.2749263834384447
0.02900948079427136	0.45033172334183896
0.05432198079427136	0.7170698908259454
0.09229073079427136	1.1233328074156956
0.14924385579427135	1.743070168365507
0.23467354329427137	2.6896815390282094
0.33467354329427135	3.816486222727405
0.4346735432942713	4.957981957702707
0.5346735432942713	6.110327867800662
0.6346735432942713	7.270755194989464
0.7346735432942713	8.437134699910185
0.8346735432942712	9.6077536805381
0.9346735432942712	10.781190917516362
1.0346735432942713	11.95623905466298
1.1346735432942714	13.131863855960162
1.2346735432942715	14.307527147172912
1.3346735432942716	15.483199725421418
1.4346735432942717	16.6588752134546
1.5346735432942717	17.834562602965324
1.6346735432942718	19.010254144696066
1.734673543294272	20.185951870364867
1.834673543294272	21.361651100419266
1.934673543294272	22.537364703394807
2.034673543294272	23.71308039685135
2.134673543294272	24.88880200767115
2.234673543294272	26.064529535731992
2.3346735432942722	27.240262980911456
2.4346735432942723	28.415999487510184
2.5346735432942724	29.59174435719247
2.6346735432942725	30.767500297682886
2.7346735432942726	31.943252633316547
2.8346735432942727	33.11901452604269
2.9346735432942728	34.294781791572085
3.034673543294273	35.47055478190397
3.134673543294273	36.646332541535806
3.234673543294273	37.82212065212205
3.334673543294273	38.997904099309466
3.434673543294273	40.173697522116655
3.5346735432942733	41.349496142446505
3.6346735432942734	42.52530074456731
3.7346735432942735	43.70110951516185
3.8346735432942736	44.87692898572866
3.9346735432942737	46.052742814401896
4.034673543294273	47.22856658643978
4.134673543294273	48.404395329288775
4.234673543294273	49.580229042957654
4.334673543294272	50.75606772807894
4.434673543294272	51.93191096264562
4.5346735432942715	53.10776675680519
4.634673543294271	54.28361279144466
4.734673543294271	55.4594699008252
4.8346735432942705	56.63533154592499
4.93467354329427	57.81119828803216
5.03467354329427	58.987068904932
5.134673543294269	60.162952959791994
5.234673543294269	61.33882440236171
5.334673543294269	62.51470873410722
5.434673543294268	63.6905976029329
5.534673543294268	64.8664920626062
5.634673543294268	66.04238936943223
5.734673543294267	67.21830296477101
5.834673543294267	68.39419672410254
5.9346735432942666	69.570105472428
6.034673543294266	70.74601785508179
6.134673543294266	71.92193449771993
6.2346735432942655	73.09785377762681
6.334673543294265	74.2737762882118
6.434673543294265	75.44971133743394
6.534673543294264	76.62563358703495
6.634673543294264	77.80156550664088
6.734673543294264	78.97750043840033
6.834673543294263	80.15343910970662
6.934673543294263	81.32937946045702
7.034673543294263	82.50532963012719
7.134673543294262	83.68126923908852
7.234673543294262	84.85721727084453
7.334673543294262	86.03316766786565
7.434673543294261	87.2091209769715
7.534673543294261	88.38507552660533
7.6346735432942605	89.56104087161413
7.73467354329426	90.73699166875052
7.83467354329426	91.91295124805869
7.9346735432942594	93.08891212213341
8.034673543294259	94.26487674074784
8.134673543294259	95.44083968769901
8.234673543294258	96.61680361512572
8.334673543294258	97.79276905891976
8.434673543294258	98.96873645681158
8.534673543294257	100.14470349146286
8.634673543294257	101.32067150847512
8.734673543294257	102.49664169412213
8.834673543294256	103.67261152552773
8.934673543294256	104.84858233171089
9.034673543294256	106.02455617518801
9.134673543294255	107.20052911779715
9.234673543294255	108.37650304330869
9.334673543294254	109.55247920824837
9.434673543294254	110.72845494565375
9.534673543294254	111.90443109381242
9.634673543294253	113.08041139733027
9.734673543294253	114.25639024934387
9.834673543294253	115.4323700847981
9.934673543294252	116.60835307563306
10.034673543294252	117.78433472828458
10.134673543294252	118.96031425313105
10.234673543294251	120.13630302366437
10.334673543294251	121.31228779331879
10.43467354329425	122.48827354687613
10.53467354329425	123.66426169523984
10.63467354329425	124.84024955028711
10.73467354329425	126.01623838999934
10.83467354329425	127.19222821447335
10.934673543294249	128.36821902380322
11.034673543294248	129.54421018746572
11.134673543294248	130.72020396392577
11.234673543294248	131.75209269956827
11.334673543294247	132.7294954618048
11.434673543294247	133.70689946190743
11.534673543294247	134.6843044098744
11.634673543294246	135.6617088151686
11.734673543294246	136.63911780233087
11.834673543294246	137.6165255627886
11.934673543294245	138.59393430859646
12.034673543294245	139.59588797118647
12.134673543294245	140.60228285575775
12.234673543294244	141.60867943323612
12.334673543294244	142.61507699690742
12.434673543294243	143.62147554668823
12.534673543294243	144.62787508249363
12.56	144.88275801249492
1000012.56	144.88275801249492
