-100000	0
-0.014948852539061974	0
-0.01161551920572864	0.03306491982431924
-0.00661551920572864	0.08328648050149691
0.0008844807942713596	0.15943658607488415
0.01213448079427136	0.2749542043128999
0.02900948079427136	0.4503767922976575
0.05432198079427136	0.7171407772173966
0.09229073079427136	1.1234422723259776
0.14924385579427135	1.743237038152552
0.23467354329427137	2.6899332385230843
0.33467354329427135	3.8168356390213045
0.4346735432942713	4.958426861073365
0.5346735432942713	6.11086653218423
0.6346735432942713	7.271385751974381
0.7346735432942713	8.43785511101014
0.8346735432942712	9.608562173593926
0.9346735432942712	10.782085463118163
1.0346735432942713	11.95721758344355
1.1346735432942714	13.132923959693121
1.2346735432942715	14.308667545253414
1.3346735432942716	15.484412733621474
1.4346735432942717	16.660171610262374
1.5346735432942717	17.835927848667996
1.6346735432942718	19.01169112805211
1.734673543294272	20.18746185134983
1.834673543294272	21.363235120685914
1.934673543294272	22.53901322054073
2.034673543294272	23.714796150535868
2.134673543294272	24.890579623857636
2.234673543294272	26.066371678703206
2.3346735432942722	27.242173563830725
2.4346735432942723	28.417977663644454
2.5346735432942724	29.593780309162426
2.6346735432942725	30.7695912897998
2.7346735432942726	31.94540694683375
2.8346735432942727	33.121227280503746
2.9346735432942728	34.297052291049866
3.034673543294273	35.47288689648567
3.134673543294273	36.64871739468454
3.234673543294273	37.82455630764968
3.334673543294273	39.00039981734056
3.434673543294273	40.176247924035025
3.5346735432942733	41.352100628008934
3.6346735432942734	42.52796345985655
3.7346735432942735	43.70382136713416
3.8346735432942736	44.879687320386935
3.9346735432942737	46.05555755466232
4.034673543294273	47.23143207011272
4.134673543294273	48.40731086688994
4.234673543294273	49.58319394514668
4.334673543294272	50.75908759386579
4.434673543294272	51.934974321477874
4.5346735432942715	53.11086980403563
4.634673543294271	54.28676921069763
4.734673543294271	55.46267254146804
4.8346735432942705	56.63857979635034
4.93467354329427	57.8144980800751
5.03467354329427	58.99040759450346
5.134673543294269	60.166325860624475
5.234673543294269	61.34224769530836
5.334673543294269	62.51817309848105
5.434673543294268	63.69410207006851
5.534673543294268	64.87004366801426
5.634673543294268	66.04597248335756
5.734673543294267	67.22191048218028
5.834673543294267	68.39785109163311
5.9346735432942666	69.57379431171256
6.034673543294266	70.74974014241454
6.134673543294266	71.92569013056068
6.2346735432942655	73.10164823030513
6.334673543294265	74.27759502227671
6.434673543294265	75.45354934441468
6.534673543294264	76.62950537933204
6.634673543294264	77.80546312704607
6.734673543294264	78.98142258757252
6.834673543294263	80.15738969555807
6.934673543294263	81.33334872699302
7.034673543294263	82.50931272652083
7.134673543294262	83.68527814676679
7.234673543294262	84.86124498781842
7.334673543294262	86.03721324976264
7.434673543294261	87.2131888823938
7.534673543294261	88.38915552128142
7.6346735432942605	89.5651273952598
7.73467354329426	90.74110033180533
7.83467354329426	91.9170743310171
7.9346735432942594	93.09304939299584
8.034673543294259	94.26902648739807
8.134673543294259	95.44500415789732
8.234673543294258	96.62098230626297
8.334673543294258	97.79696036810526
8.434673543294258	98.97293911583849
8.534673543294257	100.14891854950031
8.634673543294257	101.32489866912252
8.734673543294257	102.5008791753443
8.834673543294256	103.67686174753253
8.934673543294256	104.85284392726906
9.034673543294256	106.02882679304281
9.134673543294255	107.20481034488851
9.234673543294255	108.38079458284199
9.334673543294254	109.55677889612527
9.434673543294254	110.73276589733854
9.534673543294254	111.90875219544402
9.634673543294253	113.08473917973109
9.734673543294253	114.26072685023522
9.834673543294253	115.43671520699125
9.934673543294252	116.61270081706013
10.034673543294252	117.7886937975164
10.134673543294252	118.96468420900644
10.234673543294251	120.14067530684862
10.334673543294251	121.31666709107753
10.43467354329425	122.49265956172647
10.53467354329425	123.66865323194979
10.63467354329425	124.84464577856224
10.73467354329425	126.02064091403189
10.83467354329425	127.19663708420346
10.934673543294249	128.37263293853184
11.034673543294248	129.548629479311
11.134673543294248	130.72462670658567
11.234673543294248	131.75651675506586
11.334673543294247	132.73392274788006
11.434673543294247	133.71133122368227
11.534673543294247	134.6887387501697
11.634673543294246	135.6661466083023
11.734673543294246	136.64355743954778
11.834673543294246	137.62096800252155
11.934673543294245	138.59837925250378
12.034673543294245	139.60033240605236
12.134673543294245	140.6067293463748
12.234673543294244	141.61312697383372
12.334673543294244	142.61952482586256
12.434673543294243	143.62592307937598
12.534673543294243	144.63232312735502
12.56	144.8872149877145
1000012.56	144.8872149877145
