-100000	0
-0.014948852539061974	0
-0.01161551920572864	0.033060749928481195
-0.00661551920572864	0.08327610586838112
0.0008844807942713596	0.15941693783929917
0.01213448079427136	0.2749206111226098
0.02900948079427136	0.4503223145597599
0.05432198079427136	0.717055127699078
0.09229073079427136	1.1233098242782902
0.14924385579427135	1.7430349190110745
0.23467354329427137	2.6896274460038843
0.33467354329427135	3.8164103481455074
0.4346735432942713	4.95788358579887
0.5346735432942713	6.110206821793866
0.6346735432942713	7.270611235643401
0.7346735432942713	8.436967359768191
0.8346735432942712	9.607562779418357
0.9346735432942712	10.780976585268512
1.0346735432942713	11.956000040361037
1.1346735432942714	13.131600396366546
1.2346735432942715	14.307239158205201
1.3346735432942716	15.48288670310197
1.4346735432942717	16.658536242207454
1.5346735432942717	17.83419515627964
1.6346735432942718	19.009864765998238
1.734673543294272	20.185534993729423
1.834673543294272	21.361205715997166
1.934673543294272	22.536896194243276
2.034673543294272	23.712586510013974
2.134673543294272	24.888283060557047
2.234673543294272	26.063985845937967
2.3346735432942722	27.239694866222063
2.4346735432942723	28.41540805257574
2.5346735432942724	29.59112920068526
2.6346735432942725	30.766866710829134
2.7346735432942726	31.942592212786558
2.8346735432942727	33.118332247856195
2.9346735432942728	34.294078511113916
3.034673543294273	35.46983100278085
3.134673543294273	36.645577082994
3.234673543294273	37.8213557267081
3.334673543294273	38.99712686842852
3.434673543294273	40.172903938608
3.5346735432942733	41.34868693709656
3.6346735432942734	42.52447517287319
3.7346735432942735	43.700269254998865
3.8346735432942736	44.876068932931105
3.9346735432942737	46.05187420697627
4.034673543294273	47.227685077440285
4.134673543294273	48.40350273557471
4.234673543294273	49.579325268965384
4.334673543294272	50.75515319096919
4.434673543294272	51.93098631999336
4.5346735432942715	53.10682469984694
4.634673543294271	54.28266805932502
4.734673543294271	55.45851639802171
4.8346735432942705	56.634369715532294
4.93467354329427	57.810225324594526
5.03467354329427	58.98608745025543
5.134673543294269	60.16195416899611
5.234673543294269	61.33782548114755
5.334673543294269	62.51372348073101
5.434673543294268	63.68958394150291
5.534673543294268	64.86546788189077
5.634673543294268	66.0413557246954
5.734673543294267	67.21725122551064
5.834673543294267	68.3931476778648
5.9346735432942666	69.56904793038281
6.034673543294266	70.74495198270664
6.134673543294266	71.92085497168583
6.2346735432942655	73.09676562390288
6.334673543294265	74.27267982903743
6.434673543294265	75.4485975874713
6.534673543294264	76.6245188995857
6.634673543294264	77.80044602134555
6.734673543294264	78.9763743733005
6.834673543294263	80.1523057396052
6.934673543294263	81.32822647814368
7.034673543294263	82.50417754825652
7.134673543294262	83.68011791286675
7.234673543294262	84.85606100456386
7.334673543294262	86.03200682305652
7.434673543294261	87.20795229869952
7.534673543294261	88.38390178313702
7.6346735432942605	89.5598531459548
7.73467354329426	90.73580638744673
7.83467354329426	91.91177562139882
7.9346735432942594	93.08771983933386
8.034673543294259	94.26368052194208
8.134673543294259	95.43964040213582
8.234673543294258	96.61560012523657
8.334673543294258	97.79156244205939
8.434673543294258	98.96752583322849
8.534673543294257	100.1434902986381
8.634673543294257	101.31945583818356
8.734673543294257	102.49542155142615
8.834673543294256	103.67138825402294
8.934673543294256	104.84735602535015
9.034673543294256	106.02332486551269
9.134673543294255	107.19929539879354
9.234673543294255	108.37526751830175
9.334673543294254	109.55124071219113
9.434673543294254	110.72721619188775
9.534673543294254	111.90318771419503
9.634673543294253	113.07916397358227
9.734673543294253	114.25514130637866
9.834673543294253	115.43111971248013
9.934673543294252	116.60709884619648
10.034673543294252	117.78307839946294
10.134673543294252	118.95905902230824
10.234673543294251	120.1350407148355
10.334673543294251	121.31102347714814
10.43467354329425	122.48700812915557
10.53467354329425	123.66299389302934
10.63467354329425	124.83898072928588
10.73467354329425	126.01496863785223
10.83467354329425	127.19095761865307
10.934673543294249	128.36694767161453
11.034673543294248	129.5429403688066
11.134673543294248	130.71892946896062
11.234673543294248	131.7508187899614
11.334673543294247	132.72822184542994
11.434673543294247	133.70562633584927
11.534673543294247	134.68303024151032
11.634673543294246	135.6604328532836
11.734673543294246	136.63784033921343
11.834673543294246	137.61525066895567
11.934673543294245	138.59265771468168
12.034673543294245	139.59460845441166
12.134673543294245	140.60100389870587
12.234673543294244	141.60740041442878
12.334673543294244	142.61379800147165
12.434673543294243	143.62019497635276
12.534673543294243	144.62659431037648
12.56	144.88148176121837
1000012.56	144.88148176121837
