-100000	0
5.518226241693067	0
5.5215595750264	0.0000003518954235192185
5.5265595750264	0.000005046253867582643
5.5340595750264	0.000032879242902171286
5.5453095750264	0.0001594197397472854
5.5621845750264	0.0006663575455215764
5.5874970750264	0.002557369532510427
5.6254658250264	0.009298198612390658
5.6824189500264	0.032117045624787975
5.7678486375264	0.09673966177810038
5.8678486375264	0.21462969853961872
5.9678486375264	0.37384040077858915
6.067848637526399	0.5707593711521234
6.167848637526399	0.8023819211688604
6.267848637526399	1.066151798998906
6.367848637526398	1.359855448114755
6.467848637526398	1.6815500565530386
6.567848637526398	2.0295119919005695
6.667848637526397	2.402199493861545
6.767848637526397	2.798215244940072
6.8678486375263965	3.2163002705909816
6.967848637526396	3.6552982546671156
7.067848637526396	4.114149538466653
7.1678486375263954	4.591877695788253
7.267848637526395	5.087578514085774
7.367848637526395	5.600412382453683
7.467848637526394	6.129597491252244
7.567848637526394	6.674402565400908
7.667848637526394	7.234142647310628
7.767848637526393	7.808175061893548
7.867848637526393	8.395894750501876
7.967848637526393	8.996730500420192
8.067848637526392	9.61014305766021
8.167848637526392	10.235622597137432
8.267848637526392	10.872684770207949
8.367848637526391	11.520870465296852
8.46784863752639	12.179743488623092
8.56784863752639	12.848888545586238
8.66784863752639	13.527909723085008
8.76784863752639	14.216429677938658
8.86784863752639	14.914088454871061
8.967848637526389	15.620542072020314
9.067848637526389	16.33546133550603
9.167848637526388	17.05853153192041
9.267848637526388	17.789451701589428
9.367848637526388	18.52793346714497
9.467848637526387	19.273696305431525
9.567848637526387	20.02647593217847
9.667848637526387	20.78599950290932
9.767848637526386	21.55136620476197
9.867848637526386	22.322113868533318
9.967848637526386	23.098112454408653
10.067848637526385	23.87923243025765
10.167848637526385	24.66534572830477
10.267848637526384	25.456325873275603
10.367848637526384	26.25204604632288
10.467848637526384	27.052381651152483
10.567848637526383	27.85720645028766
10.667848637526383	28.666395995288486
10.767848637526383	29.47982464109694
10.867848637526382	30.297365763891488
10.967848637526382	31.118892969607995
11.067848637526382	31.944276813557536
11.167848637526381	32.77338684178248
11.26784863752638	33.60609035802184
11.36784863752638	34.442251470421255
11.46784863752638	35.28172971390656
11.56784863752638	36.124381634999516
11.66784863752638	36.97005874411331
11.767848637526379	37.81860501782206
11.867848637526379	38.669858250684555
11.967848637526378	39.52364775629267
12.067848637526378	40.379792825717594
12.167848637526378	41.2381010772173
12.267848637526377	42.098366578232664
12.367848637526377	42.960366578903624
12.467848637526377	43.82378951070289
12.567848637526376	44.687649917659854
12.667848637526376	45.551705843238835
12.719771115499203	45.97027550897653
1000012.7197711155	45.97027550897653
