-100000	0
-0.014948852539061974	0
-0.01161551920572864	0.033066881547196364
-0.00661551920572864	0.0832914854291037
0.0008844807942713596	0.15944608350226394
0.01213448079427136	0.274970419772426
0.02900948079427136	0.450403063982198
0.05432198079427136	0.717182057747794
0.09229073079427136	1.1235058245612815
0.14924385579427135	1.743333724315987
0.23467354329427137	2.6900787966507744
0.33467354329427135	3.817037394251885
0.4346735432942713	4.958683605614834
0.5346735432942713	6.111176883891693
0.6346735432942713	7.2717486116085945
0.7346735432942713	8.43826908363074
0.8346735432942712	9.609026103704295
0.9346735432942712	10.78259823004384
1.0346735432942713	11.957778075954959
1.1346735432942714	13.1335311994916
1.2346735432942715	14.309319573929681
1.3346735432942716	15.485113303736222
1.4346735432942717	16.660909672943575
1.5346735432942717	17.836710796305955
1.6346735432942718	19.012515656637827
1.734673543294272	20.188325144998238
1.834673543294272	21.364137623140934
1.934673543294272	22.539953846536882
2.034673543294272	23.715773815071675
2.134673543294272	24.891595684869102
2.234673543294272	26.067422958940902
2.3346735432942722	27.243256125208124
2.4346735432942723	28.419092389900015
2.5346735432942724	29.59492902478178
2.6346735432942725	30.77077136923283
2.7346735432942726	31.94661745497093
2.8346735432942727	33.122467282048106
2.9346735432942728	34.29832085051824
3.034673543294273	35.474178160433055
3.134673543294273	36.65003921184472
3.234673543294273	37.825900678770886
3.334673543294273	39.00177318302833
3.434673543294273	40.17764556527647
3.5346735432942733	41.35352169201462
3.6346735432942734	42.529401286604575
3.7346735432942735	43.70528476127972
3.8346735432942736	44.881171976376315
3.9346735432942737	46.05706293202119
4.034673543294273	47.23295797906071
4.134673543294273	48.40885590927466
4.234673543294273	49.58475708139393
4.334673543294272	50.76066149541802
4.434673543294272	51.93656915134745
4.5346735432942715	53.112480346294994
4.634673543294271	54.288394393456336
4.734673543294271	55.46431136163719
4.8346735432942705	56.64023125051724
4.93467354329427	57.81615370668874
5.03467354329427	58.99207927442762
5.134673543294269	60.16800776210511
5.234673543294269	61.34394370019076
5.334673543294269	62.519874251246804
5.434673543294268	63.69581119853456
5.534673543294268	64.87175084787606
5.634673543294268	66.04769319945677
5.734673543294267	67.22363825346106
5.834673543294267	68.39958641546538
5.9346735432942666	69.57553655064515
6.034673543294266	70.7514890702475
6.134673543294266	71.92744379134099
6.2346735432942655	73.10340081245103
6.334673543294265	74.279360037925
6.434673543294265	75.45532146771761
6.534673543294264	76.6312858166127
6.634673543294264	77.80725136819585
6.734673543294264	78.98321870314486
6.834673543294263	80.1591878214913
6.934673543294263	81.33515872326592
7.034673543294263	82.51112921330713
7.134673543294262	83.68710598561954
7.234673543294262	84.86308215103128
7.334673543294262	86.03906002103844
7.434673543294261	87.21503931319337
7.534673543294261	88.39101974453742
7.6346735432942605	89.5670011927057
7.73467354329426	90.7429854824387
7.83467354329426	91.918967494161
7.9346735432942594	93.09495152515396
8.034673543294259	94.27093658684801
8.134673543294259	95.44692183973552
8.234673543294258	96.62290759269173
8.334673543294258	97.79889368001668
8.434673543294258	98.97488049225493
8.534673543294257	100.15086780398882
8.634673543294257	101.32685561524583
8.734673543294257	102.50284375513333
8.834673543294256	103.67883241723679
8.934673543294256	104.85482158027034
9.034673543294256	106.03081127678756
9.134673543294255	107.20680156003736
9.234673543294255	108.38279234314409
9.334673543294254	109.55878362612594
9.434673543294254	110.73477540899968
9.534673543294254	111.91076782160845
9.634673543294253	113.08676019275126
9.734673543294253	114.2627535030394
9.834673543294253	115.43874731306602
9.934673543294252	116.61474143960059
10.034673543294252	117.79073610623253
10.134673543294252	118.96673127358639
10.234673543294251	120.142726941634
10.334673543294251	121.31872317062587
10.43467354329425	122.49471987180918
10.53467354329425	123.67071707344877
10.63467354329425	124.84671477552922
10.73467354329425	126.02271297803722
10.83467354329425	127.19871168095935
10.934673543294249	128.3747105246077
11.034673543294248	129.55071041013633
11.134673543294248	130.72671088344305
11.234673543294248	131.75860422023027
11.334673543294247	132.73601367494518
11.434673543294247	133.71342390071223
11.534673543294247	134.69083411730998
11.634673543294246	135.6682451803121
11.734673543294246	136.64565672349104
11.834673543294246	137.6230683874718
11.934673543294245	138.60048108098553
12.034673543294245	139.6024358962909
12.134673543294245	140.60883338093973
12.234673543294244	141.6152313604541
12.334673543294244	142.62163002681245
12.434673543294243	143.62802919809445
12.534673543294243	144.63442886955758
12.56	144.88931602945803
1000012.56	144.88931602945803
