-100000	0
-0.014948852539061974	0
-0.01161551920572864	0.03306216739515995
-0.00661551920572864	0.08327968365200976
0.0008844807942713596	0.1594236783044698
0.01213448079427136	0.27493212722882804
0.02900948079427136	0.4503409813067911
0.05432198079427136	0.7170844663970962
0.09229073079427136	1.1233553834985264
0.14924385579427135	1.7431047083567806
0.23467354329427137	2.6897337060493025
0.33467354329427135	3.816559050861426
0.4346735432942713	4.958074836795572
0.5346735432942713	6.110440757166581
0.6346735432942713	7.270888020441692
0.7346735432942713	8.437286961506741
0.8346735432942712	9.607925380667494
0.9346735432942712	10.781381755090228
1.0346735432942713	11.956448431890808
1.1346735432942714	13.132091552403585
1.2346735432942715	14.30777306783342
1.3346735432942716	15.483464065243368
1.4346735432942717	16.659157260348064
1.5346735432942717	17.83485980921957
1.6346735432942718	19.01057259753935
1.734673543294272	20.186284063670094
1.834673543294272	21.362011441752223
1.934673543294272	22.537739355843815
2.034673543294272	23.71346680643181
2.134673543294272	24.889205735953965
2.234673543294272	26.06495018999064
2.3346735432942722	27.240700168985896
2.4346735432942723	28.416460584008274
2.5346735432942724	29.592222134568704
2.6346735432942725	30.767989225787193
2.7346735432942726	31.943750958033483
2.8346735432942727	33.119528352588794
2.9346735432942728	34.29532318385759
3.034673543294273	35.47111235682444
3.134673543294273	36.64690706632142
3.234673543294273	37.82270731204504
3.334673543294273	38.998513093692715
3.434673543294273	40.17432137825201
3.5346735432942733	41.35013803496418
3.6346735432942734	42.52595885752456
3.7346735432942735	43.70178440114477
3.8346735432942736	44.8776276655431
3.9346735432942737	46.05345053039032
4.034673543294273	47.2292899090262
4.134673543294273	48.40513360466615
4.234673543294273	49.58098161728596
4.334673543294272	50.75683394686359
4.434673543294272	51.93269059337438
4.5346735432942715	53.10855155679614
4.634673543294271	54.2844021255579
4.734673543294271	55.46028712522897
4.8346735432942705	56.63616148356926
4.93467354329427	57.81203809259232
5.03467354329427	58.9879199707613
5.134673543294269	60.16380933677353
5.234673543294269	61.33970030619342
5.334673543294269	62.515595587659746
5.434673543294268	63.69149518119543
5.534673543294268	64.86739908682692
5.634673543294268	66.04330730457792
5.734673543294267	67.21921983447419
5.834673543294267	68.3951366765395
5.9346735432942666	69.57103351099053
6.034673543294266	70.7469850436062
6.134673543294266	71.92291265232984
6.2346735432942655	73.09884384764688
6.334673543294265	74.2747933346844
6.434673543294265	75.45071888028332
6.534673543294264	76.6266601486396
6.634673543294264	77.8026043084475
6.734673543294264	78.97855135970842
6.834673543294263	80.154501302421
6.934673543294263	81.33045413658591
7.034673543294263	82.50640986220293
7.134673543294262	83.68236847927197
7.234673543294262	84.85833100164498
7.334673543294262	86.03429510996513
7.434673543294261	87.21025861764406
7.534673543294261	88.38622491229113
7.6346735432942605	89.56219552439659
7.73467354329426	90.73816527017249
7.83467354329426	91.91413621305695
7.9346735432942594	93.09010835312756
8.034673543294259	94.26608290128897
8.134673543294259	95.4420571884938
8.234673543294258	96.61803222177087
8.334673543294258	97.79400800110352
8.434673543294258	98.96998553564504
8.534673543294257	100.1459614400756
8.634673543294257	101.3219401866891
8.734673543294257	102.4979181213948
8.834673543294256	103.6738948185119
8.934673543294256	104.84987710006354
9.034673543294256	106.02585819996365
9.134673543294255	107.20184004644267
9.234673543294255	108.37782263945712
9.334673543294254	109.55380597896362
9.434673543294254	110.72979006491809
9.534673543294254	111.90577489727752
9.634673543294253	113.08176047599947
9.734673543294253	114.25774519880893
9.834673543294253	115.43373291155574
9.934673543294252	116.60971944257574
10.034673543294252	117.7857069969891
10.134673543294252	118.96169328287367
10.234673543294251	120.13768706714019
10.334673543294251	121.31367721585407
10.43467354329425	122.48966810845812
10.53467354329425	123.66565767190093
10.63467354329425	124.84165343602885
10.73467354329425	126.01764674821605
10.83467354329425	127.19364080513772
10.934673543294249	128.3696356068606
11.034673543294248	129.5456311534491
11.134673543294248	130.72162744496967
11.234673543294248	131.75351458846472
11.334673543294247	132.73092075594332
11.434673543294247	133.70833009029892
11.534673543294247	134.68573589165598
11.634673543294246	135.6631424275383
11.734673543294246	136.64055336599554
11.834673543294246	137.61796370002276
11.934673543294245	138.59537477998552
12.034673543294245	139.59732800378228
12.134673543294245	140.60373278571998
12.234673543294244	141.61012102118679
12.334673543294244	142.61651924601514
12.434673543294243	143.62291821658053
12.534673543294243	144.6293179328052
12.56	144.8842090039364
1000012.56	144.8842090039364
