-100000	0
-0.014948852539061974	0
-0.01161551920572864	0.033064110740492626
-0.00661551920572864	0.08328453784973051
0.0008844807942713596	0.15943288946338052
0.01213448079427136	0.27494786656185577
0.02900948079427136	0.45036651230186986
0.05432198079427136	0.7171245655141323
0.09229073079427136	1.1234170847719636
0.14924385579427135	1.7431984017619797
0.23467354329427137	2.6898743969010748
0.33467354329427135	3.8167532846645087
0.4346735432942713	4.958321021139687
0.5346735432942713	6.110737114789453
0.6346735432942713	7.27123289773789
0.7346735432942713	8.437678677291279
0.8346735432942712	9.608362281980016
0.9346735432942712	10.781862213165459
1.0346735432942713	11.956971077952351
1.1346735432942714	13.132654556990447
1.2346735432942715	14.308374789348875
1.3346735432942716	15.484100288121276
1.4346735432942717	16.659831977366014
1.5346735432942717	17.83556853273804
1.6346735432942718	19.01130984038916
1.734673543294272	20.187057652423547
1.834673543294272	21.36280926450602
1.934673543294272	22.538566466638024
2.034673543294272	23.714329356458244
2.134673543294272	24.890096270129046
2.234673543294272	26.06586801712311
2.3346735432942722	27.24164459714288
2.4346735432942723	28.417426213405204
2.5346735432942724	29.593212474134024
2.6346735432942725	30.769003569012202
2.7346735432942726	31.944799497904445
2.8346735432942727	33.12060026067524
2.9346735432942728	34.29640585718896
3.034673543294273	35.47221628730996
3.134673543294273	36.648031294376715
3.234673543294273	37.82385148243219
3.334673543294273	38.999677029608094
3.434673543294273	40.17550681126801
3.5346735432942733	41.3513415962937
3.6346735432942734	42.52718115759443
3.7346735432942735	43.70302551923083
3.8346735432942736	44.87887512500723
3.9346735432942737	46.0547291260758
4.034673543294273	47.230587961483295
4.134673543294273	48.406451631128824
4.234673543294273	49.58232013491228
4.334673543294272	50.75819347273225
4.434673543294272	51.93407164448901
4.5346735432942715	53.10995465008158
4.634673543294271	54.28584248940976
4.734673543294271	55.461737449360996
4.8346735432942705	56.63763325023567
4.93467354329427	57.813535482408724
5.03467354329427	58.98944230826353
5.134673543294269	60.16535233735609
5.234673543294269	61.34126603135617
5.334673543294269	62.51718339019801
5.434673543294268	63.69310441381505
5.534673543294268	64.86902910214032
5.634673543294268	66.04495745510815
5.734673543294267	67.22088947265182
5.834673543294267	68.39682515470422
5.9346735432942666	69.57276450120007
6.034673543294266	70.74871439001794
6.134673543294266	71.92465541000941
6.2346735432942655	73.10060151297273
6.334673543294265	74.27655742020087
6.434673543294265	75.4525116184552
6.534673543294264	76.62846810952963
6.634673543294264	77.8044268934245
6.734673543294264	78.98038797013953
6.834673543294263	80.15635133967444
6.934673543294263	81.33231700202974
7.034673543294263	82.5082849572054
7.134673543294262	83.68425520520141
7.234673543294262	84.86022774601732
7.334673543294262	86.03620315848866
7.434673543294261	87.21217974693894
7.534673543294261	88.38815752824458
7.6346735432942605	89.56413605050817
7.73467354329426	90.74011556896765
7.83467354329426	91.91609608358856
7.9346735432942594	93.09207759433822
8.034673543294259	94.2680601428911
8.134673543294259	95.44404293502001
8.234673543294258	96.62002627769948
8.334673543294258	97.79601017099773
8.434673543294258	98.97199461498346
8.534673543294257	100.14797929736969
8.634673543294257	101.32396519233917
8.734673543294257	102.49995232209412
8.834673543294256	103.67593829001495
8.934673543294256	104.85192551711864
9.034673543294256	106.02791329559261
9.134673543294255	107.20390162548392
9.234673543294255	108.3798905068413
9.334673543294254	109.55587993971197
9.434673543294254	110.73186992414415
9.534673543294254	111.90786046018549
9.634673543294253	113.0838515478835
9.734673543294253	114.25984318728678
9.834673543294253	115.43583612652019
9.934673543294252	116.61182766679302
10.034673543294252	117.78781840372974
10.134673543294252	118.96381462149498
10.234673543294251	120.13981043130403
10.334673543294251	121.3158035454853
10.43467354329425	122.49179916693723
10.53467354329425	123.6677953418412
10.63467354329425	124.84379207014065
10.73467354329425	126.01978935177745
10.83467354329425	127.19578718669526
10.934673543294249	128.37178557483566
11.034673543294248	129.54778451614203
11.134673543294248	130.72378401055693
11.234673543294248	131.75567527534693
11.334673543294247	132.73308304921673
11.434673543294247	133.71049292887832
11.534673543294247	134.68790176016142
11.634673543294246	135.66531210207535
11.734673543294246	136.64272323744032
11.834673543294246	137.6201349768205
11.934673543294245	138.59754730561818
12.034673543294245	139.59950170471978
12.134673543294245	140.60589884940498
12.234673543294244	141.61229654618654
12.334673543294244	142.6186949571102
12.434673543294243	143.62509428541978
12.534673543294243	144.63149352010575
12.56	144.88638493300112
1000012.56	144.88638493300112
