-100000	0
1.9739236009499788	0
1.9772569342833122	0.0000000036276169284977375
1.982256934283312	0.000000055447691394366806
1.9897569342833121	0.0000003632484061601251
2.0010069342833123	0.0000016956032122323101
2.0178819342833125	0.000006498090003476493
2.0431944342833126	0.000021341361501388074
2.0811631842833127	0.00005918633153865305
2.138116309283313	0.00013705991303052852
2.223545996783313	0.000266406662646675
2.323545996783313	0.00039440443019669695
2.423545996783313	0.000474925984867629
2.523545996783313	0.0004877169204814655
2.6235459967833132	0.0004877169204814655
2.7235459967833133	0.0004877169204814655
2.8235459967833134	0.0004877169204814655
2.9235459967833135	0.0004877169204814655
3.0235459967833136	0.0004877169204814655
3.1235459967833137	0.0004877169204814655
3.2235459967833138	0.0004877169204814655
3.323545996783314	0.0004877169204814655
3.423545996783314	0.0004877169204814655
3.523545996783314	0.0004877169204814655
3.623545996783314	0.0004877169204814655
3.723545996783314	0.0004877169204814655
3.8235459967833143	0.0004877169204814655
3.9235459967833144	0.0004877169204814655
4.023545996783314	0.0004877169204814655
4.123545996783314	0.0004877169204814655
4.223545996783313	0.0004877169204814655
4.323545996783313	0.0004877169204814655
4.423545996783313	0.0004877169204814655
4.523545996783312	0.0004877169204814655
4.623545996783312	0.0004877169204814655
4.7235459967833116	0.0004877169204814655
4.823545996783311	0.0004877169204814655
4.923545996783311	0.0004877169204814655
5.0235459967833105	0.0004877169204814655
5.12354599678331	0.0004877169204814655
5.22354599678331	0.0004877169204814655
5.323545996783309	0.0004877169204814655
5.423545996783309	0.0005111537553256735
5.523545996783309	0.01211333452273552
5.623545996783308	0.07000804451612497
5.723545996783308	0.1770068074057817
5.823545996783308	0.32821717622410074
5.923545996783307	0.5196036352529455
6.023545996783307	0.7477996158049488
6.123545996783307	1.009952600641062
6.223545996783306	1.3036099204738405
6.323545996783306	1.6266322957922574
6.4235459967833055	1.977135174691826
6.523545996783305	2.3534422520191343
6.623545996783305	2.754048326978684
6.7235459967833044	3.1775931238387565
6.823545996783304	3.622839070653864
6.923545996783304	4.088654151254367
7.023545996783303	4.573997745160581
7.123545996783303	5.07790955090248
7.223545996783303	5.599498544803975
7.323545996783302	6.137935851957572
7.423545996783302	6.692449293876224
7.523545996783302	7.262314502346016
7.623545996783301	7.846853798639418
7.723545996783301	8.44542900123182
7.8235459967833005	9.057438752945865
7.9235459967833	9.682315473324035
8.0235459967833	10.319520553428656
8.1235459967833	10.968540021649735
8.2235459967833	11.628894980244398
8.323545996783299	12.300131404287441
8.423545996783298	12.981813325287352
8.523545996783298	13.67352614998328
8.623545996783298	14.37487492765426
8.723545996783297	15.085482714053276
8.823545996783297	15.804989543390464
8.923545996783297	16.53305169616389
9.023545996783296	17.269340558330757
9.123545996783296	18.013541465955065
9.223545996783296	18.765355293255766
9.323545996783295	19.524494991430004
9.423545996783295	20.29068403874121
9.523545996783294	21.06365900094353
9.623545996783294	21.843169884776877
9.723545996783294	22.628670450588302
9.823545996783293	23.419283869164083
9.923545996783293	24.214862080319282
10.023545996783293	25.015284350437636
10.123545996783292	25.82043127502988
10.223545996783292	26.6301848930368
10.323545996783292	27.44442656404837
10.423545996783291	28.26304034659854
10.523545996783291	29.085907827830003
10.62354599678329	29.912912438433317
10.72354599678329	30.743936975030046
10.82354599678329	31.578862676746088
10.92354599678329	32.417570714583874
11.02354599678329	33.25994068004882
11.123545996783289	34.10585043146389
11.223545996783288	34.955174730001325
11.323545996783288	35.80778727471687
11.423545996783288	36.66355685129635
11.523545996783287	37.522349285854794
11.623545996783287	38.38402560361853
11.723545996783287	39.24844144560909
11.823545996783286	40.11544536389609
11.923545996783286	40.984879505533684
12.023545996783286	41.856576732251966
12.123545996783285	42.73035928662711
12.223545996783285	43.60603862561897
12.323545996783285	44.48341069028667
12.423545996783284	45.36225654972147
12.523545996783284	46.24187230499877
12.623545996783283	47.121686133817995
12.712760000926474	47.87454713886883
1000012.712760001	47.87454713886883
