-100000	0
-0.014948852539061974	0
-0.01161551920572864	0.03306451014035596
-0.00661551920572864	0.0832854938389869
0.0008844807942713596	0.15943466919721466
0.01213448079427136	0.27495096661762153
0.02900948079427136	0.4503715356787548
0.05432198079427136	0.7171324427779646
0.09229073079427136	1.1234292636430114
0.14924385579427135	1.7432167115116075
0.23467354329427137	2.6899019875399475
0.33467354329427135	3.8167914520241455
0.4346735432942713	4.958369516850704
0.5346735432942713	6.110795898384084
0.6346735432942713	7.271301646220737
0.7346735432942713	8.437757251797917
0.8346735432942712	9.60845020420418
0.9346735432942712	10.781959744902112
1.0346735432942713	11.957076965951686
1.1346735432942714	13.132769780741965
1.2346735432942715	14.308498296803759
1.3346735432942716	15.484231235890256
1.4346735432942717	16.659976075097873
1.5346735432942717	17.835722153687705
1.6346735432942718	19.01146604540791
1.734673543294272	20.18722839051822
1.834673543294272	21.362990797404237
1.934673543294272	22.538746454116907
2.034673543294272	23.714517697780014
2.134673543294272	24.890306634794413
2.234673543294272	26.06608951368023
2.3346735432942722	27.241877582118402
2.4346735432942723	28.417667889736013
2.5346735432942724	29.59346575824547
2.6346735432942725	30.76926863622803
2.7346735432942726	31.945076523376034
2.8346735432942727	33.12088941938177
2.9346735432942728	34.29670732393715
3.034673543294273	35.47253023673496
3.134673543294273	36.64832962904566
3.234673543294273	37.824160919422994
3.334673543294273	39.00002634928995
3.434673543294273	40.175869147934854
3.5346735432942733	41.351716799089196
3.6346735432942734	42.52756451683993
3.7346735432942735	43.70342059831016
3.8346735432942736	44.87928053571282
3.9346735432942737	46.05514432873568
4.034673543294273	47.23101197706514
4.134673543294273	48.406883480387606
4.234673543294273	49.582758838390546
4.334673543294272	50.758638050760105
4.434673543294272	51.93452111718398
4.5346735432942715	53.11040803734802
4.634673543294271	54.28626068588102
4.734673543294271	55.46219042078348
4.8346735432942705	56.63808915937829
4.93467354329427	57.81398748658862
5.03467354329427	58.989891121885265
5.134673543294269	60.16579766706522
5.234673543294269	61.341707122019834
5.334673543294269	62.51761948664125
5.434673543294268	63.69353476082161
5.534673543294268	64.86945294445174
5.634673543294268	66.04537403742438
5.734673543294267	67.22129803963034
5.834673543294267	68.39722495096193
5.9346735432942666	69.57315477131115
6.034673543294266	70.74902734464555
6.134673543294266	71.92501749981639
6.2346735432942655	73.10095552674406
6.334673543294265	74.2768958819188
6.434673543294265	75.45283856524632
6.534673543294264	76.62878357663158
6.634673543294264	77.80473091598016
6.734673543294264	78.98068058319745
6.834673543294263	80.1566325781891
6.934673543294263	81.33258690085984
7.034673543294263	82.50854355111565
7.134673543294262	83.68450252886173
7.234673543294262	84.86046383400375
7.334673543294262	86.03642480020578
7.434673543294261	87.21238923254235
7.534673543294261	88.38835550860313
7.6346735432942605	89.56432314286108
7.73467354329426	90.74029213533423
7.83467354329426	91.91626248604237
7.9346735432942594	93.09223419500361
8.034673543294259	94.26820777541805
8.134673543294259	95.44418184527821
8.234673543294258	96.62015667533592
8.334673543294258	97.79613226551633
8.434673543294258	98.97210861574453
8.534673543294257	100.1480877204577
8.634673543294257	101.32406291582456
8.734673543294257	102.50003720360114
8.834673543294256	103.67602048097811
8.934673543294256	104.8520000222343
9.034673543294256	106.02798032018902
9.134673543294255	107.203961374892
9.234673543294255	108.37994318639285
9.334673543294254	109.55592575474166
9.434673543294254	110.73190907998833
9.534673543294254	111.90789316218341
9.634673543294253	113.08387800137682
9.734673543294253	114.25986359761838
9.834673543294253	115.43584995095846
9.934673543294252	116.61183956739448
10.034673543294252	117.78782040872561
10.134673543294252	118.96381606562366
10.234673543294251	120.13979577283439
10.334673543294251	121.31578767936239
10.43467354329425	122.49178565469407
10.53467354329425	123.6677772214689
10.63467354329425	124.84376954539344
10.73467354329425	126.01976262653481
10.83467354329425	127.19575646496156
10.934673543294249	128.37175106074253
11.034673543294248	129.5477464139443
11.134673543294248	130.7237425246358
11.234673543294248	131.75563698001832
11.334673543294247	132.73304306696863
11.434673543294247	133.710448490695
11.534673543294247	134.68785794435468
11.634673543294246	135.66526707557645
11.734673543294246	136.6426747263983
11.834673543294246	137.62008859582608
11.934673543294245	138.59749726872667
12.034673543294245	139.59945269225963
12.134673543294245	140.60584845101798
12.234673543294244	141.61224496724935
12.334673543294244	142.61864224107973
12.434673543294243	143.62504169948866
12.534673543294243	144.63144271909766
12.56	144.88632372549947
1000012.56	144.88632372549947
