-100000	0
5.60168360082654	0
5.605016934159873	0.00000028551556768307537
5.610016934159873	0.00000446041077440077
5.617516934159873	0.00003057681203208286
5.628766934159874	0.00015249021682774125
5.645641934159873	0.0006478569639611654
5.670954434159873	0.002509606876629991
5.7089231841598735	0.00917050776532869
5.765876309159873	0.0321785538131938
5.851305996659873	0.10327930203758912
5.9513059966598725	0.23856168992897628
6.051305996659872	0.424536810188398
6.151305996659872	0.6567106941561776
6.251305996659871	0.9313996374898087
6.351305996659871	1.2454861460437778
6.451305996659871	1.5963084007610393
6.55130599665987	1.981507957998262
6.65130599665987	2.3990000163081078
6.75130599665987	2.8469142007936283
6.851305996659869	3.3235621696172033
6.951305996659869	3.8274079397459335
7.051305996659869	4.357046143958168
7.151305996659868	4.911187270566956
7.251305996659868	5.488639501228359
7.3513059966598675	6.088299379531558
7.451305996659867	6.709140917117487
7.551305996659867	7.350204438610635
7.651305996659866	8.010597936487311
7.751305996659866	8.689480171841799
7.851305996659866	9.386063047314707
7.951305996659865	10.099602765297774
8.051305996659865	10.829399532212232
8.151305996659865	11.574789147689632
8.251305996659864	12.33514509718306
8.351305996659864	13.109872010279075
8.451305996659864	13.898405769238293
8.551305996659863	14.700207228019103
8.651305996659863	15.514767615693138
8.751305996659863	16.341598266152115
8.851305996659862	17.180235603838938
8.951305996659862	18.030235644449668
9.051305996659861	18.891175452567488
9.151305996659861	19.762649922220792
9.25130599665986	20.644271888470666
9.35130599665986	21.5356603886387
9.45130599665986	22.436467415127336
9.55130599665986	23.34635748543449
9.65130599665986	24.26500295360617
9.751305996659859	25.19147926067816
9.851305996659859	26.124969569073098
9.951305996659858	27.06529337996131
10.051305996659858	28.01228755950151
10.151305996659858	28.965788772919318
10.251305996659857	29.92563108862026
10.351305996659857	30.89165017078911
10.451305996659856	31.863682854411152
10.551305996659856	32.8415660720536
10.651305996659856	33.82513662534141
10.751305996659855	34.8142318422192
10.851305996659855	35.808688706825635
10.951305996659855	36.80834270797226
11.051305996659854	37.813026665544825
11.151305996659854	38.82257335419119
11.251305996659854	39.83681075093378
11.351305996659853	40.85556492736157
11.451305996659853	41.87865515822786
11.551305996659853	42.90589895231943
11.651305996659852	43.93710322687553
11.751305996659852	44.97207096367468
11.851305996659852	46.010594776070334
11.951305996659851	47.05245414910089
12.05130599665985	48.09742506336936
12.15130599665985	49.14525610933305
12.25130599665985	50.19568739939189
12.35130599665985	51.24843500302219
12.45130599665985	52.30317705456124
12.551305996659849	53.358743248533635
12.651305996659849	54.41454592220246
12.725394847242086	55.05217744964103
1000012.7253948472	55.05217744964103
