-100000	0
5.4608653777515554	0
5.464198711084888	0.0000002988720199610526
5.469198711084888	0.0000047502272691684465
5.476698711084889	0.000032776540908049186
5.487948711084889	0.00016612608444152417
5.504823711084889	0.0007226838576042768
5.530136211084889	0.002892861168535668
5.568104961084889	0.010823033128245353
5.625058086084889	0.03764282897739296
5.710487773584889	0.11612704626589312
5.810487773584889	0.26174570745659526
5.910487773584888	0.4599082039417718
6.010487773584888	0.70595103813967
6.110487773584888	0.9959892978674788
6.210487773584887	1.326709368384799
6.310487773584887	1.6952492266593733
6.410487773584887	2.099122902351414
6.510487773584886	2.5361164212631073
6.610487773584886	3.0042533278097414
6.710487773584886	3.501751825543963
6.810487773584885	4.026998325713261
6.910487773584885	4.578520955983285
7.0104877735848845	5.154971790441195
7.110487773584884	5.755107328867061
7.210487773584884	6.377780085287943
7.310487773584883	7.021925637736075
7.410487773584883	7.686549311208858
7.510487773584883	8.370727849708677
7.610487773584882	9.073592407196674
7.710487773584882	9.794329362315839
7.810487773584882	10.53217234863669
7.910487773584881	11.286399889552634
8.010487773584881	12.056330558283856
8.11048777358488	12.841319305096249
8.21048777358488	13.640754439589491
8.31048777358488	14.454056510022102
8.41048777358488	15.280674530839024
8.51048777358488	16.12008456104693
8.610487773584879	16.971786392579183
8.710487773584878	17.835305428116815
8.810487773584878	18.710186099345794
8.910487773584878	19.595995466992775
9.010487773584877	20.49231772904431
9.110487773584877	21.398758886562355
9.210487773584877	22.314938511178052
9.310487773584876	23.240492341293947
9.410487773584876	24.17507274689474
9.510487773584876	25.11834881130773
9.610487773584875	26.070000291466673
9.710487773584875	27.029490988246717
9.810487773584875	27.995637801309464
9.910487773584874	28.96817884541516
10.010487773584874	29.94695375601917
10.110487773584873	30.931818145492105
10.210487773584873	31.922616907659965
10.310487773584873	32.91919821432057
10.410487773584872	33.921414280398956
10.510487773584872	34.929111722041206
10.610487773584872	35.942142236209406
10.710487773584871	36.960354717523025
10.810487773584871	37.98359520404948
10.91048777358487	39.011715203686315
11.01048777358487	40.04455861258108
11.11048777358487	41.08196903547152
11.21048777358487	42.12378970973515
11.31048777358487	43.1698541341289
11.410487773584869	44.22000424295739
11.510487773584869	45.27406235663419
11.610487773584868	46.33185396472411
11.710487773584868	47.39319645382699
11.810487773584867	48.457896890189076
11.910487773584867	49.52575569707848
12.010487773584867	50.596562285953524
12.110487773584866	51.6700917459261
12.210487773584866	52.74610447782823
12.310487773584866	53.824344061480716
12.410487773584865	54.9045319583254
12.510487773584865	55.985949079587286
12.610487773584865	57.067633708840376
12.710487773584864	58.063450649892076
12.717085299118832	58.06649110162823
1000012.7170852991	58.06649110162823
