-100000	0
-0.0000000000000002220446049250313	0
0.0033333333333331115	0.0000000000000000000000000000001298076782516997
0.008333333333333111	0
0.01583333333333311	0
0.02708333333333311	0.00000000000000000000000000000007780756975324433
0.04395833333333311	0.00000000000000000000000000000017256332301709633
0.06927083333333311	0.00000000000000000000000000000012017802852976352
0.10723958333333311	0
0.1641927083333331	0.0000000000000000000000000000002434375449705466
0.24962239583333312	0.00000000000000000000000000000026500796034768365
0.3496223958333331	0.0000000000000000000000000000001232595164407831
0.4496223958333331	0.0000000000000000000000000000009614242282381081
0.549622395833333	0.0000000000000000000000000000004653046745639562
0.649622395833333	0.000000000000000000000000000003796393106376119
0.749622395833333	0.00000000000000000000000000000002465190328815662
0.849622395833333	0.0000000000000000000000000000018242408433235898
0.949622395833333	0.0000000000000000000000000000026932204342311106
1.049622395833333	0.0000000000000000000000000000006825495722908365
1.1	0.00000000000000000000000000000034512664603419266
1000001.1	0.00000000000000000000000000000034512664603419266
