-100000	0
-0.0000000000000002220446049250313	0
0.0033333333333331115	0.010626733982171616
0.008333333333333111	0.026835136958230754
0.01583333333333311	0.051689011617693625
0.02708333333333311	0.08982399918594107
0.04395833333333311	0.14848580137631762
0.06927083333333311	0.239062812191648
0.10723958333333311	0.37940150902780384
0.1641927083333331	0.5976030724596607
0.24962239583333312	0.9379420282703768
0.3496223958333331	1.351515304688685
0.4496223958333331	1.7778617210260304
0.549622395833333	2.2145381814893312
0.649622395833333	2.65980445001744
0.749622395833333	3.112338348739425
0.849622395833333	3.57103455314522
0.949622395833333	4.035027347108712
1.049622395833333	4.503612198023072
1.1000000000058208	4.741195218969119
1000001.1	4.741195218969119
