-100000	0
-0.0000000000000002220446049250313	0
0.0033333333333331115	0.01110206317079898
0.008333333333333111	0.028037922149004392
0.01583333333333311	0.05398516497371738
0.02708333333333311	0.0937659694646135
0.04395833333333311	0.15490567675391081
0.06927083333333311	0.2491956780245913
0.10723958333333311	0.39511259702757506
0.1641927083333331	0.6216830719922347
0.24962239583333312	0.9746035310582815
0.3496223958333331	1.4029140425016702
0.4496223958333331	1.8439855818595807
0.549622395833333	2.295344460665631
0.649622395833333	2.7552065508608337
0.749622395833333	3.2222612695667943
0.849622395833333	3.6953866283532384
0.949622395833333	4.173733262293937
1.049622395833333	4.656555192580758
1.1000000000058208	4.901279748520745
1000001.1	4.901279748520745
