-100000	0
-0.0000000000000002220446049250313	0
0.0033333333333331115	0.011571150770444108
0.008333333333333111	0.029216014425900914
0.01583333333333311	0.056249665200675064
0.02708333333333311	0.0976617092990219
0.04395833333333311	0.16125183452950712
0.06927083333333311	0.25921479078543197
0.10723958333333311	0.4106378105349382
0.1641927083333331	0.6454368791454236
0.24962239583333312	1.010632262238407
0.3496223958333331	1.4532394887968572
0.4496223958333331	1.908520928269976
0.549622395833333	2.3740030483921295
0.649622395833333	2.847891603229163
0.749622395833333	3.3288425277433564
0.849622395833333	3.8157561225894123
0.949622395833333	4.307785197360372
1.049622395833333	4.8041410386927454
1.1000000000058208	5.055645678862224
1000001.1	5.055645678862224
