-100000	0
0	0
0.0033333333333333335	0.0057377055539836845
0.008333333333333333	0.014738477952789411
0.01583333333333333	0.02871651243920866
0.02708333333333333	0.05041761909455475
0.043958333333333335	0.0842233947614491
0.06927083333333334	0.13705876640757209
0.10723958333333333	0.21996491134925536
0.16419270833333333	0.3504458996948877
0.24962239583333334	0.5564102737930757
0.3496223958333333	0.8090764983429103
0.4496223958333333	1.0711012231409343
0.5496223958333333	1.3402826906879788
0.6496223958333333	1.6150774931105167
0.7496223958333332	1.8942905247000568
0.8496223958333332	2.176966081630072
0.9496223958333332	2.4623154941370706
1.0496223958333333	2.749668202118038
1.1	2.8950053734588814
1000001.1	2.8950053734588814
