-100000	0
0	0
0.0033333333333333335	0.006071796967852905
0.008333333333333333	0.015574274033427036
0.01583333333333333	0.030283630094674482
0.02708333333333333	0.05305847145088895
0.043958333333333335	0.0884254127172051
0.06927083333333334	0.14351678153842218
0.10723958333333333	0.22965178349126525
0.16419270833333333	0.3646910936460684
0.24962239583333334	0.5770354611313513
0.3496223958333333	0.8365013709778966
0.4496223958333333	1.1047932299610512
0.5496223958333333	1.3797343329826053
0.6496223958333333	1.6598400796511148
0.7496223958333332	1.9439607538308783
0.8496223958333332	2.231170100119119
0.9496223958333332	2.5206716068823773
1.0496223958333333	2.8118585850743587
1.1	2.9590226861437836
1000001.1	2.9590226861437836
