-100000	0
0	0
0.0033333333333333335	0.006770908384822427
0.008333333333333333	0.017267314634751216
0.01583333333333333	0.03342658982417555
0.02708333333333333	0.058326027599083466
0.043958333333333335	0.09675410540105131
0.06927083333333334	0.1562160171281037
0.10723958333333333	0.24843311003448876
0.16419270833333333	0.3920014202411007
0.24962239583333334	0.6158249772364084
0.3496223958333333	0.8871596246634403
0.4496223958333333	1.1658200970167227
0.5496223958333333	1.449919381598268
0.6496223958333333	1.7380660453082188
0.7496223958333332	2.0292094288413423
0.8496223958333332	2.322505486881501
0.9496223958333332	2.6172485478886927
1.0496223958333333	2.912854585855714
1.1	3.061931767059955
1000001.1	3.061931767059955
