-100000	0
0	0
0.0033333333333333335	0.006767182259292923
0.008333333333333333	0.017261284612511554
0.01583333333333333	0.03341893016017782
0.02708333333333333	0.05831925081084525
0.043958333333333335	0.0967466412444432
0.06927083333333334	0.15620973130804092
0.10723958333333333	0.24842533762641622
0.16419270833333333	0.39199204279657013
0.24962239583333334	0.615809761477438
0.3496223958333333	0.8871351005659837
0.4496223958333333	1.1657853948068075
0.5496223958333333	1.4498848997779625
0.6496223958333333	1.7380313105016973
0.7496223958333332	2.0291744569999643
0.8496223958333332	2.322470421479569
0.9496223958333332	2.6172132592491493
1.0496223958333333	2.9128191798202825
1.1	3.0618963610245227
1000001.1	3.0618963610245227
