-100000	0
0.0000000000000002220446049250313	0
0.0033333333333335556	0.006752762486216364
0.008333333333333555	0.01724205047439821
0.015833333333333553	0.03339998395227208
0.027083333333333553	0.058302055857156976
0.04395833333333356	0.09672706294240095
0.06927083333333356	0.15619121477667106
0.10723958333333355	0.2484254406450512
0.16419270833333355	0.39198684349121027
0.24962239583333357	0.6157929361791196
0.34962239583333354	0.8870957804047245
0.4496223958333335	1.1657257064516668
0.5496223958333335	1.4498221768505217
0.6496223958333335	1.7379659664106302
0.7496223958333335	2.029107865761693
0.8496223958333334	2.3224032421990684
0.9496223958333334	2.6171451678476876
1.0496223958333335	2.912750985045675
1.1000000000000003	3.061828313362375
1000001.1	3.061828313362375
