-100000	0
0	0
0.0033333333333333335	0.006750953492259589
0.008333333333333333	0.017243734339251523
0.01583333333333333	0.03340563931461638
0.02708333333333333	0.05830664407331911
0.043958333333333335	0.09673197046851259
0.06927083333333334	0.15619603810142513
0.10723958333333333	0.2484426580443917
0.16419270833333333	0.39200326846776706
0.24962239583333334	0.6158134836021736
0.3496223958333333	0.8871268728973994
0.4496223958333333	1.1657675470654747
0.5496223958333333	1.4498616791688124
0.6496223958333333	1.7380044466149125
0.7496223958333332	2.029146089075723
0.8496223958333332	2.322441336743247
0.9496223958333332	2.6171832231800867
1.0496223958333333	2.912789208545752
1.1	3.0618666622900395
1000001.1	3.0618666622900395
