-100000	0
0	0
0.0033333333333333335	0.006750429175746895
0.008333333333333333	0.01724618831269465
0.01583333333333333	0.033409916675431854
0.02708333333333333	0.058310521251777006
0.043958333333333335	0.0967361535134106
0.06927083333333334	0.15620016452254384
0.10723958333333333	0.2484541297992851
0.16419270833333333	0.3920143104812737
0.24962239583333334	0.6158278604844177
0.3496223958333333	0.8871489847175312
0.4496223958333333	1.1657982832521494
0.5496223958333333	1.4498910008537889
0.6496223958333333	1.73803321308128
0.7496223958333332	2.029174735662035
0.8496223958333332	2.322469931987225
0.9496223958333332	2.6172118184246713
1.0496223958333333	2.91281793773291
1.1	3.061895468606763
1000001.1	3.061895468606763
