-100000	0
0.0000000000000002220446049250313	0
0.0033333333333335556	0.000000000000000000000000000000522760581482996
0.008333333333333555	0.00000000000000000000000000000018508186765561334
0.015833333333333553	0.00000000000000000000000000000014097807192914566
0.027083333333333553	0.00000000000000000000000000000003697785493223493
0.04395833333333356	0.0000000000000000000000000000006725347365800228
0.06927083333333356	0.0000000000000000000000000000006656013887802287
0.10723958333333355	0.00000000000000000000000000000015253365159546906
0.16419270833333355	0.0000000000000000000000000000002465190328815662
0.24962239583333357	0.00000000000000000000000000000020954117794933126
0.34962239583333354	0.0000000000000000000000000000022433231992222523
0.4496223958333335	0.000000000000000000000000000001269573019340066
0.5496223958333335	0.000000000000000000000000000009466330862652142
0.6496223958333335	0.00000000000000000000000000000918283397483834
0.7496223958333335	0.0000000000000000000000000000021200636827814692
0.8496223958333334	0.000000000000000000000000000007099748146989106
0.9496223958333334	0.000000000000000000000000000003469755387808044
1.0496223958333335	0.000000000000000000000000000014396711520283465
1.1000000000000003	0
1000001.1	0
