-100000	0
1.0999999999999996	0
1.103333333333333	0.0032802697732412043
1.108333333333333	0.008200784959712425
1.115833333333333	0.015581806424289439
1.127083333333333	0.026653874710669836
1.143958333333333	0.04326224971067
1.169270833333333	0.06817481221067039
1.2072395833333331	0.10554365596067093
1.264192708333333	0.16159692158567152
1.349622395833333	0.24567682002317273
1.4496223958333332	0.3440968200231739
1.5496223958333333	0.44251682002317533
1.6496223958333334	0.5409368200231763
1.7496223958333335	0.639356820023178
1.8496223958333335	0.737776820023179
1.9496223958333336	0.8361968200231804
2.0496223958333335	0.9346168200231817
2.1496223958333336	1.033036820023183
2.2496223958333337	1.131456820023184
2.3496223958333338	1.229876820023185
2.449622395833334	1.3282968200231862
2.549622395833334	1.4267168200231877
2.649622395833334	1.5251368200231896
2.749622395833334	1.623556820023191
2.849622395833334	1.721976820023192
2.9496223958333343	1.8203968200231941
3.0496223958333344	1.9188168200231945
3.1496223958333345	2.017236820023196
3.2496223958333346	2.115656820023197
3.3496223958333347	2.214076820023199
3.4496223958333347	2.3124968200231995
3.549622395833335	2.4109168200232007
3.649622395833335	2.5093368200232034
3.749622395833335	2.6077568200232033
3.849622395833335	2.706176820023206
3.949622395833335	2.804596820023205
4.049622395833335	2.903016820023207
4.149622395833335	3.0014368200232093
4.249622395833335	3.0998568200232093
4.349622395833334	3.1982768200232106
4.449622395833334	3.2966968200232105
4.5496223958333335	3.3951168200232114
4.649622395833333	3.4935368200232126
4.749622395833333	3.591956820023214
4.849622395833332	3.690376820023215
4.949622395833332	3.7887968200232147
5.049622395833332	3.8872168200232142
5.149622395833331	3.985636820023217
5.249622395833331	4.084056820023218
5.349622395833331	4.1824768200232185
5.44962239583333	4.28089682002322
5.54962239583333	4.37931682002322
5.64962239583333	4.477736820023222
5.749622395833329	4.576156820023222
5.849622395833329	4.674576820023223
5.9496223958333285	4.772996820023224
6.049622395833328	4.871416820023225
6.149622395833328	4.969836820023226
6.2496223958333275	5.068256820023226
6.349622395833327	5.166676820023228
6.449622395833327	5.265096820023229
6.549622395833326	5.363516820023229
6.649622395833326	5.461936820023232
6.749622395833326	5.56035682002323
6.849622395833325	5.658776820023229
6.949622395833325	5.757196820023232
7.049622395833325	5.855616820023232
7.149622395833324	5.954036820023236
7.249622395833324	6.052456820023236
7.3496223958333236	6.150876820023234
7.449622395833323	6.249296820023234
7.549622395833323	6.347716820023239
7.6496223958333225	6.446136820023241
7.749622395833322	6.54455682002324
7.849622395833322	6.64297682002324
7.949622395833321	6.74139682002324
8.049622395833321	6.839816820023242
8.14962239583332	6.938236820023244
8.24962239583332	7.036656820023245
8.34962239583332	7.135076820023245
8.44962239583332	7.2334968200232455
8.54962239583332	7.33191682002325
8.649622395833319	7.4303368200232445
8.749622395833319	7.528756820023247
8.849622395833318	7.627176820023249
8.949622395833318	7.725596820023251
9.049622395833318	7.824016820023248
9.149622395833317	7.922436820023253
9.249622395833317	8.020856820023253
9.349622395833316	8.119276820023256
9.449622395833316	8.217696820023255
9.549622395833316	8.316116820023254
9.649622395833315	8.414536820023255
9.65	8.41490845804411
1000009.65	8.41490845804411
