-100000	0
1.0999999999999996	0
1.103333333333333	0.003280269773241223
1.108333333333333	0.008200784959712408
1.115833333333333	0.015581806424289453
1.127083333333333	0.026653874710669812
1.143958333333333	0.04326224971066997
1.169270833333333	0.06817481221067036
1.2072395833333331	0.10554365596067095
1.264192708333333	0.16159692158567163
1.349622395833333	0.24567682002317262
1.4496223958333332	0.344096820023174
1.5496223958333333	0.44251682002317533
1.6496223958333334	0.5409368200231766
1.7496223958333335	0.6393568200231781
1.8496223958333335	0.7377768200231792
1.9496223958333336	0.8361968200231807
2.0496223958333335	0.9346168200231814
2.1496223958333336	1.0330368200231828
2.2496223958333337	1.1314568200231843
2.3496223958333338	1.2298768200231855
2.449622395833334	1.3282968200231866
2.549622395833334	1.426716820023188
2.649622395833334	1.5251368200231892
2.749622395833334	1.6235568200231907
2.849622395833334	1.7219768200231915
2.9496223958333343	1.820396820023193
3.0496223958333344	1.9188168200231945
3.1496223958333345	2.0172368200231956
3.2496223958333346	2.115656820023197
3.3496223958333347	2.2140768200231977
3.4496223958333347	2.3124968200231995
3.549622395833335	2.410916820023201
3.649622395833335	2.509336820023203
3.749622395833335	2.6077568200232033
3.849622395833335	2.7061768200232046
3.949622395833335	2.8045968200232068
4.049622395833335	2.9030168200232076
4.149622395833335	3.0014368200232093
4.249622395833335	3.09985682002321
4.349622395833334	3.198276820023209
4.449622395833334	3.296696820023211
4.5496223958333335	3.395116820023213
4.649622395833333	3.4935368200232118
4.749622395833333	3.591956820023214
4.849622395833332	3.690376820023215
4.949622395833332	3.7887968200232156
5.049622395833332	3.887216820023217
5.149622395833331	3.985636820023217
5.249622395833331	4.084056820023219
5.349622395833331	4.1824768200232185
5.44962239583333	4.280896820023219
5.54962239583333	4.379316820023221
5.64962239583333	4.477736820023222
5.749622395833329	4.576156820023223
5.849622395833329	4.674576820023223
5.9496223958333285	4.772996820023224
6.049622395833328	4.871416820023225
6.149622395833328	4.9698368200232235
6.2496223958333275	5.068256820023226
6.349622395833327	5.166676820023227
6.449622395833327	5.265096820023229
6.549622395833326	5.36351682002323
6.649622395833326	5.4619368200232294
6.749622395833326	5.560356820023231
6.849622395833325	5.658776820023231
6.949622395833325	5.757196820023231
7.049622395833325	5.855616820023233
7.149622395833324	5.954036820023231
7.249622395833324	6.052456820023235
7.3496223958333236	6.150876820023238
7.449622395833323	6.249296820023238
7.549622395833323	6.347716820023239
7.6496223958333225	6.446136820023241
7.749622395833322	6.5445568200232405
7.849622395833322	6.6429768200232395
7.949622395833321	6.7413968200232395
8.049622395833321	6.839816820023241
8.14962239583332	6.938236820023244
8.24962239583332	7.036656820023245
8.34962239583332	7.1350768200232455
8.44962239583332	7.233496820023247
8.54962239583332	7.33191682002325
8.649622395833319	7.430336820023248
8.749622395833319	7.52875682002325
8.849622395833318	7.627176820023249
8.949622395833318	7.72559682002325
9.049622395833318	7.824016820023253
9.149622395833317	7.922436820023251
9.249622395833317	8.020856820023253
9.349622395833316	8.119276820023254
9.449622395833316	8.217696820023255
9.549622395833316	8.316116820023257
9.649622395833315	8.414536820023255
9.65	8.414908458044108
1000009.65	8.414908458044108
