-100000	0
1.0999999999999996	0
1.103333333333333	0.003280269773241222
1.108333333333333	0.008200784959712404
1.115833333333333	0.01558180642428946
1.127083333333333	0.026653874710669816
1.143958333333333	0.043262249710670005
1.169270833333333	0.06817481221067036
1.2072395833333331	0.1055436559606709
1.264192708333333	0.16159692158567157
1.349622395833333	0.24567682002317268
1.4496223958333332	0.34409682002317393
1.5496223958333333	0.4425168200231753
1.6496223958333334	0.5409368200231764
1.7496223958333335	0.6393568200231776
1.8496223958333335	0.737776820023179
1.9496223958333336	0.8361968200231805
2.0496223958333335	0.9346168200231816
2.1496223958333336	1.0330368200231832
2.2496223958333337	1.1314568200231843
2.3496223958333338	1.2298768200231858
2.449622395833334	1.3282968200231866
2.549622395833334	1.4267168200231881
2.649622395833334	1.5251368200231892
2.749622395833334	1.6235568200231907
2.849622395833334	1.7219768200231922
2.9496223958333343	1.8203968200231935
3.0496223958333344	1.9188168200231945
3.1496223958333345	2.0172368200231956
3.2496223958333346	2.1156568200231973
3.3496223958333347	2.214076820023198
3.4496223958333347	2.3124968200232
3.549622395833335	2.4109168200232007
3.649622395833335	2.509336820023202
3.749622395833335	2.607756820023203
3.849622395833335	2.706176820023205
3.949622395833335	2.8045968200232068
4.049622395833335	2.9030168200232076
4.149622395833335	3.0014368200232076
4.249622395833335	3.0998568200232084
4.349622395833334	3.1982768200232106
4.449622395833334	3.2966968200232114
4.5496223958333335	3.3951168200232122
4.649622395833333	3.4935368200232126
4.749622395833333	3.5919568200232144
4.849622395833332	3.690376820023215
4.949622395833332	3.7887968200232147
5.049622395833332	3.887216820023215
5.149622395833331	3.985636820023217
5.249622395833331	4.084056820023218
5.349622395833331	4.1824768200232185
5.44962239583333	4.28089682002322
5.54962239583333	4.37931682002322
5.64962239583333	4.477736820023221
5.749622395833329	4.576156820023223
5.849622395833329	4.674576820023223
5.9496223958333285	4.7729968200232245
6.049622395833328	4.871416820023224
6.149622395833328	4.969836820023227
6.2496223958333275	5.068256820023227
6.349622395833327	5.166676820023229
6.449622395833327	5.265096820023229
6.549622395833326	5.363516820023228
6.649622395833326	5.461936820023232
6.749622395833326	5.56035682002323
6.849622395833325	5.658776820023231
6.949622395833325	5.757196820023231
7.049622395833325	5.855616820023235
7.149622395833324	5.954036820023237
7.249622395833324	6.052456820023234
7.3496223958333236	6.150876820023237
7.449622395833323	6.249296820023236
7.549622395833323	6.347716820023238
7.6496223958333225	6.446136820023238
7.749622395833322	6.544556820023237
7.849622395833322	6.642976820023243
7.949622395833321	6.741396820023243
8.049622395833321	6.839816820023241
8.14962239583332	6.9382368200232465
8.24962239583332	7.036656820023242
8.34962239583332	7.135076820023245
8.44962239583332	7.233496820023247
8.54962239583332	7.331916820023248
8.649622395833319	7.430336820023248
8.749622395833319	7.528756820023248
8.849622395833318	7.627176820023249
8.949622395833318	7.725596820023251
9.049622395833318	7.824016820023253
9.149622395833317	7.92243682002325
9.249622395833317	8.020856820023253
9.349622395833316	8.119276820023252
9.449622395833316	8.217696820023257
9.549622395833316	8.316116820023256
9.649622395833315	8.414536820023255
9.65	8.41490845804411
1000009.65	8.41490845804411
