-100000	0
1.0999999999999996	0
1.103333333333333	0.0032802697732412208
1.108333333333333	0.008200784959712404
1.115833333333333	0.01558180642428948
1.127083333333333	0.0266538747106698
1.143958333333333	0.04326224971067
1.169270833333333	0.06817481221067036
1.2072395833333331	0.10554365596067095
1.264192708333333	0.1615969215856716
1.349622395833333	0.2456768200231725
1.4496223958333332	0.3440968200231741
1.5496223958333333	0.4425168200231753
1.6496223958333334	0.5409368200231766
1.7496223958333335	0.639356820023178
1.8496223958333335	0.737776820023179
1.9496223958333336	0.8361968200231804
2.0496223958333335	0.9346168200231817
2.1496223958333336	1.0330368200231828
2.2496223958333337	1.1314568200231838
2.3496223958333338	1.2298768200231853
2.449622395833334	1.328296820023187
2.549622395833334	1.426716820023188
2.649622395833334	1.525136820023189
2.749622395833334	1.6235568200231907
2.849622395833334	1.721976820023192
2.9496223958333343	1.820396820023193
3.0496223958333344	1.9188168200231948
3.1496223958333345	2.017236820023196
3.2496223958333346	2.1156568200231978
3.3496223958333347	2.214076820023199
3.4496223958333347	2.3124968200232003
3.549622395833335	2.4109168200232016
3.649622395833335	2.5093368200232025
3.749622395833335	2.607756820023203
3.849622395833335	2.706176820023205
3.949622395833335	2.8045968200232063
4.049622395833335	2.903016820023208
4.149622395833335	3.0014368200232084
4.249622395833335	3.099856820023209
4.349622395833334	3.19827682002321
4.449622395833334	3.296696820023211
4.5496223958333335	3.395116820023211
4.649622395833333	3.493536820023214
4.749622395833333	3.591956820023214
4.849622395833332	3.6903768200232143
4.949622395833332	3.7887968200232165
5.049622395833332	3.887216820023215
5.149622395833331	3.985636820023216
5.249622395833331	4.084056820023218
5.349622395833331	4.182476820023218
5.44962239583333	4.280896820023219
5.54962239583333	4.37931682002322
5.64962239583333	4.477736820023221
5.749622395833329	4.576156820023222
5.849622395833329	4.6745768200232245
5.9496223958333285	4.772996820023225
6.049622395833328	4.871416820023224
6.149622395833328	4.969836820023225
6.2496223958333275	5.068256820023227
6.349622395833327	5.16667682002323
6.449622395833327	5.265096820023228
6.549622395833326	5.3635168200232295
6.649622395833326	5.4619368200232294
6.749622395833326	5.560356820023231
6.849622395833325	5.658776820023233
6.949622395833325	5.757196820023232
7.049622395833325	5.8556168200232355
7.149622395833324	5.954036820023234
7.249622395833324	6.052456820023234
7.3496223958333236	6.150876820023235
7.449622395833323	6.249296820023235
7.549622395833323	6.347716820023237
7.6496223958333225	6.44613682002324
7.749622395833322	6.5445568200232405
7.849622395833322	6.64297682002324
7.949622395833321	6.74139682002324
8.049622395833321	6.839816820023242
8.14962239583332	6.938236820023244
8.24962239583332	7.036656820023242
8.34962239583332	7.135076820023247
8.44962239583332	7.233496820023244
8.54962239583332	7.331916820023248
8.649622395833319	7.4303368200232445
8.749622395833319	7.52875682002325
8.849622395833318	7.627176820023249
8.949622395833318	7.725596820023251
9.049622395833318	7.82401682002325
9.149622395833317	7.922436820023255
9.249622395833317	8.020856820023251
9.349622395833316	8.119276820023254
9.449622395833316	8.217696820023255
9.549622395833316	8.316116820023256
9.649622395833315	8.414536820023258
9.65	8.414908458044106
1000009.65	8.414908458044106
