-100000	0
1.0999999999999996	0
1.103333333333333	0.0030425964939255618
1.108333333333333	0.0076069249993286
1.115833333333333	0.014454302004379783
1.127083333333333	0.024730073074928197
1.143958333333333	0.040258805003260706
1.169270833333333	0.0638565006992714
1.2072395833333331	0.09972937779484099
1.264192708333333	0.1539483797260573
1.349622395833333	0.23545853476074985
1.4496223958333332	0.3310123088776406
1.5496223958333333	0.42670900702645725
1.6496223958333334	0.5225619633526075
1.7496223958333335	0.618550525543108
1.8496223958333335	0.7146667187682383
1.9496223958333336	0.8108931369035093
2.0496223958333335	0.9072471457803761
2.1496223958333336	1.003700252671983
2.2496223958333337	1.1002820918837874
2.3496223958333338	1.1969682485752198
2.449622395833334	1.2937458716496977
2.549622395833334	1.3906151230208568
2.649622395833334	1.4875781674973716
2.749622395833334	1.5846258972029437
2.849622395833334	1.6817424170223878
2.9496223958333343	1.7789219686577966
3.0496223958333344	1.8761789916966412
3.1496223958333345	1.9734995422060286
3.2496223958333346	2.0708827470659945
3.3496223958333347	2.1683207873816848
3.4496223958333347	2.265817761049917
3.549622395833335	2.3633624470513963
3.649622395833335	2.460954178703875
3.749622395833335	2.558589628440499
3.849622395833335	2.6562521057918005
3.949622395833335	2.75394404903396
4.049622395833335	2.851684769585095
4.149622395833335	2.9494721513565203
4.249622395833335	3.0472839065229502
4.349622395833334	3.1451154997657587
4.449622395833334	3.2429797446724327
4.5496223958333335	3.3408654643051747
4.649622395833333	3.438772920634235
4.749622395833333	3.5367102506341648
4.849622395833332	3.6346798645529477
4.949622395833332	3.7326712455940627
5.049622395833332	3.8306776878114235
5.149622395833331	3.9286957636337707
5.249622395833331	4.026734534207949
5.349622395833331	4.124794628402606
5.44962239583333	4.222874424425437
5.54962239583333	4.320970626213386
5.64962239583333	4.419081727058858
5.749622395833329	4.517207924847125
5.849622395833329	4.615349999759332
5.9496223958333285	4.713508507746504
6.049622395833328	4.811684371558613
6.149622395833328	4.9098761924748064
6.2496223958333275	5.008082218144222
6.349622395833327	5.106301809522691
6.449622395833327	5.20453433831976
6.549622395833326	5.302779536712327
6.649622395833326	5.401036395623024
6.749622395833326	5.499303640328275
6.849622395833325	5.59758015766036
6.949622395833325	5.6958647052016715
7.049622395833325	5.794155973211346
7.149622395833324	5.892452661889243
7.249622395833324	5.990753755958059
7.3496223958333236	6.089058442687847
7.449622395833323	6.187365911717674
7.549622395833323	6.285675352686602
7.6496223958333225	6.3839860445688785
7.749622395833322	6.482297794019517
7.849622395833322	6.58061060075058
7.949622395833321	6.6789244647620585
8.049622395833321	6.77723938605396
8.14962239583332	6.875555364626277
8.24962239583332	6.9738724004790225
8.34962239583332	7.07219059522589
8.44962239583332	7.170510469864592
8.54962239583332	7.2688326535732735
8.649622395833319	7.367157775530214
8.749622395833319	7.46548646131006
8.849622395833318	7.563819106904905
8.949622395833318	7.662155744548375
9.049622395833318	7.760496375832401
9.149622395833317	7.8588419530805975
9.249622395833317	7.9571959843385445
9.349622395833316	8.055561559472665
9.449622395833316	8.153939175737545
9.549622395833316	8.252330818341102
9.649622395833315	8.350741179240618
9.65	8.35111281712506
1000009.65	8.35111281712506
