-100000	0
1.0999999999999996	0
1.103333333333333	0.0024729424729184124
1.108333333333333	0.006183852206976874
1.115833333333333	0.011754191156673244
1.127083333333333	0.02012276172449768
1.143958333333333	0.032793475923345014
1.169270833333333	0.052095567611786076
1.2072395833333331	0.08155910151659779
1.264192708333333	0.12636833325878008
1.349622395833333	0.1942885541509014
1.4496223958333332	0.2747242497793111
1.5496223958333333	0.3561142902696391
1.6496223958333334	0.4384218799771959
1.7496223958333335	0.5216045563882253
1.8496223958333335	0.605594096888271
1.9496223958333336	0.6903128663040046
2.0496223958333335	0.7758057720448862
2.1496223958333336	0.8619937952926721
2.2496223958333337	0.9488477885549835
2.3496223958333338	1.0363194445905726
2.449622395833334	1.1243492514887594
2.549622395833334	1.21294565106887
2.649622395833334	1.3020660712324923
2.749622395833334	1.3916796969666956
2.849622395833334	1.481757354954124
2.9496223958333343	1.5722654501779152
3.0496223958333344	1.6631692400819114
3.1496223958333345	1.7544538761638448
3.2496223958333346	1.8461072271410361
3.3496223958333347	1.938111621764078
3.4496223958333347	2.030441616200993
3.549622395833335	2.123068623918956
3.649622395833335	2.2159906366789337
3.749622395833335	2.309177406455837
3.849622395833335	2.4025704972166504
3.949622395833335	2.4962025409450908
4.049622395833335	2.5901034801433678
4.149622395833335	2.684236274428069
4.249622395833335	2.7785603058291914
4.349622395833334	2.873069285551973
4.449622395833334	2.967742788360499
4.5496223958333335	3.0625555925405665
4.649622395833333	3.1575339473699757
4.749622395833333	3.252688760380555
4.849622395833332	3.3479955143370477
4.949622395833332	3.4434441084197966
5.049622395833332	3.5390225654320138
5.149622395833331	3.6347186977182306
5.249622395833331	3.7305308470622576
5.349622395833331	3.826449989741362
5.44962239583333	3.9224670392903893
5.54962239583333	4.018582237121152
5.64962239583333	4.114793921027273
5.749622395833329	4.211096435814971
5.849622395833329	4.307483601918011
5.9496223958333285	4.403949424584716
6.049622395833328	4.500499970146877
6.149622395833328	4.597135480213843
6.2496223958333275	4.693845356423446
6.349622395833327	4.790619375713806
6.449622395833327	4.8874533168557655
6.549622395833326	4.984364422317539
6.649622395833326	5.0813589008023765
6.749622395833326	5.178426942660871
6.849622395833325	5.275558632174089
6.949622395833325	5.372747778575459
7.049622395833325	5.46999280864007
7.149622395833324	5.567292355242706
7.249622395833324	5.664648914115519
7.3496223958333236	5.76206549336965
7.449622395833323	5.859547879026347
7.549622395833323	5.957101770839803
7.6496223958333225	6.054718078309427
7.749622395833322	6.152391228615417
7.849622395833322	6.2501212068035
7.949622395833321	6.347908002257707
8.049622395833321	6.445753076100518
8.14962239583332	6.543657847664325
8.24962239583332	6.641622207575352
8.34962239583332	6.739645467754964
8.44962239583332	6.837722322313423
8.54962239583332	6.93584019200883
8.649622395833319	7.033988725592591
8.749622395833319	7.132176371063077
8.849622395833318	7.230408959849194
8.949622395833318	7.3286843966981445
9.049622395833318	7.426990167068947
9.149622395833317	7.525312070331724
9.249622395833317	7.623646989419299
9.349622395833316	7.721999949213852
9.449622395833316	7.820372042710052
9.549622395833316	7.9187632699079105
9.649622395833315	8.01717363080743
9.65	8.017545268691874
1000009.65	8.017545268691874
