-100001.1	0
0	0
0.0033333333333334103	0.0017803426475965494
0.008333333333333304	0.004454768598270058
0.015833333333333366	0.008475465486873855
0.027083333333333348	0.01452783745993606
0.04395833333333332	0.02370292175079353
0.06927083333333339	0.0377030329275609
0.1072395833333335	0.05918695946254137
0.16419270833333344	0.09223104621646487
0.24962239583333345	0.14316506829706863
0.34962239583333354	0.20472784810916445
0.44962239583333363	0.26822461516451784
0.5496223958333337	0.33364830309632537
0.6496223958333338	0.4008722874267982
0.7496223958333339	0.4697081307012853
0.849622395833334	0.5400659700964916
0.9496223958333339	0.6119228093877367
1.049622395833334	0.6851522270824475
1.149622395833334	0.7597373234172915
1.2496223958333341	0.835553043525746
1.3496223958333342	0.9124883771660105
1.4496223958333343	0.9905516882887136
1.5496223958333344	1.069655076141214
1.6496223958333345	1.149696575752942
1.7496223958333346	1.230680945894218
1.8496223958333347	1.3125490412596839
1.9496223958333347	1.3952110747999518
2.049622395833335	1.478657347221546
2.149622395833335	1.5628190959234518
2.249622395833335	1.6476754929972035
2.349622395833335	1.733113006436543
2.449622395833335	1.8191373853035266
2.5496223958333353	1.905794986071462
2.6496223958333354	1.9930135871840273
2.7496223958333355	2.080702320606437
2.8496223958333355	2.1688893661326465
2.9496223958333356	2.2575780075605936
3.0496223958333353	2.34664789464355
3.149622395833335	2.4361176628705983
3.2496223958333346	2.526018745007894
3.349622395833334	2.6162947519435233
3.449622395833334	2.7068935216378325
3.5496223958333335	2.797828371470662
3.649622395833333	2.8891030886918205
3.749622395833333	2.980666632470175
3.8496223958333324	3.072506075135883
3.949622395833332	3.1646147073657653
4.049622395833332	3.256981208339758
4.149622395833331	3.3495934955867233
4.249622395833331	3.4424368052144323
4.349622395833331	3.5354989443511715
4.44962239583333	3.6287754889616792
4.54962239583333	3.722259318198093
4.64962239583333	3.815941854061507
4.749622395833329	3.909812962869976
4.849622395833329	4.003865402985746
4.9496223958333285	4.09808310596101
5.049622395833328	4.192465517054963
5.149622395833328	4.287017189271298
5.2496223958333275	4.381741690755708
5.349622395833327	4.476640128046387
5.449622395833327	4.5716883218294235
5.549622395833326	4.666881534211903
5.649622395833326	4.762224745203671
5.749622395833326	4.8577228746999594
5.849622395833325	4.953379237679519
5.949622395833325	5.04918475032183
6.049622395833325	5.145120043495196
6.149622395833324	5.241189986135055
6.249622395833324	5.337400152209826
6.3496223958333236	5.433755341578839
6.449622395833323	5.530255917298545
6.549622395833323	5.626887651294563
6.6496223958333225	5.7236461271120795
6.749622395833322	5.820532379874628
6.849622395833322	5.917547307426921
6.949622395833321	6.014690353241615
7.049622395833321	6.111957025179322
7.149622395833321	6.209338033519987
7.24962239583332	6.306832010510069
7.34962239583332	6.40443796138526
7.44962239583332	6.502150612483402
7.549622395833319	6.599951655189154
7.649622395833319	6.697818796394668
7.749622395833319	6.7957572824494905
7.849622395833318	6.893775428082465
7.949622395833318	6.991873599726371
8.049622395833318	7.090051797381199
8.149622395833317	7.188302314258276
8.249622395833317	7.286607033955752
8.349622395833316	7.384963137702413
8.449622395833316	7.483353454435142
8.549622395833316	7.581763815334666
8.55	7.582135453219106
1000008.55	7.582135453219106
