-100001.1	0
0	0
0.0033333333333334103	0.000000000000000017041813399548563
0.008333333333333304	0.00000000000000004266495186209321
0.015833333333333366	0.00000000000000008123560087315522
0.027083333333333348	0.00000000000000013941195666478176
0.04395833333333332	0.00000000000000022797518317657813
0.06927083333333339	0.00000000000000036401836428838504
0.1072395833333335	0.0000000000000005746828830612288
0.16419270833333344	0.0000000000000009037155287746364
0.24962239583333345	0.0000000000000014204781754630439
0.34962239583333354	0.00000000000000205807388678294
0.44962239583333363	0.000000000000002728764245375134
0.5496223958333337	0.0000000000000034304812515815516
0.6496223958333338	0.000000000000004161316741519566
0.7496223958333339	0.000000000000004919506062622345
0.849622395833334	0.000000000000005703390760393827
0.9496223958333339	0.000000000000006511332095349345
1.049622395833334	0.000000000000007342108132513124
1.149622395833334	0.00000000000000819441110618697
1.2496223958333341	0.000000000000009066863368808262
1.3496223958333342	0.000000000000009958423734019971
1.4496223958333343	0.000000000000010868029241024694
1.5496223958333344	0.000000000000011794527244864593
1.6496223958333345	0.000000000000012737088041648139
1.7496223958333346	0.00000000000001369476282358028
1.8496223958333347	0.000000000000014666160246648655
1.9496223958333347	0.000000000000015650920821746762
2.049622395833335	0.000000000000016648947989790395
2.149622395833335	0.000000000000017658647062733988
2.249622395833335	0.0000000000000186794536749755
2.349622395833335	0.000000000000019711367826514958
2.449622395833335	0.000000000000020753641992821426
2.5496223958333353	0.000000000000021805096257777662
2.6496223958333354	0.000000000000022865716027004232
2.7496223958333355	0.000000000000023935360988463637
2.8496223958333355	0.000000000000025013009600269124
2.9496223958333356	0.00000000000002609845594886304
3.0496223958333353	0.000000000000027191175146159074
3.149622395833335	0.000000000000028290751315715774
3.2496223958333346	0.0000000000000293969299564333
3.349622395833334	0.00000000000003050888409816197
3.449622395833334	0.000000000000031626550147308594
3.5496223958333335	0.000000000000032749928103873215
3.649622395833333	0.000000000000033879017967855796
3.749622395833333	0.00000000000003501339079295789
3.8496223958333324	0.00000000000003615237077921051
3.949622395833332	0.00000000000003729594963427205
4.049622395833332	0.00000000000003844412735814249
4.149622395833331	0
4.249622395833331	0
4.349622395833331	0
4.44962239583333	0
4.54962239583333	0
4.64962239583333	0
4.749622395833329	0
4.849622395833329	0
4.9496223958333285	0.00000000000007343096163885401
5.049622395833328	0.00000000000007520843135474049
5.149622395833328	0.00000000000007699035448083597
5.2496223958333275	0.00000000000007877673101714045
5.349622395833327	0.00000000000008056756096365392
5.449622395833327	0.00000000000008236284432037638
5.549622395833326	0.00000000000008416258108730782
5.649622395833326	0.00000000000008596677126444826
5.749622395833326	0
5.849622395833325	0
5.949622395833325	0
6.049622395833325	0
6.149622395833324	0
6.249622395833324	0
6.3496223958333236	0
6.449622395833323	0
6.549622395833323	0
6.6496223958333225	0
6.749622395833322	0
6.849622395833322	0.00000000000003597556955856875
6.949622395833321	0.000000000000036593478123379704
7.049622395833321	0.00000000000003721242799093669
7.149622395833321	0.00000000000003783241916123971
7.24962239583332	0.00000000000003845345163428877
7.34962239583332	0.00000000000003907552541008388
7.44962239583332	0.000000000000039698640488625016
7.549622395833319	0.0000000000003225816947055118
7.649622395833319	0.00000000000032758022236480914
7.749622395833319	0.0000000000003325846268978362
7.849622395833318	0.000000000000337594908304593
7.949622395833318	0.00000000000034261106658507937
8.049622395833318	0.00000000000034763310173929544
8.149622395833317	0
8.249622395833317	0
8.349622395833316	0
8.449622395833316	0
8.549622395833316	0
8.55	0
1000008.55	0
