-179769313486231570000000000000000000000000000000000000000000000000000000000000000000000000000000000000000000000000000000000000000000000000000000000000000000000000000000000000000000000000000000000000000000000000000000000000000000000000000000000000000000000000000000000000000000000000000000000000000000000000000	0
-0.000000000000000021316282072803025	0
0.0033333333333333123	0
0.006666666666666645	0
0.011666666666666645	0
0.019166666666666644	0
0.030416666666666644	0
0.04729166666666665	0
0.07260416666666665	0
0.11057291666666666	0
0.16752604166666668	0
0.2529557291666667	0
0.35295572916666673	0
0.4529557291666667	0
0.5529557291666667	0
0.6529557291666667	0
0.7529557291666666	0
0.8529557291666666	0
0.9529557291666666	0
1.0529557291666667	0
1.1529557291666668	0
1.2529557291666669	0
1.352955729166667	0
1.452955729166667	0
1.5529557291666671	0
1.600000000000001	0
179769313486231570000000000000000000000000000000000000000000000000000000000000000000000000000000000000000000000000000000000000000000000000000000000000000000000000000000000000000000000000000000000000000000000000000000000000000000000000000000000000000000000000000000000000000000000000000000000000000000000000000	0
