-100000	0
0	0
0.0033333333333333335	0.004871408599692112
0.008333333333333333	0.012435054720417898
0.01583333333333333	0.02410112705337334
0.02708333333333333	0.04205360991729568
0.043958333333333335	0.07002333975593286
0.06927083333333334	0.11326115066037284
0.10723958333333333	0.18058308877722115
0.16419270833333333	0.28648645514694604
0.24962239583333334	0.45077900651634717
0.3496223958333333	0.6503861952885694
0.4496223958333333	0.8556719523177525
0.5496223958333333	1.0683092577073583
0.6496223958333333	1.281018691407469
0.7496223958333332	1.495517254058996
0.8496223958333332	1.7087251693584433
0.9496223958333332	1.9280576575431176
1.0496223958333333	2.1328171425355444
1.1	2.317946376645107
1000001.1	2.317946376645107
