-100000	0
0	0
0.0033333333333333335	0.006753959139917122
0.008333333333333333	0.017253374795689228
0.01583333333333333	0.03341737916171975
0.02708333333333333	0.05831253956028784
0.043958333333333335	0.09673039943734607
0.06927083333333334	0.15617761783380252
0.10723958333333333	0.24841610035609576
0.16419270833333333	0.3919359204254724
0.24962239583333334	0.6157222229754851
0.3496223958333333	0.8870279859355971
0.4496223958333333	1.1656747849046067
0.5496223958333333	1.4497492644862295
0.6496223958333333	1.7378805937808668
0.7496223958333332	2.0290157555279045
0.8496223958333332	2.3223072725672362
0.9496223958333332	2.617047725106685
1.0496223958333333	2.9126537891700037
1.1	3.061731402242709
1000001.1	3.061731402242709
