-100000	0
0	0
0.0033333333333333335	0.006758412050452721
0.008333333333333333	0.017258746872255808
0.01583333333333333	0.03342312624898234
0.02708333333333333	0.05831838136671194
0.043958333333333335	0.09673615200088574
0.06927083333333334	0.15618138658343528
0.10723958333333333	0.2484094001588534
0.16419270833333333	0.3919152190486542
0.24962239583333334	0.6156969536022933
0.3496223958333333	0.8869995648352719
0.4496223958333333	1.1656446538315877
0.5496223958333333	1.449717268305868
0.6496223958333333	1.7378479150853055
0.7496223958333332	2.0289827398702585
0.8496223958333332	2.3222740284872554
0.9496223958333332	2.6170146008953212
1.0496223958333333	2.912620761646292
1.1	3.061698374718995
1000001.1	3.061698374718995
