-100000	0
0.0000000000000002220446049250313	0
0.0033333333333335556	0.0067635136560546824
0.008333333333333555	0.017264675050914377
0.015833333333333553	0.033428994921906804
0.027083333333333553	0.05832399067851825
0.04395833333333356	0.09674141446396348
0.06927083333333356	0.15618499593480423
0.10723958333333355	0.24839981909180517
0.16419270833333355	0.39188964880394195
0.24962239583333357	0.6156660108079123
0.34962239583333354	0.8869654638920138
0.4496223958333335	1.165608283567582
0.5496223958333335	1.4496787752055975
0.6496223958333335	1.7378085321177599
0.7496223958333335	2.028942838630439
0.8496223958333334	2.322233783194676
0.9496223958333334	2.616974461112095
1.0496223958333335	2.9125806738987636
1.1000000000000003	3.061658285726473
1000001.1	3.061658285726473
