-100000	0
-0.0000000000000002220446049250313	0
0.0033333333333331115	0.006773848799651539
0.008333333333333111	0.017273691020906652
0.01583333333333311	0.033433388286311115
0.02708333333333311	0.05832400539900762
0.04395833333333311	0.09673816448995812
0.06927083333333311	0.15617564661018715
0.10723958333333311	0.24836045712251908
0.1641927083333331	0.3918191175740031
0.24962239583333312	0.6155858098827633
0.3496223958333331	0.886879656964714
0.4496223958333331	1.1655152281437342
0.549622395833333	1.4495815656165667
0.649622395833333	1.737708389370129
0.749622395833333	2.0288402788647737
0.849622395833333	2.3221298205920204
0.949622395833333	2.616870204358108
1.049622395833333	2.9124760860736254
1.1	3.0615535036044808
1000001.1	3.0615535036044808
