-100000	0
-0.0000000000000002220446049250313	0
0.0033333333333331115	0.0067746294271112785
0.008333333333333111	0.0172708985504336
0.01583333333333311	0.033426165890528894
0.02708333333333311	0.05831269564193749
0.04395833333333311	0.0967238994893357
0.06927083333333311	0.1561581490828083
0.10723958333333311	0.24833737633435018
0.1641927083333331	0.3917965261126994
0.24962239583333312	0.6155622800171299
0.3496223958333331	0.8868555076185666
0.4496223958333331	1.1654886740569144
0.549622395833333	1.4495548450671019
0.649622395833333	1.7376803125637663
0.749622395833333	2.028810743204456
0.849622395833333	2.322099373349922
0.949622395833333	2.6168392301307124
1.049622395833333	2.9124446423745955
1.1	3.0615218379987272
1000001.1	3.0615218379987272
