-100000	0
-0.0000000000000002220446049250313	0
0.0033333333333331115	0.006600412226160976
0.008333333333333111	0.01686060591007613
0.01583333333333311	0.032710512624497645
0.02708333333333311	0.05713745953010873
0.04395833333333311	0.09485307474281003
0.06927083333333311	0.15322268119795035
0.10723958333333311	0.24385860085300834
0.1641927083333331	0.38501503210732024
0.24962239583333312	0.605251097742982
0.3496223958333331	0.8724531363876397
0.4496223958333331	1.1470153310543842
0.549622395833333	1.4269892325824185
0.649622395833333	1.7110371655644623
0.749622395833333	1.9981022344912405
0.849622395833333	2.287311862658994
0.949622395833333	2.5779628718612795
1.049622395833333	2.869461446837778
1.1	3.0164684487930025
1000001.1	3.0164684487930025
