-100000	0
-0.0000000000000002220446049250313	0
0.0033333333333331115	0.006280271553225917
0.008333333333333111	0.01599282581050789
0.01583333333333311	0.031044102048975602
0.02708333333333311	0.054288173522870894
0.04395833333333311	0.09026388497524028
0.06927083333333311	0.14609123312202607
0.10723958333333311	0.23301387010431837
0.1641927083333331	0.36880570148055264
0.24962239583333312	0.5814244521686871
0.3496223958333331	0.8401186291955666
0.4496223958333331	1.106581288705614
0.549622395833333	1.3788028198750661
0.649622395833333	1.655370610128525
0.749622395833333	1.9352084915135768
0.849622395833333	2.217417061185725
0.949622395833333	2.501250148638889
1.049622395833333	2.7861186231673036
1.1	2.929843684928214
1000001.1	2.929843684928214
