-100000	0
-0.0000000000000002220446049250313	0
0.0033333333333331115	0.005759178844222246
0.008333333333333111	0.014643939581925714
0.01583333333333311	0.028454826490926146
0.02708333333333311	0.04986303665968627
0.04395833333333311	0.08313933458059561
0.06927083333333311	0.13505065589289386
0.10723958333333311	0.21628432327690836
0.1641927083333331	0.34391525815799673
0.24962239583333312	0.5449774163171514
0.3496223958333331	0.7909749822694473
0.4496223958333331	1.0455207559118842
0.549622395833333	1.306477134380084
0.649622395833333	1.572390687435673
0.749622395833333	1.8420450248120348
0.849622395833333	2.114576684879192
0.949622395833333	2.3891653460993876
1.049622395833333	2.6652094307508154
1.1	2.8046418305184213
1000001.1	2.8046418305184213
