-100000	0
-0.0000000000000006661338147750939	0
0.0033333333333326674	0.00569037183798241
0.008333333333332667	0.014346708451751696
0.015833333333332665	0.02760379910898322
0.027083333333332665	0.04810565474197639
0.04395833333333267	0.08011052675692462
0.06927083333333267	0.13048832961642495
0.10723958333333267	0.21069495847798372
0.16419270833333266	0.33979577573061864
0.24962239583333268	0.5492060955781976
0.34962239583333266	0.8135825174908016
0.44962239583333263	1.094843263417978
0.5496223958333326	1.3901167914450911
0.6496223958333326	1.6973007705233687
0.7496223958333326	2.0147900866074937
0.8496223958333325	2.3412597193819367
0.9496223958333325	2.675651726522222
1.0496223958333326	3.01700139611259
1.1000000000058208	3.191342112296349
1000001.1	3.191342112296349
