-100000	0
-0.0000000000000006661338147750939	0
0.09999999999999934	0.13870188934427424
0.19999999999999934	0.3133288388519678
0.2999999999999994	0.5001171169787421
0.39999999999999936	0.7147186583565797
0.49999999999999933	0.9309147771900811
0.5999999999999993	1.1622418523573876
0.6999999999999993	1.391405088079637
0.7999999999999993	1.6283478291587765
0.8999999999999992	1.8935759196194288
0.9999999999999992	2.160025200326358
1.0999999999999992	2.956537255012694
1.1000000000058208	3.0037362558678997
1000001.1	3.0037362558678997
