-100000	0
-0.0000000000000006661338147750939	0
0.0033333333333326674	0.003645516857619054
0.008333333333332667	0.009217504888118948
0.015833333333332665	0.017809579090738
0.027083333333332665	0.03122812027047957
0.04395833333333267	0.05250646124761611
0.06927083333333267	0.08657609905316063
0.10723958333333267	0.14208746267875114
0.16419270833333266	0.23375510915518752
0.24962239583333268	0.38671713916473066
0.34962239583333266	0.584827539765371
0.44962239583333263	0.7997725747420662
0.5496223958333326	1.0288182251184876
0.6496223958333326	1.2698936901109612
0.7496223958333326	1.5214348819738395
0.8496223958333325	1.782158531264205
0.9496223958333325	2.050983263959799
1.0496223958333326	2.326952455147407
1.1000000000058208	2.468430765409237
1000001.1	2.468430765409237
