-100000	0
-0.0000000000000008881784197001252	0
0.0033333333333324454	0.0022535001249142134
0.008333333333332445	0.005718888990259926
0.015833333333332443	0.01110876814882177
0.027083333333332443	0.019626208115481426
0.04395833333333245	0.03335138561002359
0.06927083333333245	0.055758335019118574
0.10723958333333244	0.09311194056656924
0.16419270833333244	0.15634565177807522
0.24962239583333246	0.26467873652008306
0.34962239583333243	0.4082324591684259
0.4496223958333324	0.5667224587376288
0.5496223958333324	0.7376999306665376
0.6496223958333324	0.9193774708554314
0.7496223958333323	1.1103427894697304
0.8496223958333323	1.309409436437167
0.9496223958333323	1.515677578590683
1.0496223958333324	1.728288894748616
1.1000000000058208	1.837559650578374
1000001.1	1.837559650578374
