-100000	0
-0.0000000000000002220446049250313	0
0.0033333333333331115	0.00505330470037821
0.008333333333333111	0.012852040725289286
0.01583333333333311	0.025018973206075018
0.02708333333333311	0.04395162396266001
0.04395833333333311	0.07360841931003817
0.06927083333333311	0.12019096059661191
0.10723958333333311	0.19378989832219
0.1641927083333331	0.3104551243111023
0.24962239583333312	0.49590807999006953
0.3496223958333331	0.724829189357978
0.4496223958333331	0.9632771844726905
0.549622395833333	1.209043557750564
0.649622395833333	1.4605361436303768
0.749622395833333	1.7165382339692932
0.849622395833333	1.9760761798216582
0.949622395833333	2.238308881455772
1.049622395833333	2.5025612342681898
1.1	2.636266844545742
1000001.1	2.636266844545742
