-100000	0
-0.0000000000000002220446049250313	0
0.0033333333333331115	0.0041892916748936075
0.008333333333333111	0.010671284575562807
0.01583333333333311	0.020833853763649827
0.02708333333333311	0.036787661864226134
0.04395833333333311	0.062011837652303926
0.06927083333333311	0.10206172923294642
0.10723958333333311	0.16617047783129477
0.1641927083333331	0.2690941763218706
0.24962239583333312	0.4349012427872838
0.3496223958333331	0.6421119958761669
0.4496223958333331	0.860001365600856
0.549622395833333	1.0862188341066943
0.649622395833333	1.3191167699940902
0.749622395833333	1.5574247785657753
0.849622395833333	1.8000878173397077
0.949622395833333	2.0461751555478878
1.049622395833333	2.2949871114838385
1.1	2.4211815028242087
1000001.1	2.4211815028242087
