-100000	0
0.0000000000000006661338147750939	0
0.0033333333333339997	0.0038602673472808774
0.008333333333334	0.00982502296717405
0.015833333333333997	0.01870886997309004
0.027083333333333997	0.03350378041229544
0.043958333333334	0.05585361274614829
0.069270833333334	0.0917295835698296
0.107239583333334	0.1476494124494642
0.164192708333334	0.23735279778092608
0.249622395833334	0.3798646104378652
0.349622395833334	0.5501152100257346
0.44962239583333397	0.7247771638268646
0.5496223958333339	0.9034490933899533
0.6496223958333339	1.0930192522339477
0.7496223958333339	1.2875643292436472
0.8496223958333339	1.4706048485384793
0.9496223958333339	1.673582495889481
1.049622395833334	1.888545485578266
1.100000000000001	1.869682481801927
1000001.1	1.869682481801927
