-100000	0
-0.0000000000000004440892098500626	0
0.0033333333333328895	0.01118593309043593
0.008333333333332889	0.02812843463128812
0.015833333333332887	0.053910215955469104
0.027083333333332887	0.0933479687428716
0.04395833333333289	0.15378272876265844
0.06927083333333289	0.24694459975740796
0.10723958333333289	0.3911751111223577
0.16419270833333288	0.6154952943279108
0.2496223958333329	0.9657223928161596
0.3496223958333329	1.391891095097182
0.44962239583333286	1.8317156260976917
0.5496223958333328	2.2825622003223636
0.6496223958333328	2.742523063694698
0.7496223958333328	3.2101188441328468
0.8496223958333328	3.6841915779414385
0.9496223958333327	4.163687816776049
1.0496223958333328	4.647834004052296
1.1000000000058208	4.893257895083467
1000001.1	4.893257895083467
