-100000	0
0.0000000000000004440892098500626	0
0.0033333333333337776	0.010584793696181254
0.008333333333333777	0.026618901363132608
0.015833333333333775	0.051024311716218906
0.027083333333333775	0.08839679381168149
0.04395833333333378	0.14573606781729706
0.06927083333333378	0.23428154877918794
0.10723958333333378	0.37164213842753874
0.16419270833333377	0.5858522267604402
0.2496223958333338	0.9213139608715393
0.34962239583333377	1.3307163656910603
0.44962239583333374	1.7543499769933772
0.5496223958333337	2.1894904377173585
0.6496223958333337	2.6341634805135867
0.7496223958333337	3.0868721416777545
0.8496223958333337	3.546441777822802
0.9496223958333336	4.011828719129988
1.0496223958333337	4.482225696622112
1.1000000000058217	4.720863688616416
1000001.1	4.720863688616416
