-100000	0
-0.0000000000000004440892098500626	0
0.0033333333333328895	0.009353431590640098
0.008333333333332889	0.023527748462374983
0.015833333333332887	0.04512216900211128
0.027083333333332887	0.07826123536662963
0.04395833333333289	0.12925271979096187
0.06927083333333289	0.20829896103078127
0.10723958333333289	0.3314963924125885
0.16419270833333288	0.5247819663035846
0.2496223958333329	0.8295258203903314
0.3496223958333329	1.2039255107480389
0.44962239583333286	1.593483691887826
0.5496223958333328	1.9954233327499695
0.6496223958333328	2.4077136903385528
0.7496223958333328	2.8287831751378247
0.8496223958333328	3.2574276726317253
0.9496223958333327	3.6926073306549965
1.0496223958333328	4.133418813529431
1.1000000000058208	4.357381591444869
1000001.1	4.357381591444869
