-100000	0
-0.0000000000000004440892098500626	0
0.0033333333333328895	0.008733968182575219
0.008333333333332889	0.02197610242690024
0.015833333333332887	0.042157208033175776
0.027083333333332887	0.0731536871205853
0.04395833333333289	0.12093096231169487
0.06927083333333289	0.19515254065140863
0.10723958333333289	0.311144953729019
0.16419270833333288	0.49374604052730003
0.2496223958333329	0.7827184273023955
0.3496223958333329	1.1390787486576155
0.44962239583333286	1.5109965028082786
0.5496223958333328	1.8956738470888375
0.6496223958333328	2.2910804934135642
0.7496223958333328	2.6956036521542246
0.8496223958333328	3.1080075965276466
0.9496223958333327	3.5272610718097446
1.0496223958333328	3.95242885700534
1.1000000000058208	4.168612933407403
1000001.1	4.168612933407403
