-100000	0
-0.0000000000000004440892098500626	0
0.0033333333333328895	0.008116093131284996
0.008333333333332889	0.02043171813736408
0.015833333333332887	0.039221327760794275
0.027083333333332887	0.06810227401296522
0.04395833333333289	0.11269533047979564
0.06927083333333289	0.18211270597002455
0.10723958333333289	0.29092015724452736
0.16419270833333288	0.4628157613332514
0.2496223958333329	0.7359527937167138
0.3496223958333329	1.0741114087613257
0.44962239583333286	1.428179019673876
0.5496223958333328	1.7953525312382719
0.6496223958333328	2.1735520044651704
0.7496223958333328	2.5611929324433027
0.8496223958333328	2.956985237333165
0.9496223958333327	3.3599023232350014
1.0496223958333328	3.7689978299562985
1.1000000000058208	3.977196656787706
1000001.1	3.977196656787706
