-100000	0
-0.0000000000000004440892098500626	0
0.0033333333333328895	0.006898403303993159
0.008333333333332889	0.017375741350880953
0.015833333333332887	0.03338380288223258
0.027083333333332887	0.05805685311931785
0.04395833333333289	0.09634059072585466
0.06927083333333289	0.15623225033529994
0.10723958333333289	0.2507421648952566
0.16419270833333288	0.40132958557021947
0.2496223958333329	0.6428238079381197
0.3496223958333329	0.9444707623253001
0.44962239583333286	1.2626253003949626
0.5496223958333328	1.5944184830117971
0.6496223958333328	1.937736476985317
0.7496223958333328	2.2909831413556625
0.8496223958333328	2.6528614570256677
0.9496223958333327	3.0223387903761236
1.0496223958333328	3.3984384559605076
1.1000000000058208	3.590178811158189
1000001.1	3.590178811158189
