-100000	0
0.0000000000000002220446049250313	0
0.0033333333333335556	0.006308584741619459
0.008333333333333555	0.01589763761397977
0.015833333333333553	0.030564937103868726
0.027083333333333553	0.0532034356061348
0.04395833333333356	0.08842279269439066
0.06927083333333356	0.143673197073027
0.10723958333333355	0.23120373452541124
0.16419270833333355	0.3713407072866195
0.24962239583333357	0.5972581603514007
0.34962239583333354	0.8808540263700392
0.4496223958333335	1.1811460422972482
0.5496223958333335	1.4953107333587865
0.6496223958333335	1.8212080141012779
0.7496223958333335	2.1572345348855295
0.8496223958333334	2.5020770473671723
0.9496223958333334	2.854699814559681
1.0496223958333335	3.214118196266051
1.1000000000058217	3.3974935412141103
1000001.1	3.3974935412141103
