-100000	0
0.0000000000000002220446049250313	0
0.0033333333333335556	0.004154305163458731
0.008333333333333555	0.010494818623828684
0.015833333333333553	0.020251262488020536
0.027083333333333553	0.035439217267530146
0.04395833333333356	0.05940046823808817
0.06927083333333356	0.09756471562071875
0.10723958333333355	0.15929755270807083
0.16419270833333355	0.26044661375924
0.24962239583333357	0.42776913297913016
0.34962239583333354	0.6428223619930814
0.4496223958333335	0.8748278553254809
0.5496223958333335	1.1210337709589508
0.6496223958333335	1.3792970220495722
0.7496223958333335	1.6480945485467944
0.8496223958333334	1.9260721468806128
0.9496223958333334	2.212137524227469
1.0496223958333335	2.5053693656258966
1.1000000000058217	2.6555624032999314
1000001.1	2.6555624032999314
