-100000	0
0.0000000000000002220446049250313	0
0.0033333333333335556	0.0032420356591755534
0.008333333333333555	0.008205985703351404
0.015833333333333553	0.01587905061068809
0.027083333333333553	0.027900128761621325
0.04395833333333356	0.04704522041877994
0.06927083333333356	0.07785614756469746
0.10723958333333355	0.12839094969227707
0.16419270833333355	0.21244039549857002
0.24962239583333357	0.3537780755339654
0.34962239583333354	0.5381170388595409
0.4496223958333335	0.7391364469788226
0.5496223958333335	0.954146545207326
0.6496223958333335	1.1811240616062448
0.7496223958333335	1.418477606619603
0.8496223958333334	1.664933476274931
0.9496223958333334	1.9194710000434516
1.0496223958333335	2.181099070231456
1.1000000000058217	2.315339134168351
1000001.1	2.315339134168351
