-100000	0
0.0000000000000002220446049250313	0
0.0033333333333335556	0.0028359797499978067
0.008333333333333555	0.007186684650662812
0.015833333333333553	0.013930534947642658
0.027083333333333553	0.024536725537456693
0.04395833333333356	0.041520511547782274
0.06927083333333356	0.06902572002901605
0.10723958333333355	0.11449413107747236
0.16419270833333355	0.19076407395785938
0.24962239583333357	0.32016669329704533
0.34962239583333354	0.49021569510729746
0.4496223958333335	0.6767720027040608
0.5496223958333335	0.8771488069310381
0.6496223958333335	1.0893562256889748
0.7496223958333335	1.3118105120464174
0.8496223958333334	1.5432587644503306
0.9496223958333334	1.7826944419104755
1.0496223958333335	2.029150766388406
1.1000000000058217	2.155707632216791
1000001.1	2.155707632216791
