-100000	0
-0.0000000000000002220446049250313	0
0.0033333333333331115	0.00041979593772939336
0.008333333333333111	0.0010688034889072225
0.01583333333333311	0.002078647421442881
0.02708333333333311	0.0036496627518231273
0.04395833333333311	0.006102591844517689
0.06927083333333311	0.009948941623598077
0.10723958333333311	0.01600827031583159
0.1641927083333331	0.02558957461109989
0.24962239583333312	0.04078383079339068
0.3496223958333331	0.05949623441401692
0.4496223958333331	0.07895021307298801
0.549622395833333	0.09897440282144704
0.649622395833333	0.11944199391577238
0.749622395833333	0.14025523586892896
0.849622395833333	0.16133650017070783
0.949622395833333	0.18262185118240298
1.049622395833333	0.20405743187275174
1.1	0.2148978727538254
1000001.1	0.2148978727538254
