-100000	0
-0.0000000000000002220446049250313	0
0.0033333333333331115	0.004151631704115174
0.008333333333333111	0.01057650560396234
0.01583333333333311	0.02065203087028853
0.02708333333333311	0.036476822055778416
0.04395833333333311	0.06150765870240142
0.06927083333333311	0.10127345881861309
0.10723958333333311	0.1649675134665474
0.1641927083333331	0.2672897379555515
0.24962239583333312	0.43223199264887424
0.3496223958333331	0.6384806739879616
0.4496223958333331	0.855459624262197
0.549622395833333	1.0808083518717901
0.649622395833333	1.3128762038735735
0.749622395833333	1.5503907006213342
0.849622395833333	1.7922947199564376
0.949622395833333	2.0376560395942795
1.049622395833333	2.285770191751395
1.1	2.411622884623174
1000001.1	2.411622884623174
