-100000	0
-0.0000000000000002220446049250313	0
0.0033333333333331115	0.012837952137411679
0.008333333333333111	0.032274497097584315
0.01583333333333311	0.06183661743373699
0.02708333333333311	0.10693887434916492
0.04395833333333311	0.17587986796315133
0.06927083333333311	0.28164852097604604
0.10723958333333311	0.44455880698382133
0.1641927083333331	0.6962160217797796
0.24962239583333312	1.0861461212627637
0.3496223958333331	1.5570663723762712
0.4496223958333331	2.039940630732204
0.549622395833333	2.532301662730974
0.649622395833333	3.032333762162135
0.749622395833333	3.5386917463992424
0.849622395833333	4.050311819122477
0.949622395833333	4.566219361394945
1.049622395833333	5.085674109063743
1.1000000000058208	5.348489301849532
1000001.1	5.348489301849532
