-100000	0
-0.0000000000000004440892098500626	0
0.0033333333333328895	0.011724950008911548
0.008333333333332889	0.029483113326745927
0.015833333333332887	0.056500851381637796
0.027083333333332887	0.09778835376920536
0.04395833333333289	0.1609954310568505
0.06927083333333289	0.25828965403259846
0.10723958333333289	0.4086537438644457
0.16419270833333288	0.6419717147547461
0.2496223958333329	1.005308982662381
0.3496223958333329	1.446298398463571
0.44962239583333286	1.9004501675863597
0.5496223958333328	2.365143716733879
0.6496223958333328	2.838498406123649
0.7496223958333328	3.319103887511317
0.8496223958333328	3.805821894733048
0.9496223958333327	4.29760445243756
1.0496223958333328	4.793687066177664
1.1000000000058208	5.0449977227598675
1000001.1	5.0449977227598675
