-100000	0
-0.0000000000000004440892098500626	0
0.0033333333333328895	0.011138129368230224
0.008333333333332889	0.02800802477690106
0.015833333333332887	0.05367978471902252
0.027083333333332887	0.09295386797614695
0.04395833333333289	0.15314356755110714
0.06927083333333289	0.24593956540343073
0.10723958333333289	0.38962659848282555
0.16419270833333288	0.6131484366100833
0.2496223958333329	0.9622097093035676
0.3496223958333329	1.3870572997825528
0.44962239583333286	1.8256045408787758
0.5496223958333328	2.2752147658238884
0.6496223958333328	2.733977577741252
0.7496223958333328	3.200406063915768
0.8496223958333328	3.6733431825297016
0.9496223958333327	4.151736989380113
1.0496223958333328	4.634809235147694
1.1000000000058208	4.879703934737
1000001.1	4.879703934737
