-100000	0
-0.0000000000000004440892098500626	0
0.09999999999999956	0.22859347437570593
0.19999999999999957	0.49158641501549455
0.2999999999999996	0.768629775250635
0.3999999999999996	1.0614605381913147
0.49999999999999956	1.3640138615887423
0.5999999999999995	1.675296927974343
0.6999999999999995	1.9948452725224308
0.7999999999999995	2.317936103717072
0.8999999999999995	2.678229510763088
0.9999999999999994	3.024953001005508
1.0999999999999994	4.123377279758036
1.1000000000058208	4.153348326029234
1000001.1	4.153348326029234
