-100000	0
-0.0000000000000004440892098500626	0
0.0033333333333328895	0.00806671109919932
0.008333333333332889	0.02030822689756113
0.015833333333332887	0.03898572761565505
0.027083333333332887	0.06769648080420632
0.04395833333333289	0.11203508297358061
0.06927083333333289	0.18106861867247437
0.10723958333333289	0.289300289591156
0.16419270833333288	0.46033658154554885
0.2496223958333329	0.7322012554503275
0.3496223958333329	1.0688960507050458
0.44962239583333286	1.421523379999851
0.5496223958333328	1.7872858423558413
0.6496223958333328	2.164094959446567
0.7496223958333328	2.550370193242497
0.8496223958333328	2.944817570912523
0.9496223958333327	3.346412002220626
1.0496223958333328	3.754203474574343
1.1000000000058208	3.9617520937183226
1000001.1	3.9617520937183226
