-100000	0
-0.0000000000000004440892098500626	0
0.09999999999999956	0.19325265178648607
0.19999999999999957	0.4298878409884409
0.2999999999999996	0.6765897105231913
0.3999999999999996	0.9454188969324936
0.49999999999999956	1.2156256610138727
0.5999999999999995	1.4934829407451815
0.6999999999999995	1.7904812239091847
0.7999999999999995	2.0859099290732397
0.8999999999999995	2.405800056778987
0.9999999999999994	2.734588533645376
1.0999999999999994	3.6667509004696153
1.1000000000058208	3.7683745321857387
1000001.1	3.7683745321857387
