-179769313486231570000000000000000000000000000000000000000000000000000000000000000000000000000000000000000000000000000000000000000000000000000000000000000000000000000000000000000000000000000000000000000000000000000000000000000000000000000000000000000000000000000000000000000000000000000000000000000000000000000	0
0.000000000047693121374884306	0
0.003333333381026455	0.00793620589531055
0.006666666714359788	0.016029908771260364
0.01166666671435979	0.02840867441123482
0.01916666671435979	0.04741736780984947
0.03041666671435979	0.07673797605764368
0.04729166671435979	0.12218709099021005
0.07260416671435979	0.19300900111563862
0.11057291671435979	0.30397722506908664
0.1675260417143598	0.478817363687491
0.2529557292143598	0.7557797369621135
0.3529557292143598	1.0976065909180541
0.4529557292143598	1.4548391740549476
0.5529557292143598	1.825070702259041
0.6529557292143597	2.206661884059326
0.7529557292143597	2.5984357135003453
0.8529557292143597	2.999527383554314
0.9529557292143597	3.4092975584973337
1.0529557292143596	3.827284909101957
1.1000000078661387	4.226925221888298
179769313486231570000000000000000000000000000000000000000000000000000000000000000000000000000000000000000000000000000000000000000000000000000000000000000000000000000000000000000000000000000000000000000000000000000000000000000000000000000000000000000000000000000000000000000000000000000000000000000000000000000	4.226925221888298
