-179769313486231570000000000000000000000000000000000000000000000000000000000000000000000000000000000000000000000000000000000000000000000000000000000000000000000000000000000000000000000000000000000000000000000000000000000000000000000000000000000000000000000000000000000000000000000000000000000000000000000000000	0
-0.00000000000000010125233989875384	0
0.0033333333333332325	0.007544029410579294
0.006666666666666566	0.015228413847107256
0.011666666666666565	0.026974114566021768
0.019166666666666565	0.04500427660149608
0.030416666666666564	0.0728153218295991
0.047291666666666565	0.11594028572929813
0.07260416666666657	0.18319087289764735
0.11057291666666658	0.2886857884823836
0.16752604166666657	0.4551628624646349
0.2529557291666666	0.7193930536661298
0.3529557291666666	1.0461660313493695
0.4529557291666666	1.3882596580768276
0.5529557291666666	1.7433065471346008
0.6529557291666666	2.109687082506606
0.7529557291666665	2.486237096102517
0.8529557291666665	2.8720998369214734
0.9529557291666665	3.266640344120621
1.0529557291666665	3.669399701995192
1.1000000078661387	4.054713627192599
179769313486231570000000000000000000000000000000000000000000000000000000000000000000000000000000000000000000000000000000000000000000000000000000000000000000000000000000000000000000000000000000000000000000000000000000000000000000000000000000000000000000000000000000000000000000000000000000000000000000000000000	4.054713627192599
