-179769313486231570000000000000000000000000000000000000000000000000000000000000000000000000000000000000000000000000000000000000000000000000000000000000000000000000000000000000000000000000000000000000000000000000000000000000000000000000000000000000000000000000000000000000000000000000000000000000000000000000000	0
0.000000007866138629353259	0
0.003333341199471963	0.0032197208054833004
0.0066666745328052964	0.0066482274364932994
0.011666674532805297	0.012049348837574986
0.019166674532805295	0.020587829512532123
0.030416674532805294	0.03415017780724717
0.04729167453280529	0.05581251316448686
0.0726041745328053	0.09062124031741749
0.11057292453280529	0.14690594288160835
0.1675260495328053	0.2384802207048157
0.25295573703280533	0.3883361902789779
0.35295573703280536	0.5787541545961927
0.45295573703280534	0.7823231121765324
0.5529557370328053	0.9970148504470435
0.6529557370328053	1.2214406233281225
0.7529557370328053	1.4545986571797758
0.8529557370328053	1.695751801656515
0.9529557370328052	1.9443596251250566
1.0529557370328053	2.20003851099105
1.1000000078661387	2.446091698669186
179769313486231570000000000000000000000000000000000000000000000000000000000000000000000000000000000000000000000000000000000000000000000000000000000000000000000000000000000000000000000000000000000000000000000000000000000000000000000000000000000000000000000000000000000000000000000000000000000000000000000000000	2.446091698669186
