-179769313486231570000000000000000000000000000000000000000000000000000000000000000000000000000000000000000000000000000000000000000000000000000000000000000000000000000000000000000000000000000000000000000000000000000000000000000000000000000000000000000000000000000000000000000000000000000000000000000000000000000	0
0.000000007866138629353259	0
0.003333341199471963	0.0027829879091709657
0.0066666745328052964	0.005789042778549952
0.011666674532805297	0.010559155423493697
0.019166674532805295	0.01814906280419249
0.030416674532805294	0.03027891034339858
0.04729167453280529	0.04976835033998116
0.0726041745328053	0.08126930152115618
0.11057292453280529	0.1324973862079311
0.1675260495328053	0.2163112361191243
0.25295573703280533	0.3542078025714073
0.35295573703280536	0.5302340748313743
0.45295573703280534	0.7190592615330005
0.5529557370328053	0.9187049149057939
0.6529557370328053	1.1278155391868012
0.7529557370328053	1.34541426124718
0.8529557370328053	1.570783139054133
0.9529557370328052	1.803397868988472
1.0529557370328053	2.0428887636267756
1.1000000078661387	2.2735634757496053
179769313486231570000000000000000000000000000000000000000000000000000000000000000000000000000000000000000000000000000000000000000000000000000000000000000000000000000000000000000000000000000000000000000000000000000000000000000000000000000000000000000000000000000000000000000000000000000000000000000000000000000	2.2735634757496053
