-100001.1	0
0	0
0.0033333333333334103	0.001166777693389337
0.008333333333333304	0.002923258935236355
0.015833333333333366	0.005572160175729742
0.027083333333333348	0.009579401003037728
0.04395833333333332	0.015720622627814717
0.06927083333333339	0.02524595106581918
0.1072395833333335	0.04017530486055976
0.16419270833333344	0.06384647180736802
0.24962239583333345	0.10183556855218483
0.34962239583333354	0.1497480015303853
0.44962239583333363	0.2011669761146498
0.5496223958333337	0.2558927553799935
0.6496223958333338	0.31366705778467685
0.7496223958333339	0.37435145428344857
0.849622395833334	0.43772742135477294
0.9496223958333339	0.5036979779833948
1.049622395833334	0.5720289887614648
1.149622395833334	0.6426597938753034
1.2496223958333341	0.7153882599177875
1.3496223958333342	0.7901858939429578
1.4496223958333343	0.8668921153573677
1.5496223958333344	0.9454112761572239
1.6496223958333345	1.0256518771020082
1.7496223958333346	1.1075017107603866
1.8496223958333347	1.1909200677252008
1.9496223958333347	1.2757897069844228
2.049622395833335	1.3619768005306352
2.149622395833335	1.4494762907020995
2.249622395833335	1.5382738715014612
2.349622395833335	1.6282134712631813
2.449622395833335	1.7193007517397065
2.5496223958333353	1.8114912070934173
2.6496223958333354	1.9046698378122393
2.7496223958333355	1.9988579816961232
2.8496223958333355	2.093989640415245
2.9496223958333356	2.1900137337804986
3.0496223958333353	2.2868978276896836
3.149622395833335	2.3845943614188663
3.2496223958333346	2.483080797940623
3.349622395833334	2.5822948395608747
3.449622395833334	2.6822581079019776
3.5496223958333335	2.782913044856071
3.649622395833333	2.884228194747523
3.749622395833333	2.9862188533087717
3.8496223958333324	3.088812045113916
3.949622395833332	3.1920002115452486
4.049622395833332	3.295800792154185
4.149622395833331	3.400188792646864
4.249622395833331	3.505108191998757
4.349622395833331	3.6105772276286356
4.44962239583333	3.716608808213128
4.54962239583333	3.8231679094849853
4.64962239583333	3.9302356971119594
4.749622395833329	4.037804721869875
4.849622395833329	4.145851705353096
4.9496223958333285	4.254358509728566
5.049622395833328	4.363345940521626
5.149622395833328	4.472828331955736
5.2496223958333275	4.574480072197962
5.349622395833327	4.662257390424398
5.449622395833327	4.750507395546545
5.549622395833326	4.839204627812948
5.649622395833326	4.928328364958825
5.749622395833326	5.0179006690149786
5.849622395833325	5.107920910063278
5.949622395833325	5.198338966609692
6.049622395833325	5.2891682299964335
6.149622395833324	5.380426837414183
6.249622395833324	5.47212598976859
6.3496223958333236	5.56422275735742
6.449622395833323	5.656694632854578
6.549622395833323	5.749560616667795
6.6496223958333225	5.842839626887054
6.749622395833322	5.93654736959918
6.849622395833322	6.030646553610125
6.949622395833321	6.125094835856619
7.049622395833321	6.219875994569689
7.149622395833321	6.315008542431827
7.24962239583332	6.4104997612892625
7.34962239583332	6.506313450210883
7.44962239583332	6.602432727285142
7.549622395833319	6.698850106796677
7.649622395833319	6.7955596220938785
7.749622395833319	6.892539513367741
7.849622395833318	6.989767009840968
7.949622395833318	7.087210808544736
8.049622395833318	7.184853324146927
8.149622395833317	7.282718362473538
8.249622395833317	7.380765111888301
8.349622395833316	7.478937416682449
8.449622395833316	7.577187201247075
8.549622395833316	7.675549249962906
8.55	7.675920887163651
1000008.55	7.675920887163651
