-100001.1	0
0	0
0.0033333333333334103	0.001352078966451178
0.008333333333333304	0.0033877224327495833
0.015833333333333366	0.006458341939633519
0.027083333333333348	0.011106487881697576
0.04395833333333332	0.018217436694562626
0.06927083333333339	0.029210235903678033
0.1072395833333335	0.046327119531501
0.16419270833333344	0.07326159943372731
0.24962239583333345	0.11625454731819747
0.34962239583333354	0.1703199003519923
0.44962239583333363	0.22817616941080568
0.5496223958333337	0.28959695813809955
0.6496223958333338	0.3543630615025718
0.7496223958333339	0.42233715835094493
0.849622395833334	0.49330822518191286
0.9496223958333339	0.5671650601125392
1.049622395833334	0.6436993107887838
1.149622395833334	0.7228319404587015
1.2496223958333341	0.804379672720159
1.3496223958333342	0.8883027095124365
1.4496223958333343	0.9744343584292771
1.5496223958333344	1.0626584752913313
1.6496223958333345	1.1528907827176544
1.7496223958333346	1.245035631826886
1.8496223958333347	1.3390137807327471
1.9496223958333347	1.4347325450216817
2.049622395833335	1.53210470680573
2.149622395833335	1.6310735310846167
2.249622395833335	1.7316200100100207
2.349622395833335	1.833620761822496
2.449622395833335	1.937051820312305
2.5496223958333353	2.041876609676372
2.6496223958333354	2.148000115949943
2.7496223958333355	2.255410633044236
2.8496223958333355	2.3640730508391443
2.9496223958333356	2.4739450164782735
3.0496223958333353	2.584989167655992
3.149622395833335	2.6971515019085284
3.2496223958333346	2.8104107419834587
3.349622395833334	2.92471715620498
3.449622395833334	3.040090233090326
3.5496223958333335	3.1564873686410433
3.649622395833333	3.273868428626061
3.749622395833333	3.392251772431945
3.8496223958333324	3.5115858740990338
3.949622395833332	3.6318567465752065
4.049622395833332	3.753079302729361
4.149622395833331	3.875240964719627
4.249622395833331	3.998297332630074
4.349622395833331	4.122253080104992
4.44962239583333	4.24710455723781
4.54962239583333	4.372801284698302
4.64962239583333	4.499354997072898
4.749622395833329	4.626791635865
4.849622395833329	4.755109375643238
4.9496223958333285	4.884260831015473
5.049622395833328	5.014255347509566
5.149622395833328	5.145118385738211
5.2496223958333275	5.256986810369706
5.349622395833327	5.335360360099942
5.449622395833327	5.41457122175952
5.549622395833326	5.494600887389271
5.649622395833326	5.575435058098414
5.749622395833326	5.657100178197961
5.849622395833325	5.739606842288155
5.949622395833325	5.822905780619458
6.049622395833325	5.9069899922639895
6.149622395833324	5.991860198321949
6.249622395833324	6.077529165530436
6.3496223958333236	6.16398056396421
6.449622395833323	6.2511755918593055
6.549622395833323	6.3391028872560415
6.6496223958333225	6.427771677746224
6.749622395833322	6.517190734659051
6.849622395833322	6.60732835165554
6.949622395833321	6.698191541201999
7.049622395833321	6.7897621347344375
7.149622395833321	6.881988390886196
7.24962239583332	6.974859326484767
7.34962239583332	7.06834669073013
7.44962239583332	7.162390110241546
7.549622395833319	7.257009839786545
7.649622395833319	7.352171301459486
7.749622395833319	7.447789497138022
7.849622395833318	7.543907266193852
7.949622395833318	7.640512329821414
8.049622395833318	7.737496501869079
8.149622395833317	7.834840040143522
8.249622395833317	7.9325095863039055
8.349622395833316	8.030441184726211
8.449622395833316	8.128623661237754
8.549622395833316	8.2269760236189
8.55	8.227347589924628
1000008.55	8.227347589924628
