-179769313486231570000000000000000000000000000000000000000000000000000000000000000000000000000000000000000000000000000000000000000000000000000000000000000000000000000000000000000000000000000000000000000000000000000000000000000000000000000000000000000000000000000000000000000000000000000000000000000000000000000	0
0.003052734375000643	0
0.006386067708334053	0.0017881784746579068
0.009719401041667464	0.003583106643885203
0.014719401041667357	0.006285595264019514
0.02221940104166742	0.01035733516207571
0.0334694010416674	0.016496296296937496
0.050344401041667375	0.025759481269517326
0.07565690104166745	0.039757108448115586
0.11362565104166755	0.06098139449435935
0.1705787760416675	0.09343481330908043
0.2560084635416675	0.1439722694706876
0.3560084635416676	0.2066942082890013
0.4560084635416677	0.2735544709465628
0.5560084635416678	0.344307914658192
0.6560084635416679	0.41863986660185293
0.756008463541668	0.49627725556870944
0.856008463541668	0.5769828187672723
0.9560084635416679	0.6605488068859258
1.056008463541668	0.7467925370971507
1.156008463541668	0.8355525870207069
1.2560084635416682	0.926685850022179
1.3560084635416683	1.0200651671567058
1.4560084635416684	1.1155769890532432
1.5560084635416684	1.213119855079376
1.6560084635416685	1.3126026831811988
1.7560084635416686	1.4139417264592975
1.8560084635416687	1.5170672433780426
1.9560084635416688	1.621914804612981
2.056008463541669	1.7284262363050942
2.156008463541669	1.83654960096266
2.256008463541669	1.946238632686432
2.356008463541669	2.057452136298743
2.4560084635416692	2.1701536337483947
2.5560084635416693	2.2843108881381697
2.6560084635416694	2.399895414523302
2.7560084635416695	2.5168823517563084
2.8560084635416696	2.635250148866484
2.9560084635416697	2.7549802747556997
3.0560084635416693	2.876056956878348
3.156008463541669	2.9984669705041465
3.2560084635416686	3.1221994453188144
3.3560084635416683	3.2472456704532346
3.456008463541668	3.3735989300441913
3.5560084635416676	3.5012543157155958
3.656008463541667	3.630208636921459
3.756008463541667	3.7604602253864257
3.8560084635416665	3.8920088515782116
3.956008463541666	4.0248555845026655
4.056008463541666	4.159002637841632
4.156008463541665	4.29445335687029
4.256008463541665	4.431212001725766
4.356008463541665	4.569283722401566
4.456008463541664	4.7086743886362
4.556008463541664	4.849390628610951
4.656008463541664	4.991439691353207
4.756008463541663	5.1348293247541505
4.856008463541663	5.27956773944588
4.956008463541663	5.425663542415324
5.056008463541662	5.573125576692331
5.156008463541662	5.721962797549312
5.2560084635416615	5.831629499845292
5.356008463541661	5.881745221591653
5.456008463541661	5.933264091662574
5.5560084635416604	5.986195457595547
5.65600846354166	6.040548587160475
5.75600846354166	6.096332704505623
5.856008463541659	6.153556072468543
5.956008463541659	6.212227638398037
6.056008463541659	6.272355699444387
6.156008463541658	6.333948232546719
6.256008463541658	6.397012817076654
6.356008463541658	6.461556599221115
6.456008463541657	6.527586273154975
6.556008463541657	6.595108056940013
6.6560084635416565	6.664127614184171
6.756008463541656	6.734650059347116
6.856008463541656	6.80667996243486
6.9560084635416555	6.8802213803663825
7.056008463541655	6.955277835614837
7.156008463541655	7.031852336279492
7.256008463541654	7.10994740997569
7.356008463541654	7.189565140334377
7.456008463541654	7.270707198813975
7.556008463541653	7.35337499111657
7.656008463541653	7.437569676327617
7.756008463541653	7.523292340882127
7.856008463541652	7.6105441388673585
7.956008463541652	7.699326494909963
8.056008463541652	7.789641327425627
8.156008463541651	7.881491310692406
8.25600846354165	7.9748800669331095
8.35600846354165	8.069813226925021
8.45600846354165	8.16629837982495
8.553052734375001	8.357305926323777
179769313486231570000000000000000000000000000000000000000000000000000000000000000000000000000000000000000000000000000000000000000000000000000000000000000000000000000000000000000000000000000000000000000000000000000000000000000000000000000000000000000000000000000000000000000000000000000000000000000000000000000	8.357305926323777
