-179769313486231570000000000000000000000000000000000000000000000000000000000000000000000000000000000000000000000000000000000000000000000000000000000000000000000000000000000000000000000000000000000000000000000000000000000000000000000000000000000000000000000000000000000000000000000000000000000000000000000000000	0
0.003052734375000643	0
0.006386067708334053	0.0018382691389822697
0.009719401041667464	0.0036851364389926047
0.014719401041667357	0.006470790262108389
0.02221940104166742	0.010681983484120555
0.0334694010416674	0.017066603872247482
0.050344401041667375	0.026780913953370747
0.07565690104166745	0.041621515343724186
0.11362565104166755	0.06439331083513392
0.1705787760416675	0.09949572569888163
0.2560084635416675	0.15390219683918632
0.3560084635416676	0.2199486346376866
0.4560084635416677	0.2884787955056383
0.5560084635416678	0.35960682241128056
0.6560084635416679	0.4335043271970374
0.756008463541668	0.5103200800501917
0.856008463541668	0.5901357678557473
0.9560084635416679	0.6729603602785501
1.056008463541668	0.7587451403848737
1.156008463541668	0.8473858866229143
1.2560084635416682	0.9387598547688476
1.3560084635416683	1.0327524861071304
1.4560084635416684	1.1292588071679983
1.5560084635416684	1.2281825312210959
1.6560084635416685	1.3294335553126884
1.7560084635416686	1.4329343083684023
1.8560084635416687	1.5386143773595686
1.9560084635416688	1.646409318886788
2.056008463541669	1.7562614607698002
2.156008463541669	1.868119150363712
2.256008463541669	1.9819373696583875
2.356008463541669	2.097676585063273
2.4560084635416692	2.215302759924555
2.5560084635416693	2.334786944523453
2.6560084635416694	2.4561050696842948
2.7560084635416695	2.57923767109432
2.8560084635416696	2.7041695921707096
2.9560084635416697	2.830889766384418
3.0560084635416693	2.959390774514962
3.156008463541669	3.0896691135174947
3.2560084635416686	3.2217244973287946
3.3560084635416683	3.3555596704719233
3.456008463541668	3.491180727353107
3.5560084635416676	3.6285963273423087
3.656008463541667	3.767817640387252
3.756008463541667	3.908858791914664
3.8560084635416665	4.051735209871704
3.956008463541666	4.196465189858664
4.056008463541666	4.343069053756626
4.156008463541665	4.491568069740688
4.256008463541665	4.641985972287981
4.356008463541665	4.79434791116874
4.456008463541664	4.948679670856124
4.556008463541664	5.105009169958522
4.656008463541664	5.263365068981238
4.756008463541663	5.4237766150725095
4.856008463541663	5.586274712317788
4.956008463541663	5.750890496941528
5.056008463541662	5.917655564920961
5.156008463541662	6.0866028102227965
5.2560084635416615	6.2017481181354395
5.356008463541661	6.234961037391678
5.456008463541661	6.27045613145315
5.5560084635416604	6.308266093309459
5.65600846354166	6.348424917068334
5.75600846354166	6.390967086740366
5.856008463541659	6.43592574822452
5.956008463541659	6.483334510561752
6.056008463541659	6.5332273452820635
6.156008463541658	6.5856374325845755
6.256008463541658	6.640597594333613
6.356008463541658	6.698140949900643
6.456008463541657	6.758298915466274
6.556008463541657	6.821103591682362
6.6560084635416565	6.886586633426066
6.756008463541656	6.954779200749394
6.856008463541656	7.025711310917777
6.9560084635416555	7.0994135698086565
7.056008463541655	7.175915469980106
7.156008463541655	7.255245076446623
7.256008463541654	7.337431521006434
7.356008463541654	7.422501860570122
7.456008463541654	7.510484225788651
7.556008463541653	7.601405478838205
7.656008463541653	7.6952919851913935
7.756008463541653	7.792168755210585
7.856008463541652	7.892062152367737
7.956008463541652	7.994997412575188
8.056008463541652	8.100999438777121
8.156008463541651	8.210092814772613
8.25600846354165	8.322301729314018
8.35600846354165	8.437650273708472
8.45600846354165	8.556163517221961
8.553052734375001	8.793799381869492
179769313486231570000000000000000000000000000000000000000000000000000000000000000000000000000000000000000000000000000000000000000000000000000000000000000000000000000000000000000000000000000000000000000000000000000000000000000000000000000000000000000000000000000000000000000000000000000000000000000000000000000	8.793799381869492
