-100001.1	0
0	0
0.0033333333333334103	0.0013404476511038649
0.008333333333333304	0.003363238591905494
0.015833333333333366	0.006424830755495509
0.027083333333333348	0.01107939833928825
0.04395833333333332	0.018207820293181357
0.06927083333333339	0.029212122640472193
0.1072395833333335	0.04635983915008283
0.16419270833333344	0.07342377983077118
0.24962239583333345	0.1168538065992935
0.34962239583333354	0.1717986887207751
0.44962239583333363	0.23089463185867543
0.5496223958333337	0.29386369017379155
0.6496223958333338	0.36046969426864783
0.7496223958333339	0.43046207667781766
0.849622395833334	0.5036190093049532
0.9496223958333339	0.5797365239038552
1.049622395833334	0.6586480481352764
1.149622395833334	0.7401635748791846
1.2496223958333341	0.8241724689693762
1.3496223958333342	0.9105396061947834
1.4496223958333343	0.999117177070917
1.5496223958333344	1.0898665504573597
1.6496223958333345	1.1826505701330527
1.7496223958333346	1.277440190053095
1.8496223958333347	1.3741317780656888
1.9496223958333347	1.472705419624238
2.049622395833335	1.5730851278156641
2.149622395833335	1.6752719359354857
2.249622395833335	1.7792130169194327
2.349622395833335	1.884898945450849
2.449622395833335	1.9923344653425328
2.5496223958333353	2.101522489983
2.6496223958333354	2.208929075489763
2.7496223958333355	2.312720743556732
2.8496223958333355	2.4183046053768207
2.9496223958333356	2.5256783366921645
3.0496223958333353	2.6348454587653647
3.149622395833335	2.745887083131745
3.2496223958333346	2.858821472201156
3.349622395833334	2.9737217666068636
3.449622395833334	3.0906530699198367
3.5496223958333335	3.209601254304438
3.649622395833333	3.3305888326577477
3.749622395833333	3.453744128257191
3.8496223958333324	3.579081132610615
3.949622395833332	3.706655140586576
4.049622395833332	3.836552712603545
4.149622395833331	3.968843200849179
4.249622395833331	4.103575344024083
4.349622395833331	4.240846842650478
4.44962239583333	4.380688492972889
4.54962239583333	4.523222029691902
4.64962239583333	4.6684735304763905
4.749622395833329	4.816540799184139
4.849622395833329	4.967448718854335
4.9496223958333285	5.1212932263778965
5.049622395833328	5.278152268330616
5.149622395833328	5.438065608614293
5.2496223958333275	5.553450092632808
5.349622395833327	5.5894979370129985
5.449622395833327	5.628843465668923
5.549622395833326	5.671535845333981
5.649622395833326	5.717643543731552
5.749622395833326	5.767248625757439
5.849622395833325	5.820352464845336
5.949622395833325	5.877033336682197
6.049622395833325	5.937344522921817
6.149622395833324	6.001355152986953
6.249622395833324	6.069119583628855
6.3496223958333236	6.1406687484854485
6.449622395833323	6.216010208737418
6.549622395833323	6.295186589662447
6.6496223958333225	6.378253013404626
6.749622395833322	6.465185562866018
6.849622395833322	6.556007541207764
6.949622395833321	6.650727606466351
7.049622395833321	6.749334216678059
7.149622395833321	6.851882064216297
7.24962239583332	6.958356162510409
7.34962239583332	7.068678754862173
7.44962239583332	7.182769437234741
7.549622395833319	7.300617901677951
7.649622395833319	7.422264256719614
7.749622395833319	7.547584619081641
7.849622395833318	7.676560446939107
7.949622395833318	7.809073840786353
8.049622395833318	7.945100703288367
8.149622395833317	8.0845328573047
8.249622395833317	8.22726876278832
8.349622395833316	8.373240690640763
8.449622395833316	8.522342574726236
8.549622395833316	8.674472034723685
8.55	8.675052315266019
1000008.55	8.675052315266019
