-179769313486231570000000000000000000000000000000000000000000000000000000000000000000000000000000000000000000000000000000000000000000000000000000000000000000000000000000000000000000000000000000000000000000000000000000000000000000000000000000000000000000000000000000000000000000000000000000000000000000000000000	0
0.003052734375000643	0
0.006386067708334053	0.0017630594299490306
0.009719401041667464	0.003531121556058124
0.014719401041667357	0.006192574672870976
0.02221940104166742	0.010205752725221374
0.0334694010416674	0.016272340607762184
0.050344401041667375	0.02547461870410033
0.07565690104166745	0.039504317986536225
0.11362565104166755	0.06103822206558668
0.1705787760416675	0.09438147991934934
0.2560084635416675	0.14657222145894808
0.3560084635416676	0.21069074151139683
0.4560084635416677	0.27777077344417245
0.5560084635416678	0.34755023065011087
0.6560084635416679	0.4198086631435498
0.756008463541668	0.49435677203567474
0.856008463541668	0.5710305197640899
0.9560084635416679	0.6496887118779296
1.056008463541668	0.7302133825467099
1.156008463541668	0.8125125421015224
1.2560084635416682	0.8965250794323331
1.3560084635416683	0.9822276370704349
1.4560084635416684	1.069643455167126
1.5560084635416684	1.1588534319375272
1.6560084635416685	1.2500382833218149
1.7560084635416686	1.3434604008313364
1.8560084635416687	1.439288459241714
1.9560084635416688	1.5375210473554526
2.056008463541669	1.6381057398228525
2.156008463541669	1.7409982420530132
2.256008463541669	1.8461627997192758
2.356008463541669	1.9535714627047693
2.4560084635416692	2.063203584907963
2.5560084635416693	2.1750452620004643
2.6560084635416694	2.27846364607374
2.7560084635416695	2.3699720145145706
2.8560084635416696	2.4636837283626236
2.9560084635416697	2.5596071001723293
3.0560084635416693	2.6577546215843144
3.156008463541669	2.7581430997004195
3.2560084635416686	2.8607927989646047
3.3560084635416683	2.9657273203886296
3.456008463541668	3.072973276804506
3.5560084635416676	3.1825598383828932
3.656008463541667	3.2945185004478246
3.756008463541667	3.4088829296743524
3.8560084635416665	3.5256883661794767
3.956008463541666	3.6449717410269575
4.056008463541666	3.7667714012965456
4.156008463541665	3.8911262597451772
4.256008463541665	4.0180768691389455
4.356008463541665	4.147663808394285
4.456008463541664	4.279928446699974
4.556008463541664	4.41491281111735
4.656008463541664	4.552658452579722
4.756008463541663	4.693207750406007
4.856008463541663	4.836602686475023
4.956008463541663	4.9828850327699445
5.056008463541662	5.132096735613302
5.156008463541662	5.284279134665852
5.2560084635416615	5.393939744180563
5.356008463541661	5.438226336955588
5.456008463541661	5.485605723333901
5.5560084635416604	5.53611744952992
5.65600846354166	5.589800870257235
5.75600846354166	5.646695000005008
5.856008463541659	5.706837590195052
5.956008463541659	5.77026675043655
6.056008463541659	5.837019956315709
6.156008463541658	5.9071333584130645
6.256008463541658	5.980644099438261
6.356008463541658	6.057588129455376
6.456008463541657	6.138000526518817
6.556008463541657	6.221918003287118
6.6560084635416565	6.309375148368003
6.756008463541656	6.400407547066667
6.856008463541656	6.4950511452167605
6.9560084635416555	6.593340248879845
7.056008463541655	6.695311838067211
7.156008463541655	6.8010014364377485
7.256008463541654	6.910445007764288
7.356008463541654	7.023681075622921
7.456008463541654	7.140746125114327
7.556008463541653	7.26167949968595
7.656008463541653	7.386521524343026
7.756008463541653	7.515311638406699
7.856008463541652	7.6480937424064885
7.956008463541652	7.784911150716801
8.056008463541652	7.925808163839746
8.156008463541651	8.07083419666077
8.25600846354165	8.220037206280033
8.35600846354165	8.373468650739959
8.45600846354165	8.531184434127375
8.553052734375001	8.847640225985828
179769313486231570000000000000000000000000000000000000000000000000000000000000000000000000000000000000000000000000000000000000000000000000000000000000000000000000000000000000000000000000000000000000000000000000000000000000000000000000000000000000000000000000000000000000000000000000000000000000000000000000000	8.847640225985828
