-100001.1	0
0	0
0.0033333333333334103	0.0012999667209258208
0.008333333333333304	0.0032622843030110896
0.015833333333333366	0.006233858038589017
0.027083333333333348	0.010753801044825723
0.04395833333333332	0.017670979977980245
0.06927083333333339	0.028349261286731514
0.1072395833333335	0.04498241090720402
0.16419270833333344	0.07121698024618214
0.24962239583333345	0.11332659131323893
0.34962239583333354	0.16656896613562536
0.44962239583333363	0.22376949995363454
0.5496223958333337	0.28463270033062305
0.6496223958333338	0.3489008744553802
0.7496223958333339	0.4162839193159946
0.849622395833334	0.4865054110186966
0.9496223958333339	0.5594459554875643
1.049622395833334	0.6348544459835878
1.149622395833334	0.7126043356666172
1.2496223958333341	0.7925318990002513
1.3496223958333342	0.8744807035385199
1.4496223958333343	0.9583292643495707
1.5496223958333344	1.0439975160433592
1.6496223958333345	1.1314133930064993
1.7496223958333346	1.2204829216266297
1.8496223958333347	1.3111119846740267
1.9496223958333347	1.4033324307258832
2.049622395833335	1.49708218178084
2.149622395833335	1.5923134009816826
2.249622395833335	1.6890552042274491
2.349622395833335	1.7873284991051344
2.449622395833335	1.8871088699374297
2.5496223958333353	1.9884150961029283
2.6496223958333354	2.0627181234772975
2.7496223958333355	2.095103240589137
2.8496223958333355	2.129140571674053
2.9496223958333356	2.1648552358260646
3.0496223958333353	2.202267043037768
3.149622395833335	2.2414680595295966
3.2496223958333346	2.282526021971028
3.349622395833334	2.325504260664998
3.449622395833334	2.370512992601218
3.5496223958333335	2.4176145426412945
3.649622395833333	2.466834676034468
3.749622395833333	2.5183414980354377
3.8496223958333324	2.5721858510032396
3.949622395833332	2.6284192070960595
4.049622395833332	2.6872301974564525
4.149622395833331	2.7486451932826945
4.249622395833331	2.81276488119988
4.349622395833331	2.879767002629301
4.44962239583333	2.949656996662681
4.54962239583333	3.022616814657812
4.64962239583333	3.098771488536344
4.749622395833329	3.1781325553130815
4.849622395833329	3.2608912615008836
4.9496223958333285	3.3471063925073317
5.049622395833328	3.436923078213565
5.149622395833328	3.5304888746131446
5.2496223958333275	3.6039810309057545
5.349622395833327	3.640166766108207
5.449622395833327	3.680394933455729
5.549622395833326	3.72485384229531
5.649622395833326	3.7736189760267655
5.749622395833326	3.8267257147501277
5.849622395833325	3.884336546368316
5.949622395833325	3.9465560136137743
6.049622395833325	4.013530502071346
6.149622395833324	4.085293544960702
6.249622395833324	4.161970471765066
6.3496223958333236	4.243574791003927
6.449622395833323	4.330248270552699
6.549622395833323	4.422130233887141
6.6496223958333225	4.5192224900897235
6.749622395833322	4.621587573355165
6.849622395833322	4.7293248265470265
6.949622395833321	4.842467896635997
7.049622395833321	4.961012822994596
7.149622395833321	5.08500252998158
7.24962239583332	5.214448604096531
7.34962239583332	5.349347473709336
7.44962239583332	5.489684716359378
7.549622395833319	5.635412197955416
7.649622395833319	5.786499855308547
7.749622395833319	5.94289892464337
7.849622395833318	6.104510678574721
7.949622395833318	6.271209035255426
8.049622395833318	6.442994036258093
8.149622395833317	6.619695385231762
8.249622395833317	6.801233331426375
8.349622395833316	6.987455390834071
8.449622395833316	7.178272397502948
8.549622395833316	7.373517263829952
8.55	7.3742629246016635
1000008.55	7.3742629246016635
