-179769313486231570000000000000000000000000000000000000000000000000000000000000000000000000000000000000000000000000000000000000000000000000000000000000000000000000000000000000000000000000000000000000000000000000000000000000000000000000000000000000000000000000000000000000000000000000000000000000000000000000000	0
0.003052734375000643	0
0.006386067708334053	0.001634510192576783
0.009719401041667464	0.0032726769521962476
0.014719401041667357	0.005736782002631992
0.02221940104166742	0.009448359609730436
0.0334694010416674	0.015050409216798077
0.050344401041667375	0.023531382440279913
0.07565690104166745	0.03642390861467461
0.11362565104166755	0.05614196548318026
0.1705787760416675	0.08654647694040843
0.2560084635416675	0.13393774962603458
0.3560084635416676	0.19198458184545897
0.4560084635416677	0.25263463618374116
0.5560084635416678	0.31572124798800927
0.6560084635416679	0.3810884705793331
0.756008463541668	0.44858863818355355
0.856008463541668	0.5180809752775668
0.9560084635416679	0.58943045407227
1.056008463541668	0.6625074133530935
1.156008463541668	0.7371876859937454
1.2560084635416682	0.8133530429253945
1.3560084635416683	0.8908920088555561
1.4560084635416684	0.9697009457474081
1.5560084635416684	1.0496854794769157
1.6560084635416685	1.1307621789906321
1.7560084635416686	1.2128605671639434
1.8560084635416687	1.295925377810867
1.9560084635416688	1.3799190281300322
2.056008463541669	1.4648244714850813
2.156008463541669	1.550648329876352
2.256008463541669	1.637424276542628
2.356008463541669	1.7252169402649076
2.4560084635416692	1.8141262463486167
2.5560084635416693	1.9042922671450093
2.6560084635416694	1.962293303067355
2.7560084635416695	1.9773015901101558
2.8560084635416696	1.9940829313936423
2.9560084635416697	2.012710172482148
3.0560084635416693	2.033259162807027
3.156008463541669	2.055841045050455
3.2560084635416686	2.0805743694099212
3.3560084635416683	2.1075825985243655
3.456008463541668	2.1369923062219063
3.5560084635416676	2.1689315356532703
3.656008463541667	2.203528491907813
3.756008463541667	2.240910398966469
3.8560084635416665	2.2812024743947124
3.956008463541666	2.324527077944512
4.056008463541666	2.3710031692102476
4.156008463541665	2.4207457062917737
4.256008463541665	2.473865187615339
4.356008463541665	2.5304672958168593
4.456008463541664	2.59065278749257
4.556008463541664	2.654517219404966
4.656008463541664	2.72215082769006
4.756008463541663	2.7936387507353793
4.856008463541663	2.8690608127562025
4.956008463541663	2.9484915248560872
5.056008463541662	3.0320006067812786
5.156008463541662	3.1196527871026265
5.2560084635416615	3.1881501330540125
5.356008463541661	3.2258045907531945
5.456008463541661	3.2677695679570067
5.5560084635416604	3.3140930541594136
5.65600846354166	3.3648190645531124
5.75600846354166	3.4199888273302412
5.856008463541659	3.47964058659143
5.956008463541659	3.54381005340785
6.056008463541659	3.612531146092867
6.156008463541658	3.685835730802878
6.256008463541658	3.7637548015004865
6.356008463541658	3.846318227096288
6.456008463541657	3.933555623971417
6.556008463541657	4.025496500298881
6.6560084635416565	4.122170902512543
6.756008463541656	4.223609748811308
6.856008463541656	4.329845665045506
6.9560084635416555	4.4409122310297455
7.056008463541655	4.556846493431916
7.156008463541655	4.677686682493736
7.256008463541654	4.803476095710754
7.356008463541654	4.934259391707564
7.456008463541654	5.070087913181718
7.556008463541653	5.211014707687779
7.656008463541653	5.357100968115514
7.756008463541653	5.508409832610122
7.856008463541652	5.665014410899538
7.956008463541652	5.826989588750161
8.056008463541652	5.99442230546389
8.156008463541651	6.167401101926969
8.25600846354165	6.3460280274773195
8.35600846354165	6.530407728242704
8.45600846354165	6.720659291648189
8.553052734375001	7.104226956620691
179769313486231570000000000000000000000000000000000000000000000000000000000000000000000000000000000000000000000000000000000000000000000000000000000000000000000000000000000000000000000000000000000000000000000000000000000000000000000000000000000000000000000000000000000000000000000000000000000000000000000000000	7.104226956620691
