-179769313486231570000000000000000000000000000000000000000000000000000000000000000000000000000000000000000000000000000000000000000000000000000000000000000000000000000000000000000000000000000000000000000000000000000000000000000000000000000000000000000000000000000000000000000000000000000000000000000000000000000	0
5.213	0
5.216333333333333	0.0031406027162721104
5.219666666666666	0.0062820271546309946
5.224666666666666	0.010995693821359849
5.232166666666666	0.018069615248379772
5.243416666666667	0.02868819544859646
5.260291666666666	0.04463336911492975
5.285604166666666	0.06858994430141044
5.3235729166666665	0.10460972255992806
5.380526041666666	0.1588216667001497
5.465955729166666	0.24052495798065604
5.5659557291666655	0.3366991633396672
5.665955729166665	0.43338932035570593
5.765955729166665	0.5305335067828958
5.865955729166664	0.6280723097421259
5.965955729166664	0.7259493461503642
6.065955729166664	0.8241122038462072
6.165955729166663	0.9225119857169116
6.265955729166663	1.0211024831784226
6.365955729166663	1.1198409485939023
6.465955729166662	1.2186887613711088
6.565955729166662	1.3176108046436137
6.665955729166662	1.4165749462211794
6.765955729166661	1.5155529345653918
6.865955729166661	1.6145206050290994
6.9659557291666605	1.7134573582666313
7.06595572916666	1.8123459628707905
7.16595572916666	1.9111733119917298
7.265955729166659	2.0099301989032905
7.365955729166659	2.1086111164250405
7.465955729166659	2.207214340466593
7.565955729166658	2.3057421335209325
7.665955729166658	2.4042004917203954
7.765955729166658	2.5025992058480724
7.865955729166657	2.6009521355414713
7.965955729166657	2.6992766382634197
8.065955729166657	2.7975936202601037
8.165955729166656	2.895927807501861
8.265955729166656	2.9943079592370276
8.365955729166656	3.0927656546201914
8.465955729166655	3.19133571562636
8.55	3.3573096761640335
179769313486231570000000000000000000000000000000000000000000000000000000000000000000000000000000000000000000000000000000000000000000000000000000000000000000000000000000000000000000000000000000000000000000000000000000000000000000000000000000000000000000000000000000000000000000000000000000000000000000000000000	3.3573096761640335
