-179769313486231570000000000000000000000000000000000000000000000000000000000000000000000000000000000000000000000000000000000000000000000000000000000000000000000000000000000000000000000000000000000000000000000000000000000000000000000000000000000000000000000000000000000000000000000000000000000000000000000000000	0
5.213	0
5.216333333333333	0.0030279610008786336
5.219666666666666	0.006056812823640419
5.224666666666666	0.010601750813569715
5.232166666666666	0.01742287996446996
5.243416666666667	0.02766295494916022
5.260291666666666	0.04304176416391129
5.285604166666666	0.06615151911036529
5.3235729166666665	0.10090783484148506
5.380526041666666	0.15324263999631907
5.465955729166666	0.23217593706834003
5.5659557291666655	0.3251895425443054
5.665955729166665	0.418821557857094
5.765955729166665	0.5130234016413987
5.865955729166664	0.6077487275442646
5.965955729166664	0.7029530141065672
6.065955729166664	0.7985939291247766
6.165955729166663	0.8946312856385493
6.265955729166663	0.9910270127784484
6.365955729166663	1.0877451534836775
6.465955729166662	1.1847519941962572
6.565955729166662	1.2820157319908045
6.665955729166662	1.3795066769083952
6.765955729166661	1.4771963545502254
6.865955729166661	1.5750606144497992
6.9659557291666605	1.673075816548247
7.06595572916666	1.7712205795724334
7.16595572916666	1.8694756372719763
7.265955729166659	1.9678234785752948
7.365955729166659	2.066248665970788
7.465955729166659	2.164737697701655
7.565955729166658	2.2632787341925362
7.665955729166658	2.361861904454758
7.765955729166658	2.460479325646959
7.865955729166657	2.559124840341898
7.965955729166657	2.657793697671786
8.065955729166657	2.7564823314956617
8.165955729166656	2.8551883175797936
8.265955729166656	2.9539112987100675
8.365955729166656	3.0526519024656475
8.465955729166655	3.1514108629484197
8.55	3.3174568810762963
179769313486231570000000000000000000000000000000000000000000000000000000000000000000000000000000000000000000000000000000000000000000000000000000000000000000000000000000000000000000000000000000000000000000000000000000000000000000000000000000000000000000000000000000000000000000000000000000000000000000000000000	3.3174568810762963
