-179769313486231570000000000000000000000000000000000000000000000000000000000000000000000000000000000000000000000000000000000000000000000000000000000000000000000000000000000000000000000000000000000000000000000000000000000000000000000000000000000000000000000000000000000000000000000000000000000000000000000000000	0
5.213	0
5.216333333333333	0.0031640310597133964
5.219666666666666	0.006328461373101658
5.224666666666666	0.011075843520412017
5.232166666666666	0.018198537555927225
5.243416666666667	0.02888609269090963
5.260291666666666	0.0449252838330041
5.285604166666666	0.06900226435941259
5.3235729166666665	0.10515758229989557
5.380526041666666	0.15947818429505267
5.465955729166666	0.2411479798763792
5.5659557291666655	0.3370179122791415
5.665955729166665	0.43316134054110617
5.765955729166665	0.5295562197483235
5.865955729166664	0.626186525922498
5.965955729166664	0.7230336244168327
6.065955729166664	0.820082213143335
6.165955729166663	0.9173162172400002
6.265955729166663	1.01472039868246
6.365955729166663	1.1122803682913285
6.465955729166662	1.2099825751323692
6.565955729166662	1.3078142881089243
6.665955729166662	1.4057635854834765
6.765955729166661	1.5038193270092997
6.865955729166661	1.6019711448657312
6.9659557291666605	1.7002093940415017
7.06595572916666	1.7985251402048885
7.16595572916666	1.8969101720660333
7.265955729166659	1.9953569247772642
7.365955729166659	2.093858449412686
7.465955729166659	2.192408406485476
7.565955729166658	2.2910009998577796
7.665955729166658	2.3896309394845736
7.765955729166658	2.4882934143201143
7.865955729166657	2.586984035477762
7.965955729166657	2.6856987808435395
8.065955729166657	2.7844339427842173
8.165955729166656	2.8831860664755817
8.265955729166656	2.98195191025904
8.365955729166656	3.0807283850675327
8.465955729166655	3.1795124767280374
8.55	3.345565846378659
179769313486231570000000000000000000000000000000000000000000000000000000000000000000000000000000000000000000000000000000000000000000000000000000000000000000000000000000000000000000000000000000000000000000000000000000000000000000000000000000000000000000000000000000000000000000000000000000000000000000000000000	3.345565846378659
