-179769313486231570000000000000000000000000000000000000000000000000000000000000000000000000000000000000000000000000000000000000000000000000000000000000000000000000000000000000000000000000000000000000000000000000000000000000000000000000000000000000000000000000000000000000000000000000000000000000000000000000000	0
5.213	0
5.216333333333333	0.0032131585265953925
5.219666666666666	0.006426480089458173
5.224666666666666	0.011246764606003046
5.232166666666666	0.018477860602295088
5.243416666666667	0.029325974379471598
5.260291666666666	0.04560133580410261
5.285604166666666	0.07002116699807653
5.3235729166666665	0.10666649389529123
5.380526041666666	0.16167221527285142
5.465955729166666	0.2442604354500692
5.5659557291666655	0.3410522772751343
5.665955729166665	0.437966135627978
5.765955729166665	0.5349968351391979
5.865955729166664	0.6321394761998723
5.965955729166664	0.7293894305505445
6.065955729166664	0.8267423203930284
6.165955729166663	0.9241940097562822
6.265955729166663	1.0217405601377734
6.365955729166663	1.1193782343534646
6.465955729166662	1.217103505709928
6.565955729166662	1.314912980463892
6.665955729166662	1.4128033891712344
6.765955729166661	1.5107716116086118
6.865955729166661	1.6088146049536294
6.9659557291666605	1.706929377773452
7.06595572916666	1.8051130023540138
7.16595572916666	1.9033625418225408
7.265955729166659	2.001675031884179
7.365955729166659	2.100047468609697
7.465955729166659	2.1984767441911246
7.565955729166658	2.296959652900575
7.665955729166658	2.395492806271795
7.765955729166658	2.4940726247879423
7.865955729166657	2.5926953201753515
7.965955729166657	2.6913568280461435
8.065955729166657	2.790052752758859
8.165955729166656	2.8887783620103584
8.265955729166656	2.9875285163197125
8.365955729166656	3.08629765860243
8.465955729166655	3.18507975574194
8.55	3.3511329504353835
179769313486231570000000000000000000000000000000000000000000000000000000000000000000000000000000000000000000000000000000000000000000000000000000000000000000000000000000000000000000000000000000000000000000000000000000000000000000000000000000000000000000000000000000000000000000000000000000000000000000000000000	3.3511329504353835
