-179769313486231570000000000000000000000000000000000000000000000000000000000000000000000000000000000000000000000000000000000000000000000000000000000000000000000000000000000000000000000000000000000000000000000000000000000000000000000000000000000000000000000000000000000000000000000000000000000000000000000000000	0
5.213	0
5.216333333333333	0.003221653390661064
5.219666666666666	0.006443424831878944
5.224666666666666	0.011276303183121299
5.232166666666666	0.018526117974028426
5.243416666666667	0.029401957613510964
5.260291666666666	0.045718226647716464
5.285604166666666	0.07019807727226533
5.3235729166666665	0.10692948746260642
5.380526041666666	0.16205535315251735
5.465955729166666	0.24480595792943052
5.5659557291666655	0.34176228340213055
5.665955729166665	0.43881521413153973
5.765955729166665	0.5359619359585973
5.865955729166664	0.6331998142267774
5.965955729166664	0.7305263627454626
6.065955729166664	0.8279392536006287
6.165955729166663	0.9254362915582781
6.265955729166663	1.0230153879858814
6.365955729166663	1.1206745493251276
6.465955729166662	1.218411844815001
6.565955729166662	1.3162254209772148
6.665955729166662	1.4141134409364373
6.765955729166661	1.5120740770979428
6.865955729166661	1.610105491060404
6.9659557291666605	1.7082057693909427
7.06595572916666	1.806372944097647
7.16595572916666	1.9046049633983846
7.265955729166659	2.0028996292862176
7.365955729166659	2.101254570686463
7.465955729166659	2.199667246349549
7.565955729166658	2.2981348596890037
7.665955729166658	2.396654381715325
7.765955729166658	2.4952224624630452
7.865955729166657	2.593835424378607
7.965955729166657	2.6924892340538085
8.065955729166657	2.791179438488763
8.165955729166656	2.889901134402849
8.265955729166656	2.988648949301191
8.365955729166656	3.087416979675666
8.465955729166655	3.1861987507454743
8.55	3.3522519179125885
179769313486231570000000000000000000000000000000000000000000000000000000000000000000000000000000000000000000000000000000000000000000000000000000000000000000000000000000000000000000000000000000000000000000000000000000000000000000000000000000000000000000000000000000000000000000000000000000000000000000000000000	3.3522519179125885
