-179769313486231570000000000000000000000000000000000000000000000000000000000000000000000000000000000000000000000000000000000000000000000000000000000000000000000000000000000000000000000000000000000000000000000000000000000000000000000000000000000000000000000000000000000000000000000000000000000000000000000000000	0
5.213	0
5.216333333333333	0.0032297524204450354
5.219666666666666	0.006459587404294281
5.224666666666666	0.01130449606227435
5.232166666666666	0.01857221468653203
5.243416666666667	0.029474607074033692
5.260291666666666	0.04583007632215878
5.285604166666666	0.07036757408673007
5.3235729166666665	0.1071826177493482
5.380526041666666	0.16242622561957004
5.465955729166666	0.2453386316517785
5.5659557291666655	0.3424626746677776
5.665955729166665	0.43966180308255753
5.765955729166665	0.5369350576935055
5.865955729166664	0.6342815572913388
5.965955729166664	0.7317005151868169
6.065955729166664	0.8291912036554832
6.165955729166663	0.9267529623451851
6.265955729166663	1.024385155334035
6.365955729166663	1.1220871372785814
6.465955729166662	1.2198582603964228
6.565955729166662	1.3176978754506
6.665955729166662	1.4156052592929207
6.765955729166661	1.5135795997133532
6.865955729166661	1.6116200063056905
6.9659557291666605	1.7097254515303857
7.06595572916666	1.8078947530344862
7.16595572916666	1.9061265442506494
7.265955729166659	2.004419252755905
7.365955729166659	2.1027710800593855
7.465955729166659	2.201179942967092
7.565955729166658	2.299643453908378
7.665955729166658	2.398158894775157
7.765955729166658	2.4967231872665296
7.865955729166657	2.595332831331001
7.965955729166657	2.6939838989850338
8.065955729166657	2.7926720079516905
8.165955729166656	2.8913922628409994
8.265955729166656	2.990139220061743
8.365955729166656	3.08890686143981
8.465955729166655	3.1876885468023803
8.55	3.3537417342664977
179769313486231570000000000000000000000000000000000000000000000000000000000000000000000000000000000000000000000000000000000000000000000000000000000000000000000000000000000000000000000000000000000000000000000000000000000000000000000000000000000000000000000000000000000000000000000000000000000000000000000000000	3.3537417342664977
