-179769313486231570000000000000000000000000000000000000000000000000000000000000000000000000000000000000000000000000000000000000000000000000000000000000000000000000000000000000000000000000000000000000000000000000000000000000000000000000000000000000000000000000000000000000000000000000000000000000000000000000000	0
5.213	0
5.216333333333333	0.0032470648377096217
5.219666666666666	0.0064941737550881975
5.224666666666666	0.01136491969196916
5.232166666666666	0.01867122407543298
5.243416666666667	0.02963109698844725
5.260291666666666	0.0460718397814702
5.285604166666666	0.07073504341785322
5.3235729166666665	0.10773418969837642
5.380526041666666	0.16324320240246018
5.465955729166666	0.24653086255145445
5.5659557291666655	0.3440608832648788
5.665955729166665	0.4416323406710212
5.765955729166665	0.5392464400940766
5.865955729166664	0.6369043527216708
5.965955729166664	0.7346072699173873
6.065955729166664	0.8323563232068898
6.165955729166663	0.9301526037616856
6.265955729166663	1.027997146731423
6.365955729166663	1.1258908998676194
6.465955729166662	1.2238347118027242
6.565955729166662	1.3218293263406011
6.665955729166662	1.419875330889216
6.765955729166661	1.5179731630638396
6.865955729166661	1.6161230937399083
6.9659557291666605	1.7143251754392543
7.06595572916666	1.8125792414115052
7.16595572916666	1.9108848934946019
7.265955729166659	2.009241459021202
7.365955729166659	2.107647970864704
7.465955729166659	2.2061031420557518
7.565955729166658	2.304605343360044
7.665955729166658	2.40315258174914
7.765955729166658	2.5017424756719016
7.865955729166657	2.6003722081503815
7.965955729166657	2.6990385114864526
8.065955729166657	2.7977376659937607
8.165955729166656	2.896465425896742
8.265955729166656	2.9952170143315424
8.365955729166656	3.093987076723052
8.465955729166655	3.192769707926739
8.55	3.3588231261814125
179769313486231570000000000000000000000000000000000000000000000000000000000000000000000000000000000000000000000000000000000000000000000000000000000000000000000000000000000000000000000000000000000000000000000000000000000000000000000000000000000000000000000000000000000000000000000000000000000000000000000000000	3.3588231261814125
