-100001.1	0
0	0
0.0033333333333334103	0.0032802710369799534
0.008333333333333304	0.008200787494615119
0.015833333333333366	0.015581809498310051
0.027083333333333348	0.02665387778469063
0.04395833333333332	0.043262252784690675
0.06927083333333339	0.06817481528469103
0.1072395833333335	0.10554365903469161
0.16419270833333344	0.16159692465969214
0.24962239583333345	0.24567682309719346
0.34962239583333354	0.3440968230971944
0.44962239583333363	0.442516823097196
0.5496223958333337	0.5409368230971973
0.6496223958333338	0.6393568230971985
0.7496223958333339	0.7377768230971999
0.849622395833334	0.8361968230972013
0.9496223958333339	0.9346168230972022
1.049622395833334	1.0330368230972033
1.149622395833334	1.1314568230972049
1.2496223958333341	1.2298768230972061
1.3496223958333342	1.3282968230972076
1.4496223958333343	1.4267168230972085
1.5496223958333344	1.52513682309721
1.6496223958333345	1.6235568230972115
1.7496223958333346	1.721976823097213
1.8496223958333347	1.8203968230972138
1.9496223958333347	1.9188168230972154
2.049622395833335	2.0172368230972166
2.149622395833335	2.1156568230972184
2.249622395833335	2.2140768230972196
2.349622395833335	2.31249682309722
2.449622395833335	2.4109168230972218
2.5496223958333353	2.5093368230972235
2.6496223958333354	2.607756823097224
2.7496223958333355	2.7061768230972256
2.8496223958333355	2.8045968230972265
2.9496223958333356	2.9030168230972286
3.0496223958333353	3.0014368230972295
3.149622395833335	3.09985682309723
3.2496223958333346	3.1982768230972316
3.349622395833334	3.296696823097232
3.449622395833334	3.3951168230972333
3.5496223958333335	3.493536823097234
3.649622395833333	3.5919568230972345
3.749622395833333	3.6903768230972354
3.8496223958333324	3.7887968230972366
3.949622395833332	3.887216823097237
4.049622395833332	3.985636823097237
4.149622395833331	4.084056823097239
4.249622395833331	4.18247682309724
4.349622395833331	4.280896823097241
4.44962239583333	4.379316823097241
4.54962239583333	4.477736823097243
4.64962239583333	4.576156823097243
4.749622395833329	4.674576823097245
4.849622395833329	4.772996823097243
4.9496223958333285	4.871416823097247
5.049622395833328	4.969836823097245
5.149622395833328	5.068256823097248
5.2496223958333275	5.166676823097248
5.349622395833327	5.26509682309725
5.449622395833327	5.3635168230972505
5.549622395833326	5.4619368230972505
5.649622395833326	5.560356823097253
5.749622395833326	5.658776823097252
5.849622395833325	5.757196823097255
5.949622395833325	5.8556168230972565
6.049622395833325	5.954036823097255
6.149622395833324	6.052456823097258
6.249622395833324	6.150876823097257
6.3496223958333236	6.249296823097256
6.449622395833323	6.34771682309726
6.549622395833323	6.446136823097262
6.6496223958333225	6.5445568230972615
6.749622395833322	6.642976823097261
6.849622395833322	6.741396823097261
6.949622395833321	6.839816823097261
7.049622395833321	6.938236823097266
7.149622395833321	7.036656823097266
7.24962239583332	7.135076823097262
7.34962239583332	7.233496823097266
7.44962239583332	7.3319168230972664
7.549622395833319	7.430336823097267
7.649622395833319	7.528756823097266
7.749622395833319	7.62717682309727
7.849622395833318	7.725596823097271
7.949622395833318	7.8240168230972715
8.049622395833318	7.9224368230972715
8.149622395833317	8.020856823097274
8.249622395833317	8.119276823097273
8.349622395833316	8.217696823097278
8.449622395833316	8.316116823097273
8.549622395833316	8.414536823097277
8.55	8.41490846111813
1000008.55	8.41490846111813
