-100001.1	0
0	0
0.0033333333333334103	0.0032802697845844987
0.008333333333333304	0.008200784971055594
0.015833333333333366	0.015581806435632655
0.027083333333333348	0.02665387472201321
0.04395833333333332	0.043262249722012966
0.06927083333333339	0.06817481222201391
0.1072395833333335	0.10554365597201422
0.16419270833333344	0.16159692159701466
0.24962239583333345	0.24567682003451577
0.34962239583333354	0.3440968200345173
0.44962239583333363	0.4425168200345187
0.5496223958333337	0.5409368200345197
0.6496223958333338	0.6393568200345211
0.7496223958333339	0.737776820034522
0.849622395833334	0.8361968200345239
0.9496223958333339	0.9346168200345247
1.049622395833334	1.033036820034526
1.149622395833334	1.1314568200345274
1.2496223958333341	1.229876820034529
1.3496223958333342	1.32829682003453
1.4496223958333343	1.4267168200345313
1.5496223958333344	1.5251368200345328
1.6496223958333345	1.6235568200345343
1.7496223958333346	1.7219768200345353
1.8496223958333347	1.8203968200345362
1.9496223958333347	1.9188168200345381
2.049622395833335	2.0172368200345394
2.149622395833335	2.1156568200345403
2.249622395833335	2.214076820034542
2.349622395833335	2.3124968200345433
2.449622395833335	2.410916820034545
2.5496223958333353	2.5093368200345454
2.6496223958333354	2.6077568200345467
2.7496223958333355	2.706176820034548
2.8496223958333355	2.80459682003455
2.9496223958333356	2.9030168200345514
3.0496223958333353	3.001436820034552
3.149622395833335	3.099856820034552
3.2496223958333346	3.1982768200345535
3.349622395833334	3.2966968200345548
3.449622395833334	3.3951168200345543
3.5496223958333335	3.493536820034556
3.649622395833333	3.5919568200345573
3.749622395833333	3.690376820034558
3.8496223958333324	3.788796820034558
3.949622395833332	3.88721682003456
4.049622395833332	3.9856368200345607
4.149622395833331	4.0840568200345615
4.249622395833331	4.182476820034561
4.349622395833331	4.280896820034562
4.44962239583333	4.379316820034564
4.54962239583333	4.477736820034567
4.64962239583333	4.576156820034566
4.749622395833329	4.6745768200345665
4.849622395833329	4.772996820034567
4.9496223958333285	4.871416820034569
5.049622395833328	4.96983682003457
5.149622395833328	5.068256820034571
5.2496223958333275	5.166676820034571
5.349622395833327	5.265096820034571
5.449622395833327	5.363516820034573
5.549622395833326	5.461936820034574
5.649622395833326	5.560356820034574
5.749622395833326	5.658776820034576
5.849622395833325	5.757196820034575
5.949622395833325	5.855616820034577
6.049622395833325	5.954036820034576
6.149622395833324	6.052456820034579
6.249622395833324	6.150876820034578
6.3496223958333236	6.24929682003458
6.449622395833323	6.347716820034583
6.549622395833323	6.446136820034582
6.6496223958333225	6.544556820034583
6.749622395833322	6.642976820034583
6.849622395833322	6.741396820034586
6.949622395833321	6.839816820034583
7.049622395833321	6.938236820034585
7.149622395833321	7.036656820034588
7.24962239583332	7.1350768200345875
7.34962239583332	7.23349682003459
7.44962239583332	7.3319168200345874
7.549622395833319	7.430336820034591
7.649622395833319	7.528756820034592
7.749622395833319	7.627176820034593
7.849622395833318	7.7255968200345935
7.949622395833318	7.824016820034596
8.049622395833318	7.922436820034595
8.149622395833317	8.020856820034595
8.249622395833317	8.119276820034598
8.349622395833316	8.217696820034599
8.449622395833316	8.316116820034601
8.549622395833316	8.414536820034597
8.55	8.41490845805545
1000008.55	8.41490845805545
