-179769313486231570000000000000000000000000000000000000000000000000000000000000000000000000000000000000000000000000000000000000000000000000000000000000000000000000000000000000000000000000000000000000000000000000000000000000000000000000000000000000000000000000000000000000000000000000000000000000000000000000000	0
1.690952363778842	0
1.6942856971121754	0.000000009910982314739844
1.6976190304455088	0.00000007928980999547771
1.7026190304455087	0.0000004266282096416684
1.7101190304455085	0.000001899668436306358
1.7213690304455085	0.000007620230186351076
1.7382440304455087	0.000028841198276238117
1.7635565304455088	0.00010520935006571146
1.8015252804455089	0.0003765493172581954
1.858478405445509	0.0013358671203806908
1.943908092945509	0.004739658769019285
2.043908092945509	0.01333909819423057
2.143908092945509	0.029017544731487734
2.2439080929455093	0.05276002130960023
2.3439080929455094	0.08484909668385648
2.4439080929455095	0.12543793932061956
2.543908092945509	0.17446988939664432
2.6439080929455088	0.23153196338277815
2.7439080929455084	0.2963447092100648
2.843908092945508	0.3689749522504488
2.9439080929455077	0.4494822131322026
3.0439080929455073	0.5378672154559885
3.143908092945507	0.6340798037744845
3.2439080929455066	0.7380283606993153
3.3439080929455063	0.849589099865314
3.443908092945506	0.9686143468230958
3.5439080929455056	1.0949395792257943
3.643908092945505	1.2283888894342765
3.743908092945505	1.368779169785416
3.8439080929455045	1.5159231932401827
3.943908092945504	1.6696318417201788
4.043908092945504	1.8297156276863564
4.143908092945503	1.9959857258375662
4.243908092945503	2.168254629765425
4.343908092945503	2.3463365052778418
4.443908092945502	2.5300474029197324
4.543908092945502	2.7192053169446324
4.643908092945502	2.913630122448117
4.743908092945501	3.0553762690007433
4.843908092945501	3.072901549472269
4.943908092945501	3.0951636000667357
5.0439080929455	3.121988644457327
5.1439080929455	3.153204109020983
5.2439080929454995	3.1886385164608426
5.343908092945499	3.2281213650897533
5.443908092945499	3.271483044935089
5.5439080929454985	3.318554814192103
5.643908092945498	3.369168783785491
5.743908092945498	3.423157909154407
5.843908092945497	3.480356131508227
5.943908092945497	3.540598528217322
6.043908092945497	3.6037215076234856
6.143908092945496	3.669563082728826
6.243908092945496	3.737963098073788
6.343908092945496	3.8087637202115148
6.443908092945495	3.8818100369633872
6.543908092945495	3.956950543790728
6.643908092945495	4.034037535889264
6.743908092945494	4.112927802926374
6.843908092945494	4.1934836833639055
6.9439080929454935	4.275573875519396
7.043908092945493	4.359073663033166
7.143908092945493	4.443865925892643
7.243908092945492	4.529842386928933
7.343908092945492	4.616904077862714
7.443908092945492	4.704961494929246
7.543908092945491	4.79393592625191
7.643908092945491	4.883759797126609
7.743908092945491	4.974376503467126
7.84390809294549	5.065741161107161
7.94390809294549	5.15782025275454
8.04390809294549	5.250590620902953
8.05	5.261939035348845
179769313486231570000000000000000000000000000000000000000000000000000000000000000000000000000000000000000000000000000000000000000000000000000000000000000000000000000000000000000000000000000000000000000000000000000000000000000000000000000000000000000000000000000000000000000000000000000000000000000000000000000	5.261939035348845
