-179769313486231570000000000000000000000000000000000000000000000000000000000000000000000000000000000000000000000000000000000000000000000000000000000000000000000000000000000000000000000000000000000000000000000000000000000000000000000000000000000000000000000000000000000000000000000000000000000000000000000000000	0
0.0000000000000004440892098500626	0
0.0033333333333338544	0.00390782986711803
0.006666666666667265	0.007820004410253226
0.011666666666667158	0.013696388543159958
0.01916666666666722	0.022529168129288284
0.030416666666667203	0.03581907840810288
0.047291666666667176	0.05584480975643128
0.07260416666666725	0.08608528517607057
0.11057291666666735	0.13189457508144264
0.1675260416666673	0.2016066224010541
0.2529557291666673	0.3084160238966763
0.3529557291666674	0.4369151557377799
0.45295572916666726	0.5692753213756944
0.5529557291666674	0.7056438070031489
0.6529557291666674	0.846192303116118
0.7529557291666675	0.9911147661066697
0.8529557291666676	1.1406251368715021
0.9529557291666677	1.2219659721813563
1.0529557291666678	1.2435309629343028
1.1529557291666679	1.2704177364164537
1.252955729166668	1.3028884173144308
1.352955729166668	1.3412040098374431
1.4529557291666682	1.3856154838506902
1.5529557291666682	1.4363522368077228
1.6529557291666683	1.4936076483091218
1.7529557291666684	1.5575220722729333
1.8529557291666685	1.6281644030128035
1.9529557291666686	1.7054675350047355
2.0529557291666687	1.7891140661177531
2.1529557291666688	1.8788416063316378
2.252955729166669	1.9746875109276765
2.352955729166669	2.07677460677647
2.4529557291666686	2.1851850160452395
2.5529557291666682	2.2999606454122596
2.652955729166668	2.421106413203575
2.7529557291666675	2.5485942914163258
2.852955729166667	2.6823678373124307
2.952955729166667	2.8223468308883946
3.0529557291666665	2.968431580511459
3.152955729166666	3.1205069532836096
3.2529557291666658	3.278445753436717
3.3529557291666654	3.442111613100072
3.452955729166665	3.611361419866666
3.5529557291666647	3.786047237113011
3.6529557291666643	3.966017882223633
3.752955729166664	4.151120152634966
3.8529557291666636	4.341199755192408
3.9529557291666633	4.536102046898797
4.052955729166663	4.735672586433256
4.152955729166663	4.939757517355109
4.252955729166662	5.148203885380602
4.352955729166662	5.3608598449122695
4.4529557291666615	5.577574773818884
4.552955729166661	5.7981993579584
4.652955729166661	6.022585681738856
4.75295572916666	6.175910025522567
4.85295572916666	6.220481831306122
4.95295572916666	6.2683801622009945
5.052955729166659	6.319462857257802
5.152955729166659	6.373589220423578
5.252955729166659	6.430619931094912
5.352955729166658	6.490417212456779
5.452955729166658	6.552844936878647
5.552955729166658	6.61776847492741
5.652955729166657	6.685054930458388
5.752955729166657	6.754573305000931
5.8529557291666565	6.8261945027364765
5.952955729166656	6.899791633312867
6.052955729166656	6.975240136465524
6.1529557291666555	7.052418054881611
6.252955729166655	7.131206469405431
6.352955729166655	7.211489383905431
6.452955729166655	7.293154546458133
6.552955729166655	7.376093737821433
6.652955729166655	7.460202661185096
6.752955729166654	7.545382279195609
6.852955729166654	7.631538549003194
6.9529557291666535	7.7185829134817725
7.052955729166653	7.80643353484573
7.152955729166653	7.895014563748542
7.252955729166652	7.984257627411253
7.352955729166652	8.07410173897006
7.452955729166652	8.164493553476984
7.552955729166651	8.25538820758666
7.652955729166651	8.346748934198049
7.752955729166651	8.438547688497952
7.85295572916665	8.530764973390498
7.95295572916665	8.623389974601354
8.05	8.80412976696359
179769313486231570000000000000000000000000000000000000000000000000000000000000000000000000000000000000000000000000000000000000000000000000000000000000000000000000000000000000000000000000000000000000000000000000000000000000000000000000000000000000000000000000000000000000000000000000000000000000000000000000000	8.80412976696359
