-179769313486231570000000000000000000000000000000000000000000000000000000000000000000000000000000000000000000000000000000000000000000000000000000000000000000000000000000000000000000000000000000000000000000000000000000000000000000000000000000000000000000000000000000000000000000000000000000000000000000000000000	0
0.0000000000000004440892098500626	0
0.0033333333333338544	0.005080864172839692
0.006666666666667265	0.010166117739959037
0.011666666666667158	0.017802234785483255
0.01916666666666722	0.029274968605686832
0.030416666666667203	0.04652592233714474
0.047291666666667176	0.07249688250470848
0.07260416666666725	0.11166742755505454
0.11057291666666735	0.17091001158172248
0.1675260416666673	0.2608864146663583
0.2529557291666673	0.3984171155849756
0.3529557291666674	0.5634564210451358
0.45295572916666726	0.7330608691435871
0.5529557291666674	0.9074508926594782
0.6529557291666674	1.0868597112229348
0.7529557291666675	1.271528370261818
0.8529557291666676	1.4616994585564793
0.9529557291666677	1.5846200381299278
1.0529557291666678	1.6486566959263151
1.1529557291666679	1.718839203926145
1.252955729166668	1.7953106262578213
1.352955729166668	1.8781515051611666
1.4529557291666682	1.9673138500030811
1.5529557291666682	2.062435021227025
1.6529557291666683	2.1631387027392317
1.7529557291666684	2.2692970248610322
1.8529557291666685	2.381026460091639
1.9529557291666686	2.4984315405943613
2.0529557291666687	2.621583406019839
2.1529557291666688	2.750520841747301
2.252955729166669	2.885252235957664
2.352955729166669	3.0257582371525054
2.4529557291666686	3.171994753899898
2.5529557291666682	3.3238961756582412
2.652955729166668	3.4813785767022014
2.7529557291666675	3.6443428006200915
2.852955729166667	3.8126772838076115
2.952955729166667	3.986260458382484
3.0529557291666665	4.164963006000403
3.152955729166666	4.348649726316815
3.2529557291666658	4.537181123895457
3.3529557291666654	4.730414728973485
3.452955729166665	4.928206162357907
3.5529557291666647	5.130410031235706
3.6529557291666643	5.336880675085329
3.752955729166664	5.5474726948396125
3.8529557291666636	5.76204136700119
3.9529557291666633	5.98044300532871
4.052955729166663	6.202535321374557
4.152955729166663	6.428177475426306
4.252955729166662	6.657230302985945
4.352955729166662	6.8895564223215455
4.4529557291666615	7.1250202946424945
4.552955729166661	7.363488332939519
4.652955729166661	7.604828787826066
4.75295572916666	7.7742347156283165
4.85295572916666	7.8340329870929555
4.95295572916666	7.8963205289588325
5.052955729166659	7.960973843855807
5.152955729166659	8.027871315598631
5.252955729166659	8.09689349487236
5.352955729166658	8.167923225124971
5.452955729166658	8.240845405710129
5.552955729166658	8.315547448703834
5.652955729166657	8.391919065108647
5.752955729166657	8.469852543126208
5.8529557291666565	8.5492428667731
5.952955729166656	8.629987840766946
6.052955729166656	8.711988276526354
6.1529557291666555	8.795148291337906
6.252955729166655	8.879375224285628
6.352955729166655	8.964580385392091
6.452955729166655	9.050678665600453
6.552955729166655	9.137589510513457
6.652955729166655	9.225236551643064
6.752955729166654	9.313548425752591
6.852955729166654	9.402458754580673
6.9529557291666535	9.491906541393602
7.052955729166653	9.581836590358503
7.152955729166653	9.67219950908133
7.252955729166652	9.76295233273286
7.352955729166652	9.854058411742571
7.452955729166652	9.945487871299528
7.552955729166651	10.037217683986768
7.652955729166651	10.129231657734268
7.752955729166651	10.221520822105855
7.85295572916665	10.314082895401024
7.95295572916665	10.406923010905716
8.05	10.587808003362422
179769313486231570000000000000000000000000000000000000000000000000000000000000000000000000000000000000000000000000000000000000000000000000000000000000000000000000000000000000000000000000000000000000000000000000000000000000000000000000000000000000000000000000000000000000000000000000000000000000000000000000000	10.587808003362422
