-100000	0
0	0
0.0033333333333333335	0.0000000000000000000000000000020461079729169994
0.008333333333333333	0.0000000000000000000000000000007888609052210118
0.01583333333333333	0.00000000000000000000000000000026192647243666408
0.02708333333333333	0.0000000000000000000000000000006902532920683853
0.043958333333333335	0.0000000000000000000000000000003944304526105059
0.06927083333333334	0.0000000000000000000000000000027610131682735413
0.10723958333333333	0.000000000000000000000000000000517689969051289
0.16419270833333333	0.0000000000000000000000000000014791141972893971
0.24962239583333334	0
0.3496223958333333	0.0000000000000000000000000000015777218104420236
0.4496223958333333	0
0.5496223958333333	0.000000000000000000000000000003944304526105059
0.6496223958333333	0
0.7496223958333332	0.0000000000000000000000000000031554436208840472
0.8496223958333332	0
0.9496223958333332	0.000000000000000000000000000000838164711797325
1.0496223958333333	0.0000000000000000000000000000009367723249499515
1.1	0.000000000000000000000000000004141519752410312
1000001.1	0.000000000000000000000000000004141519752410312
