-100000	0
0.0000000000000004440892098500626	0
0.0033333333333337776	0.006750692101305845
0.008333333333333777	0.017249352486276896
0.015833333333333775	0.033412907016607034
0.027083333333333775	0.058307866535734006
0.04395833333333378	0.09672570453011405
0.06927083333333378	0.15617545826331988
0.10723958333333378	0.24842051373052904
0.16419270833333377	0.39195044691158193
0.2496223958333338	0.6157402067051663
0.34962239583333377	0.8870482882848078
0.44962239583333374	1.1656962474395023
0.5496223958333337	1.4497720840136916
0.6496223958333337	1.7379038755159562
0.7496223958333337	2.0290392372652843
0.8496223958333337	2.3223308918548398
0.9496223958333336	2.6170712457113754
1.0496223958333337	2.9126772174140605
1.1000000000000005	3.0617548304867666
1000001.1	3.0617548304867666
