-100000	0
0	0
0.0033333333333333335	0.006753959139917266
0.008333333333333333	0.017253374795689235
0.01583333333333333	0.03341737916171983
0.02708333333333333	0.05831253956028791
0.043958333333333335	0.09673039943734606
0.06927083333333334	0.1561776178338025
0.10723958333333333	0.2484161003560957
0.16419270833333333	0.39193592042547215
0.24962239583333334	0.6157222229754848
0.3496223958333333	0.8870279859355971
0.4496223958333333	1.1656747849046074
0.5496223958333333	1.4497492644862306
0.6496223958333333	1.7378805937808697
0.7496223958333332	2.029015755527908
0.8496223958333332	2.322307272567237
0.9496223958333332	2.617047725106685
1.0496223958333333	2.9126537891700024
1.1	3.06173140224271
1000001.1	3.06173140224271
