-100000	0
0.0000000000000004440892098500626	0
0.0033333333333337776	0.006756987433258534
0.008333333333333777	0.017257044365073904
0.015833333333333775	0.03342133870394909
0.027083333333333775	0.05831658979529153
0.04395833333333378	0.09673440645268033
0.06927083333333378	0.1561800849844987
0.10723958333333378	0.24841167978603956
0.16419270833333377	0.39192197439394755
0.2496223958333338	0.6157051837209809
0.34962239583333377	0.887008767545581
0.44962239583333374	1.1656544257725932
0.5496223958333337	1.4497276359512117
0.6496223958333337	1.737858508796218
0.7496223958333337	2.0289934508296863
0.8496223958333337	2.322284818533727
0.9496223958333336	2.617025354739685
1.0496223958333337	2.9126314888418765
1.1000000000000005	3.0617091019145835
1000001.1	3.0617091019145835
