-100000	0
0.0000000000000004440892098500626	0
0.0033333333333337776	0.006759776981329667
0.008333333333333777	0.017260361194430876
0.015833333333333775	0.03342478564329488
0.027083333333333775	0.058320017240744974
0.04395833333333378	0.0967377255761169
0.06927083333333378	0.15618255061240166
0.10723958333333378	0.24840707427583686
0.16419270833333377	0.3919086088170069
0.2496223958333338	0.6156889164856583
0.34962239583333377	0.8869906331147591
0.44962239583333374	1.1656351536405851
0.5496223958333337	1.449707198408635
0.6496223958333337	1.7378376205620059
0.7496223958333337	2.0289723231706205
0.8496223958333337	2.3222635297543106
0.9496223958333336	2.617004134610384
1.0496223958333337	2.9126103164296824
1.1000000000000005	3.061687929502391
1000001.1	3.061687929502391
