-100000	0
0.0000000000000004440892098500626	0
0.0033333333333337776	0.006761082225888927
0.008333333333333777	0.017261887331598974
0.015833333333333775	0.033426316886886416
0.027083333333333775	0.05832149741739033
0.04395833333333378	0.09673912717837356
0.06927083333333378	0.15618354018061836
0.10723958333333378	0.24840470213698987
0.16419270833333377	0.3919021436990057
0.2496223958333338	0.6156810724078496
0.34962239583333377	0.8869819723840461
0.44962239583333374	1.1656259251995817
0.5496223958333337	1.449697426259511
0.6496223958333337	1.737827625226315
0.7496223958333337	2.028962200730772
0.8496223958333337	2.322253322334886
0.9496223958333336	2.616993955884864
1.0496223958333337	2.912600153192058
1.1000000000000005	3.0616777662647676
1000001.1	3.0616777662647676
