-100000	0
-0.0000000000000002220446049250313	0
0.0033333333333331115	0.006766713153921714
0.008333333333333111	0.017268195242335235
0.01583333333333311	0.03343205084403054
0.02708333333333311	0.05832656283980326
0.04395833333333311	0.09674355559504008
0.06927083333333311	0.156185871110463
0.10723958333333311	0.24839214760530065
0.1641927083333331	0.39187199481369156
0.24962239583333312	0.6156451049654539
0.3496223958333331	0.8869427335774545
0.4496223958333331	1.1655838592445906
0.549622395833333	1.4496530317355532
0.649622395833333	1.7377821363619974
0.749622395833333	2.028916002428358
0.849622395833333	2.3222066713175473
0.949622395833333	2.616947375648617
1.049622395833333	2.91255358156177
1.1	3.0616311797613966
1000001.1	3.0616311797613966
