-100000	0
-0.0000000000000002220446049250313	0
0.0033333333333331115	0.00676766028057573
0.008333333333333111	0.01726919124172901
0.01583333333333311	0.033432813183296814
0.02708333333333311	0.05832710883212331
0.04395833333333311	0.09674392535945014
0.06927083333333311	0.15618581391418435
0.10723958333333311	0.24838949793147197
0.1641927083333331	0.39186640037756726
0.24962239583333312	0.6156385872518982
0.3496223958333331	0.8869356987855316
0.4496223958333331	1.1655762613035965
0.549622395833333	1.4496450460750916
0.649622395833333	1.7377739361519617
0.749622395833333	2.0289076455472443
0.849622395833333	2.3221982199859674
0.949622395833333	2.6169389222796364
1.049622395833333	2.9125451181355206
1.1	3.061622708397676
1000001.1	3.061622708397676
