-100000	0
-0.0000000000000002220446049250313	0
0.0033333333333331115	0.006769375474931205
0.008333333333333111	0.01727089015468942
0.01583333333333311	0.03343395340966675
0.02708333333333311	0.058327733724600636
0.04395833333333311	0.09674414896934715
0.06927083333333311	0.15618517613937907
0.10723958333333311	0.24838405981632367
0.1641927083333331	0.39185564684625634
0.24962239583333312	0.6156262281756826
0.3496223958333331	0.8869224412748665
0.4496223958333331	1.1655618806716135
0.549622395833333	1.4496299679985036
0.649622395833333	1.73775843329472
0.749622395833333	2.02889181456438
0.849622395833333	2.322182196263993
0.949622395833333	2.6169228782199503
1.049622395833333	2.912529042312142
1.1	3.0616066116071736
1000001.1	3.0616066116071736
