-100000	0
-0.0000000000000002220446049250313	0
0.0033333333333331115	0.006770143542632639
0.008333333333333111	0.017271589811527467
0.01583333333333311	0.0334343312967704
0.02708333333333311	0.05832781262475801
0.04395833333333311	0.09674400281483408
0.06927083333333311	0.15618459556085243
0.10723958333333311	0.24838127137500407
0.1641927083333331	0.3918504877510704
0.24962239583333312	0.6156203868130238
0.3496223958333331	0.8869162073532068
0.4496223958333331	1.1655550979806237
0.549622395833333	1.4496228755823746
0.649622395833333	1.7377511306475122
0.749622395833333	2.028884340462633
0.849622395833333	2.3221746238736105
0.949622395833333	2.6169152875292383
1.049622395833333	2.9125214299150164
1.1	3.0615989861803956
1000001.1	3.0615989861803956
