-100000	0
0.0000000000000002220446049250313	0
0.0033333333333335556	0.006770851924016533
0.008333333333333555	0.01727218959734812
0.015833333333333553	0.03343458103315316
0.027083333333333553	0.0583277358275278
0.04395833333333356	0.09674368468734643
0.06927083333333356	0.15618384052157672
0.10723958333333355	0.24837843667785453
0.16419270833333355	0.3918454737695302
0.24962239583333357	0.6156147709006622
0.34962239583333354	0.8869102266216454
0.4496223958333335	1.1655485870396358
0.5496223958333335	1.4496160809143561
0.6496223958333335	1.7377441271879164
0.7496223958333335	2.0288771606206724
0.8496223958333334	2.322167344463618
0.9496223958333334	2.6169079843979484
1.0496223958333335	2.9125141011942626
1.1000000000000005	3.061591642732599
1000001.1	3.061591642732599
