-100000	0
0.0000000000000002220446049250313	0
0.0033333333333335556	0.006772089627831739
0.008333333333333555	0.017273089555937236
0.015833333333333553	0.03343469605375605
0.027083333333333553	0.05832711514090464
0.04395833333333356	0.09674253251344807
0.06927083333333356	0.15618180706077736
0.10723958333333355	0.24837262851606398
0.16419270833333355	0.391835899455932
0.24962239583333357	0.615604215426835
0.34962239583333354	0.8868990244060138
0.4496223958333335	1.1655363804076628
0.5496223958333335	1.4496033848226522
0.6496223958333335	1.73773101783155
0.7496223958333335	2.0288636837282787
0.8496223958333334	2.3221536645848286
0.9496223958333334	2.616894240813643
1.0496223958333335	2.9125002947818874
1.1000000000000005	3.061577801773961
1000001.1	3.061577801773961
