-100000	0
0.0000000000000002220446049250313	0
0.0033333333333335556	0.006773088586376789
0.008333333333333555	0.017273590030456795
0.015833333333333553	0.0334342984714754
0.027083333333333553	0.05832587166473131
0.04395833333333356	0.09674069244765202
0.06927083333333356	0.15617907575698095
0.10723958333333355	0.24836663533095238
0.16419270833333355	0.391827096599378
0.24962239583333357	0.615594561754202
0.34962239583333354	0.8868888345203708
0.4496223958333335	1.1655252607756958
0.5496223958333335	1.4495918797233873
0.6496223958333335	1.7377191052256205
0.7496223958333335	2.0288513879563665
0.8496223958333334	2.322141156627633
0.9496223958333334	2.616881647467029
1.0496223958333335	2.9124876230750107
1.1000000000000005	3.0615650887312538
1000001.1	3.0615650887312538
