-100000	0
-0.0000000000000002220446049250313	0
0.0033333333333331115	0.006773498536173015
0.008333333333333111	0.017273690461190476
0.01583333333333311	0.03343390745425377
0.02708333333333311	0.058325016380563276
0.04395833333333311	0.09673951445529229
0.06927083333333311	0.15617744841395878
0.10723958333333311	0.24836356935465098
0.1641927083333331	0.3918230041077931
0.24962239583333312	0.6155900730933331
0.3496223958333331	0.8868841192012941
0.4496223958333331	1.1655201085847162
0.549622395833333	1.4495865737959213
0.649622395833333	1.7377135977040716
0.749622395833333	2.028845685058819
0.849622395833333	2.322135342119624
0.949622395833333	2.616875782132854
1.049622395833333	2.9124817127361293
1.1	3.0615591551783736
1000001.1	3.0615591551783736
