-100000	0
0.0000000000000002220446049250313	0
0.0033333333333335556	0.006774139376812831
0.008333333333333555	0.017273591709605657
0.015833333333333553	0.03343274096764787
0.027083333333333553	0.05832283872006456
0.04395833333333356	0.0967366425516497
0.06927083333333356	0.15617367034566682
0.10723958333333355	0.24835729863455752
0.16419270833333355	0.3918154369980083
0.24962239583333357	0.6155817721224913
0.34962239583333354	0.8868754478106308
0.4496223958333335	1.165510619452756
0.5496223958333335	1.449576855185321
0.6496223958333335	1.7377034802238003
0.7496223958333335	2.0288351693742257
0.8496223958333334	2.3221245920448146
0.9496223958333334	2.6168649141427776
1.0496223958333335	2.9124707430875
1.1000000000000005	3.0615481340095667
1000001.1	3.0615481340095667
