-100000	0
-0.0000000000000002220446049250313	0
0.0033333333333331115	0.006774370267656431
0.008333333333333111	0.01727339252728715
0.01583333333333311	0.03343196549826358
0.02708333333333311	0.058321516343733906
0.04395833333333311	0.09673494864036676
0.06927083333333311	0.1561715196203968
0.10723958333333311	0.24835409389076543
0.1641927083333331	0.39181196237980814
0.24962239583333312	0.6155779598125184
0.3496223958333331	0.8868714917390446
0.4496223958333331	1.1655062825117803
0.549622395833333	1.449572442502185
0.649622395833333	1.7376988702650786
0.749622395833333	2.02883035658718
0.849622395833333	2.3221196564780056
0.949622395833333	2.6168599114868796
1.049622395833333	2.912465683777748
1.1	3.061543046393635
1000001.1	3.061543046393635
