-100000	0
0.0000000000000002220446049250313	0
0.0033333333333335556	0.006774315286670614
0.008333333333333555	0.017269201862570565
0.015833333333333553	0.03342299191479256
0.027083333333333553	0.058308218811242055
0.04395833333333356	0.09671828871982728
0.06927083333333356	0.15615157964252824
0.10723958333333355	0.24833036552097193
0.16419270833333355	0.3917902973827746
0.24962239583333357	0.6155575862510653
0.34962239583333354	0.8868508855478536
0.4496223958333335	1.165483532924979
0.5496223958333335	1.4495498689417396
0.6496223958333335	1.737674990418717
0.7496223958333335	2.0288049747758667
0.8496223958333334	2.3220933109614745
0.9496223958333334	2.6168329937838606
1.0496223958333335	2.9124382115479706
1.1000000000000005	3.061515328493643
1000001.1	3.061515328493643
