-100000	0
-0.0000000000000004440892098500626	0
0.0033333333333328895	0.006701601346048133
0.008333333333332889	0.017119508759341547
0.015833333333332887	0.03318580676913998
0.027083333333332887	0.05795159075899237
0.04395833333333289	0.09618043539698204
0.06927083333333289	0.15532219055483587
0.10723958333333289	0.24709576065555577
0.16419270833333288	0.38993148221147916
0.2496223958333329	0.6126620608966522
0.3496223958333329	0.8827421333398486
0.44962239583333286	1.1601432984569655
0.5496223958333328	1.442942881949425
0.6496223958333328	1.729783576319027
0.7496223958333328	2.019585856728984
0.8496223958333328	2.311557704948989
0.9496223958333327	2.6049875954715027
1.0496223958333328	2.899260213520792
1.1	3.0476517449253127
1000001.1	3.0476517449253127
