-100000	0
-0.0000000000000002220446049250313	0
0.0033333333333331115	0.006600412226160976
0.008333333333333111	0.01686060591007622
0.01583333333333311	0.03271051262449767
0.02708333333333311	0.057137459530108785
0.04395833333333311	0.09485307474281009
0.06927083333333311	0.1532226811979504
0.10723958333333311	0.24385860085300845
0.1641927083333331	0.38501503210732085
0.24962239583333312	0.6052510977429819
0.3496223958333331	0.8724531363876395
0.4496223958333331	1.1470153310543845
0.549622395833333	1.4269892325824196
0.649622395833333	1.7110371655644614
0.749622395833333	1.99810223449124
0.849622395833333	2.2873118626589926
0.949622395833333	2.5779628718612804
1.049622395833333	2.8694614468377826
1.1	3.016468448793004
1000001.1	3.016468448793004
