-100000	0
-0.0000000000000002220446049250313	0
0.0033333333333331115	0.006465202541258049
0.008333333333333111	0.016487480768429076
0.01583333333333311	0.031993072249642374
0.02708333333333311	0.05591053162158449
0.04395833333333311	0.09287698795106233
0.06927083333333311	0.15015039970516367
0.10723958333333311	0.23917901375765854
0.1641927083333331	0.37800257584085645
0.24962239583333312	0.5948941093092724
0.3496223958333331	0.8583345419713816
0.4496223958333331	1.1292962022018858
0.549622395833333	1.4058254478513346
0.649622395833333	1.686506244204891
0.749622395833333	1.9702772724936506
0.849622395833333	2.25624874983804
0.949622395833333	2.5437402985576374
1.049622395833333	2.832142610192697
1.1	2.9776066638268914
1000001.1	2.9776066638268914
