-100000	0
-0.0000000000000002220446049250313	0
0.0033333333333331115	0.005759178844222303
0.008333333333333111	0.014643939581925875
0.01583333333333311	0.028454826490926465
0.02708333333333311	0.04986303665968657
0.04395833333333311	0.08313933458059625
0.06927083333333311	0.13505065589289503
0.10723958333333311	0.21628432327691025
0.1641927083333331	0.3439152581579999
0.24962239583333312	0.5449734481658423
0.3496223958333331	0.7909640973728213
0.4496223958333331	1.045509871015262
0.549622395833333	1.3064662494834658
0.649622395833333	1.5723798025390472
0.749622395833333	1.8420341399154092
0.849622395833333	2.114565799982573
0.949622395833333	2.389154461202766
1.049622395833333	2.6651985458541967
1.1	2.804630945621803
1000001.1	2.804630945621803
