-100000	0
-0.0000000000000002220446049250313	0
0.0033333333333331115	0.00000000000000003363190232751579
0.008333333333333111	0.00000000000000008563034233997861
0.01583333333333311	0.00000000000000016647074129206617
0.02708333333333311	0.0000000000000005844378306863736
0.04395833333333311	0.0000000000000004885389156427363
0.06927083333333311	0.0000000000000007963579990195259
0.10723958333333311	0.0000000000000025623612451082604
0.1641927083333331	0.000000000000004095212058718364
0.24962239583333312	0.000000000000009788327025529268
0.3496223958333331	0.00000000000002855402091112652
0.4496223958333331	0.00000000000001894286843150589
0.549622395833333	0.000000000000047489634415634735
0.649622395833333	0.00000000000003820368791986906
0.749622395833333	0.00000000000006728623669862325
0.849622395833333	0.00000000000005159659366587233
0.949622395833333	0.00000000000004380041551621923
1.049622395833333	0.00000000000006525207189960363
1.1	0.00000000000006871689732814445
1000001.1	0.00000000000006871689732814445
