-179769313486231570000000000000000000000000000000000000000000000000000000000000000000000000000000000000000000000000000000000000000000000000000000000000000000000000000000000000000000000000000000000000000000000000000000000000000000000000000000000000000000000000000000000000000000000000000000000000000000000000000	0
3.0337165510911692	0
3.037049884424502	0.00000011101927196236665
3.040383217757835	0.000000886702459720864
3.045383217757835	0.000004323098776556162
3.0528832177578353	0.00001527202280770359
3.0641332177578358	0.00004585370690353542
3.0810082177578355	0.00012720569967809443
3.1063207177578356	0.00033950326101867163
3.1442894677578357	0.0008905095535539365
3.2012425927578354	0.002320227748675247
3.286672280257836	0.006034235445049824
3.3866722802578355	0.013114033417330242
3.486672280257835	0.02348616561902666
3.586672280257835	0.037449699307453024
3.6866722802578344	0.05525877360552699
3.75	0.08282966289388129
179769313486231570000000000000000000000000000000000000000000000000000000000000000000000000000000000000000000000000000000000000000000000000000000000000000000000000000000000000000000000000000000000000000000000000000000000000000000000000000000000000000000000000000000000000000000000000000000000000000000000000000	0.08282966289388129
