-179769313486231570000000000000000000000000000000000000000000000000000000000000000000000000000000000000000000000000000000000000000000000000000000000000000000000000000000000000000000000000000000000000000000000000000000000000000000000000000000000000000000000000000000000000000000000000000000000000000000000000000	0
2.908049317237394	0
2.9113826505707268	0.00000011838669807858944
2.9147159839040597	0.0000009470935846244664
2.9197159839040596	0.000005071248789974553
2.92721598390406	0.000022362056528217908
2.9384659839040603	0.0000884404502206394
2.95534098390406	0.00032697037893437985
2.98065348390406	0.001155005560945121
3.0186222339040603	0.003944574385419207
3.07557535890406	0.01289205320679104
3.1610050464040604	0.03696035906949484
3.26100504640406	0.07943886896629901
3.3610050464040597	0.1357966427455791
3.4610050464040594	0.2049119180694576
3.561005046404059	0.2859404506200781
3.6610050464040587	0.378203222820801
3.75	0.5644996282809105
179769313486231570000000000000000000000000000000000000000000000000000000000000000000000000000000000000000000000000000000000000000000000000000000000000000000000000000000000000000000000000000000000000000000000000000000000000000000000000000000000000000000000000000000000000000000000000000000000000000000000000000	0.5644996282809105
