-100003.5	0
1.656152086661951	0
1.659485419995284	0.0000001294706363325666
1.6644854199952839	0.0000010366106520119009
1.6719854199952842	0.000004948312682379169
1.6832354199952846	0.000020519321583689383
1.7001104199952843	0.00007870703319171644
1.7254229199952844	0.00028768271433946886
1.7633916699952845	0.001051050544350248
1.8203447949952842	0.003916421250512193
1.9057744824952838	0.015240281744233714
2.0057744824952835	0.04517718801922824
2.105774482495283	0.09759798979506626
2.2057744824952827	0.17184690072451475
2.3057744824952824	0.2661291711471422
2.405774482495282	0.37914059137491973
2.5057744824952817	0.5095550505800116
2.6057744824952813	0.6560923086184003
2.705774482495281	0.8177158659998994
2.8057744824952806	0.9935211484389904
2.9057744824952803	1.1825938932718525
3.00577448249528	1.3842748153562088
3.1057744824952795	1.5977999679496073
3.205774482495279	1.8224669523009889
3.305774482495279	2.0576746969590682
3.4057744824952785	2.302940430899012
3.505774482495278	2.5577463135764433
3.6057744824952778	2.821647036827119
3.7057744824952774	3.0942364878184825
3.75	3.2174834648007615
1000003.75	3.2174834648007615
