-179769313486231570000000000000000000000000000000000000000000000000000000000000000000000000000000000000000000000000000000000000000000000000000000000000000000000000000000000000000000000000000000000000000000000000000000000000000000000000000000000000000000000000000000000000000000000000000000000000000000000000000	0
1.3186491662402844	0
1.3219824995736174	0.0000000025051814111931
1.3253158329069503	0.000000020041451370374138
1.3303158329069502	0.00000010852617176643158
1.3378158329069505	0.0000004937767802811651
1.349065832906951	0.0000020323324033247515
1.3659408329069507	0.000007980652134231376
1.3912533329069507	0.00003085402982845577
1.4292220829069509	0.00012036096445335314
1.4861752079069506	0.00048629752329389314
1.571604895406951	0.0021050358986851106
1.6716048954069507	0.007540411935817475
1.7716048954069503	0.021228355626939994
1.87160489540695	0.04943248273795546
1.9716048954069496	0.09647831690226684
2.0716048954069493	0.1655866070825432
2.171604895406949	0.2562439567280628
2.2716048954069485	0.3669400011873374
2.371604895406948	0.49616041467327177
2.471604895406948	0.6425211827731542
2.5716048954069475	0.8047983856124814
2.671604895406947	0.9819153230961498
2.7716048954069468	1.1729201034913743
2.8716048954069464	1.376966484523622
2.971604895406946	1.5932947863764837
3.0716048954069457	1.8212192603638118
3.1716048954069453	2.0601152349839325
3.271604895406945	2.309410663316851
3.3716048954069446	2.5685787701262037
3.4716048954069443	2.8371319846043215
3.571604895406944	3.1146165297934663
3.6716048954069436	3.400609453373049
3.75	3.8628368478834725
179769313486231570000000000000000000000000000000000000000000000000000000000000000000000000000000000000000000000000000000000000000000000000000000000000000000000000000000000000000000000000000000000000000000000000000000000000000000000000000000000000000000000000000000000000000000000000000000000000000000000000000	3.8628368478834725
