-100003.5	0
2.2483015058817912	0
2.251634839215124	0.00000027604080279545613
2.256634839215124	0.0000031665977480071754
2.2641348392151244	0.00001870738562962272
2.275384839215125	0.00008620015888560629
2.2922598392151246	0.0003508731162931848
2.3175723392151246	0.0013316633554236415
2.3555410892151247	0.004811439754099708
2.4124942142151244	0.01629756664454272
2.497923901715124	0.047930634120019563
2.5979239017151237	0.10491335470399095
2.6979239017151233	0.1812413433207379
2.797923901715123	0.27507989807376576
2.8979239017151226	0.3849779710776868
2.9979239017151222	0.5097468731985908
3.097923901715122	0.6482711210626276
3.1979239017151215	0.7997063342499854
3.297923901715121	0.9632927745205625
3.397923901715121	1.1383480712179348
3.4979239017151205	1.3242487523656217
3.59792390171512	1.5204399047148442
3.6979239017151198	1.7264253739743487
3.75	1.837438906869967
1000003.75	1.837438906869967
