-179769313486231570000000000000000000000000000000000000000000000000000000000000000000000000000000000000000000000000000000000000000000000000000000000000000000000000000000000000000000000000000000000000000000000000000000000000000000000000000000000000000000000000000000000000000000000000000000000000000000000000000	0
-0.00000000000000011102230246251565	0
0.0033333333333331883	0.002846666666666642
0.0066666666666664876	0.005693333333333284
0.011666666666666492	0.009963333333333293
0.019166666666666443	0.016368333333333263
0.030416666666666425	0.025975833333333264
0.0472916666666664	0.04038708333333326
0.07260416666666636	0.06200395833333326
0.11057291666666635	0.0944292708333333
0.1675260416666664	0.14306723958333342
0.2529557291666664	0.21602419270833356
0.3529557291666664	0.3014241927083337
0.4529557291666664	0.38682419270833385
0.5529557291666665	0.47222419270833405
0.6529557291666666	0.5576241927083343
0.7529557291666666	0.6430241927083346
0.8529557291666667	0.7284241927083348
0.9529557291666668	0.8138241927083351
1	0.8941758072916682
179769313486231570000000000000000000000000000000000000000000000000000000000000000000000000000000000000000000000000000000000000000000000000000000000000000000000000000000000000000000000000000000000000000000000000000000000000000000000000000000000000000000000000000000000000000000000000000000000000000000000000000	0.8941758072916682
