-179769313486231570000000000000000000000000000000000000000000000000000000000000000000000000000000000000000000000000000000000000000000000000000000000000000000000000000000000000000000000000000000000000000000000000000000000000000000000000000000000000000000000000000000000000000000000000000000000000000000000000000	0
0.0000000000000004440892098500626	0
0.0033333333333338544	0.024011458333333957
0.006666666666667265	0.048022916666667914
0.011666666666667158	0.08404010416666725
0.01916666666666722	0.13806588541666784
0.030416666666667203	0.21910455729166795
0.047291666666667176	0.34066256510416815
0.07260416666666725	0.5229995768229192
0.11057291666666735	0.7965050944010458
0.1675260416666673	1.206763370768234
0.2529557291666673	1.822150785319017
0.3529557291666674	2.54249453531902
0.4529557291666675	3.262838285319022
0.5529557291666676	3.9831820353190244
0.6529557291666677	4.703525785319027
0.7529557291666678	5.423869535319029
0.8529557291666678	6.144213285319031
0.9529557291666677	6.864557035319033
1.0529557291666678	7.584900785319035
1.1529557291666679	8.305244535319037
1.252955729166668	9.025588285319039
1.352955729166668	9.74593203531904
1.4529557291666682	10.466275785319041
1.5529557291666682	11.186619535319043
1.6529557291666683	11.906963285319044
1.7529557291666684	12.627307035319046
1.8529557291666685	13.347650785319049
1.9529557291666686	14.067994535319052
2.0529557291666687	14.788338285319053
2.1529557291666688	15.508682035330688
2.252955729166669	16.22902578611668
2.352955729166669	16.94936953952149
2.452955729166669	17.669713296285135
2.552955729166669	18.390057056417657
2.652955729166669	18.800971903387655
2.7529557291666693	18.800971903387655
2.8529557291666694	18.800971903387655
2.9529557291666695	18.800971903387655
3.052955729166669	18.800971903387655
3.1529557291666688	18.800971903387655
3.2529557291666684	18.800971903387655
3.352955729166668	18.800971903387655
3.4529557291666677	18.800971903387655
3.5529557291666674	18.800971903387655
3.652955729166667	18.800971903387655
3.7529557291666666	18.800971903387655
3.8529557291666663	18.800971903387655
3.952955729166666	18.800971903387655
4.052955729166666	18.800971903387655
4.152955729166665	18.800971903387655
4.252955729166665	18.800971903387655
4.3529557291666645	18.800971903387655
4.452955729166664	18.800971903387655
4.552955729166664	18.800971903387655
4.6529557291666634	18.800971903387655
4.752955729166663	18.800971903387655
4.852955729166663	18.800971903387655
4.952955729166662	18.800971903387655
5.052955729166662	18.800971903387655
5.152955729166662	18.800971903387655
5.252955729166661	18.800971903387655
5.352955729166661	18.800971903387655
5.452955729166661	18.800971903387655
5.55295572916666	18.800971903387655
5.65295572916666	18.800971903387655
5.7529557291666595	18.800971903387655
5.852955729166659	18.800971903387655
5.952955729166659	18.800971903387655
6.0529557291666585	18.800971903387655
6.152955729166658	18.800971903387655
6.252955729166658	18.800971903387655
6.352955729166657	18.800971903387655
6.452955729166657	18.800971903387655
6.552955729166657	18.800971903387655
6.652955729166656	18.800971903387655
6.752955729166656	18.800971903387655
6.852955729166656	18.800971903387655
6.952955729166655	18.800971903387655
7.052955729166655	18.800971903387655
7.152955729166655	18.800971903387655
7.252955729166654	18.800971903387655
7.352955729166654	18.800971903387655
7.4529557291666535	18.800971903387655
7.552955729166653	18.800971903387655
7.652955729166653	18.800971903387655
7.752955729166652	18.800971903387655
7.852955729166652	18.800971903387655
7.952955729166652	18.800971903387655
8.052955729166651	18.800971903387655
8.152955729166651	18.800971903387655
8.25295572916665	18.8298434658875
8.35295572916665	19.8066434658875
8.45295572916665	20.7834434658875
8.55295572916665	21.760243465887502
8.65295572916665	22.737043465887503
8.752955729166649	23.713843465887503
8.852955729166649	24.690643465887504
8.952955729166648	25.667443465887505
9.052955729166648	26.644243465887506
9.152955729166647	27.621043465887507
9.252955729166647	28.597843465887507
9.352955729166647	29.574643465887508
9.452955729166646	30.55144346588751
9.552955729166646	31.52824346588751
9.652955729166646	32.50504346588751
9.752955729166645	33.48184346588751
9.852955729166645	34.458643465887505
9.952955729166645	35.4354434658875
10.052955729166644	36.4122434658875
10.152955729166644	37.3890434658875
10.252955729166644	38.365843465887494
10.352955729166643	39.34264346588749
10.452955729166643	40.31944346588749
10.552955729166642	41.296243465887486
10.652955729166642	42.27304346588748
10.752955729166642	43.24984346588748
10.805	44.26658034088796
179769313486231570000000000000000000000000000000000000000000000000000000000000000000000000000000000000000000000000000000000000000000000000000000000000000000000000000000000000000000000000000000000000000000000000000000000000000000000000000000000000000000000000000000000000000000000000000000000000000000000000000	44.26658034088796
