-179769313486231570000000000000000000000000000000000000000000000000000000000000000000000000000000000000000000000000000000000000000000000000000000000000000000000000000000000000000000000000000000000000000000000000000000000000000000000000000000000000000000000000000000000000000000000000000000000000000000000000000	0
0.0000000000000004440892098500626	0
0.0033333333333338544	0.030101041666667296
0.006666666666667265	0.06020208333333459
0.011666666666667158	0.10535364583333354
0.01916666666666722	0.17308098958333396
0.030416666666667203	0.27467200520833357
0.047291666666667176	0.42705852864583305
0.07260416666666725	0.6556383138020833
0.11057291666666735	0.9985079915364585
0.1675260416666673	1.5128125081380193
0.2529557291666673	2.2842692830403615
0.3529557291666674	3.1873005330403603
0.4529557291666675	4.090331783040359
0.5529557291666676	4.993363033040358
0.6529557291666677	5.896394283040356
0.7529557291666678	6.799425533040355
0.8529557291666678	7.702456783040354
0.9529557291666677	8.60548803304035
1.0529557291666678	9.50851928304035
1.1529557291666679	10.411550533040348
1.252955729166668	11.314581783040346
1.352955729166668	12.217613033040344
1.4529557291666682	13.120644283040342
1.5529557291666682	14.02367553304034
1.6529557291666683	14.926706783040338
1.7529557291666684	15.829738033040337
1.8529557291666685	16.732769283040337
1.9529557291666686	17.635800533040335
2.0529557291666687	18.538831783040333
2.1529557291666688	19.44186303304033
2.252955729166669	20.34489428304033
2.352955729166669	21.24792553306313
2.452955729166669	22.15095678337357
2.552955729166669	23.05398803438237
2.652955729166669	23.988707189888682
2.7529557291666693	24.96550718988868
2.8529557291666694	25.942307189888677
2.9529557291666695	26.919107189888674
3.052955729166669	27.895907189888668
3.1529557291666688	28.87270718988866
3.2529557291666684	29.849507189888655
3.352955729166668	30.82630718988865
3.4529557291666677	31.803107189888642
3.5529557291666674	32.77990718988864
3.652955729166667	33.75670718988864
3.7529557291666666	34.733507189888634
3.8529557291666663	35.71030718988863
3.952955729166666	36.68710718988863
4.052955729166666	37.663907189888626
4.152955729166665	38.64070718988862
4.252955729166665	39.61750718988862
4.3529557291666645	40.59430718988862
4.452955729166664	41.571107189888615
4.552955729166664	42.54790718988861
4.6529557291666634	43.52470718988861
4.752955729166663	44.501507189888606
4.852955729166663	45.4783071898886
4.952955729166662	46.4551071898886
5.052955729166662	47.4319071898886
5.152955729166662	48.408707189888595
5.252955729166661	49.38550718988859
5.352955729166661	50.36230718988859
5.452955729166661	51.33910718988859
5.55295572916666	52.315907189888584
5.65295572916666	53.29270718988858
5.7529557291666595	54.26950718988858
5.852955729166659	55.246307189888576
5.952955729166659	56.22310718988857
6.0529557291666585	57.19990718988857
6.152955729166658	58.17670718988857
6.252955729166658	59.153507189888565
6.352955729166657	60.13030718988856
6.452955729166657	61.10710718988856
6.552955729166657	62.083907189888556
6.652955729166656	63.060707189888554
6.752955729166656	64.03750718988854
6.852955729166656	65.01430718988854
6.952955729166655	65.99110718988854
7.052955729166655	66.96790718988854
7.152955729166655	67.94470718988853
7.252955729166654	68.92150718988853
7.352955729166654	69.89830718988853
7.4529557291666535	70.87510718988852
7.552955729166653	71.85190718988852
7.652955729166653	72.82870718988852
7.752955729166652	73.80550718988852
7.852955729166652	74.78230718988851
7.952955729166652	75.75910718988851
8.052955729166651	76.73590718988851
8.152955729166651	77.7127071898885
8.25295572916665	78.6895071898885
8.35295572916665	79.6663071898885
8.45295572916665	80.6431071898885
8.55295572916665	81.6199071898885
8.65295572916665	82.59670718988849
8.752955729166649	83.57350718988849
8.852955729166649	84.55030718988849
8.952955729166648	85.52710718988848
9.052955729166648	86.50390718988848
9.152955729166647	87.48070718988848
9.252955729166647	88.45750718988847
9.352955729166647	89.43430718988847
9.452955729166646	90.41110718988847
9.552955729166646	91.38790718988847
9.652955729166646	92.36470718988846
9.752955729166645	93.34150718988846
9.852955729166645	94.31830718988846
9.952955729166645	95.29510718988845
10.052955729166644	96.27190718988845
10.152955729166644	97.24870718988845
10.252955729166644	98.22550718988845
10.352955729166643	99.20230718988844
10.452955729166643	100.17910718988844
10.552955729166642	101.15590718988844
10.652955729166642	102.13270718988844
10.752955729166642	103.10950718988843
10.805	104.12624406488891
179769313486231570000000000000000000000000000000000000000000000000000000000000000000000000000000000000000000000000000000000000000000000000000000000000000000000000000000000000000000000000000000000000000000000000000000000000000000000000000000000000000000000000000000000000000000000000000000000000000000000000000	104.12624406488891
