-100001.1	0
-0.000000000008730793865652231	0
0.0033333333246026164	0.024011458270890122
0.00833333332460251	0.06002864577088936
0.015833333324602572	0.11405442702088994
0.027083333324602554	0.1950930988958902
0.04395833332460253	0.31665110670839025
0.0692708333246026	0.49898811842714114
0.1072395833246027	0.7724936360052674
0.16419270832460264	1.182751912372456
0.24962239582460266	1.7981393269232386
0.34962239582460275	2.5184830769232414
0.44962239582460284	3.238826826923245
0.5496223958246029	3.959170576923245
0.649622395824603	4.679514326923248
0.7496223958246031	5.399858076923249
0.8496223958246032	6.120201826923255
0.9496223958246031	6.840545576923251
1.0496223958246031	7.560889326923255
1.1496223958246032	8.28123307692326
1.2496223958246033	9.001576826923259
1.3496223958246034	9.721920576923262
1.4496223958246035	10.442264326923267
1.5496223958246036	11.162608076923272
1.6496223958246037	11.882951826923271
1.7496223958246038	12.603295576923273
1.8496223958246039	13.323639326923272
1.949622395824604	14.043983076923283
2.049622395824604	14.76432682692328
2.149622395824604	15.48467057692328
2.249622395824604	16.20501432692329
2.3496223958246043	16.925358076923292
2.4496223958246044	17.645701826923283
2.5496223958246045	18.366045576923295
2.6496223958246046	19.18800343741524
2.7496223958246047	20.16480343741525
2.8496223958246047	21.141603437415288
2.949622395824605	22.11840343741534
3.0496223958246045	23.095203437415393
3.149622395824604	24.072003437415464
3.2496223958246038	25.048803437415543
3.3496223958246034	26.025603437415647
3.449622395824603	27.00240343741575
3.5496223958246027	27.979203437415897
3.6496223958246023	28.95600343741603
3.749622395824602	29.932803437416204
3.8496223958246016	30.909603437416386
3.9496223958246013	31.886403437416586
4.049622395824601	32.86320343741677
4.149622395824601	33.84000343741699
4.2496223958246	34.81680343741724
4.3496223958246	35.793603437417495
4.4496223958245995	36.770403437417755
4.549622395824599	37.74720343741802
4.649622395824599	38.72400343741835
4.749622395824598	39.70080343741865
4.849622395824598	40.677603437418966
4.949622395824598	41.654403437419326
5.049622395824597	42.63120343741964
5.149622395824597	43.60800343742002
5.249622395824597	44.58480343742041
5.349622395824596	45.561603437420814
5.449622395824596	46.53840343742126
5.549622395824596	47.51520343742166
5.649622395824595	48.492003437422056
5.749622395824595	49.46880343742246
5.8496223958245945	50.445603437422825
5.949622395824594	51.4224034374232
6.049622395824594	52.39920343742354
6.1496223958245935	53.376003437423854
6.249622395824593	54.35280343742414
6.349622395824593	55.32960343742441
6.449622395824592	56.30640343742471
6.549622395824592	57.28320343742494
6.649622395824592	58.26000343742516
6.749622395824591	59.236803437425415
6.849622395824591	60.2136034374256
6.949622395824591	61.1904034374258
7.04962239582459	62.16720343742597
7.14962239582459	63.14400343742612
7.24962239582459	64.12080343742628
7.349622395824589	65.09760343742639
7.449622395824589	66.07440343742651
7.5496223958245885	67.05120343742662
7.649622395824588	68.02800343742669
7.749622395824588	69.00480343742674
7.849622395824587	69.98160343742684
7.949622395824587	70.95840343742685
8.049622395824587	71.9352034374269
8.149622395824586	72.91200343742695
8.249622395824586	73.88880343742693
8.349622395824586	74.86560343742694
8.449622395824585	75.84240343742697
8.549622395824585	76.81920343742695
8.649622395824585	77.79600343742695
8.749622395824584	78.77280343742699
8.849622395824584	79.749603437427
8.949622395824584	80.72640343742698
9.049622395824583	81.70320343742696
9.149622395824583	82.68000343742693
9.249622395824582	83.65680343742694
9.349622395824582	84.63360343742694
9.449622395824582	85.61040343742692
9.549622395824581	86.58720343742696
9.649622395824581	87.56400343742695
9.74962239582458	88.54080343742696
9.84962239582458	89.51760343742696
9.94962239582458	90.49440343742697
10.04962239582458	91.47120343742696
10.14962239582458	92.44800343742692
10.249622395824579	93.42480343742697
10.349622395824579	94.40160343742697
10.449622395824578	95.37840343742698
10.549622395824578	96.355203437427
10.649622395824577	97.33200343742698
10.749622395824577	98.30880343742695
10.805	98.84973187501251
1000010.805	98.84973187501251
