-100001.1	0
-0.000000000008730793865652231	0
0.0033333333246026164	0.027665208273716664
0.00833333332460251	0.0691630207737155
0.015833333324602572	0.13140973952371526
0.027083333324602554	0.22477981764871519
0.04395833332460253	0.36483493483621376
0.0692708333246026	0.5749176106174627
0.1072395833246027	0.8900416242893365
0.16419270832460264	1.3627276447971457
0.24962239582460266	2.07175667555886
0.34962239582460275	2.9017129255588556
0.44962239582460284	3.7316691755588516
0.5496223958246029	4.561625425558846
0.649622395824603	5.391581675558839
0.7496223958246031	6.2215379255588354
0.8496223958246032	7.051494175558829
0.9496223958246031	7.881450425558824
1.0496223958246031	8.711406675558818
1.1496223958246032	9.541362925558815
1.2496223958246033	10.371319175558808
1.3496223958246034	11.201275425558805
1.4496223958246035	12.031231675558796
1.5496223958246036	12.861187925558792
1.6496223958246037	13.691144175558787
1.7496223958246038	14.521100425558785
1.8496223958246039	15.351056675558777
1.949622395824604	16.18101292555878
2.049622395824604	17.01096917555877
2.149622395824604	17.840925425558765
2.249622395824604	18.670881675558764
2.3496223958246043	19.500837925558756
2.4496223958246044	20.33079417555875
2.5496223958246045	21.16075042555875
2.6496223958246046	22.048889687427447
2.7496223958246047	23.02568968742744
2.8496223958246047	24.002489687427417
2.949622395824605	24.979289687427407
3.0496223958246045	25.956089687427422
3.149622395824604	26.932889687427405
3.2496223958246038	27.909689687427424
3.3496223958246034	28.886489687427414
3.449622395824603	29.863289687427436
3.5496223958246027	30.840089687427465
3.6496223958246023	31.816889687427462
3.749622395824602	32.793689687427516
3.8496223958246016	33.77048968742755
3.9496223958246013	34.74728968742762
4.049622395824601	35.72408968742768
4.149622395824601	36.700889687427726
4.2496223958246	37.677689687427794
4.3496223958246	38.65448968742794
4.4496223958245995	39.63128968742803
4.549622395824599	40.608089687428155
4.649622395824599	41.58488968742829
4.749622395824598	42.561689687428434
4.849622395824598	43.53848968742858
4.949622395824598	44.51528968742875
5.049622395824597	45.492089687428916
5.149622395824597	46.46888968742912
5.249622395824597	47.44568968742931
5.349622395824596	48.422489687429525
5.449622395824596	49.39928968742973
5.549622395824596	50.37608968742994
5.649622395824595	51.35288968743013
5.749622395824595	52.32968968743033
5.8496223958245945	53.306489687430506
5.949622395824594	54.28328968743074
6.049622395824594	55.26008968743088
6.1496223958245935	56.23688968743104
6.249622395824593	57.213689687431206
6.349622395824593	58.190489687431345
6.449622395824592	59.167289687431484
6.549622395824592	60.14408968743163
6.649622395824592	61.12088968743176
6.749622395824591	62.09768968743188
6.849622395824591	63.074489687431985
6.949622395824591	64.0512896874321
7.04962239582459	65.02808968743221
7.14962239582459	66.00488968743232
7.24962239582459	66.9816896874324
7.349622395824589	67.95848968743248
7.449622395824589	68.93528968743261
7.5496223958245885	69.91208968743267
7.649622395824588	70.88888968743275
7.749622395824588	71.8656896874328
7.849622395824587	72.84248968743285
7.949622395824587	73.8192896874329
8.049622395824587	74.79608968743298
8.149622395824586	75.772889687433
8.249622395824586	76.74968968743309
8.349622395824586	77.7264896874331
8.449622395824585	78.70328968743313
8.549622395824585	79.68008968743318
8.649622395824585	80.65688968743315
8.749622395824584	81.63368968743322
8.849622395824584	82.61048968743326
8.949622395824584	83.58728968743326
9.049622395824583	84.56408968743325
9.149622395824583	85.54088968743326
9.249622395824582	86.51768968743323
9.349622395824582	87.49448968743327
9.449622395824582	88.47128968743333
9.549622395824581	89.44808968743335
9.649622395824581	90.4248896874333
9.74962239582458	91.4016896874333
9.84962239582458	92.37848968743334
9.94962239582458	93.3552896874333
10.04962239582458	94.33208968743331
10.14962239582458	95.3088896874333
10.249622395824579	96.28568968743328
10.349622395824579	97.26248968743327
10.449622395824578	98.23928968743324
10.549622395824578	99.21608968743323
10.649622395824577	100.19288968743331
10.749622395824577	101.16968968743323
10.805	101.71061812501878
1000010.805	101.71061812501878
