-100000	0
1.0999999999912689	0
1.1033333333246023	0.03238821124165137
1.1083333333246022	0.0809833318562961
1.1158333333246022	0.15390417038635534
1.1270833333246022	0.2633474541029908
1.1439583333246022	0.4276234200384763
1.1692708333246022	0.6742642945487368
1.2072395833246023	1.0447121845323022
1.2641927083246023	1.601475868765367
1.3496223958246023	2.438685951229832
1.4496223958246024	3.421502820230476
1.5496223958246025	4.406356904894461
1.6496223958246026	5.39332035860832
1.7496223958246027	6.382430945512265
1.8496223958246027	7.373726429746502
1.9496223958246028	8.367244575451238
2.0496223958246027	9.363023146766675
2.149622395824603	10.361099907833037
2.249622395824603	11.36151262279051
2.349622395824603	12.364299055779306
2.449622395824603	13.369496970939627
2.549622395824603	14.377144132411702
2.6496223958246032	15.387278304335727
2.7496223958246033	16.399937250851902
2.8496223958246034	17.415158736100437
2.9496223958246035	18.432980524221534
3.0496223958246036	19.45344037935543
3.1496223958246037	20.476576065642284
3.2496223958246038	21.502425347222324
3.349622395824604	22.531025988235772
3.449622395824604	23.56241575282284
3.549622395824604	24.596632405123696
3.649622395824604	25.633713709278567
3.749622395824604	26.635709317317218
3.8496223958246043	27.669425458470656
3.9496223958246044	28.70508021027342
4.0496223958246045	29.742661449080256
4.149622395824604	30.782157051245914
4.249622395824604	31.823554893125262
4.349622395824603	32.866842851072995
4.449622395824603	33.91200880144391
4.549622395824603	34.95904062059275
4.649622395824602	36.00792618487437
4.749622395824602	37.05865337064347
4.849622395824602	38.111210054254805
4.949622395824601	39.16558411206322
5.049622395824601	40.221763420423486
5.149622395824601	41.27973585569033
5.2496223958246	42.339489294218545
5.3496223958246	43.401011612362886
5.4496223958245995	44.46429068647816
5.549622395824599	45.52931439291912
5.649622395824599	46.59607060804056
5.749622395824598	47.66454720819724
5.849622395824598	48.734732069743906
5.949622395824598	49.80661306903541
6.049622395824597	50.88017808242643
6.149622395824597	51.95541498627183
6.249622395824597	53.03231165692627
6.349622395824596	54.110855970744616
6.449622395824596	55.191035804081686
6.549622395824596	56.27283903329214
6.649622395824595	57.389588074423656
6.749622395824595	58.47346656790314
6.8496223958245945	59.5548926730211
6.949622395824594	60.63387539894504
7.049622395824594	61.71042375484239
7.1496223958245935	62.78454674988056
7.249622395824593	63.85625339322708
7.349622395824593	64.92555269404929
7.449622395824592	65.99245366151472
7.549622395824592	67.0569653047908
7.649622395824592	68.11909663304493
7.749622395824591	69.17885665544459
7.849622395824591	70.2362543811572
7.949622395824591	71.29129881935017
8.04962239582459	72.34399897919107
8.14962239582459	73.39436386984727
8.24962239582459	74.44240250048617
8.34962239582459	75.48812388027524
8.449622395824589	76.531537018382
8.549622395824588	77.57265092397378
8.649622395824588	78.61147460621814
8.749622395824588	79.64801707428249
8.849622395824587	80.68228733733423
8.949622395824587	81.71429440454082
9.049622395824587	82.74404728506967
9.149622395824586	83.77155498808831
9.249622395824586	84.79682652276409
9.349622395824586	85.81987089826453
9.449622395824585	86.84069712375712
9.549622395824585	87.85931420840915
9.649622395824585	88.87573116138815
9.749622395824584	89.88995699186155
9.849622395824584	90.90200070899692
9.949622395824584	91.91187132196158
10.049622395824583	92.91957783992291
10.149622395824583	93.92512927204842
10.249622395824582	94.92853462750561
10.349622395824582	95.92980291546189
10.449622395824582	96.92894314508473
10.549622395824581	97.92596432554149
10.649622395824581	98.9208754659996
10.74962239582458	99.91368557562669
10.84962239582458	100.90440366359002
10.94962239582458	101.89303873905709
11.04962239582458	102.8795998111955
11.14962239582458	103.86409588917248
11.249622395824579	104.84653598215552
11.349622395824579	105.826929099312
11.449622395824578	106.8052842498095
11.549622395824578	107.78161044281552
11.649622395824577	108.75591668749729
11.749622395824577	109.72821199302246
11.849622395824577	110.69850536855832
11.905	112.09533393552844
1000011.905	112.09533393552844
