-100000	0
7.249999999999999	0
7.253333333333332	0.000000000000000000000000000000000000752316384526264
7.258333333333332	0.00000000000000000000000000000000003009265538105056
7.265833333333332	0.0000000000000000000000000000000000481482486096809
7.277083333333333	0.0000000000000000000000000000000001925929944387236
7.293958333333332	0.0000000000000000000000000000000007703719777548943
7.3192708333333325	0.0000000000000000000000000000000003851859888774472
7.357239583333333	0.0000000000000000000000000000000007703719777548943
7.414192708333332	0.0000000000000000000000000000000030814879110195774
7.499622395833333	0
7.599622395833332	0
7.699622395833332	0
7.799622395833332	0
7.899622395833331	0.00000000000000000000000000000003235562306570556
7.999622395833331	0.000000000000000000000000000000009244463733058732
8.09962239583333	0.00000000000000000000000000000007857794173099922
8.19962239583333	0.0000000000000000000000000000006917940360238951
8.29962239583333	0.000000000000000000000000000000011555579666323415
8.39962239583333	0
8.49962239583333	0
8.599622395833329	0.00000000000000000000000000000028041539990278154
8.699622395833329	0.00000000000000000000000000000015715588346199845
8.799622395833328	0.00000000000000000000000000000003389636702121535
8.899622395833328	0.000000000000000000000000000000013866695599588098
8.999622395833327	0.0000000000000000000000000000000677927340424307
9.099622395833327	0.00000000000000000000000000000026500796034768365
9.199622395833327	0.000000000000000000000000000002144715586069626
9.299622395833326	0.00000000000000000000000000000037286003723336886
9.399622395833326	0.0000000000000000000000000000004529787229198779
9.499622395833326	0.00000000000000000000000000000007395570986446986
9.599622395833325	0.00000000000000000000000000000020954117794933126
9.649999999999999	0.00000000000000000000000000000032047474274603605
1000009.65	0.00000000000000000000000000000032047474274603605
