-100000	0
7.249999999999999	0
7.253333333333332	0.0034015303681815857
7.258333333333332	0.008517845747765018
7.265833333333332	0.016223499942220714
7.277083333333333	0.027851766738413355
7.293958333333332	0.04545072833059486
7.3192708333333325	0.07220077483172103
7.357239583333333	0.11311467661675825
7.414192708333332	0.17624669884217728
7.499622395833333	0.27476783694454077
7.599622395833332	0.3957262666570939
7.699622395833332	0.522506109291324
7.799622395833332	0.6548670489168618
7.899622395833331	0.7925540990209737
7.999622395833331	0.9353582466297331
8.09962239583333	1.0830494107957593
8.19962239583333	1.2354352790302567
8.29962239583333	1.392313431600065
8.39962239583333	1.5535010562836171
8.49962239583333	1.7188023991975045
8.599622395833329	1.88807806250201
8.699622395833329	2.061119605255449
8.799622395833328	2.2378171932819573
8.899622395833328	2.417978785819242
8.999622395833327	2.601487022574115
9.099622395833327	2.7881816249293747
9.199622395833327	2.9779429896282754
9.299622395833326	3.1706563126588203
9.399622395833326	3.366176086799224
9.499622395833326	3.564401958215126
9.599622395833325	3.7651995089084194
9.649999999999999	3.8672956009976187
1000009.65	3.8672956009976187
