-100006.31299902344	0
0.000000976562500198952	0
0.003334309895833165	0.0000000000000000000035006037827953635
0.008334309895833059	0.000000000000000000021878773642466713
0.015834309895833343	0.00000000000000000007898237284930523
0.02708430989583377	0.0000000000000000002310945465985547
0.04395930989583352	0.0000000000000000006087905508351341
0.06927180989583359	0.0000000000000000015117719803186412
0.1072405598958337	0.00000000000000000362322832658329
0.1641936848958334	0
0.249623372395833	0
0.34962337239583263	0.00000000000000003851092554512505
0.4496233723958323	0
0.5496233723958319	0.00000000000000019034624098744265
0.6496233723958316	0.00000000000000026591169636312833
0.7496233723958312	0.00000000000000017703966267843684
0.8496233723958309	0.0000000000000004425843657165328
0.9496233723958305	0.09931477102185178
1.0496233723958301	0.20536008902035782
1.1496233723958298	0.3227842136888911
1.2496233723958294	0.4538919237423935
1.349623372395829	0.5885552492137067
1.4496233723958287	0.7296432877360098
1.5496233723958284	0.8797331365708093
1.649623372395828	1.0306866316798076
1.7496233723958277	1.1883220235035064
1.8496233723958273	1.3512166952242906
1.949623372395827	1.5162191543981633
2.0496233723958266	1.6875105266166652
2.1496233723958262	1.8586605909088358
2.249623372395826	2.0366345669270025
2.3496233723958255	2.218510495077249
2.449623372395825	2.4024551581105253
2.549623372395825	2.5884778127595784
2.6496233723958245	2.778162363673176
2.749623372395824	2.972637452786242
2.8496233723958238	3.1680449693394586
2.9496233723958234	3.3698182385762485
3.049623372395823	3.573697139599226
3.1496233723958227	3.7801807751697027
3.2496233723958223	3.9882991786666913
3.3370009765625	4.172935366268573
1000003.3370009765	4.172935366268573
