-100006.31299902344	0
0	0
0.0033333333333329662	0.0034152116368397906
0.00833333333333286	0.008559488116672807
0.015833333333333144	0.016320679170324627
0.02708333333333357	0.02806268003277524
0.04395833333333332	0.045899589712898946
0.06927083333333339	0.07315315691353033
0.1072395833333335	0.1151420336544918
0.16419270833333321	0.18059838999745745
0.2496223958333328	0.284191380300932
0.34962239583333243	0.4134098782774687
0.4496223958333321	0.5508948003335759
0.5496223958333317	0.6962969468569454
0.6496223958333314	0.8492812911815847
0.749622395833331	1.0094999928464299
0.8496223958333307	1.1766690076576496
0.9496223958333303	1.3504849318175551
1.04962239583333	1.5306427190795535
1.1496223958333296	1.7168634866996808
1.2496223958333292	1.9088562016272967
1.3496223958333289	2.106363976405744
1.4496223958333285	2.3091334293457786
1.5496223958333282	2.516962121058225
1.6496223958333278	2.72957877218078
1.7496223958333275	2.946768896399778
1.849622395833327	3.1683547333082327
1.9496223958333267	3.3940657690399196
2.0496223958333264	3.623785176397199
2.149622395833326	3.8572744502573206
2.2496223958333257	4.094349923576581
2.3496223958333253	4.334854397611554
2.449622395833325	4.578593996798525
2.5496223958333246	4.825364873958779
2.6496223958333243	5.075089662528962
2.749622395833324	5.327548279917558
2.8496223958333236	5.5826445708522865
2.949622395833323	5.8402037045305155
3.049622395833323	6.100095151418956
3.1496223958333225	6.362197814344706
3.249622395833322	6.626411379813106
3.3370009765625	6.8588731163378345
1000003.3370009765	6.8588731163378345
