-100000	0
6.313000000000001	0
6.316333333333334	0.0009572736049757399
6.3213333333333335	0.0024078937985251413
6.328833333333334	0.004614832976331105
6.340083333333334	0.007995420352476783
6.356958333333334	0.013215992855614346
6.382270833333334	0.021396427066744744
6.420239583333334	0.03437136886306654
6.477192708333334	0.05549733547302045
6.562622395833333	0.09014457790870423
6.662622395833333	0.13519656140484973
6.762622395833333	0.18487252679450963
6.862622395833332	0.23831203712972493
6.962622395833332	0.30001493119887934
7.062622395833332	0.36541434413503127
7.162622395833331	0.43665008446385134
7.262622395833331	0.5109423850863555
7.362622395833331	0.593908857076957
7.46262239583333	0.6765363828987183
7.56262239583333	0.7624187952324497
7.6626223958333295	0.857087330288432
7.762622395833329	0.9506122043881459
7.862622395833329	1.0540700780711685
7.962622395833328	1.1560347480180646
8.062622395833328	1.254238495999136
8.162622395833328	1.358367629552133
8.262622395833327	1.466099383940071
8.362622395833327	1.5815873407196777
8.462622395833327	1.698050356889664
8.562622395833326	1.8199647237664465
8.662622395833326	1.9481137874002958
8.762622395833326	2.080196270473062
8.862622395833325	2.2191415410098903
8.962622395833325	2.3636209995513973
9.062622395833325	2.5106465012573835
9.162622395833324	2.6641857121637047
9.262622395833324	2.8173288436261332
9.362622395833323	2.9838812225361617
9.462622395833323	3.141104625278112
9.562622395833323	3.320004073416375
9.65	3.4298636077016877
1000009.65	3.4298636077016877
