10	0	8	10528.151832074995	-0.3333832394959657	0.05256958982863164	3.6261212083419068
10	2	8	10591.80100468976	2.3198587288382555	0.11536595014678835	3.713254478794305
10	5	8	9595.122027084642	7.627361935816936	0.16377997984893555	3.582112033845237
5	2	8	10689.443925694748	2.2275145028490257	0.05554003235949415	3.7421911164625787
10	-2	8	10058.046614908026	-2.482864968269375	0.08692790950771354	3.46559181265604
5	0	8	10527.852889464875	-0.3348974543457288	0.02608905303933049	3.622507216037643
5	5	8	9616.979005494797	7.603843660297358	0.08084141666034683	3.5806740046001364
10	-5	8	9145.507691293658	-6.788379765008806	0.15145574741490223	3.272982876459769
5	-2	8	10101.80955331331	-2.3597860545849727	0.03805358273200824	3.4748301244273274
0	0	8	10527.78097673586	-0.3352996075613959	-0.00000009828439302001611	3.621333510643272
0	-2	8	10120.069256956229	-2.2988767529471588	-0.000000022993532276279043	3.4793210847659357
0	5	8	9624.223686397523	7.595436707760015	0.00000014494811181382858	3.580216052512171
-5	0	8	10527.83691512462	-0.3349533511151108	-0.02608395797612409	3.6225023042845286
0	2	8	10729.210082692996	2.226007094726498	0.00000000893068664061554	3.755729029304891
-10	2	8	10591.801003910665	2.31985872411218	-0.11536594146488853	3.7132544782695005
5	-5	8	9170.780502859367	-6.740851373855371	0.0749720072294065	3.273395837450599
-5	-2	8	10101.80956424495	-2.3597860113410505	-0.03805358779848988	3.474830126117559
-5	5	8	9616.980139896647	7.603838699007682	-0.08084187345904778	3.580674001773605
-10	-2	8	10058.046634440461	-2.4828648876993924	-0.08692791280577901	3.4655918157215915
-5	2	8	10689.443581326395	2.227515866485426	-0.05553990978953237	3.742191105203093
0	-5	8	9178.915029182199	-6.725892696569794	-0.00000004775762181471819	3.2735249265913016
10	0	7	9992.526752377284	-1.1799285699270499	0.19529760815508462	3.4479927008688183
-10	5	8	9595.084291314593	7.627542048263564	-0.16377870653944362	3.582114389595478
-10	-5	8	9145.507805171943	-6.788379270673467	-0.15145584400686848	3.272982877164879
10	5	7	8932.602390477738	10.526249059893956	0.21408449442113253	3.503589980391087
-10	0	8	10528.138374315902	-0.3334342256902332	-0.05256753870401509	3.62611708114099
10	-2	7	9530.574021983639	-4.407053844959229	0.1814999838001557	3.323179042470144
10	2	7	9861.317405967204	3.621132774787746	0.25476695633819973	3.499329114061027
-5	-5	8	9170.780532897581	-6.740851236608762	-0.07497205727119785	3.2733958372948226
5	0	7	10183.99333079872	-1.3638792852280446	0.07809284815398213	3.499812701233266
5	2	7	9931.924729819115	3.5814205336938585	0.1266133691072052	3.5071061303943116
5	5	7	8956.04559367996	10.5192962896419	0.10588065425562772	3.5002733633327145
0	-2	7	9617.970981113296	-4.334274223866288	-0.000000015436871408296946	3.3395813998890476
5	-5	7	8542.463882451706	-9.497549955977718	0.10217619752892831	3.1636583428938714
0	5	7	8963.627341537387	10.516316438492396	0.000000004163866137031233	3.499108460715338
0	2	7	9953.817306024532	3.562617669009555	0.0000020199012699107647	3.508878935987053
10	-5	7	8518.467818096666	-9.512060436295066	0.20621273258179512	3.1654956080328143
5	-2	7	9596.46929902889	-4.351998639748352	0.08944687353758209	3.3355732609235806
0	0	7	10288.513878722213	-1.4608827173682073	-0.0000043838274742322215	3.5311294238958157
0	-5	7	8550.455013706933	-9.491974822758792	-0.00000006513347133544218	3.163043514524558
-5	2	7	9931.901287219003	3.5813301312201347	-0.12661260989160206	3.5070972133435285
-5	0	7	10183.99187698552	-1.3638878653496391	-0.07809262313135573	3.499812312664156
-10	2	7	9861.317886623638	3.621134568964493	-0.25476689664539476	3.4993292864063785
-10	5	7	8932.639780259538	10.526410446144837	-0.2140639049874233	3.5036105087845164
-5	5	7	8956.045594713272	10.519296284581202	-0.10588063681929964	3.5002733631884273
-5	-5	7	8542.475749863397	-9.497484302470326	-0.10217547210328266	3.1636567234568527
-10	0	7	9992.52679274236	-1.1799284072709213	-0.19529762867020534	3.4479927094417864
-5	-2	7	9596.469321071532	-4.351998550256788	-0.0894469028472027	3.3355732637470132
-10	-2	7	9530.574078220128	-4.407053616065802	-0.18150001031619634	3.323179048178874
10	0	6	8891.948726261953	-1.5471613916986229	0.4322647939852139	3.1130077150225466
10	2	6	8692.480541934838	5.214695790570502	0.39986947967107206	3.1574735216287872
5	2	6	8748.37163206656	5.3512888247471295	0.200360753056301	3.15565880976193
10	-2	6	8652.535583635501	-6.835361145004022	0.31419844700918753	3.0937692689998118
0	2	6	8769.535786866287	5.402871991329903	-0.0000015175821890678272	3.156034314772118
-10	-5	7	8518.48679384875	-9.51195867121367	-0.20621032645683784	3.1654923106342503
5	0	6	8924.620594844073	-1.5876561955939081	0.2250487637877746	3.097258141512238
10	5	6	8116.75276136462	13.85560064377924	0.29237528294464243	3.4130811086268897
5	5	6	8155.803616265276	13.947242933283519	0.14207169701715447	3.419538923779495
0	0	6	8925.060867297832	-1.593228338943895	-0.000000009881439389507894	3.087357969395082
0	-2	6	8739.616820251644	-7.025747624831084	-0.000000012918170243343707	3.1043145413913997
5	-2	6	8718.181609232239	-6.979219797698242	0.1547517509373435	3.101739947228561
10	-5	6	7754.835836899135	-12.811940024375431	0.2730898770365072	3.0536486562717156
0	5	6	8169.993524504108	13.98017349823273	0.000000010181576733624565	3.422765951008517
-5	0	6	8924.618736900946	-1.5876475120259315	-0.22504813736291493	3.097257964006201
5	-5	6	7779.488101536485	-12.820393578414361	0.1351660157948781	3.0490990704111276
-5	-2	6	8718.181633209359	-6.979219688517944	-0.15475177232991055	3.101739948841339
-10	2	6	8692.491066913622	5.2147795271625625	-0.3998710966729604	3.1574792031975756
-5	5	6	8155.803925856474	13.947241222634545	-0.14207150231379323	3.419538844388233
-10	0	6	8891.948731587565	-1.547161793105488	-0.43226478601190954	3.113007716104575
-5	2	6	8748.3443529301	5.351176014746812	-0.20036080009897095	3.155648546106896
-5	-5	6	7779.488111183087	-12.82039355925513	-0.13516609934098248	3.0490990703800254
0	-5	6	7787.596291617957	-12.822451319788556	-0.0000007501462635516189	3.0475929702862885
-10	-2	6	8652.535629255344	-6.835360937648879	-0.31419846650020966	3.0937692715274485
5	0	5	7360.280124638361	-1.46967210591923	0.272002150411933	2.5862217785845516
-10	5	6	8116.7527583601495	13.855600634848642	-0.2923752655431957	3.4130811068884617
10	2	5	7262.50705826482	6.932006148595391	0.5386123170547621	2.732963219507059
5	-2	5	7466.2027302212655	-9.41088251607318	0.2450553693408727	2.7534179696056134
10	0	5	7361.9146001752115	-1.4590978754543613	0.547911393301761	2.6231627329584244
10	5	5	7094.412316511593	17.451721697157808	0.41959953107968534	3.271529622250753
-10	-5	6	7754.836047980504	-12.811938932194003	-0.27309007043759326	3.0536486283862363
5	2	5	7265.657759656297	7.016592998155517	0.2704501015171185	2.701707893641774
0	0	5	7359.772950522524	-1.4734619800788593	-0.0000000005179746998312222	2.574155019954796
5	5	5	7134.599296184638	17.62864271411705	0.20916623054814118	3.276296859610171
10	-2	5	7419.470799867197	-9.145876924370832	0.4847009757488213	2.759222854334969
-5	2	5	7265.638648081043	7.016668252053606	-0.27044936481837806	2.7017060251557012
-5	0	5	7360.2801391953	-1.4696720329466828	-0.2720021556370364	2.586221781620735
0	2	5	7263.7915971374705	7.0325815095397815	-0.000000021920827341656436	2.6897736176733678
-5	-2	5	7466.203109941832	-9.410883603213165	-0.24505529160031814	2.753418019974421
-10	2	5	7262.651773638642	6.931638083986186	-0.5385115391022661	2.7329585128797897
0	-2	5	7486.120560935301	-9.533062250587648	-0.00000003877703612609615	2.7538387970437355
-10	0	5	7361.914668254874	-1.4590975578402663	-0.5479114157341949	2.6231627466919907
0	5	5	7147.872005171767	17.692411009342564	0.000000009907982423487336	3.2787635447783865
10	-5	5	6858.035969344312	-16.793141704137007	0.3588371051539386	2.9459271616177163
5	-5	5	6879.1982344635835	-16.865800200343486	0.1779475605940641	2.9393196335110585
-5	5	5	7134.602971666363	17.62866708110785	-0.20916562948520181	3.2763011520491925
-10	-2	5	7419.470901224305	-9.145876341720793	-0.48470101702227786	2.759222855108752
-10	5	5	7094.39744313484	17.451747663121182	-0.41961395434926074	3.271535162041281
5	0	4	5803.288620293997	-1.2138392276927874	0.34218635907722095	2.0723860011974935
0	-5	5	6885.968180267409	-16.889746871342467	0.000001793938381173614	2.9371503434901034
5	2	4	5745.9115920012455	8.892225926747884	0.33496143375449483	2.225697676150896
10	-2	4	5963.404993291585	-11.2268560874058	0.6590562830973287	2.340707514290421
10	2	4	5751.63277426708	8.852091199723347	0.6740567422011062	2.271167477169447
10	0	4	5808.292664889675	-1.229741466568676	0.6866584367269658	2.119510806904452
-10	-5	5	6858.035989353066	-16.793141145653557	-0.3588372966120092	2.945927149722852
-5	-5	5	6879.196664676533	-16.865811292833108	-0.17794752570768474	2.9393201234779682
10	5	4	5888.483293727358	21.11857951709247	0.563639046305381	3.044296625774706
5	5	4	5895.61367903518	21.39108399158843	0.2838271552103313	3.032495922387267
10	-5	4	5860.580915759889	-21.341569623154875	0.4616979158105134	2.839514219580347
5	-2	4	5962.410651995274	-11.281549530569109	0.3281969227825801	2.298835531298646
0	-2	4	5961.495220174266	-11.298969363458376	0.0000018008462020205167	2.2846047811484613
-5	2	4	5745.911541357606	8.892227399558692	-0.33496144315665055	2.2256977072057413
-5	5	4	5895.603642203529	21.391062382634118	-0.2838371840377692	3.0324941610208302
0	2	4	5744.0886741037975	8.90444888768053	-0.0000000668263927131825	2.210801547797167
-5	0	4	5803.288338106383	-1.2138365194901723	-0.3421866203508744	2.0723859545060117
-10	0	4	5808.294183463049	-1.2297498564392129	-0.6866583238360141	2.119511125118999
-5	-2	4	5962.482297661548	-11.280937055569026	-0.32818385247435444	2.2988285857252935
-10	-2	4	5963.318431292822	-11.227555494695011	-0.6590766851566081	2.340719627708958
-10	2	4	5751.635412627135	8.85207257375076	-0.674058034375739	2.2711676639070655
0	0	4	5802.299828629896	-1.2144397257548718	0.000000003957731763043379	2.0570869276899257
10	0	3	4279.338360899886	-0.9191097603707163	0.90623535036141	1.6212179356598124
5	0	3	4270.52065998239	-0.8591281961562629	0.44995814571075654	1.5579333782689593
0	5	4	5899.175541610374	21.487038650787852	-0.000014532949327584373	3.0288072089726574
5	-5	4	5872.670498603727	-21.582401429936937	0.22970671125408773	2.8345218741143583
-10	5	4	5888.491912567482	21.118484865121587	-0.5636431269746663	3.0442915570252502
10	2	3	4266.847900115407	11.648556613585598	0.8858091192136982	1.8294485831061829
0	-5	4	5875.3657939530285	-21.666184510391716	-0.00000021537510644190688	2.8332608030188404
10	5	3	4655.475242129226	24.753710730123245	0.6745237519495023	2.7437384132725255
10	-2	3	4448.069087013329	-13.759846428117186	0.8759342320735578	1.8992100091074722
5	5	3	4622.472581499961	25.151967443479492	0.34422701277711126	2.722445730728631
-5	-5	4	5872.69917988371	-21.58224200788051	-0.22969303745855468	2.834512945585252
5	2	3	4260.083263416153	11.726992149046438	0.44014219271107	1.7701819681216069
0	5	3	4612.888358036581	25.272974385354104	-0.000006224117024183926	2.7130767279996837
-10	-5	4	5860.615335231024	-21.341473423992014	-0.4616724725578429	2.8395019190558783
5	-2	3	4444.402162150629	-13.808621560024555	0.43566391701039925	1.8414291653204855
0	2	3	4257.473207128773	11.753012371007117	-0.000000013090498617752072	1.7508138597998053
0	0	3	4267.780985427273	-0.8402953088607674	-0.0000006343219716084722	1.5372985053771897
10	-5	3	4819.920718698359	-25.98181707236978	0.5817953529887631	2.7082820094665685
0	-2	3	4443.375028661729	-13.824467141200579	-0.0000000802063557419871	1.8225026024030375
5	-5	3	4823.958685693463	-26.40481928778258	0.290030422777724	2.7064534989870013
-5	5	3	4622.496280091879	25.15185680801858	-0.34424402440729185	2.7224393246679104
-5	2	3	4260.083265201614	11.726992120949944	-0.4401421961411593	1.770181968686476
-5	-2	3	4444.515948768585	-13.808774346077335	-0.43552713387302594	1.8414287045751045
5	5	2	3485.878991620995	28.75929891880523	0.37470519342817116	2.3808896160534747
10	5	2	3516.474975338791	28.357637917231727	0.7670441421328881	2.413972584493459
-10	0	3	4279.338282486785	-0.9191054899789037	-0.906235430697178	1.6212179101419626
-10	-2	3	4448.06101020089	-13.75992430210524	-0.875937758477776	1.8992112323307015
-5	0	3	4270.524123368946	-0.8591589139941931	-0.4499579689366613	1.5579342030963181
-10	5	3	4655.4962193986785	24.75356946798344	-0.6745291108119423	2.7437259489637422
-10	2	3	4266.814743069104	11.648662245853757	-0.8858548517031705	1.8294572679704384
10	2	2	2845.2870986868684	16.19505909449184	1.247095919523671	1.4345714821739746
5	0	2	2785.660046880717	-0.5994273407098305	0.6684496339313294	1.052437315101789
-5	5	2	3485.854459765347	28.759245245613855	-0.37470166066875793	2.3808774051383557
0	5	2	3469.764301264496	28.917901667287893	-0.000002741366592965314	2.3731851178672456
-5	0	2	2785.587301942937	-0.6005261303752718	-0.6684821316232	1.0524258380876286
-5	2	2	2815.6075870335626	16.73516040035875	-0.6465766151107527	1.3609196604556462
10	-2	2	2960.8968537882724	-18.08186036831144	1.272305182895373	1.502226540615502
0	-5	3	4826.195304525072	-26.542529733302928	0.00010106399564142303	2.7054411817742374
-10	-5	3	4819.957310097626	-25.981754831254264	-0.5817630520099561	2.7082685837191187
10	0	2	2794.3858882474456	-0.6262149715187064	1.341917065830029	1.1444839921577195
0	0	2	2782.854592036382	-0.5934386671855449	-0.00000006124717304962312	1.0222046245723309
0	2	2	2815.9206635008777	16.825008186136714	-0.000020993029336530466	1.3328409696269456
0	-2	2	2944.0192091369804	-18.522567037062515	0.0000019838076672672575	1.3946323628733834
-5	-2	2	2946.924131792322	-18.44528699470318	-0.6411603913874616	1.4217978948207324
5	-2	2	2946.8839097594414	-18.445449423317235	0.6412307644948256	1.421807456687295
5	2	2	2815.6270357602984	16.735242520366356	0.6465242482140299	1.3609177856820796
0	-5	2	3766.4335808891365	-31.012978480180358	0.00003457868233910127	2.5120750004936627
-5	-5	3	4823.984061694929	-26.40479965160697	-0.2899976084475552	2.7064442837962
10	-5	2	3780.757860632972	-30.25681236578301	0.7306437694276249	2.5115419527762453
5	-5	2	3766.682567294109	-30.818450475528913	0.37257459649810054	2.5115036547804492
-10	5	2	3516.595786472911	28.357294583114395	-0.7668617177676635	2.413917378661105
-10	2	2	2845.2898737471046	16.194922422089007	-1.2471023595722637	1.4345685235320507
-10	0	2	2794.3094812725453	-0.627362637236935	-1.3419617945854279	1.1444793576706467
-10	-2	2	2960.960088272463	-18.081778903243126	-1.27220254278154	1.5022087889778486
-10	-5	2	3780.6086882267214	-30.257211615687243	-0.7308309857262902	2.511614411379984
-5	-5	2	3766.693018956445	-30.818501455017504	-0.37250475879561745	2.511501295581431
