-100007.25	0
0	0
0.0033333333333329662	0.000000000000000000000000000000000000752316384526264
0.00833333333333286	0.0000000000000000000000000000000000481482486096809
0.015833333333333144	0.00000000000000000000000000000000008726870060504662
0.02708333333333357	0.00000000000000000000000000000000018055593228630336
0.04395833333333332	0.0000000000000000000000000000000002407412430484045
0.06927083333333339	0
0.1072395833333335	0.0000000000000000000000000000000003851859888774472
0.16419270833333321	0.000000000000000000000000000000009629649721936179
0.24962239583333368	0
0.3496223958333333	0
0.44962239583333297	0
0.5496223958333326	0
0.6496223958333323	0.0000000000000000000000000000000955261252416069
0.7496223958333319	0.0000000000000000000000000000002033782021272921
0.8496223958333315	0.00000000000000000000000000000026500796034768365
0.9496223958333312	0.00000000000000000000000000000034512664603419266
1.0496223958333308	0.00000000000000000000000000000006471124613141112
1.1496223958333305	0
1.2496223958333301	0
1.3496223958333298	0.00000000000000000000000000000026192647243666408
1.4496223958333294	0.000000000000000000000000000000043140830754274083
1.549622395833329	0.000000000000000000000000000000677927340424307
1.6496223958333287	0.00000000000000000000000000000012017802852976352
1.7496223958333283	0.0000000000000000000000000000003112302790129773
1.849622395833328	0.00000000000000000000000000000023727456914850746
1.9496223958333276	0.0000000000000000000000000000012942249226282223
2.0496223958333273	0.0000000000000000000000000000003543711097672514
2.149622395833327	0.0000000000000000000000000000008813055425515991
2.2496223958333266	0.00000000000000000000000000000018797076257219422
2.349622395833326	0.000000000000000000000000000000008474091755303838
2.3999999999999995	0.0000000000000000000000000000014544622940012405
1000002.4	0.0000000000000000000000000000014544622940012405
