-100000	0
6.536209075246523	0
6.539542408579856	0.0000003583493972886785
6.544542408579856	0.000003149705365104252
6.552042408579856	0.000012873694311284827
6.563292408579857	0.00004039261275378163
6.5801674085798565	0.00011396384870627246
6.605479908579857	0.0003015979124921244
6.643448658579857	0.0007785115202886017
6.700401783579856	0.0019894848649224767
6.785831471079856	0.0050852618837982436
6.885831471079856	0.010941464117149028
6.985831471079855	0.019505074142345275
7.085831471079855	0.031064533239594773
7.1858314710798545	0.04586490911173762
7.25	0.05717093962727919
1000007.25	0.05717093962727919
