-100000	0
6.407326399177892	0
6.410659732511225	0.000000280815999773207
6.415659732511225	0.0000030227854378753278
6.423159732511225	0.000016580646674270062
6.4344097325112255	0.00007231395114779469
6.451284732511225	0.0002832970352329479
6.476597232511225	0.001043962796770185
6.514565982511225	0.0036741235944590675
6.571519107511225	0.01235315036478523
6.656948795011225	0.036146601520344844
6.756948795011224	0.078368407000829
6.856948795011224	0.13446922521069887
6.956948795011224	0.2032609153483414
7.056948795011223	0.28386315919674154
7.156948795011223	0.3755880424956987
7.25	0.47043968383328416
1000007.25	0.47043968383328416
