-100000	0
4.699999999999999	0
4.703333333333332	0.00000015511933971265034
4.708333333333332	0.0000006257574716969297
4.715833333333332	0.000001991493500895706
4.727083333333333	0.00000594392577843622
4.743958333333333	0.000017558892646092175
4.769270833333333	0.000054711822307361043
4.807239583333333	0.0001767268161196939
4.8641927083333325	0.0006058710239497662
4.949622395833332	0.002221967227085837
5.049622395833332	0.006901678432234859
5.149622395833331	0.017238187752734578
5.249622395833331	0.03716465431706867
5.349622395833331	0.06965381929718821
5.44962239583333	0.11825627538238055
5.54962239583333	0.18724246363995495
5.64962239583333	0.27663333892634523
5.749622395833329	0.38517740173858517
5.849622395833329	0.5115981588666499
5.9496223958333285	0.6548018974158002
6.049622395833328	0.813745777772749
6.149622395833328	0.9872724470679114
6.2496223958333275	1.1746309312836762
6.349622395833327	1.3751004291689433
6.449622395833327	1.5878828410655992
6.549622395833326	1.8123125907639324
6.649622395833326	2.047750162391765
6.749622395833326	2.2935894819398723
6.849622395833325	2.5494261725862346
6.949622395833325	2.8146997191652554
7.049622395833325	3.08890258373417
7.149622395833324	3.3716740472888547
7.249622395833324	3.6626477489664935
7.25	3.6637628996144533
1000007.25	3.6637628996144533
