-100000	0
3.5	0
3.5033333333333334	0
3.5083333333333333	0
3.515833333333333	0
3.527083333333333	0
3.5439583333333333	0
3.5692708333333334	0
3.6072395833333335	0
3.6641927083333337	0
3.7496223958333337	0
3.8496223958333338	0
3.949622395833334	0
4.0496223958333335	0
4.149622395833333	0
4.249622395833333	0
4.349622395833332	0
4.449622395833332	0
4.549622395833332	0
4.649622395833331	0
4.749622395833331	0.016543695310581443
4.849622395833331	0.054018728484162816
4.94962239583333	0.09808063097873441
5.04962239583333	0.15024024896602042
5.14962239583333	0.2122411730453029
5.249622395833329	0.28621690113119697
5.349622395833329	0.3750358478843259
5.4496223958333285	0.4820421256284446
5.549622395833328	0.606938752000503
5.649622395833328	0.7486931574990867
5.7496223958333275	0.9064026227056509
5.849622395833327	1.0795519062565997
5.949622395833327	1.2670831698344955
6.049622395833326	1.4683316155472446
6.149622395833326	1.6822213454070778
6.249622395833326	1.908564476321899
6.349622395833325	2.1462402772142526
6.449622395833325	2.3948124108763538
6.549622395833325	2.6541720971881415
6.649622395833324	2.9230120781964595
6.749622395833324	3.2017750576714965
6.8496223958333236	3.4895454256322247
6.949622395833323	3.785864682740484
7.049622395833323	4.090335166045446
7.1496223958333225	4.402559050363447
7.249622395833322	4.722217998322391
7.25	4.725202279840307
1000007.25	4.725202279840307
