-100003.5	0
2.7745381132909497	0
2.7778714466242826	0.00000022193841051853355
2.7828714466242825	0.00000259699194878599
2.790371446624283	0.000015185401981524244
2.8016214466242833	0.00006932538725807811
2.818496446624283	0.0002802792518253052
2.843808946624283	0.0010506643769803098
2.881777696624283	0.003744435365242823
2.938730821624283	0.012740848722522801
3.0241605091242825	0.037981535736238574
3.124160509124282	0.08322276313134586
3.2241605091242818	0.14356600996486818
3.3241605091242814	0.21768048213241967
3.424160509124281	0.3046087678368923
3.5241605091242807	0.40352255335642084
3.6241605091242803	0.5136264243062708
3.72416050912428	0.6343154934209885
3.75	0.6671879585869168
1000003.75	0.6671879585869168
