-100000	0
5.9999380959553665	0
6.0032714292886995	0.0000003488658213394999
6.008271429288699	0.0000033556536578321017
6.0157714292887	0.000017988368891942036
6.0270214292887	0.0000778518572012916
6.0438964292887	0.00030435316793844586
6.0692089292887	0.001122970889998987
6.1071776792887	0.003973492136668485
6.1641308042887	0.013570379025472493
6.249560491788699	0.041202024093889254
6.349560491788699	0.09162774327259295
6.449560491788699	0.15950230765294932
6.549560491788698	0.24320977395644697
6.649560491788698	0.34148427315067065
6.7495604917886975	0.45329204935877204
6.849560491788697	0.5777594816119507
6.949560491788697	0.7141371378073731
7.0495604917886965	0.8617688242077629
7.149560491788696	1.0200780141059123
7.249560491788696	1.1885162464412764
7.25	1.1892785747307852
1000007.25	1.1892785747307852
