60	10	12.422404581116329	96.72568129854412	105.5563558623065	-0.2725021744029555	6.0825757404679095	164.85895399505077	2.767180289963476
60	0	12.422404581116329	3.791315657675118	105.65425983747932	-4.120178400741196	1.6462407959793166	51.91519513355972	1.7069436596439114
60	10	12.382595418883671	96.72921772961546	105.55636609372873	-0.27161221950271536	6.082723790631287	165.44369000203895	2.769019220910015
60	5	12.422404581116329	48.83999999999663	105.5661868122155	-0.6396763670411117	3.684806358830969	304.95654274699456	3.65750372784885
15	0	12.422404581116329	3.5559741870310453	105.56719650591535	-4.392860032592995	1.5861760591949583	19.8993534380222	0.2532170931779264
5	0	12.422404581116329	3.5508190151013017	105.55562301971375	-4.399237701699017	1.584771223036575	19.159383563388158	0.23177697915014608
5	10	12.422404581116329	96.97229758243272	105.55031990609562	-0.28118342997241447	6.091555695036959	71.8119873250818	0.3600280905586326
15	10	12.422404581116329	96.96714241050243	105.55097981994092	-0.2810040887075588	6.091366716059938	74.31577271066811	0.3946931411276339
-5	0	12.422404581116329	3.550819015101117	105.54437698028629	-4.399237701699064	1.5847712230365598	19.15824821941275	0.2317723721853058
60	0	12.382595418883671	3.7803018983414653	105.65454761893561	-4.11851809449655	1.644799002661557	51.915977319270205	1.7030564769905123
-60	0	12.422404581116329	3.7913156576736147	105.44574016252065	-4.120178400741425	1.6462407959792127	0.19634424158282449	0.007999536283652261
-60	5	12.422404581116329	48.83999999999944	105.53381318778457	-0.6396763670410751	3.6848063588311035	304.9565427469946	3.65750372784885
15	5	12.422404581116329	48.83999999999891	105.55250410856438	-0.6396763670410731	3.670795639510661	158.00554400756567	0.5094438071379868
60	10	11.382595418883671	96.91515391464866	105.55652094878637	-0.25407492150716016	6.088699634016542	179.77695598487102	2.819537483678852
-60	10	12.422404581116329	96.73180111359174	105.54365093568587	-0.2727965422938453	6.08271809856466	164.92436949112104	2.7676028527705934
-5	10	12.422404581116329	96.97229758243323	105.5496800939044	-0.2811834299724043	6.091555695036985	71.8108607283123	0.36002633027637704
5	5	12.422404581116329	48.839917370350896	105.55081715207996	-0.6396743334647582	3.6704872427547968	153.20345953125727	0.4644150412665816
60	5	12.382595418883671	48.84000000001455	105.56618433916171	-0.6375610880819562	3.6843368019650935	305.0336897957946	3.664786241684515
15	0	12.382595418883671	3.5442517645587395	105.56725074642911	-4.3928148464660906	1.5845782947954759	19.892793143610945	0.25321764590845375
60	40	12.422404581116329	105.54323999999926	105.55	-0	6.5025	0	0
5	0	12.382595418883671	3.5390810693111407	105.55564080743999	-4.399232870355814	1.5831692444185872	19.149063564239302	0.2316838915139393
15	10	12.382595418883671	96.9752534326136	105.55098074656117	-0.28035566271511736	6.091648488735929	74.52636382433572	0.3947285569871573
-5	5	12.422404581116329	48.839999999997985	105.54918237816045	-0.6396763670411342	3.6704887336909016	153.20345953125718	0.4644150412665813
60	-5	12.422404581116329	0	105.55000000000001	-4.399999999999963	1.0999999999999996	0	0
60	-10	12.422404581116329	0	105.55000000000001	-4.399999999999963	1.0999999999999996	0	0
60	-40	12.422404581116329	0	105.55000000000001	-4.399999999999963	1.0999999999999996	0	0
15	40	12.422404581116329	105.54323999999926	105.55	-0	6.5025	0	0
-15	10	12.422404581116329	96.96714241065797	105.54902018005926	-0.2810040887071538	6.091366716067025	74.3115556680081	0.3946857063221713
-15	5	12.422404581116329	48.840000000075065	105.54749589143577	-0.6396763670402805	3.6707956395139747	158.0055440075657	0.5094438071379868
0	0	12.422404581116329	3.5502038370782545	105.55000000000001	-4.399999999999963	1.5846033083644906	0.04619492608851114	0.0012966691825402382
15	-5	12.422404581116329	0	105.55000000000001	-4.399999999999963	1.0999999999999996	0	0
15	-10	12.422404581116329	0	105.55000000000001	-4.399999999999963	1.0999999999999996	0	0
15	-40	12.422404581116329	0	105.55000000000001	-4.399999999999963	1.0999999999999996	0	0
5	40	12.422404581116329	105.54323999999926	105.55	-0	6.5025	0	0
0	10	12.422404581116329	96.97291276045782	105.55000000000003	-0.28120482988718365	6.091578244972751	0.2454941859686332	0.0030930393088665817
0	5	12.422404581116329	48.84000000000139	105.55000000000003	-0.6396763670410893	3.6704521099434184	0.6476470229614953	0.005085959115755796
-60	5	12.382595418883671	48.840000000005155	105.53381566083829	-0.6375610880820937	3.684336801964722	305.0336897957944	3.6647862416845123
5	-5	12.422404581116329	0	105.55000000000001	-4.399999999999963	1.0999999999999996	0	0
5	-10	12.422404581116329	0	105.55000000000001	-4.399999999999963	1.0999999999999996	0	0
5	-40	12.422404581116329	0	105.55000000000001	-4.399999999999963	1.0999999999999996	0	0
0	40	12.422404581116329	105.54323999999926	105.55	-0	6.5025	0	0
-15	0	12.422404581116329	3.555974187012496	105.53280349408509	-4.3928600326126555	1.5861760591969443	0.05827103296970338	0.0015142575840816077
5	10	12.382595418883671	96.98042412786306	105.55032020858242	-0.28053620997523115	6.091838262180691	72.00815162577241	0.35999378022091333
-60	10	12.382595418883671	96.73920406088642	105.543644888362	-0.2720929023404795	6.082963484584119	165.4880637132437	2.7693054999105366
0	-5	12.422404581116329	0	105.55000000000001	-4.399999999999963	1.0999999999999996	0	0
0	-10	12.422404581116329	0	105.55000000000001	-4.399999999999963	1.0999999999999996	0	0
0	-40	12.422404581116329	0	105.55000000000001	-4.399999999999963	1.0999999999999996	0	0
-5	40	12.422404581116329	105.54323999999926	105.55	-0	6.5025	0	0
-5	0	12.382595418883671	3.5390810693112527	105.54435919256005	-4.399232870355755	1.5831692444185894	19.14813668996672	0.23168003333097778
15	5	12.382595418883671	48.83999999999851	105.55250372598167	-0.6375610880822266	3.670330363488759	157.90744662565461	0.509116875700908
60	0	11.382595418883671	3.5065057055493014	105.66229776535586	-4.071487177786158	1.6090383587563997	53.960175211755285	1.6751546111684075
-5	-5	12.422404581116329	0	105.55000000000001	-4.399999999999963	1.0999999999999996	0	0
-5	-10	12.422404581116329	0	105.55000000000001	-4.399999999999963	1.0999999999999996	0	0
-5	-40	12.422404581116329	0	105.55000000000001	-4.399999999999963	1.0999999999999996	0	0
-15	40	12.422404581116329	105.54323999999926	105.55	-0	6.5025	0	0
-5	10	12.382595418883671	96.98042412786155	105.54967979141755	-0.28053620997520357	6.091838262180665	72.00472393458578	0.3599883782429612
5	5	12.382595418883671	48.83998181594947	105.550817414771	-0.6375608392746279	3.6700230829685756	153.10940519104403	0.46412697093664296
-60	0	12.382595418883671	3.7803018983396837	105.44545238106433	-4.118518094496975	1.6447990026614456	0.19693113318538574	0.007997381913972387
-15	-5	12.422404581116329	0	105.55000000000001	-4.399999999999963	1.0999999999999996	0	0
-15	-10	12.422404581116329	0	105.55000000000001	-4.399999999999963	1.0999999999999996	0	0
-15	-40	12.422404581116329	0	105.55000000000001	-4.399999999999963	1.0999999999999996	0	0
-60	40	12.422404581116329	105.54323999999926	105.55	-0	6.5025	0	0
-15	10	12.382595418883671	96.97525343284691	105.54901925343907	-0.2803556627145179	6.091648488746562	74.51568530702481	0.39470974249203683
60	5	11.382595418883671	48.84000000000098	105.56612501043982	-0.5846311637581896	3.673093608080375	301.4723588430963	3.6441899817618144
60	10	10.382595418883671	97.07205236504879	105.5567073288354	-0.23538949733442496	6.093634442000129	193.24731406506254	2.858432396491701
-60	-5	12.422404581116329	0	105.55000000000001	-4.399999999999963	1.0999999999999996	0	0
-60	-10	12.422404581116329	0	105.55000000000001	-4.399999999999963	1.0999999999999996	0	0
-60	-40	12.422404581116329	0	105.55000000000001	-4.399999999999963	1.0999999999999996	0	0
60	40	12.382595418883671	105.54323999999926	105.55	-0	6.5025	0	0
15	0	11.382595418883671	3.250968489364397	105.5687380644838	-4.391519962646203	1.5446095917269416	19.711700684301594	0.25228356050240536
-5	5	12.382595418883671	48.839999999999506	105.54918250307838	-0.6375610880822388	3.6700235514413047	153.10940519104403	0.46412697093664296
0	0	12.382595418883671	3.5384640388566835	105.54999999999997	-4.399999999999886	1.583000824304745	0.046166701542378556	0.001295876933212007
60	-5	12.382595418883671	0	105.55000000000001	-4.399999999999963	1.0999999999999996	0	0
60	-10	12.382595418883671	0	105.55000000000001	-4.399999999999963	1.0999999999999996	0	0
60	-40	12.382595418883671	0	105.55000000000001	-4.399999999999963	1.0999999999999996	0	0
15	40	12.382595418883671	105.54323999999926	105.55	-0	6.5025	0	0
5	0	11.382595418883671	3.2453709281667074	105.55612875806257	-4.3990943824222235	1.5430847150573643	18.926419630405483	0.2302625086944284
-5	0	11.382595418883671	3.245370928166916	105.5438712419374	-4.399094382422101	1.543084715057368	18.927660040450043	0.23026750377133365
0	10	12.382595418883671	96.98104115831856	105.55	-0.28055775379172315	6.09186090691246	0.2464455784285868	0.003096889879290311
15	-5	12.382595418883671	0	105.55000000000001	-4.399999999999963	1.0999999999999996	0	0
15	-10	12.382595418883671	0	105.55000000000001	-4.399999999999963	1.0999999999999996	0	0
15	-40	12.382595418883671	0	105.55000000000001	-4.399999999999963	1.0999999999999996	0	0
5	40	12.382595418883671	105.54323999999926	105.55	-0	6.5025	0	0
-15	5	12.382595418883671	48.83999999999829	105.5474962740184	-0.637561088082269	3.670330363488775	157.90744662565461	0.509116875700908
0	5	12.382595418883671	48.83999999999959	105.55000000000003	-0.6375610880822212	3.669986938883697	0.6474181357406094	0.005101620128752772
15	10	11.382595418883671	97.16966145542976	105.5510067284343	-0.26385339622654774	6.098322845211194	81.12388119893656	0.4058082221394973
5	-5	12.382595418883671	0	105.55000000000001	-4.399999999999963	1.0999999999999996	0	0
5	-10	12.382595418883671	0	105.55000000000001	-4.399999999999963	1.0999999999999996	0	0
5	-40	12.382595418883671	0	105.55000000000001	-4.399999999999963	1.0999999999999996	0	0
0	40	12.382595418883671	105.54323999999926	105.55	-0	6.5025	0	0
5	10	11.382595418883671	97.17525901662314	105.55032869011825	-0.26406852922730245	6.09853441834561	78.45280263505627	0.3716776402197268
-15	0	12.382595418883671	3.544251764558956	105.53274925357087	-4.392814846466002	1.5845782947954903	0.05827884013604098	0.0015143462983979842
-60	10	11.382595418883671	96.91515391464854	105.54347905121367	-0.25407492150714694	6.088699634016547	179.7859507634608	2.8195952052425217
0	-5	12.382595418883671	0	105.55000000000001	-4.399999999999963	1.0999999999999996	0	0
0	-10	12.382595418883671	0	105.55000000000001	-4.399999999999963	1.0999999999999996	0	0
0	-40	12.382595418883671	0	105.55000000000001	-4.399999999999963	1.0999999999999996	0	0
-5	40	12.382595418883671	105.54323999999926	105.55	-0	6.5025	0	0
-60	5	11.382595418883671	48.84000000000049	105.53387498956016	-0.5846311637582541	3.6730936080803627	301.4723588430961	3.64418998176181
15	5	11.382595418883671	48.83999999999917	105.55249454779644	-0.5846311637582322	3.6591896712847514	156.11443769604972	0.5066417861708801
60	0	10.382595418883671	3.238739333712431	105.67117481494383	-4.0118068348310585	1.57420968989447	56.719943820488155	1.6404574528639908
-5	-5	12.382595418883671	0	105.55000000000001	-4.399999999999963	1.0999999999999996	0	0
-5	-10	12.382595418883671	0	105.55000000000001	-4.399999999999963	1.0999999999999996	0	0
-5	-40	12.382595418883671	0	105.55000000000001	-4.399999999999963	1.0999999999999996	0	0
-15	40	12.382595418883671	105.54323999999926	105.55	-0	6.5025	0	0
5	5	11.382595418883671	48.83999999999856	105.55081450013279	-0.5846311637582824	3.658885104543934	151.4113894374678	0.46224775661011525
-60	0	11.382595418883671	3.506505705549417	105.43770223464412	-4.071487177786032	1.609038358756407	0.21439372335858703	0.008114433673510169
-5	10	11.382595418883671	97.17525901662434	105.54967130988175	-0.26406852922728874	6.098534418345669	78.45794773846153	0.37168585995340175
-15	-5	12.382595418883671	0	105.55000000000001	-4.399999999999963	1.0999999999999996	0	0
-15	-10	12.382595418883671	0	105.55000000000001	-4.399999999999963	1.0999999999999996	0	0
-15	-40	12.382595418883671	0	105.55000000000001	-4.399999999999963	1.0999999999999996	0	0
-60	40	12.382595418883671	105.54323999999926	105.55	-0	6.5025	0	0
-15	10	11.382595418883671	97.16966145542901	105.54899327156573	-0.2638533962265538	6.0983228452111575	81.10589256742598	0.40577942268206535
-5	5	11.382595418883671	48.83999999999762	105.54918549986724	-0.5846311637582844	3.658885104543886	151.4113894374678	0.46224775661011525
60	5	10.382595418883671	48.83999999999976	105.56607099260499	-0.5320719326463654	3.6628927753926273	298.59887178731253	3.638034184580144
-60	-5	12.382595418883671	0	105.55000000000001	-4.399999999999963	1.0999999999999996	0	0
-60	-10	12.382595418883671	0	105.55000000000001	-4.399999999999963	1.0999999999999996	0	0
-60	-40	12.382595418883671	0	105.55000000000001	-4.399999999999963	1.0999999999999996	0	0
60	40	11.382595418883671	105.54323999999926	105.55	-0	6.5025	0	0
60	10	9.382595418883671	97.21018966539607	105.5569052144872	-0.21602374305969316	6.097798800057332	205.95234172041572	2.893474069173594
-15	5	11.382595418883671	48.83999999999991	105.54750545220358	-0.5846311637582013	3.6591896712847274	156.11443769604963	0.5066417861708798
0	10	11.382595418883671	97.1759269859343	105.55	-0.26409419986698485	6.098559664206053	0.2744513320482953	0.0032697222908200695
60	-5	11.382595418883671	0	105.55000000000001	-4.399999999999963	1.0999999999999996	0	0
60	-10	11.382595418883671	0	105.55000000000001	-4.399999999999963	1.0999999999999996	0	0
60	-40	11.382595418883671	0	105.55000000000001	-4.399999999999963	1.0999999999999996	0	0
15	40	11.382595418883671	105.54323999999926	105.55	-0	6.5025	0	0
15	0	10.382595418883671	2.9598376317548287	105.57051220264749	-4.389834244901609	1.504947370793399	19.571562738005877	0.25173703210807585
0	0	11.382595418883671	3.2447029588578786	105.55	-4.400000000000084	1.5429023967865225	0.0455345574656592	0.0012864914621082328
60	0	9.382595418883671	2.9780729404159074	105.68138097166755	-3.9347201341705955	1.540402448679309	60.468731068531596	1.5960659799214143
15	-5	11.382595418883671	0	105.55000000000001	-4.399999999999963	1.0999999999999996	0	0
15	-10	11.382595418883671	0	105.55000000000001	-4.399999999999963	1.0999999999999996	0	0
15	-40	11.382595418883671	0	105.55000000000001	-4.399999999999963	1.0999999999999996	0	0
5	40	11.382595418883671	105.54323999999926	105.55	-0	6.5025	0	0
-15	0	11.382595418883671	3.2509684893639754	105.53126193551618	-4.391519962646238	1.5446095917268816	0.05859072953942838	0.0015140929409795491
5	0	10.382595418883671	2.9537282698074407	105.55671133590873	-4.398913985432917	1.503283777442009	18.75785892392743	0.23004066557152542
15	10	10.382595418883671	97.34314370629377	105.55103889454062	-0.24676566041095638	6.10405237888187	89.77103464912295	0.42096442377805554
5	-5	11.382595418883671	0	105.55000000000001	-4.399999999999963	1.0999999999999996	0	0
5	-10	11.382595418883671	0	105.55000000000001	-4.399999999999963	1.0999999999999996	0	0
5	-40	11.382595418883671	0	105.55000000000001	-4.399999999999963	1.0999999999999996	0	0
0	40	11.382595418883671	105.54323999999926	105.55	-0	6.5025	0	0
0	5	11.382595418883671	48.839999999999364	105.55	-0.5846311637582252	3.6588487599237514	0.6383057292968312	0.005064317772557005
-60	5	10.382595418883671	48.839999999999925	105.533929007395	-0.5320719326463155	3.662892775392627	298.5988717873126	3.638034184580144
-5	0	10.382595418883671	2.9537282698066805	105.54328866409126	-4.398913985433171	1.5032837774419519	18.75678884402079	0.23003620224795807
0	-5	11.382595418883671	0	105.55000000000001	-4.399999999999963	1.0999999999999996	0	0
0	-10	11.382595418883671	0	105.55000000000001	-4.399999999999963	1.0999999999999996	0	0
0	-40	11.382595418883671	0	105.55000000000001	-4.399999999999963	1.0999999999999996	0	0
-5	40	11.382595418883671	105.54323999999926	105.55	-0	6.5025	0	0
5	10	10.382595418883671	97.34925306824009	105.55033919038902	-0.2470259049599747	6.104290020967289	86.64901429850954	0.3837468796341239
-60	10	10.382595418883671	97.07205236499021	105.54329267116456	-0.2353894973346509	6.0936344419975805	193.22803767196697	2.8583095971981254
60	10	8.382595418883671	97.32984532144403	105.55710575989706	-0.19596401993323	6.101222454442282	217.976130353867	2.9316872256678437
-5	-5	11.382595418883671	0	105.55000000000001	-4.399999999999963	1.0999999999999996	0	0
-5	-10	11.382595418883671	0	105.55000000000001	-4.399999999999963	1.0999999999999996	0	0
-5	-40	11.382595418883671	0	105.55000000000001	-4.399999999999963	1.0999999999999996	0	0
-15	40	11.382595418883671	105.54323999999926	105.55	-0	6.5025	0	0
60	5	9.382595418883671	48.84000000000356	105.56602219969729	-0.47984781161674234	3.653708051404924	295.84331368278265	3.6260509122735773
5	5	10.382595418883671	48.839999999997886	105.55081177160534	-0.5320719326464092	3.648779307706168	149.92154889485272	0.46094349168108245
15	5	10.382595418883671	48.83999999999895	105.55248619120832	-0.5320719326463601	3.64908183730362	154.53490703280798	0.5047957119623707
-15	-5	11.382595418883671	0	105.55000000000001	-4.399999999999963	1.0999999999999996	0	0
-15	-10	11.382595418883671	0	105.55000000000001	-4.399999999999963	1.0999999999999996	0	0
-15	-40	11.382595418883671	0	105.55000000000001	-4.399999999999963	1.0999999999999996	0	0
-60	40	11.382595418883671	105.54323999999926	105.55	-0	6.5025	0	0
-5	10	10.382595418883671	97.34925306823972	105.54966080961103	-0.24702590495997687	6.1042900209672695	86.65062712099433	0.3837492212227824
15	0	9.382595418883671	2.67069204290173	105.57266396091737	-4.387583207428295	1.4655727811065342	19.460757414671573	0.25107062837957417
-60	0	10.382595418883671	3.2387393337124277	105.42882518505616	-4.011806834830808	1.5742096898944489	0.23764434356443245	0.008254158974771924
-60	-5	11.382595418883671	0	105.55000000000001	-4.399999999999963	1.0999999999999996	0	0
-60	-10	11.382595418883671	0	105.55000000000001	-4.399999999999963	1.0999999999999996	0	0
-60	-40	11.382595418883671	0	105.55000000000001	-4.399999999999963	1.0999999999999996	0	0
60	40	10.382595418883671	105.54323999999926	105.55	-0	6.5025	0	0
5	0	9.382595418883671	2.6639588421558575	105.5574187620926	-4.3986728977386225	1.463740355603647	18.588790498000797	0.2291570448318793
-5	5	10.382595418883671	48.8399999999982	105.54918822839468	-0.5320719326463936	3.648779307706181	149.92154889485272	0.46094349168108245
-15	10	10.382595418883671	97.34314370621517	105.54896110545974	-0.24676566041159495	6.104052378878262	89.78232460166338	0.4209818334536111
60	-5	10.382595418883671	0	105.55000000000001	-4.399999999999963	1.0999999999999996	0	0
60	-10	10.382595418883671	0	105.55000000000001	-4.399999999999963	1.0999999999999996	0	0
60	-40	10.382595418883671	0	105.55000000000001	-4.399999999999963	1.0999999999999996	0	0
15	40	10.382595418883671	105.54323999999926	105.55	-0	6.5025	0	0
-15	5	10.382595418883671	48.84000000003753	105.54751380879166	-0.5320719326458879	3.6490818373053333	154.53490703280798	0.5047957119623707
0	10	10.382595418883671	97.34998211186159	105.55000000000001	-0.2470569583338334	6.104318377328846	0.3117565043216294	0.0034957337529071745
0	0	10.382595418883671	2.9529992261872398	105.55	-4.3999999999999755	1.503084797459359	0.04496801250014205	0.0012787604528678228
15	-5	10.382595418883671	0	105.55000000000001	-4.399999999999963	1.0999999999999996	0	0
15	-10	10.382595418883671	0	105.55000000000001	-4.399999999999963	1.0999999999999996	0	0
15	-40	10.382595418883671	0	105.55000000000001	-4.399999999999963	1.0999999999999996	0	0
5	40	10.382595418883671	105.54323999999926	105.55	-0	6.5025	0	0
0	5	10.382595418883671	48.840000000000046	105.55000000000005	-0.5320719326463267	3.6487432061828624	0.6299576588769449	0.005015148203061894
15	10	9.382595418883671	97.48986392145419	105.55107916434883	-0.22873232967165957	6.108507461621323	101.16049282549888	0.4381602736239911
60	0	8.382595418883671	2.726186633702166	105.69312897731011	-3.8331586710173595	1.5077128164261173	65.67112065729916	1.538397111872332
5	-5	10.382595418883671	0	105.55000000000001	-4.399999999999963	1.0999999999999996	0	0
5	-10	10.382595418883671	0	105.55000000000001	-4.399999999999963	1.0999999999999996	0	0
5	-40	10.382595418883671	0	105.55000000000001	-4.399999999999963	1.0999999999999996	0	0
0	40	10.382595418883671	105.54323999999926	105.55	-0	6.5025	0	0
5	10	9.382595418883671	97.49659712223796	105.55035233592382	-0.22905298364069848	6.108776863233261	97.5667349073815	0.39920226673829756
-5	0	9.382595418883671	2.663958842155926	105.54258123790746	-4.39867289773859	1.463740355603651	18.588471487426222	0.22915571738064253
-60	5	9.382595418883671	48.83999999997932	105.53397780030271	-0.4798478116171078	3.6537080514037887	295.8433136827829	3.6260509122735747
0	-5	10.382595418883671	0	105.55000000000001	-4.399999999999963	1.0999999999999996	0	0
0	-10	10.382595418883671	0	105.55000000000001	-4.399999999999963	1.0999999999999996	0	0
0	-40	10.382595418883671	0	105.55000000000001	-4.399999999999963	1.0999999999999996	0	0
-5	40	10.382595418883671	105.54323999999926	105.55	-0	6.5025	0	0
-15	0	10.382595418883671	2.95983763175443	105.52948779735249	-4.389834244901718	1.5049473707933645	0.059195343790232675	0.001517904306713351
15	5	9.382595418883671	48.83999999999955	105.55247864291921	-0.4798478116168657	3.63998084838694	153.16280650466732	0.5035723230236726
-60	10	9.382595418883671	97.2101896653936	105.54309478551286	-0.21602374305972036	6.097798800057224	205.91038170647056	2.893188605285199
-5	-5	10.382595418883671	0	105.55000000000001	-4.399999999999963	1.0999999999999996	0	0
-5	-10	10.382595418883671	0	105.55000000000001	-4.399999999999963	1.0999999999999996	0	0
-5	-40	10.382595418883671	0	105.55000000000001	-4.399999999999963	1.0999999999999996	0	0
-15	40	10.382595418883671	105.54323999999926	105.55	-0	6.5025	0	0
5	5	9.382595418883671	48.83999999999762	105.55080930699734	-0.4798478116168953	3.63968015301223	148.6310718236094	0.46020412266163685
60	5	8.382595418883671	48.84000000000124	105.5659785546617	-0.42792407591246334	3.6455160209062245	293.47522455356494	3.6183341482771305
-5	10	9.382595418883671	97.49659712223809	105.5496476640762	-0.2290529836406943	6.108776863233264	97.5679219727393	0.3992035572784477
-15	-5	10.382595418883671	0	105.55000000000001	-4.399999999999963	1.0999999999999996	0	0
-15	-10	10.382595418883671	0	105.55000000000001	-4.399999999999963	1.0999999999999996	0	0
-15	-40	10.382595418883671	0	105.55000000000001	-4.399999999999963	1.0999999999999996	0	0
-60	40	10.382595418883671	105.54323999999926	105.55	-0	6.5025	0	0
-5	5	9.382595418883671	48.839999999997794	105.5491906930027	-0.4798478116168893	3.639680153012236	148.63107182360955	0.4602041226616372
15	0	8.382595418883671	2.3833838215782066	105.57532683904523	-4.384483035915158	1.426471435786691	19.372173369464495	0.24986721533184425
5	0	8.382595418883671	2.3758747011917176	105.55829565675451	-4.398340505304849	1.424429443781472	18.44162021625886	0.22837303220605662
-60	-5	10.382595418883671	0	105.55000000000001	-4.399999999999963	1.0999999999999996	0	0
-60	-10	10.382595418883671	0	105.55000000000001	-4.399999999999963	1.0999999999999996	0	0
-60	-40	10.382595418883671	0	105.55000000000001	-4.399999999999963	1.0999999999999996	0	0
60	40	9.382595418883671	105.54323999999926	105.55	-0	6.5025	0	0
60	10	7.38259541888367	97.43129233525627	105.55730030451734	-0.1751959608862167	6.103934357592062	229.39654850882448	2.9793747628960983
-60	0	9.382595418883671	2.9780729404146467	105.41861902833249	-3.9347201341708784	1.5404024486792198	0.269386909900264	0.008418783467716033
0	0	9.382595418883671	2.6631553544739495	105.55000000000001	-4.3999999999998	1.463521069406737	0.044454431131430334	0.001270305193388732
60	-5	9.382595418883671	0	105.55000000000001	-4.399999999999963	1.0999999999999996	0	0
60	-10	9.382595418883671	0	105.55000000000001	-4.399999999999963	1.0999999999999996	0	0
60	-40	9.382595418883671	0	105.55000000000001	-4.399999999999963	1.0999999999999996	0	0
15	40	9.382595418883671	105.54323999999926	105.55	-0	6.5025	0	0
-15	5	9.382595418883671	48.83999999999746	105.54752135708083	-0.47984781161688095	3.6399808483868528	153.16280650466723	0.503572323023673
-15	10	9.382595418883671	97.48986392145385	105.5489208356512	-0.22873232967166654	6.108507461621307	101.17842323621092	0.4381862200895711
-60	5	8.382595418883671	48.83999999999801	105.53402144533837	-0.4279240759124766	3.64551602090606	293.475224553565	3.6183341482771305
15	-5	9.382595418883671	0	105.55000000000001	-4.399999999999963	1.0999999999999996	0	0
15	-10	9.382595418883671	0	105.55000000000001	-4.399999999999963	1.0999999999999996	0	0
15	-40	9.382595418883671	0	105.55000000000001	-4.399999999999963	1.0999999999999996	0	0
5	40	9.382595418883671	105.54323999999926	105.55	-0	6.5025	0	0
0	10	9.382595418883671	97.49740060992292	105.55000000000003	-0.22909124502736003	6.108809009036056	0.36279452671768714	0.0037761482448090246
15	10	8.382595418883671	97.60110197122283	105.55113039229776	-0.20917141445087561	6.1111972603906715	116.7536106280423	0.45943707040384413
0	5	9.382595418883671	48.84000000000083	105.55000000000001	-0.47984781161683276	3.6396442703708263	0.6226624726144694	0.004990878821462053
5	-5	9.382595418883671	0	105.55000000000001	-4.399999999999963	1.0999999999999996	0	0
5	-10	9.382595418883671	0	105.55000000000001	-4.399999999999963	1.0999999999999996	0	0
5	-40	9.382595418883671	0	105.55000000000001	-4.399999999999963	1.0999999999999996	0	0
0	40	9.382595418883671	105.54323999999926	105.55	-0	6.5025	0	0
-15	0	9.382595418883671	2.6706920429397374	105.52733603908143	-4.387583207378503	1.46557278110323	0.06016331945114412	0.0015243979076160835
60	0	7.38259541888367	2.485779802318932	105.70659252365638	-3.6963991546867208	1.4762150454579668	73.15275690241727	1.4622029591752799
-60	10	8.382595418883671	97.32984532144287	105.54289424010294	-0.19596401993322343	6.101222454442242	217.9158591638287	2.9312176096375278
0	-5	9.382595418883671	0	105.55000000000001	-4.399999999999963	1.0999999999999996	0	0
0	-10	9.382595418883671	0	105.55000000000001	-4.399999999999963	1.0999999999999996	0	0
0	-40	9.382595418883671	0	105.55000000000001	-4.399999999999963	1.0999999999999996	0	0
-5	40	9.382595418883671	105.54323999999926	105.55	-0	6.5025	0	0
15	5	8.382595418883671	48.83999999999804	105.55247189100872	-0.4279240759125394	3.6318635027952686	151.99049480561962	0.5029597039632291
-5	0	8.382595418883671	2.3758747011927444	105.54170434324547	-4.398340505304383	1.4244294437815432	18.442035731266095	0.22837469838510577
5	10	8.382595418883671	97.60861109161118	105.55036905841098	-0.20957559107043797	6.111506234051537	112.49752434704934	0.41828712793759126
-5	-5	9.382595418883671	0	105.55000000000001	-4.399999999999963	1.0999999999999996	0	0
-5	-10	9.382595418883671	0	105.55000000000001	-4.399999999999963	1.0999999999999996	0	0
-5	-40	9.382595418883671	0	105.55000000000001	-4.399999999999963	1.0999999999999996	0	0
-15	40	9.382595418883671	105.54323999999926	105.55	-0	6.5025	0	0
5	5	8.382595418883671	48.8399999999999	105.55080710241657	-0.42792407591247655	3.631564443398954	147.27025500092415	0.45755521749308964
60	5	7.38259541888367	48.8400000000016	105.56593998904577	-0.3762667633098852	3.6382959771224	291.2164621779522	3.604976280059422
5	0	7.38259541888367	2.0892947247743954	105.55941076926528	-4.39786414576777	1.385327317575983	18.322488533241213	0.22786457912573957
-15	-5	9.382595418883671	0	105.55000000000001	-4.399999999999963	1.0999999999999996	0	0
-15	-10	9.382595418883671	0	105.55000000000001	-4.399999999999963	1.0999999999999996	0	0
-15	-40	9.382595418883671	0	105.55000000000001	-4.399999999999963	1.0999999999999996	0	0
-60	40	9.382595418883671	105.54323999999926	105.55	-0	6.5025	0	0
15	0	7.38259541888367	2.097793590790799	105.5787053435612	-4.380046921853617	1.3876358675668237	19.359093454612648	0.24934370271088305
-5	10	8.382595418883671	97.60861109160871	105.54963094158899	-0.20957559107040505	6.111506234051463	112.49448418686092	0.41828330453758544
-5	5	8.382595418883671	48.8399999999978	105.54919289758347	-0.4279240759125354	3.6315644433989305	147.27025500092418	0.45755521749308964
-60	-5	9.382595418883671	0	105.55000000000001	-4.399999999999963	1.0999999999999996	0	0
-60	-10	9.382595418883671	0	105.55000000000001	-4.399999999999963	1.0999999999999996	0	0
-60	-40	9.382595418883671	0	105.55000000000001	-4.399999999999963	1.0999999999999996	0	0
60	40	8.382595418883671	105.54323999999926	105.55	-0	6.5025	0	0
-60	0	8.382595418883671	2.726186633700658	105.40687102268983	-3.8331586710176904	1.507712816426029	0.3143663615241534	0.008612615926739538
-15	5	8.382595418883671	48.839999999997694	105.54752810899133	-0.42792407591254505	3.631863502795272	151.99049480561968	0.5029597039632291
60	10	6.38259541888367	97.51480460906798	105.55748038113181	-0.15370455154994941	6.105963200645	240.3832497231014	3.048772185749885
60	-5	8.382595418883671	0	105.55000000000001	-4.399999999999963	1.0999999999999996	0	0
60	-10	8.382595418883671	0	105.55000000000001	-4.399999999999963	1.0999999999999996	0	0
60	-40	8.382595418883671	0	105.55000000000001	-4.399999999999963	1.0999999999999996	0	0
15	40	8.382595418883671	105.54323999999926	105.55	-0	6.5025	0	0
0	0	8.382595418883671	2.374978621314189	105.55000000000001	-4.400000000000073	1.4241849059943097	0.044001742532075803	0.0012634678879084105
-15	10	8.382595418883671	97.60110197122313	105.54886960770226	-0.20917141445087545	6.111197260390687	116.77228934100873	0.4594615281607193
-60	10	7.38259541888367	97.43129233525404	105.5426996954827	-0.1751959608862277	6.103934357591968	229.32074901345098	2.9786850590723297
15	-5	8.382595418883671	0	105.55000000000001	-4.399999999999963	1.0999999999999996	0	0
15	-10	8.382595418883671	0	105.55000000000001	-4.399999999999963	1.0999999999999996	0	0
15	-40	8.382595418883671	0	105.55000000000001	-4.399999999999963	1.0999999999999996	0	0
5	40	8.382595418883671	105.54323999999926	105.55	-0	6.5025	0	0
0	10	8.382595418883671	97.6095071714889	105.55	-0.2096238182036339	6.111543101384189	0.4355352169805699	0.004155739143182338
-5	0	7.38259541888367	2.0892947247747493	105.54058923073477	-4.3978641457675955	1.3853273175760092	18.32257346960449	0.22786494532846982
15	10	7.38259541888367	97.66389310057998	105.55119505308195	-0.18712369618853603	6.11139311851953	137.11243129943858	0.481831772714931
5	-5	8.382595418883671	0	105.55000000000001	-4.399999999999963	1.0999999999999996	0	0
5	-10	8.382595418883671	0	105.55000000000001	-4.399999999999963	1.0999999999999996	0	0
5	-40	8.382595418883671	0	105.55000000000001	-4.399999999999963	1.0999999999999996	0	0
0	40	8.382595418883671	105.54323999999926	105.55	-0	6.5025	0	0
-15	0	8.382595418883671	2.3833838215777625	105.5246731609548	-4.384483035915293	1.4264714357866517	0.061610303069771985	0.0015328313397152554
0	5	8.382595418883671	48.83999999999957	105.55	-0.42792407591249326	3.631528755982348	0.6162225135726354	0.004972818045769826
5	10	7.38259541888367	97.67180333202944	105.55039080510605	-0.18760880159062895	6.111717948145756	133.94242249539997	0.4441380422291523
0	-5	8.382595418883671	0	105.55000000000001	-4.399999999999963	1.0999999999999996	0	0
0	-10	8.382595418883671	0	105.55000000000001	-4.399999999999963	1.0999999999999996	0	0
0	-40	8.382595418883671	0	105.55000000000001	-4.399999999999963	1.0999999999999996	0	0
-5	40	8.382595418883671	105.54323999999926	105.55	-0	6.5025	0	0
15	5	7.38259541888367	48.839999999998454	105.55246592488717	-0.3762667633099209	3.624709282533289	150.7513362954538	0.5003405709634329
-60	5	7.38259541888367	48.8400000000014	105.53406001095418	-0.3762667633098604	3.6382959771223846	291.2164621779526	3.604976280059422
5	5	7.38259541888367	48.83999999999944	105.55080515440548	-0.37626676330989495	3.624411665005941	146.36519413985877	0.4579376980079963
-5	-5	8.382595418883671	0	105.55000000000001	-4.399999999999963	1.0999999999999996	0	0
-5	-10	8.382595418883671	0	105.55000000000001	-4.399999999999963	1.0999999999999996	0	0
-5	-40	8.382595418883671	0	105.55000000000001	-4.399999999999963	1.0999999999999996	0	0
-15	40	8.382595418883671	105.54323999999926	105.55	-0	6.5025	0	0
60	0	6.38259541888367	2.2613657643331067	105.72177023624909	-3.5079048195666855	1.4458829833344653	83.42275349405733	1.3408031821230912
60	5	6.38259541888367	48.84000000000217	105.56590644273487	-0.32484258245323383	3.632029809049153	289.32908288111196	3.5959061375574564
-5	10	7.38259541888367	97.67180333203014	105.54960919489392	-0.18760880159061966	6.111717948145795	133.94805730007252	0.4441439606089759
-15	-5	8.382595418883671	0	105.55000000000001	-4.399999999999963	1.0999999999999996	0	0
-15	-10	8.382595418883671	0	105.55000000000001	-4.399999999999963	1.0999999999999996	0	0
-15	-40	8.382595418883671	0	105.55000000000001	-4.399999999999963	1.0999999999999996	0	0
-60	40	8.382595418883671	105.54323999999926	105.55	-0	6.5025	0	0
5	0	6.38259541888367	1.8040461326855628	105.5608758257757	-4.397146902062786	1.3464120141495122	18.222792903885615	0.22726906992507628
15	0	6.38259541888367	1.8138490193321404	105.58312908311623	-4.37338266799559	1.3490702907243466	19.394376896487557	0.2480065173352418
-60	0	7.38259541888367	2.4857798023176314	105.39340747634361	-3.6963991546870356	1.476215045457888	0.3811061467147937	0.008837814424656415
-60	-5	8.382595418883671	0	105.55000000000001	-4.399999999999963	1.0999999999999996	0	0
-60	-10	8.382595418883671	0	105.55000000000001	-4.399999999999963	1.0999999999999996	0	0
-60	-40	8.382595418883671	0	105.55000000000001	-4.399999999999963	1.0999999999999996	0	0
60	40	7.38259541888367	105.54323999999926	105.55	-0	6.5025	0	0
-5	5	7.38259541888367	48.84000000000031	105.54919484559454	-0.3762667633098865	3.6244116650059857	146.36519413985877	0.4579376980079963
60	10	5.38259541888367	97.58067172246709	105.55763775452193	-0.13147436672841442	6.107338376660757	250.7888668669519	3.130838998214342
-15	10	7.38259541888367	97.66389310057902	105.54880494691804	-0.18712369618854366	6.111393118519481	137.0966033184333	0.4818109996599514
60	-5	7.38259541888367	0	105.55000000000001	-4.399999999999963	1.0999999999999996	0	0
60	-10	7.38259541888367	0	105.55000000000001	-4.399999999999963	1.0999999999999996	0	0
60	-40	7.38259541888367	0	105.55000000000001	-4.399999999999963	1.0999999999999996	0	0
15	40	7.38259541888367	105.54323999999926	105.55	-0	6.5025	0	0
-15	5	7.38259541888367	48.839999999996806	105.54753407511285	-0.3762667633099497	3.624709282533227	150.75133629545385	0.5003405709634329
-5	0	6.38259541888367	1.8040461326757682	105.53912417422436	-4.397146902081825	1.3464120141504565	18.223451621460644	0.22727175060751842
15	10	6.38259541888367	97.67980071884462	105.55122967778084	-0.16240830825970196	6.109238279822874	149.1130537198159	0.49830851636240175
15	-5	7.38259541888367	0	105.55000000000001	-4.399999999999963	1.0999999999999996	0	0
15	-10	7.38259541888367	0	105.55000000000001	-4.399999999999963	1.0999999999999996	0	0
15	-40	7.38259541888367	0	105.55000000000001	-4.399999999999963	1.0999999999999996	0	0
5	40	7.38259541888367	105.54323999999926	105.55	-0	6.5025	0	0
-60	10	6.38259541888367	97.514804609067	105.54251961886821	-0.15370455154993196	6.105963200644962	240.45452116581112	3.0495406646935246
0	0	7.38259541888367	2.0882805363694894	105.55	-4.400000000000242	1.3850505782650504	0.04360790171972751	0.0012582144758288142
0	10	7.38259541888367	97.67281752043485	105.55	-0.18767136570597756	6.1117608646188595	0.5443071944472271	0.004663179886575171
5	-5	7.38259541888367	0	105.55000000000001	-4.399999999999963	1.0999999999999996	0	0
5	-10	7.38259541888367	0	105.55000000000001	-4.399999999999963	1.0999999999999996	0	0
5	-40	7.38259541888367	0	105.55000000000001	-4.399999999999963	1.0999999999999996	0	0
0	40	7.38259541888367	105.54323999999926	105.55	-0	6.5025	0	0
0	5	7.38259541888367	48.840000000000266	105.55	-0.37626676330988346	3.6243761496507942	0.6104517620758636	0.004942907735178707
15	5	6.38259541888367	48.83999999999867	105.5524607352548	-0.32484258245325764	3.6185002417106893	149.9670561497977	0.5009465571824662
-15	0	7.38259541888367	2.0977935907902685	105.52129465643881	-4.380046921853805	1.3876358675667793	0.06375136803390716	0.0015492723378425226
0	-5	7.38259541888367	0	105.55000000000001	-4.399999999999963	1.0999999999999996	0	0
0	-10	7.38259541888367	0	105.55000000000001	-4.399999999999963	1.0999999999999996	0	0
0	-40	7.38259541888367	0	105.55000000000001	-4.399999999999963	1.0999999999999996	0	0
-5	40	7.38259541888367	105.54323999999926	105.55	-0	6.5025	0	0
5	10	6.38259541888367	97.6800000000746	105.55040172996368	-0.16242129122627003	6.10910193778333	145.38523286365475	0.4564228837929757
5	5	6.38259541888367	48.8400000000366	105.55080345992747	-0.3248425824529879	3.6182038755615995	145.38523286365475	0.4564228837929757
-60	5	6.38259541888367	48.839999999998376	105.53409355726512	-0.3248425824532302	3.6320298090489547	289.32908288112355	3.5959061375574564
-5	-5	7.38259541888367	0	105.55000000000001	-4.399999999999963	1.0999999999999996	0	0
-5	-10	7.38259541888367	0	105.55000000000001	-4.399999999999963	1.0999999999999996	0	0
-5	-40	7.38259541888367	0	105.55000000000001	-4.399999999999963	1.0999999999999996	0	0
-15	40	7.38259541888367	105.54323999999926	105.55	-0	6.5025	0	0
60	0	5.38259541888367	2.060931629738826	105.73813696992646	-3.2421122591803475	1.4163911330054941	98.50313811036827	1.1578125948881597
60	5	5.38259541888367	48.8400000000017	105.56587786372008	-0.27361882482009414	3.626701903905856	287.80533352602856	3.5910830478114657
-5	10	6.38259541888367	97.67999999999692	105.54959827003623	-0.16242129122659169	6.109101937779882	145.38523286365506	0.4564228837929757
-15	-5	7.38259541888367	0	105.55000000000001	-4.399999999999963	1.0999999999999996	0	0
-15	-10	7.38259541888367	0	105.55000000000001	-4.399999999999963	1.0999999999999996	0	0
-15	-40	7.38259541888367	0	105.55000000000001	-4.399999999999963	1.0999999999999996	0	0
-60	40	7.38259541888367	105.54323999999926	105.55	-0	6.5025	0	0
-60	0	6.38259541888367	2.2613657643344944	105.37822976375095	-3.507904819565776	1.445882983334548	0.4862365014518512	0.009060346124524147
15	0	5.38259541888367	1.5315645756622605	105.58916464930059	-4.3627097468079326	1.3108005268112553	19.568823195715648	0.24705571658212488
-5	5	6.38259541888367	48.83999999999764	105.54919654007249	-0.3248425824533093	3.618203875559879	145.38523286365506	0.4564228837929757
-60	-5	7.38259541888367	0	105.55000000000001	-4.399999999999963	1.0999999999999996	0	0
-60	-10	7.38259541888367	0	105.55000000000001	-4.399999999999963	1.0999999999999996	0	0
-60	-40	7.38259541888367	0	105.55000000000001	-4.399999999999963	1.0999999999999996	0	0
60	40	6.38259541888367	105.54323999999926	105.55	-0	6.5025	0	0
60	10	4.38259541888367	97.62923298137544	105.55776453759418	-0.1084902819059142	6.108092077354226	260.7462983860638	3.2350224570025627
-15	10	6.38259541888367	97.67980071876708	105.54877032221926	-0.16240830825987343	6.109238279819339	149.11432955882506	0.49831160134624997
5	0	5.38259541888367	1.519968288272787	105.56288529475023	-4.395994149128734	1.3076644252107483	18.16156791890417	0.2270645710276462
60	-5	6.38259541888367	0	105.55000000000001	-4.399999999999963	1.0999999999999996	0	0
60	-10	6.38259541888367	0	105.55000000000001	-4.399999999999963	1.0999999999999996	0	0
60	-40	6.38259541888367	0	105.55000000000001	-4.399999999999963	1.0999999999999996	0	0
15	40	6.38259541888367	105.54323999999926	105.55	-0	6.5025	0	0
0	0	6.38259541888367	1.802876332615094	105.55	-4.40000000000034	1.346092865494869	0.0432614174755213	0.001252228532981917
-15	5	6.38259541888367	48.83999999999833	105.54753926474523	-0.3248425824532911	3.6185002417106977	149.96705614979774	0.5009465571824662
-60	5	5.38259541888367	48.83999999999931	105.53412213627992	-0.27361882482010125	3.6267019039057335	287.80533352602845	3.591083047811464
15	-5	6.38259541888367	0	105.55000000000001	-4.399999999999963	1.0999999999999996	0	0
15	-10	6.38259541888367	0	105.55000000000001	-4.399999999999963	1.0999999999999996	0	0
15	-40	6.38259541888367	0	105.55000000000001	-4.399999999999963	1.0999999999999996	0	0
5	40	6.38259541888367	105.54323999999926	105.55	-0	6.5025	0	0
0	10	6.38259541888367	97.67999999999984	105.54999999999998	-0.16242129122663893	6.109084254767143	0.6054847379035053	0.004919236653935375
-5	0	5.38259541888367	1.5199682882719747	105.53711470524976	-4.3959941491293195	1.3076644252106928	18.160282925033794	0.2270592591244271
0	5	6.38259541888367	48.83999999999905	105.55	-0.32484258245327036	3.618168509534207	0.6054847379035053	0.004919236653935375
5	-5	6.38259541888367	0	105.55000000000001	-4.399999999999963	1.0999999999999996	0	0
5	-10	6.38259541888367	0	105.55000000000001	-4.399999999999963	1.0999999999999996	0	0
5	-40	6.38259541888367	0	105.55000000000001	-4.399999999999963	1.0999999999999996	0	0
0	40	6.38259541888367	105.54323999999926	105.55	-0	6.5025	0	0
15	5	5.38259541888367	48.84000000007668	105.55245631406598	-0.2736188248198528	3.613220909888662	149.11165105647265	0.4995558963252542
-60	10	5.38259541888367	97.58067172246697	105.5423622454781	-0.13147436672840124	6.107338376660766	250.83900720859108	3.131475937635717
-15	0	6.38259541888367	1.8138490193329042	105.51687091688379	-4.373382667995153	1.3490702907244	0.0669119320517891	0.0015700568308764208
0	-5	6.38259541888367	0	105.55000000000001	-4.399999999999963	1.0999999999999996	0	0
0	-10	6.38259541888367	0	105.55000000000001	-4.399999999999963	1.0999999999999996	0	0
0	-40	6.38259541888367	0	105.55000000000001	-4.399999999999963	1.0999999999999996	0	0
-5	40	6.38259541888367	105.54323999999926	105.55	-0	6.5025	0	0
15	10	5.38259541888367	97.67999999999759	105.55122815703291	-0.1368094124100109	6.106610454942534	149.11165105647265	0.4995558963252542
5	10	5.38259541888367	97.67999999999752	105.55040100817781	-0.1368094124100029	6.106462803868149	144.58841401704277	0.45546636608172636
-60	0	5.38259541888367	2.0609316297373392	105.3618630300735	-3.2421122591812477	1.416391133005431	98.52158981491789	1.158043986018987
-5	-5	6.38259541888367	0	105.55000000000001	-4.399999999999963	1.0999999999999996	0	0
-5	-10	6.38259541888367	0	105.55000000000001	-4.399999999999963	1.0999999999999996	0	0
-5	-40	6.38259541888367	0	105.55000000000001	-4.399999999999963	1.0999999999999996	0	0
-15	40	6.38259541888367	105.54323999999926	105.55	-0	6.5025	0	0
60	5	4.38259541888367	48.840000000000366	105.56585420790066	-0.22256327981190005	3.6222990637964183	286.6379232502503	3.590476819266472
5	5	5.38259541888367	48.83999999999816	105.55080201635569	-0.27361882482012034	3.61292560773638	144.5884140170427	0.4554663660817261
-15	10	5.38259541888367	97.67999999999725	105.54877184296708	-0.13680941241000824	6.106610454942513	149.11165105647265	0.4995558963252542
-15	-5	6.38259541888367	0	105.55000000000001	-4.399999999999963	1.0999999999999996	0	0
-15	-10	6.38259541888367	0	105.55000000000001	-4.399999999999963	1.0999999999999996	0	0
-15	-40	6.38259541888367	0	105.55000000000001	-4.399999999999963	1.0999999999999996	0	0
-60	40	6.38259541888367	105.54323999999926	105.55	-0	6.5025	0	0
5	0	4.38259541888367	1.236922391190325	105.56581025636576	-4.393966292239239	1.2690709701704137	18.1176411044802	0.2261948337382509
60	0	4.38259541888367	1.893601635283435	105.75445681378824	-2.870189374437831	1.387570061074428	113.24135826481776	0.9475673584526669
-5	10	5.38259541888367	97.67999999999796	105.5495989918222	-0.13680941241000444	6.106462803868175	144.5884140170427	0.4554663660817261
-60	-5	6.38259541888367	0	105.55000000000001	-4.399999999999963	1.0999999999999996	0	0
-60	-10	6.38259541888367	0	105.55000000000001	-4.399999999999963	1.0999999999999996	0	0
-60	-40	6.38259541888367	0	105.55000000000001	-4.399999999999963	1.0999999999999996	0	0
60	40	5.38259541888367	105.54323999999926	105.55	-0	6.5025	0	0
15	0	4.38259541888367	1.2511363937133881	105.59787153753774	-4.344046996247182	1.272896797388706	19.958631469400707	0.24555356112679777
-5	5	5.38259541888367	48.839999999998746	105.54919798364435	-0.27361882482012456	3.6129256077364094	144.58841401704277	0.45546636608172636
-15	5	5.38259541888367	48.839999999996905	105.54754368593417	-0.2736188248201395	3.6132209098850634	149.11165105647265	0.4995558963252542
60	-5	5.38259541888367	0	105.55000000000001	-4.399999999999963	1.0999999999999996	0	0
60	-10	5.38259541888367	0	105.55000000000001	-4.399999999999963	1.0999999999999996	0	0
60	-40	5.38259541888367	0	105.55000000000001	-4.399999999999963	1.0999999999999996	0	0
15	40	5.38259541888367	105.54323999999926	105.55	-0	6.5025	0	0
0	0	5.38259541888367	1.5185844777512296	105.55	-4.400000000000185	1.307286988500053	0.042970661219167566	0.0012478015937263936
-60	10	4.38259541888367	97.62923298137383	105.54223546240581	-0.10849028190590834	6.108092077354154	260.7772775042198	3.235477494888061
-60	5	4.38259541888367	48.8399999999996	105.53414579209935	-0.22256327981188054	3.6222990637964076	286.63792325025037	3.590476819266472
15	-5	5.38259541888367	0	105.55000000000001	-4.399999999999963	1.0999999999999996	0	0
15	-10	5.38259541888367	0	105.55000000000001	-4.399999999999963	1.0999999999999996	0	0
15	-40	5.38259541888367	0	105.55000000000001	-4.399999999999963	1.0999999999999996	0	0
5	40	5.38259541888367	105.54323999999926	105.55	-0	6.5025	0	0
60	10	3.38259541888367	97.6609707654626	105.55785354298858	-0.08473993575770716	6.108264885079676	270.23850073624766	3.360314909737647
0	10	5.38259541888367	97.67999999999924	105.55	-0.1368094124100462	6.106445184340202	0.6012995033962256	0.00490169125093933
-15	0	5.38259541888367	1.531564575661965	105.5108353506994	-4.3627097468081315	1.3108005268112373	0.07176188548555505	0.0016035825816115054
5	-5	5.38259541888367	0	105.55000000000001	-4.399999999999963	1.0999999999999996	0	0
5	-10	5.38259541888367	0	105.55000000000001	-4.399999999999963	1.0999999999999996	0	0
5	-40	5.38259541888367	0	105.55000000000001	-4.399999999999963	1.0999999999999996	0	0
0	40	5.38259541888367	105.54323999999926	105.55	-0	6.5025	0	0
0	5	5.38259541888367	48.8399999999995	105.55000000000004	-0.27361882482008065	3.61289036868041	0.6012995033962256	0.00490169125093933
5	10	4.38259541888367	97.67999999999913	105.55040041073113	-0.11128163990596517	6.104281893298589	143.97178925277717	0.4550643306559191
15	10	4.38259541888367	97.6799999999981	105.55122632724893	-0.11128163990591752	6.1044291047413815	148.44227141355177	0.49877825101769047
0	-5	5.38259541888367	0	105.55000000000001	-4.399999999999963	1.0999999999999996	0	0
0	-10	5.38259541888367	0	105.55000000000001	-4.399999999999963	1.0999999999999996	0	0
0	-40	5.38259541888367	0	105.55000000000001	-4.399999999999963	1.0999999999999996	0	0
-5	40	5.38259541888367	105.54323999999926	105.55	-0	6.5025	0	0
15	5	4.38259541888367	48.83999999999934	105.55245265449783	-0.2225632798119252	3.608858209482812	148.44227141355177	0.49877825101769047
60	5	3.38259541888367	48.840000000001176	105.56583543891638	-0.17164415249264892	3.61881043580801	285.5652677076166	3.5844147090862486
5	5	4.38259541888367	48.839999999999364	105.55080082146226	-0.2225632798119117	3.608563786597193	143.97178925277717	0.4550643306559191
-5	-5	5.38259541888367	0	105.55000000000001	-4.399999999999963	1.0999999999999996	0	0
-5	-10	5.38259541888367	0	105.55000000000001	-4.399999999999963	1.0999999999999996	0	0
-5	-40	5.38259541888367	0	105.55000000000001	-4.399999999999963	1.0999999999999996	0	0
-15	40	5.38259541888367	105.54323999999926	105.55	-0	6.5025	0	0
-5	10	4.38259541888367	97.67999999999749	105.54959958926887	-0.11128163990591444	6.10428189329857	143.97178925277717	0.4550643306559191
60	0	3.38259541888367	1.7606640747472149	105.7696338437787	-2.3806643549954742	1.3608963566763568	125.0408458736967	0.7604896710933859
-5	5	4.38259541888367	48.8399999999982	105.54919917853772	-0.22256327981194884	3.6085637865972164	143.97178925277717	0.4550643306559191
-15	-5	5.38259541888367	0	105.55000000000001	-4.399999999999963	1.0999999999999996	0	0
-15	-10	5.38259541888367	0	105.55000000000001	-4.399999999999963	1.0999999999999996	0	0
-15	-40	5.38259541888367	0	105.55000000000001	-4.399999999999963	1.0999999999999996	0	0
-60	40	5.38259541888367	105.54323999999926	105.55	-0	6.5025	0	0
-60	0	4.38259541888367	1.8936016352835863	105.34554318621178	-2.870189374437872	1.3875700610744477	113.23515555957309	0.9474986897504337
-15	10	4.38259541888367	97.67999999999735	105.5487736727511	-0.11128163990592115	6.104429104741342	148.44227141355177	0.49877825101769047
15	0	3.38259541888367	0.9732062608681221	105.61146992679197	-4.306949484821568	1.2355333031338283	20.872193334656096	0.2436722181579006
-60	-5	5.38259541888367	0	105.55000000000001	-4.399999999999963	1.0999999999999996	0	0
-60	-10	5.38259541888367	0	105.55000000000001	-4.399999999999963	1.0999999999999996	0	0
-60	-40	5.38259541888367	0	105.55000000000001	-4.399999999999963	1.0999999999999996	0	0
60	40	4.38259541888367	105.54323999999926	105.55	-0	6.5025	0	0
-15	5	4.38259541888367	48.83999999995928	105.54754734550228	-0.22256327981220111	3.6088582094810278	148.44227141355177	0.49877825101769047
5	0	3.38259541888367	0.9548192132346055	105.57045718018782	-4.3898888352595815	1.2306310805049676	18.158864321608934	0.22586852406692937
0	0	4.38259541888367	1.2352262029559347	105.55000000000003	-4.4000000000001585	1.2686085453120461	0.042734353723240144	0.0012449118060881771
60	-5	4.38259541888367	0	105.55000000000001	-4.399999999999963	1.0999999999999996	0	0
60	-10	4.38259541888367	0	105.55000000000001	-4.399999999999963	1.0999999999999996	0	0
60	-40	4.38259541888367	0	105.55000000000001	-4.399999999999963	1.0999999999999996	0	0
15	40	4.38259541888367	105.54323999999926	105.55	-0	6.5025	0	0
-5	0	4.38259541888367	1.2369223911905656	105.53418974363423	-4.393966292239005	1.2690709701704297	0.052568656762384564	0.0013565976894479965
60	10	2.38259541888367	97.67683758397988	105.55789955928344	-0.060224862291999144	6.107925146978532	278.9898379290855	3.4946878147729286
15	10	3.38259541888367	97.67999999999772	105.55122487546294	-0.0858220762462908	6.102700693267088	147.9561195285391	0.49860346828487584
15	-5	4.38259541888367	0	105.55000000000001	-4.399999999999963	1.0999999999999996	0	0
15	-10	4.38259541888367	0	105.55000000000001	-4.399999999999963	1.0999999999999996	0	0
15	-40	4.38259541888367	0	105.55000000000001	-4.399999999999963	1.0999999999999996	0	0
5	40	4.38259541888367	105.54323999999926	105.55	-0	6.5025	0	0
0	10	4.38259541888367	97.68000000000042	105.55	-0.11128163990596021	6.104264326232883	0.5978777085551515	0.004890185108645203
0	5	4.38259541888367	48.84000000000066	105.54999999999995	-0.22256327981190113	3.608528652465713	0.5978777085551515	0.004890185108645203
15	5	3.38259541888367	48.83999999999893	105.55244975092585	-0.17164415249266954	3.605401386534243	147.95611952853918	0.49860346828487623
5	-5	4.38259541888367	0	105.55000000000001	-4.399999999999963	1.0999999999999996	0	0
5	-10	4.38259541888367	0	105.55000000000001	-4.399999999999963	1.0999999999999996	0	0
5	-40	4.38259541888367	0	105.55000000000001	-4.399999999999963	1.0999999999999996	0	0
0	40	4.38259541888367	105.54323999999926	105.55	-0	6.5025	0	0
-15	0	4.38259541888367	1.2511363937131375	105.50212846246228	-4.344046996247373	1.2728967973886869	0.07967060124801195	0.0016530190530957864
-60	10	3.38259541888367	97.66097076546431	105.54214645701143	-0.0847399357576953	6.1082648850797705	270.25191016704565	3.3605302356193114
5	10	3.38259541888367	97.67999999999702	105.55039993670543	-0.08582207624628652	6.102553830170118	143.53334355558283	0.45521688579375097
0	-5	4.38259541888367	0	105.55000000000001	-4.399999999999963	1.0999999999999996	0	0
0	-10	4.38259541888367	0	105.55000000000001	-4.399999999999963	1.0999999999999996	0	0
0	-40	4.38259541888367	0	105.55000000000001	-4.399999999999963	1.0999999999999996	0	0
-5	40	4.38259541888367	105.54323999999926	105.55	-0	6.5025	0	0
-60	5	3.38259541888367	48.84000000000023	105.53416456108361	-0.1716441524926448	3.6188104358079936	285.56526770761667	3.5844147090862486
60	5	2.38259541888367	48.83999999999972	105.5658215280109	-0.12082998352118064	3.6162274549074414	284.8433620727915	3.5826177504685153
5	5	3.38259541888367	48.839999999997744	105.55079987341082	-0.17164415249269235	3.6051076603403405	143.53334355558283	0.45521688579375097
-5	-5	4.38259541888367	0	105.55000000000001	-4.399999999999963	1.0999999999999996	0	0
-5	-10	4.38259541888367	0	105.55000000000001	-4.399999999999963	1.0999999999999996	0	0
-5	-40	4.38259541888367	0	105.55000000000001	-4.399999999999963	1.0999999999999996	0	0
-15	40	4.38259541888367	105.54323999999926	105.55	-0	6.5025	0	0
5	0	2.38259541888367	0.6737178425485678	105.5789672448166	-4.379679461102533	1.1923833657461327	18.374783247286516	0.22547946416532136
-60	0	3.38259541888367	1.7606640747404256	105.33036615622099	-2.380664355003881	1.3608963566764456	124.9241557965035	0.7592469507457009
-5	10	3.38259541888367	97.6799999999977	105.54960006329458	-0.08582207624628554	6.102553830170147	143.53334355558275	0.45521688579375097
-15	-5	4.38259541888367	0	105.55000000000001	-4.399999999999963	1.0999999999999996	0	0
-15	-10	4.38259541888367	0	105.55000000000001	-4.399999999999963	1.0999999999999996	0	0
-15	-40	4.38259541888367	0	105.55000000000001	-4.399999999999963	1.0999999999999996	0	0
-60	40	4.38259541888367	105.54323999999926	105.55	-0	6.5025	0	0
60	0	2.38259541888367	1.6620353689973413	105.78246299160283	-1.7753341791810144	1.3384272057221414	133.61586057971832	0.6077371042718033
-60	10	2.38259541888367	97.67683758389924	105.54210044071652	-0.060224862292185384	6.107925146974985	278.98838183405064	3.4946626380169676
15	0	2.38259541888367	0.6997915588440453	105.63541166925157	-4.21649584122146	1.1991731295550665	23.16815145652713	0.23784012121327508
-60	-5	4.38259541888367	0	105.55000000000001	-4.399999999999963	1.0999999999999996	0	0
-60	-10	4.38259541888367	0	105.55000000000001	-4.399999999999963	1.0999999999999996	0	0
-60	-40	4.38259541888367	0	105.55000000000001	-4.399999999999963	1.0999999999999996	0	0
60	40	3.38259541888367	105.54323999999926	105.55	-0	6.5025	0	0
-5	5	3.38259541888367	48.8399999999982	105.54920012658923	-0.17164415249268503	3.6051076603403645	143.53334355558275	0.45521688579375097
-15	5	3.38259541888367	48.83999999999815	105.54755024907418	-0.17164415249269557	3.605401386534225	147.95611952853912	0.49860346828487584
0	0	3.38259541888367	0.9526250463337593	105.55000000000001	-4.40000000000053	1.2300334488580413	0.0425419044306327	0.0012412845069692175
60	-5	3.38259541888367	0	105.55000000000001	-4.399999999999963	1.0999999999999996	0	0
60	-10	3.38259541888367	0	105.55000000000001	-4.399999999999963	1.0999999999999996	0	0
60	-40	3.38259541888367	0	105.55000000000001	-4.399999999999963	1.0999999999999996	0	0
15	40	3.38259541888367	105.54323999999926	105.55	-0	6.5025	0	0
-60	5	2.38259541888367	48.84000000000189	105.5341784719891	-0.12082998352115887	3.6162274549075812	284.84336207279154	3.582617750468518
-15	10	3.38259541888367	97.67999999999738	105.54877512453709	-0.08582207624628714	6.102700693267068	147.9561195285392	0.49860346828487623
-5	0	3.38259541888367	0.9548192132348278	105.52954281981219	-4.389888835259302	1.2306310805049818	0.05557790209748207	0.0013833545679405891
15	-5	3.38259541888367	0	105.55000000000001	-4.399999999999963	1.0999999999999996	0	0
15	-10	3.38259541888367	0	105.55000000000001	-4.399999999999963	1.0999999999999996	0	0
15	-40	3.38259541888367	0	105.55000000000001	-4.399999999999963	1.0999999999999996	0	0
5	40	3.38259541888367	105.54323999999926	105.55	-0	6.5025	0	0
15	5	2.38259541888367	48.839999999997914	105.5524475989013	-0.12082998352120858	3.602841954091962	147.39832466364822	0.4964648083617365
0	10	3.38259541888367	97.67999999999986	105.55	-0.08582207624633123	6.1025363046733085	0.5952044359554257	0.004884658153702578
0	5	3.38259541888367	48.840000000000124	105.55000000000001	-0.17164415249264744	3.60507260934659	0.5952044359554257	0.004884658153702578
5	-5	3.38259541888367	0	105.55000000000001	-4.399999999999963	1.0999999999999996	0	0
5	-10	3.38259541888367	0	105.55000000000001	-4.399999999999963	1.0999999999999996	0	0
5	-40	3.38259541888367	0	105.55000000000001	-4.399999999999963	1.0999999999999996	0	0
0	40	3.38259541888367	105.54323999999926	105.55	-0	6.5025	0	0
-15	0	3.38259541888367	0.9732062608679976	105.48853007320803	-4.306949484821812	1.2355333031338247	0.09418422275555337	0.0017336434233561065
60	5	1.3825954188836702	48.840000000000195	105.5658124539236	-0.07008957084504146	3.6145437991190823	284.21481943978006	3.575482436601589
15	10	2.38259541888367	97.67999999999665	105.55122379945067	-0.060414991760561775	6.101420977045917	147.39832466364822	0.4964648083617365
0	-5	3.38259541888367	0	105.55000000000001	-4.399999999999963	1.0999999999999996	0	0
0	-10	3.38259541888367	0	105.55000000000001	-4.399999999999963	1.0999999999999996	0	0
0	-40	3.38259541888367	0	105.55000000000001	-4.399999999999963	1.0999999999999996	0	0
-5	40	3.38259541888367	105.54323999999926	105.55	-0	6.5025	0	0
5	10	2.38259541888367	97.67999999999759	105.55039958537435	-0.06041499176055768	6.101274371864374	143.01726073538157	0.4535036144884649
5	5	2.38259541888367	48.83999999999841	105.55079917074865	-0.12082998352123607	3.6025487437288275	143.01726073538157	0.4535036144884649
60	10	1.3825954188836702	97.68000000000127	105.55790622696182	-0.03504478542253431	6.107271899559611	284.21481943978006	3.575482436601589
-5	-5	3.38259541888367	0	105.55000000000001	-4.399999999999963	1.0999999999999996	0	0
-5	-10	3.38259541888367	0	105.55000000000001	-4.399999999999963	1.0999999999999996	0	0
-5	-40	3.38259541888367	0	105.55000000000001	-4.399999999999963	1.0999999999999996	0	0
-15	40	3.38259541888367	105.54323999999926	105.55	-0	6.5025	0	0
-60	0	2.38259541888367	1.662035368993712	105.31753700839701	-1.7753341791834505	1.338427205722084	133.59673534216398	0.6075447619250927
-5	10	2.38259541888367	97.67999999999685	105.54960041462567	-0.06041499176055704	6.101274371864337	143.01726073538157	0.4535036144884649
-5	5	2.38259541888367	48.839999999997566	105.54920082925136	-0.12082998352122813	3.602548743728786	143.01726073538157	0.4535036144884649
-15	-5	3.38259541888367	0	105.55000000000001	-4.399999999999963	1.0999999999999996	0	0
-15	-10	3.38259541888367	0	105.55000000000001	-4.399999999999963	1.0999999999999996	0	0
-15	-40	3.38259541888367	0	105.55000000000001	-4.399999999999963	1.0999999999999996	0	0
-60	40	3.38259541888367	105.54323999999926	105.55	-0	6.5025	0	0
0	0	2.38259541888367	0.6706064085424415	105.55000000000001	-4.400000000000265	1.1915378663039227	0.042402136861552135	0.001239180128588465
60	5	0.3825954188836702	48.84000000000045	105.56580820281036	-0.019391892737384592	3.6137553565774447	283.93539835733435	3.572668868492515
-15	10	2.38259541888367	97.67999999999684	105.54877620054937	-0.060414991760559304	6.101420977045927	147.3983246636483	0.4964648083617365
-60	-5	3.38259541888367	0	105.55000000000001	-4.399999999999963	1.0999999999999996	0	0
-60	-10	3.38259541888367	0	105.55000000000001	-4.399999999999963	1.0999999999999996	0	0
-60	-40	3.38259541888367	0	105.55000000000001	-4.399999999999963	1.0999999999999996	0	0
60	40	2.38259541888367	105.54323999999926	105.55	-0	6.5025	0	0
0	10	2.38259541888367	97.6800000000004	105.55000000000001	-0.06041499176060002	6.10125687714517	0.593115721203868	0.004867516719725228
-15	5	2.38259541888367	48.839999999997545	105.54755240109876	-0.12082998352122447	3.6028419540919665	147.3983246636483	0.4964648083617365
5	0	1.3825954188836702	0.39435488251894596	105.59945940248397	-4.34022094287905	1.1545409587872355	19.314662439089254	0.2231838354153756
60	-5	2.38259541888367	0	105.55000000000001	-4.399999999999963	1.0999999999999996	0	0
60	-10	2.38259541888367	0	105.55000000000001	-4.399999999999963	1.0999999999999996	0	0
60	-40	2.38259541888367	0	105.55000000000001	-4.399999999999963	1.0999999999999996	0	0
15	40	2.38259541888367	105.54323999999926	105.55	-0	6.5025	0	0
0	5	2.38259541888367	48.8400000000007	105.54999999999995	-0.12082998352118224	3.602513754290283	0.593115721203868	0.004867516719725228
60	10	0.3825954188836702	97.67999999999793	105.55790410140519	-0.00969594636872256	6.106877678288615	283.93539835733435	3.572668868492515
5	10	1.3825954188836702	97.6799999999998	105.55039935620098	-0.035044785422504575	6.100440386842665	142.67826030104956	0.4523554519079622
15	-5	2.38259541888367	0	105.55000000000001	-4.399999999999963	1.0999999999999996	0	0
15	-10	2.38259541888367	0	105.55000000000001	-4.399999999999963	1.0999999999999996	0	0
15	-40	2.38259541888367	0	105.55000000000001	-4.399999999999963	1.0999999999999996	0	0
5	40	2.38259541888367	105.54323999999926	105.55	-0	6.5025	0	0
60	0	1.3825954188836702	1.5976537923296144	105.79169199025996	-1.071313026798069	1.322300711326816	139.2514353858226	0.5029067217100107
15	0	1.3825954188836702	0.4392527742220631	105.6859947818253	-3.896588525921491	1.165248261035481	31.81206643661681	0.2164035938676484
15	10	1.3825954188836702	97.67999999999763	105.55122309756753	-0.035044785422464364	6.100586823908115	147.27641945816745	0.49750547187357813
5	-5	2.38259541888367	0	105.55000000000001	-4.399999999999963	1.0999999999999996	0	0
5	-10	2.38259541888367	0	105.55000000000001	-4.399999999999963	1.0999999999999996	0	0
5	-40	2.38259541888367	0	105.55000000000001	-4.399999999999963	1.0999999999999996	0	0
0	40	2.38259541888367	105.54323999999926	105.55	-0	6.5025	0	0
5	5	1.3825954188836702	48.84000000000119	105.55079871240193	-0.07008957084499257	3.600880773685367	142.67826030104948	0.452355451907962
-15	0	2.38259541888367	0.6997915588442242	105.46458833074847	-4.216495841221313	1.1991731295550772	0.1270839693770056	0.001867040454479915
-5	0	2.38259541888367	0.6737178425486396	105.5210327551834	-4.379679461102277	1.192383365746133	0.06180587103797513	0.0014348395718454848
0	-5	2.38259541888367	0	105.55000000000001	-4.399999999999963	1.0999999999999996	0	0
0	-10	2.38259541888367	0	105.55000000000001	-4.399999999999963	1.0999999999999996	0	0
0	-40	2.38259541888367	0	105.55000000000001	-4.399999999999963	1.0999999999999996	0	0
-5	40	2.38259541888367	105.54323999999926	105.55	-0	6.5025	0	0
15	5	1.3825954188836702	48.84000000000018	105.55244619513508	-0.07008957084494644	3.601173647816287	147.27641945816745	0.49750547187357813
-60	5	1.3825954188836702	48.839999999997474	105.53418754607637	-0.07008957084497407	3.614543799118973	284.2148194397801	3.575482436601589
-60	10	1.3825954188836702	97.67525330698825	105.54210741255208	-0.03481422019456302	6.107160954839446	284.2148194397801	3.575482436601589
-5	-5	2.38259541888367	0	105.55000000000001	-4.399999999999963	1.0999999999999996	0	0
-5	-10	2.38259541888367	0	105.55000000000001	-4.399999999999963	1.0999999999999996	0	0
-5	-40	2.38259541888367	0	105.55000000000001	-4.399999999999963	1.0999999999999996	0	0
-15	40	2.38259541888367	105.54323999999926	105.55	-0	6.5025	0	0
-5	5	1.3825954188836702	48.839999999998184	105.54920128759801	-0.07008957084503661	3.6008807736852937	142.67826030104956	0.452355451907962
-5	10	1.3825954188836702	97.67999999999859	105.54960064379901	-0.03504478542246002	6.100440386842664	142.67826030104956	0.452355451907962
-60	5	0.3825954188836702	48.84000000000128	105.53419179718962	-0.01939189273736284	3.6137553565775167	283.9353983573342	3.5726688684925123
-15	-5	2.38259541888367	0	105.55000000000001	-4.399999999999963	1.0999999999999996	0	0
-15	-10	2.38259541888367	0	105.55000000000001	-4.399999999999963	1.0999999999999996	0	0
-15	-40	2.38259541888367	0	105.55000000000001	-4.399999999999963	1.0999999999999996	0	0
-60	40	2.38259541888367	105.54323999999926	105.55	-0	6.5025	0	0
60	10	-0.6174045811163298	97.67999999999918	105.557904384096	0.015646984113408393	6.10693010208088	284.08823596706503	3.5774303068732896
-15	10	1.3825954188836702	97.67999999999745	105.54877690243248	-0.03504478542246101	6.100586823908106	147.27641945816745	0.49750547187357813
-15	5	1.3825954188836702	48.83999999999806	105.54755380486493	-0.07008957084504194	3.6011736478162866	147.27641945816745	0.49750547187357813
-60	-5	2.38259541888367	0	105.55000000000001	-4.399999999999963	1.0999999999999996	0	0
-60	-10	2.38259541888367	0	105.55000000000001	-4.399999999999963	1.0999999999999996	0	0
-60	-40	2.38259541888367	0	105.55000000000001	-4.399999999999963	1.0999999999999996	0	0
60	40	1.3825954188836702	105.54323999999926	105.55	-0	6.5025	0	0
15	5	0.3825954188836702	48.839999999998454	105.5524455374856	-0.01939189273740048	3.600392393328669	147.07768894336476	0.49657500328204607
-60	10	0.3825954188836702	97.68000000000222	105.54209589859482	-0.009695946368739373	6.106877678288839	283.93539835733435	3.572668868492515
0	0	1.3825954188836702	0.3889971181895515	105.55	-4.400000000000552	1.1530981597310481	0.04231444560960261	0.0012385882939863096
60	-5	1.3825954188836702	0	105.55000000000001	-4.399999999999963	1.0999999999999996	0	0
60	-10	1.3825954188836702	0	105.55000000000001	-4.399999999999963	1.0999999999999996	0	0
60	-40	1.3825954188836702	0	105.55000000000001	-4.399999999999963	1.0999999999999996	0	0
15	40	1.3825954188836702	105.54323999999926	105.55	-0	6.5025	0	0
15	10	0.3825954188836702	97.67999999999728	105.55122276874279	-0.009695946368656939	6.100196196664287	147.07768894336476	0.49657500328204607
0	10	1.3825954188836702	97.67999999999931	105.54999999999998	-0.03504478542250355	6.100422912185011	0.5917562177405665	0.0048563596965650385
-60	0	1.3825954188836702	1.5976537923292942	105.30830800973999	-1.0713130267978002	1.3223007113268002	139.25743539414464	0.5029639444873434
15	-5	1.3825954188836702	0	105.55000000000001	-4.399999999999963	1.0999999999999996	0	0
15	-10	1.3825954188836702	0	105.55000000000001	-4.399999999999963	1.0999999999999996	0	0
15	-40	1.3825954188836702	0	105.55000000000001	-4.399999999999963	1.0999999999999996	0	0
5	40	1.3825954188836702	105.54323999999926	105.55	-0	6.5025	0	0
60	5	-0.6174045811163298	48.840000000001865	105.56580876819199	0.03129396822690186	3.6138602041619197	284.08823596706503	3.5774303068732896
-5	0	-0.6174045811163298	0.1856757954743975	105.44497817698469	4.115769113293355	1.1267704691586768	25.00951874142607	0.2106201586459412
60	0	0.3825954188836702	1.5674791820069212	105.7962784304002	-0.3021092886483357	1.3142968222336717	141.93368097755186	0.4526572394493374
5	-5	1.3825954188836702	0	105.55000000000001	-4.399999999999963	1.0999999999999996	0	0
5	-10	1.3825954188836702	0	105.55000000000001	-4.399999999999963	1.0999999999999996	0	0
5	-40	1.3825954188836702	0	105.55000000000001	-4.399999999999963	1.0999999999999996	0	0
0	40	1.3825954188836702	105.54323999999926	105.55	-0	6.5025	0	0
0	5	1.3825954188836702	48.83999999999955	105.54999999999998	-0.07008957084499151	3.6008458243700305	0.5917562177405665	0.0048563596965650385
-5	0	1.3825954188836702	0.39435488251944817	105.50054059751608	-4.34022094287767	1.1545409587872693	0.08005821504960822	0.0015538373074403678
-15	0	1.3825954188836702	0.43925277424252224	105.41400521817626	-3.8965885257913224	1.1652482610347037	0.24824919268286683	0.0021231068347212353
0	-5	1.3825954188836702	0	105.55000000000001	-4.399999999999963	1.0999999999999996	0	0
0	-10	1.3825954188836702	0	105.55000000000001	-4.399999999999963	1.0999999999999996	0	0
0	-40	1.3825954188836702	0	105.55000000000001	-4.399999999999963	1.0999999999999996	0	0
-5	40	1.3825954188836702	105.54323999999926	105.55	-0	6.5025	0	0
5	0	0.3825954188836702	0.12697956274881314	105.7035626105019	-3.729340457593631	1.1191692568636005	35.512271037447796	0.18619246980873702
15	0	0.3825954188836702	0.2580558205909967	105.7814228962589	-1.8350681630116934	1.1371324508956786	68.84469979364461	0.08611108222344388
-15	10	0.3825954188836702	97.67999999999734	105.54877723125726	-0.009695946368651986	6.100196196664293	147.07768894336476	0.49657500328204607
-5	-5	1.3825954188836702	0	105.55000000000001	-4.399999999999963	1.0999999999999996	0	0
-5	-10	1.3825954188836702	0	105.55000000000001	-4.399999999999963	1.0999999999999996	0	0
-5	-40	1.3825954188836702	0	105.55000000000001	-4.399999999999963	1.0999999999999996	0	0
-15	40	1.3825954188836702	105.54323999999926	105.55	-0	6.5025	0	0
-15	5	0.3825954188836702	48.83999999999797	105.54755446251443	-0.01939189273742802	3.6003923933286672	147.07768894336476	0.49657500328204607
60	0	-0.6174045811163298	1.5714927496299105	105.79565822485607	0.48628840589933847	1.3153787764606997	141.4473774169213	0.4581656391954726
0	0	0.3825954188836702	0.10762500469261485	105.55000000000001	-4.399999999998893	1.114690827831363	0.04226895969790048	0.001237256873546696
-15	-5	1.3825954188836702	0	105.55000000000001	-4.399999999999963	1.0999999999999996	0	0
-15	-10	1.3825954188836702	0	105.55000000000001	-4.399999999999963	1.0999999999999996	0	0
-15	-40	1.3825954188836702	0	105.55000000000001	-4.399999999999963	1.0999999999999996	0	0
-60	40	1.3825954188836702	105.54323999999926	105.55	-0	6.5025	0	0
-60	0	0.3825954188836702	1.5674791820069076	105.30372156959979	-0.3021092886486314	1.3142968222336981	141.90958782183182	0.45242795414678755
-5	0	0.3825954188836702	0.12697956274872077	105.39643738949812	-3.7293404575945774	1.1191692568635963	0.3205596891487613	0.0020647808410652843
5	10	0.3825954188836702	97.67999999999705	105.55039924883576	-0.009695946368654595	6.1000498383262025	0.5916531371826224	0.004904378892380666
-60	-5	1.3825954188836702	0	105.55000000000001	-4.399999999999963	1.0999999999999996	0	0
-60	-10	1.3825954188836702	0	105.55000000000001	-4.399999999999963	1.0999999999999996	0	0
-60	-40	1.3825954188836702	0	105.55000000000001	-4.399999999999963	1.0999999999999996	0	0
60	40	0.3825954188836702	105.54323999999926	105.55	-0	6.5025	0	0
15	10	-0.6174045811163298	97.67999999999891	105.55122281247525	0.01564698411346845	6.1002481425206065	147.11185563661584	0.49674701912963803
5	0	-0.6174045811163298	0.1856757954748438	105.65502182301529	4.11576911329028	1.1267704691587026	24.98617322381189	0.21052802832286785
-60	5	-0.6174045811163298	48.839999999999606	105.53419123180798	0.03129396822688925	3.6138602041618326	284.08823596706475	3.5774303068732896
60	-5	0.3825954188836702	0	105.55000000000001	-4.399999999999963	1.0999999999999996	0	0
60	-10	0.3825954188836702	0	105.55000000000001	-4.399999999999963	1.0999999999999996	0	0
60	-40	0.3825954188836702	0	105.55000000000001	-4.399999999999963	1.0999999999999996	0	0
15	40	0.3825954188836702	105.54323999999926	105.55	-0	6.5025	0	0
5	5	0.3825954188836702	48.83999999999774	105.55079849767144	-0.019391892737426877	3.600099676652503	0.5916531371826224	0.004904378892380666
-60	10	-0.6174045811163298	97.68000000000013	105.54209561590402	0.015646984113402568	6.106930102080933	284.08823596706475	3.5774303068732896
15	5	-0.6174045811163298	48.83999999999898	105.55244562495047	0.031293968226849184	3.6004962850411566	147.11185563661584	0.49674701912963803
15	-5	0.3825954188836702	0	105.55000000000001	-4.399999999999963	1.0999999999999996	0	0
15	-10	0.3825954188836702	0	105.55000000000001	-4.399999999999963	1.0999999999999996	0	0
15	-40	0.3825954188836702	0	105.55000000000001	-4.399999999999963	1.0999999999999996	0	0
5	40	0.3825954188836702	105.54323999999926	105.55	-0	6.5025	0	0
0	10	0.3825954188836702	97.67999999999985	105.55	-0.009695946368697856	6.100032373063374	0.59127195120954	0.004868639643295332
0	5	0.3825954188836702	48.840000000000124	105.55	-0.019391892737380647	3.6000647461267237	0.5912719512095405	0.0048686396432953355
-5	10	0.3825954188836702	97.67999999999802	105.5496007511643	-0.009695946368654902	6.100049838326249	0.5916531371826224	0.004904378892380666
5	-5	0.3825954188836702	0	105.55000000000001	-4.399999999999963	1.0999999999999996	0	0
5	-10	0.3825954188836702	0	105.55000000000001	-4.399999999999963	1.0999999999999996	0	0
5	-40	0.3825954188836702	0	105.55000000000001	-4.399999999999963	1.0999999999999996	0	0
0	40	0.3825954188836702	105.54323999999926	105.55	-0	6.5025	0	0
-5	5	0.3825954188836702	48.83999999999761	105.5492015023286	-0.019391892737421618	3.6000996766524946	0.5916531371826224	0.004904378892380666
-5	10	-0.6174045811163298	97.67999999999705	105.54960073688513	0.015646984113470784	6.100101773713209	142.80581224609838	0.45425968713036524
-15	0	0.3825954188836702	0.2580558205915516	105.31857710374128	-1.8350681630101209	1.1371324508957137	0.5564691638925201	0.0014943286721073798
0	-5	0.3825954188836702	0	105.55000000000001	-4.399999999999963	1.0999999999999996	0	0
0	-10	0.3825954188836702	0	105.55000000000001	-4.399999999999963	1.0999999999999996	0	0
0	-40	0.3825954188836702	0	105.55000000000001	-4.399999999999963	1.0999999999999996	0	0
-5	40	0.3825954188836702	105.54323999999926	105.55	-0	6.5025	0	0
-5	0	-1.6174045811163298	0.4596744967475524	105.50756421067513	4.356154557513798	1.1633584227004732	18.920493647018265	0.22376362526970897
-60	5	-1.6174045811163298	48.840000000000856	105.5341858490701	0.08199890065443616	3.61485859752068	284.4503326584582	3.581277303175242
-5	5	-0.6174045811163298	48.83999999999845	105.54920147377025	0.031293968226821414	3.6002035474265224	142.80581224609838	0.45425968713036524
-5	-5	0.3825954188836702	0	105.55000000000001	-4.399999999999963	1.0999999999999996	0	0
-5	-10	0.3825954188836702	0	105.55000000000001	-4.399999999999963	1.0999999999999996	0	0
-5	-40	0.3825954188836702	0	105.55000000000001	-4.399999999999963	1.0999999999999996	0	0
-15	40	0.3825954188836702	105.54323999999926	105.55	-0	6.5025	0	0
5	10	-0.6174045811163298	97.67999999999691	105.55039926311488	0.01564698411346968	6.100101773713201	142.80581224609847	0.45425968713036524
-15	10	-0.6174045811163298	97.6799999999966	105.5487771875248	0.01564698411346591	6.100248142520485	147.11185563661584	0.49674701912963803
5	5	-0.6174045811163298	48.839999999998646	105.55079852622978	0.03129396822682667	3.6002035474265672	142.80581224609847	0.45425968713036524
-15	-5	0.3825954188836702	0	105.55000000000001	-4.399999999999963	1.0999999999999996	0	0
-15	-10	0.3825954188836702	0	105.55000000000001	-4.399999999999963	1.0999999999999996	0	0
-15	-40	0.3825954188836702	0	105.55000000000001	-4.399999999999963	1.0999999999999996	0	0
-60	40	0.3825954188836702	105.54323999999926	105.55	-0	6.5025	0	0
-60	10	-1.6174045811163298	97.67996132557282	105.54209306661458	0.04099693220892856	6.107427001103477	284.01898683470716	3.575221812521338
15	0	-0.6174045811163298	0.28364677484182654	105.76055117345281	2.6941914094593242	1.1427266649216026	61.06905441271017	0.12069568711490862
60	10	-1.6174045811163298	97.67996132557128	105.55790693338541	0.04099693220895366	6.1074270011033995	284.004049953903	3.575019066863621
-60	-5	0.3825954188836702	0	105.55000000000001	-4.399999999999963	1.0999999999999996	0	0
-60	-10	0.3825954188836702	0	105.55000000000001	-4.399999999999963	1.0999999999999996	0	0
-60	-40	0.3825954188836702	0	105.55000000000001	-4.399999999999963	1.0999999999999996	0	0
60	40	-0.6174045811163298	105.54323999999926	105.55	-0	6.5025	0	0
-15	0	-1.6174045811163298	0.4980597607496675	105.43004954257447	4.020427490400206	1.172838192129971	28.39497650818204	0.22497279985852045
60	5	-1.6174045811163298	48.84000000000108	105.56581415092987	0.08199890065441377	3.614858597520665	284.4503326584581	3.581277303175242
-15	5	-0.6174045811163298	48.83999999999787	105.54755437504957	0.0312939682268318	3.6004962850410918	147.11185563661584	0.49674701912963803
60	-5	-0.6174045811163298	0	105.55000000000001	-4.399999999999963	1.0999999999999996	0	0
60	-10	-0.6174045811163298	0	105.55000000000001	-4.399999999999963	1.0999999999999996	0	0
60	-40	-0.6174045811163298	0	105.55000000000001	-4.399999999999963	1.0999999999999996	0	0
15	40	-0.6174045811163298	105.54323999999926	105.55	-0	6.5025	0	0
-15	0	-0.6174045811163298	0.28364677484162154	105.33944882654713	2.6941914094599757	1.1427266649215961	61.14822976432041	0.12093055356372696
0	0	-0.6174045811163298	0.17368152365947528	105.54999999999998	4.399999999997491	1.1237075516870425	0.04227500703288827	0.001237433885397325
-60	0	-1.6174045811163298	1.6096969929769576	105.31009052176091	1.243968997094412	1.3254132007681538	138.19832446037287	0.5228588879823525
15	-5	-0.6174045811163298	0	105.55000000000001	-4.399999999999963	1.0999999999999996	0	0
15	-10	-0.6174045811163298	0	105.55000000000001	-4.399999999999963	1.0999999999999996	0	0
15	-40	-0.6174045811163298	0	105.55000000000001	-4.399999999999963	1.0999999999999996	0	0
5	40	-0.6174045811163298	105.54323999999926	105.55	-0	6.5025	0	0
0	10	-0.6174045811163298	97.67999999999932	105.54999999999997	0.01564698411342692	6.100084307201038	0.5913565432975313	0.004869336189769862
0	5	-0.6174045811163298	48.84000000000006	105.54999999999995	0.03129396822686999	3.6001686144021394	0.5913565432975313	0.004869336189769862
-60	0	-0.6174045811163298	1.5714927496295972	105.30434177514393	0.48628840589944944	1.3153787764607032	141.55600170613013	0.45920187382380634
5	-5	-0.6174045811163298	0	105.55000000000001	-4.399999999999963	1.0999999999999996	0	0
5	-10	-0.6174045811163298	0	105.55000000000001	-4.399999999999963	1.0999999999999996	0	0
5	-40	-0.6174045811163298	0	105.55000000000001	-4.399999999999963	1.0999999999999996	0	0
0	40	-0.6174045811163298	105.54323999999926	105.55	-0	6.5025	0	0
15	0	-1.6174045811163298	0.49805976075063013	105.66995045742549	4.020427490397759	1.1728381921300237	28.376123168019838	0.2248954848710726
5	0	-1.6174045811163298	0.4596744967473648	105.59243578932488	4.356154557514213	1.163358422700459	18.912697000475262	0.22373100739675542
60	0	-1.6174045811163298	1.609696992978354	105.78990947823903	1.2439689970942769	1.3254132007682178	138.32848123553285	0.5241239575926158
0	-5	-0.6174045811163298	0	105.55000000000001	-4.399999999999963	1.0999999999999996	0	0
0	-10	-0.6174045811163298	0	105.55000000000001	-4.399999999999963	1.0999999999999996	0	0
0	-40	-0.6174045811163298	0	105.55000000000001	-4.399999999999963	1.0999999999999996	0	0
-5	40	-0.6174045811163298	105.54323999999926	105.55	-0	6.5025	0	0
-5	10	-1.6174045811163298	97.67999999999748	105.54960060093978	0.04099945032721853	6.100596319636927	142.74574170620753	0.45258525857065507
15	5	-1.6174045811163298	48.84000000000018	105.55244645766288	0.08199890065433749	3.601485576271362	147.34767903318095	0.4978085033568651
15	10	-1.6174045811163298	97.67999999999836	105.55122322883143	0.04099945032721342	6.10074278813566	147.34767903318095	0.4978085033568651
-5	-5	-0.6174045811163298	0	105.55000000000001	-4.399999999999963	1.0999999999999996	0	0
-5	-10	-0.6174045811163298	0	105.55000000000001	-4.399999999999963	1.0999999999999996	0	0
-5	-40	-0.6174045811163298	0	105.55000000000001	-4.399999999999963	1.0999999999999996	0	0
-15	40	-0.6174045811163298	105.54323999999926	105.55	-0	6.5025	0	0
-15	5	-1.6174045811163298	48.83999999999879	105.54755354233713	0.08199890065434726	3.6014855762713163	147.34767903318115	0.4978085033568651
-15	10	-1.6174045811163298	97.67999999999759	105.54877677116859	0.04099945032722648	6.100742788135622	147.34767903318115	0.4978085033568651
-5	5	-1.6174045811163298	48.83999999999876	105.54920120187951	0.08199890065432555	3.6011926392739286	142.74574170620753	0.45258525857065507
-15	-5	-0.6174045811163298	0	105.55000000000001	-4.399999999999963	1.0999999999999996	0	0
-15	-10	-0.6174045811163298	0	105.55000000000001	-4.399999999999963	1.0999999999999996	0	0
-15	-40	-0.6174045811163298	0	105.55000000000001	-4.399999999999963	1.0999999999999996	0	0
-60	40	-0.6174045811163298	105.54323999999926	105.55	-0	6.5025	0	0
5	10	-1.6174045811163298	97.67999999999705	105.55039939906024	0.040999450327218266	6.100596319636904	142.74574170620753	0.45258525857065507
5	5	-1.6174045811163298	48.839999999998355	105.55079879812045	0.08199890065432554	3.6011926392739086	142.74574170620753	0.45258525857065507
0	0	-1.6174045811163298	0.4550938986312463	105.54999999999998	4.400000000001092	1.1621203792835746	0.042332613426334875	0.001239120085075799
-60	-5	-0.6174045811163298	0	105.55000000000001	-4.399999999999963	1.0999999999999996	0	0
-60	-10	-0.6174045811163298	0	105.55000000000001	-4.399999999999963	1.0999999999999996	0	0
-60	-40	-0.6174045811163298	0	105.55000000000001	-4.399999999999963	1.0999999999999996	0	0
60	40	-1.6174045811163298	105.54323999999926	105.55	-0	6.5025	0	0
0	5	-1.6174045811163298	48.83999999999946	105.54999999999998	0.08199890065436967	3.6011576824567113	0.59201028980412	0.00485844478716903
0	10	-1.6174045811163298	97.6799999999987	105.54999999999998	0.04099945032717692	6.100578841228311	0.59201028980412	0.00485844478716903
60	-5	-1.6174045811163298	0	105.55000000000001	-4.399999999999963	1.0999999999999996	0	0
60	-10	-1.6174045811163298	0	105.55000000000001	-4.399999999999963	1.0999999999999996	0	0
60	-40	-1.6174045811163298	0	105.55000000000001	-4.399999999999963	1.0999999999999996	0	0
15	40	-1.6174045811163298	105.54323999999926	105.55	-0	6.5025	0	0
15	-5	-1.6174045811163298	0	105.55000000000001	-4.399999999999963	1.0999999999999996	0	0
15	-10	-1.6174045811163298	0	105.55000000000001	-4.399999999999963	1.0999999999999996	0	0
15	-40	-1.6174045811163298	0	105.55000000000001	-4.399999999999963	1.0999999999999996	0	0
5	40	-1.6174045811163298	105.54323999999926	105.55	-0	6.5025	0	0
5	-5	-1.6174045811163298	0	105.55000000000001	-4.399999999999963	1.0999999999999996	0	0
5	-10	-1.6174045811163298	0	105.55000000000001	-4.399999999999963	1.0999999999999996	0	0
5	-40	-1.6174045811163298	0	105.55000000000001	-4.399999999999963	1.0999999999999996	0	0
0	40	-1.6174045811163298	105.54323999999926	105.55	-0	6.5025	0	0
0	-5	-1.6174045811163298	0	105.55000000000001	-4.399999999999963	1.0999999999999996	0	0
0	-10	-1.6174045811163298	0	105.55000000000001	-4.399999999999963	1.0999999999999996	0	0
0	-40	-1.6174045811163298	0	105.55000000000001	-4.399999999999963	1.0999999999999996	0	0
-5	40	-1.6174045811163298	105.54323999999926	105.55	-0	6.5025	0	0
-5	-5	-1.6174045811163298	0	105.55000000000001	-4.399999999999963	1.0999999999999996	0	0
-5	-10	-1.6174045811163298	0	105.55000000000001	-4.399999999999963	1.0999999999999996	0	0
-5	-40	-1.6174045811163298	0	105.55000000000001	-4.399999999999963	1.0999999999999996	0	0
-15	40	-1.6174045811163298	105.54323999999926	105.55	-0	6.5025	0	0
-15	-5	-1.6174045811163298	0	105.55000000000001	-4.399999999999963	1.0999999999999996	0	0
-15	-10	-1.6174045811163298	0	105.55000000000001	-4.399999999999963	1.0999999999999996	0	0
-15	-40	-1.6174045811163298	0	105.55000000000001	-4.399999999999963	1.0999999999999996	0	0
-60	40	-1.6174045811163298	105.54323999999926	105.55	-0	6.5025	0	0
-60	-5	-1.6174045811163298	0	105.55000000000001	-4.399999999999963	1.0999999999999996	0	0
-60	-10	-1.6174045811163298	0	105.55000000000001	-4.399999999999963	1.0999999999999996	0	0
-60	-40	-1.6174045811163298	0	105.55000000000001	-4.399999999999963	1.0999999999999996	0	0
