-179769313486231570000000000000000000000000000000000000000000000000000000000000000000000000000000000000000000000000000000000000000000000000000000000000000000000000000000000000000000000000000000000000000000000000000000000000000000000000000000000000000000000000000000000000000000000000000000000000000000000000000	0
0.000000007866138629353259	0
0.003333341199471963	0.009882444283460206
0.0066666745328052964	0.020009515701392096
0.011666674532805297	0.03551265902326148
0.019166674532805295	0.05930151538794064
0.030416674532805294	0.09591402452632655
0.04729167453280529	0.15245923147514762
0.0726041745328053	0.2401319919923198
0.11057292453280529	0.37664281161262425
0.1675260495328053	0.5901264199179743
0.25295573703280533	0.9254527385621117
0.35295573703280536	1.3359324642178674
0.45295573703280534	1.7620362981087097
0.5529557370328053	2.20128120698216
0.6529557370328053	2.6519722576438904
0.7529557370328053	3.1128740238479966
0.8529557370328053	3.58304824651973
0.9529557370328052	4.0617593037018525
1.0529557370328053	4.548417687736611
1.1000000078661387	5.012335242280213
179769313486231570000000000000000000000000000000000000000000000000000000000000000000000000000000000000000000000000000000000000000000000000000000000000000000000000000000000000000000000000000000000000000000000000000000000000000000000000000000000000000000000000000000000000000000000000000000000000000000000000000	5.012335242280213
