-179769313486231570000000000000000000000000000000000000000000000000000000000000000000000000000000000000000000000000000000000000000000000000000000000000000000000000000000000000000000000000000000000000000000000000000000000000000000000000000000000000000000000000000000000000000000000000000000000000000000000000000	0
0.0000000010670299773199254	0
0.003333334400363311	0.0083195970488353
0.0066666677336966445	0.016816625844747767
0.011666667733696644	0.029821124738363486
0.019166667733696643	0.049798170462462994
0.030416667733696643	0.08061269907039413
0.04729166773369664	0.128360982205768
0.07260416773369664	0.2027118264253286
0.11057291773369665	0.3190807371347462
0.16752604273369665	0.5021592131325492
0.25295573023369666	0.791643592372754
0.35295573023369664	1.1482548158897132
0.4529557302336966	1.5203390133008998
0.5529557302336966	1.9054526568835375
0.6529557302336966	2.3019341449898154
0.7529557302336966	2.7085918868168313
0.8529557302336965	3.124548500955519
0.9529557302336965	3.5491557271409873
1.0529557302336965	3.9819438293897615
1.1000000078661387	4.395475205905663
179769313486231570000000000000000000000000000000000000000000000000000000000000000000000000000000000000000000000000000000000000000000000000000000000000000000000000000000000000000000000000000000000000000000000000000000000000000000000000000000000000000000000000000000000000000000000000000000000000000000000000000	4.395475205905663
