-179769313486231570000000000000000000000000000000000000000000000000000000000000000000000000000000000000000000000000000000000000000000000000000000000000000000000000000000000000000000000000000000000000000000000000000000000000000000000000000000000000000000000000000000000000000000000000000000000000000000000000000	0
0.000000007866138629353259	0
0.003333341199471963	0.005243923125480725
0.0066666745328052964	0.01062751585995965
0.011666674532805297	0.018916935089906075
0.019166674532805295	0.03174801505288034
0.030416674532805294	0.05172615334614936
0.04729167453280529	0.0830282730326407
0.0726041745328053	0.132399700327558
0.11057292453280529	0.2108037178904692
0.1675260495328053	0.3361588443378771
0.25295573703280533	0.5378714744163883
0.35295573703280536	0.7904863924196485
0.45295573703280534	1.0575588732758507
0.5529557370328053	1.336808040998091
0.6529557370328053	1.626635995536613
0.7529557370328053	1.9258548499764343
0.8529557370328053	2.2335535363476486
0.9529557370328052	2.5490188146570962
1.0529557370328053	2.8716907039612396
1.1000000078661387	3.180751242084035
179769313486231570000000000000000000000000000000000000000000000000000000000000000000000000000000000000000000000000000000000000000000000000000000000000000000000000000000000000000000000000000000000000000000000000000000000000000000000000000000000000000000000000000000000000000000000000000000000000000000000000000	3.180751242084035
