-100000	0
-0.0000000000000002220446049250313	0
0.0033333333333331115	0.002146982721000493
0.008333333333333111	0.00547823893467504
0.01583333333333311	0.010691473850736356
0.02708333333333311	0.01889547577547391
0.04395833333333311	0.03187505030250659
0.06927083333333311	0.053245711366052495
0.10723958333333311	0.08883076943381409
0.1641927083333331	0.1483452613289145
0.24962239583333312	0.24562005445611285
0.3496223958333331	0.37373791781777993
0.4496223958333331	0.5138822547498532
0.549622395833333	0.6603665964053989
0.649622395833333	0.8124978950736644
0.749622395833333	0.9701910588628498
0.849622395833333	1.1306488041817062
0.949622395833333	1.294678422931134
1.049622395833333	1.4623672024340169
1.1496223958333331	1.6310090231156966
1.2496223958333332	1.8010254556392797
1.3496223958333333	1.9779952028258674
1.4496223958333334	2.1611632954238336
1.5496223958333335	2.3433646352091975
1.6000000000058208	2.4334061647191736
1000001.6	2.4334061647191736
