-179769313486231570000000000000000000000000000000000000000000000000000000000000000000000000000000000000000000000000000000000000000000000000000000000000000000000000000000000000000000000000000000000000000000000000000000000000000000000000000000000000000000000000000000000000000000000000000000000000000000000000000	0
0	0
0.0033333333333334103	0.000021801206920784604
0.006666666666666821	0.00004488399434127187
0.011666666666666714	0.00008199416778435621
0.019166666666666554	0.00014350644525342214
0.030416666666666536	0.0002497871866741711
0.04729166666666673	0.0004436240717793845
0.0726041666666668	0.0008218914082631509
0.11057291666666691	0.0016211821285510085
0.16752604166666707	0.0034630382460755266
0.2529557291666671	0.008105323928488872
0.3529557291666672	0.017358117819856377
0.45295572916666726	0.031892626335155536
0.5529557291666674	0.052240408245788225
0.6529557291666674	0.07870216048360332
0.7529557291666675	0.11157227809330425
0.8529557291666676	0.15112581990345866
0.9529557291666677	0.19760124468842302
1.0529557291666678	0.2511797511639513
1.1529557291666679	0.3119613155462261
1.252955729166668	0.37991491187784276
1.352955729166668	0.454730946321163
1.4529557291666682	0.5361032610428075
1.5529557291666682	0.6240517526825275
1.6529557291666679	0.7186923217519767
1.7529557291666675	0.8200947812049856
1.8529557291666672	0.9282846369367512
1.9529557291666668	1.043247432808017
2.0529557291666665	1.1649342552942648
2.152955729166666	1.2932674231557673
2.2529557291666658	1.4281459542797492
2.3529557291666654	1.5694506045760643
2.452955729166665	1.717048170601532
2.5529557291666647	1.8707950141569245
2.6529557291666643	2.0305400321479135
2.752955729166664	2.196126927421823
2.8529557291666636	2.3673960282028497
2.9529557291666633	2.5441856396995974
3.052955729166663	2.726333098189276
3.1529557291666626	2.9136755387516375
3.252955729166662	3.1060504172066077
3.352955729166662	3.303295921415669
3.4529557291666615	3.50525122391768
3.552955729166661	3.7117566548174383
3.652955729166661	3.9226537813081914
3.7529557291666604	4.137785464493693
3.85295572916666	4.282318618960928
3.9529557291666597	4.318553240901751
4.052955729166659	4.358558849700651
4.152955729166659	4.402183457476473
4.252955729166659	4.449276298803845
4.352955729166658	4.4996878482306775
4.452955729166658	4.553269867804908
4.552955729166658	4.609875337352535
4.652955729166657	4.669358505629519
4.752955729166657	4.731575041885861
4.8529557291666565	4.796382113613217
4.952955729166656	4.863638491433638
5.052955729166656	4.933204757760834
5.1529557291666555	5.004943523385705
5.252955729166655	5.078719630643198
5.352955729166655	5.1544006159336195
5.452955729166654	5.23185698459752
5.552955729166655	5.3109623129597585
5.652955729166655	5.391594172633359
5.752955729166654	5.47363451822154
5.852955729166654	5.556969667503438
5.9529557291666535	5.641491414434074
6.052955729166653	5.727097728997992
6.152955729166653	5.813692438886872
6.252955729166652	5.901186668515325
6.352955729166652	5.989499283031747
6.452955729166652	6.078556651062599
6.552955729166651	6.168294160813755
6.652955729166651	6.258655842785174
6.752955729166651	6.349594926869148
6.85295572916665	6.441074202774609
6.95295572916665	6.533065888476104
7.05295572916665	6.625551768529249
7.15	6.806210702162898
179769313486231570000000000000000000000000000000000000000000000000000000000000000000000000000000000000000000000000000000000000000000000000000000000000000000000000000000000000000000000000000000000000000000000000000000000000000000000000000000000000000000000000000000000000000000000000000000000000000000000000000	6.806210702162898
