-100000	0
0.0000000000000006661338147750939	0
0.0033333333333339997	0.0037029862214064345
0.008333333333334	0.009445762568341053
0.015833333333333997	0.01848455481777425
0.027083333333333997	0.032782259686733775
0.043958333333334	0.05552012624541791
0.069270833333334	0.09190760408053787
0.107239583333334	0.15064027696140211
0.164192708333334	0.24575756473821556
0.249622395833334	0.40034232389815366
0.349622395833334	0.5950826226219766
0.44962239583333397	0.8011075067677866
0.5496223958333339	1.0160035885737209
0.6496223958333339	1.23805689374604
0.7496223958333339	1.465975796767605
0.8496223958333339	1.6986884504576385
0.9496223958333339	1.9352243294132359
1.049622395833334	2.174869268267886
1.100000000000001	2.2965756809945566
1000001.1	2.2965756809945566
