-100000	0
0.0000000000000004440892098500626	0
0.0033333333333337776	0.011185933090436088
0.008333333333333777	0.028128434631288283
0.015833333333333775	0.05391021595546926
0.027083333333333775	0.09334796874287171
0.04395833333333378	0.15378272876265886
0.06927083333333378	0.24694459975740812
0.10723958333333378	0.39117511112235764
0.16419270833333377	0.6154952943279112
0.2496223958333338	0.9657223928161602
0.34962239583333377	1.3918910950971826
0.44962239583333374	1.8317156260976923
0.5496223958333337	2.282562200322364
0.6496223958333337	2.742523063694703
0.7496223958333337	3.210118844132852
0.8496223958333337	3.6841915779414407
0.9496223958333336	4.163687816776053
1.0496223958333337	4.647834004052289
1.100000000000001	4.893257895084169
1000001.1	4.893257895084169
