-100000	0
0.0000000000000004440892098500626	0
0.0033333333333337776	0.008733968182575309
0.008333333333333777	0.021976102426900367
0.015833333333333775	0.04215720803317588
0.027083333333333775	0.07315368712058551
0.04395833333333378	0.12093096231169506
0.06927083333333378	0.1951525406514088
0.10723958333333378	0.31114495372901907
0.16419270833333377	0.49374604052730064
0.2496223958333338	0.7827184273023955
0.34962239583333377	1.1390787486576155
0.44962239583333374	1.5109965028082801
0.5496223958333337	1.8956738470888403
0.6496223958333337	2.2910804934135656
0.7496223958333337	2.6956036521542264
0.8496223958333337	3.108007596527644
0.9496223958333336	3.527261071809751
1.0496223958333337	3.952428857005337
1.100000000000001	4.16861293340839
1000001.1	4.16861293340839
