-100000	0
0.0000000000000004440892098500626	0
0.0033333333333337776	0.008116093131285047
0.008333333333333777	0.020431718137364177
0.015833333333333775	0.03922132776079441
0.027083333333333775	0.0681022740129654
0.04395833333333378	0.1126953304797958
0.06927083333333378	0.18211270597002466
0.10723958333333378	0.2909201572445276
0.16419270833333377	0.4628157613332521
0.2496223958333338	0.7359527937167148
0.34962239583333377	1.0741114087613275
0.44962239583333374	1.4281790196738764
0.5496223958333337	1.795352531238274
0.6496223958333337	2.1735520044651704
0.7496223958333337	2.561192932443303
0.8496223958333337	2.956985237333164
0.9496223958333336	3.3599023232350076
1.0496223958333337	3.7689978299562945
1.100000000000001	3.977196656788765
1000001.1	3.977196656788765
