-179769313486231570000000000000000000000000000000000000000000000000000000000000000000000000000000000000000000000000000000000000000000000000000000000000000000000000000000000000000000000000000000000000000000000000000000000000000000000000000000000000000000000000000000000000000000000000000000000000000000000000000	0
0.000000007842103031532745	0
0.003333341175436365	0.006238591539269357
0.006666674508769699	0.012590736000887321
0.011666674508769698	0.022303044058901926
0.019166674508769698	0.037228703993425344
0.030416674508769698	0.0602964614169879
0.0472916745087697	0.09617270662681346
0.0726041745087697	0.1523461056922608
0.11057292450876971	0.24092059942780877
0.1675260495087697	0.38158010991583047
0.2529557370087697	0.6064877539351178
0.3529557370087697	0.886690645593706
0.4529557370087697	1.1818569964195413
0.5529557370087697	1.4897407925180635
0.6529557370087696	1.8087879737408619
0.7529557370087696	2.1378700499296013
0.8529557370087696	2.4761484529729847
0.9529557370087696	2.822995418663815
1.0529557370087697	3.1779441428884576
1.1000000078661387	3.518164391670791
179769313486231570000000000000000000000000000000000000000000000000000000000000000000000000000000000000000000000000000000000000000000000000000000000000000000000000000000000000000000000000000000000000000000000000000000000000000000000000000000000000000000000000000000000000000000000000000000000000000000000000000	3.518164391670791
