-179769313486231570000000000000000000000000000000000000000000000000000000000000000000000000000000000000000000000000000000000000000000000000000000000000000000000000000000000000000000000000000000000000000000000000000000000000000000000000000000000000000000000000000000000000000000000000000000000000000000000000000	0
0.000000007866138629353259	0
0.003333341199471963	0.004724031407543536
0.0066666745328052964	0.009603322383492964
0.011666674532805297	0.01714969549577173
0.019166674532805295	0.028882479109240897
0.030416674532805294	0.047228605185621525
0.04729167453280529	0.07609366055764735
0.0726041745328053	0.12180499498756552
0.11057292453280529	0.19467891372642432
0.1675260495328053	0.31162629020942717
0.25295573703280533	0.500478688911285
0.35295573703280536	0.7377038311071784
0.45295573703280534	0.9890776158304266
0.5529557370328053	1.2523674329217254
0.6529557370328053	1.5260142617399075
0.7529557370328053	1.8088645762769529
0.8529557370328053	2.100039399235538
0.9529557370328052	2.398856753108094
1.0529557370328053	2.7047892093779806
1.1000000078661387	2.9980524794724417
179769313486231570000000000000000000000000000000000000000000000000000000000000000000000000000000000000000000000000000000000000000000000000000000000000000000000000000000000000000000000000000000000000000000000000000000000000000000000000000000000000000000000000000000000000000000000000000000000000000000000000000	2.9980524794724417
