-100000	0
0	0
0.0033333333333333335	0.0000000000000002462770391665781
0.008333333333333333	0.0000000000000006149967970472237
0.01583333333333333	0.0000000000000011665108819123964
0.02708333333333333	0.0000000000000019902595173096398
0.043958333333333335	0.000000000000002082207382348378
0.06927083333333334	0.0000000000000032622572321462854
0.10723958333333333	0.000000000000002275622644090515
0.16419270833333333	0
0.24962239583333334	0.000000000000004097934947723455
0.3496223958333333	0.000000000000018207195115465885
0.4496223958333333	0.00000000000005095233478987321
0.5496223958333333	0
0.6496223958333333	0.0000000000000337524014484662
0.7496223958333332	0.00000000000008666787143923459
0.8496223958333332	0.000000000000053751780090257545
0.9496223958333332	0.00000000000007786566924869411
1.0496223958333333	0.000000000000052244244352799214
1.1496223958333334	0.000000000000003701850219487351
1.2496223958333335	0.00000000000014434087291078582
1.3496223958333335	0.0000000000001795513713334592
1.4496223958333336	0.00000000000006361012731371888
1.5496223958333337	0.0000000000001664776648952615
1.6496223958333338	0.0000000000001215448487946975
1.749622395833334	0.00000000000013347785946958534
1.849622395833334	0.00000000000017799437157739825
1.949622395833334	0.00000000000006644111415727476
2.049622395833334	0.00000000000008618182532337063
2.149622395833334	0.000000000000004810318358696389
2.249622395833334	0.0000000000000721966708585618
2.349622395833334	0.00000000000006714761592356872
2.4496223958333343	0.00000000000008091590347172875
2.5496223958333344	0.000000000000018814454532209333
2.6496223958333345	0.00000000000007887057615880344
2.7496223958333346	0.00000000000012909385512660988
2.8496223958333347	0.0000000000001292065714045544
2.9496223958333347	0.0000000000001525405964804006
3.049622395833335	0.0000000000001528110352812103
3.149622395833335	0.00000000000006958658629250409
3.249622395833335	0.00000000000006971770916695399
3.349622395833335	0.000000000000051225482084192296
3.449622395833335	0.00000000000005132764936644878
3.5496223958333353	0.00000000000014027133246145978
3.6496223958333354	0
3.7496223958333355	0.00000000000005165218273619787
3.8496223958333355	0.00000000000005176637103377418
3.9496223958333356	0.00000000000017892890306917583
4.049622395833335	0.00000000000012713369428599478
4.149622395833335	0.0000000000001271336942859952
4.249622395833335	0.00000000000006592117481495966
4.349622395833334	0.00000000000006592117481495968
4.449622395833334	0.000000000000004708655343925702
4.5496223958333335	0.000000000000004708655343925707
4.649622395833333	0.000000000000047086553439257196
4.749622395833333	0.00000000000011300772825421918
4.849622395833332	0.00000000000011300772825421538
4.949622395833332	0.0000000000000941731068785133
5.049622395833332	0.00000000000009417310687851309
5.149622395833331	0.00000000000006121251947103415
5.249622395833331	0.00000000000015538562634954879
5.349622395833331	0.0000000000001553856263495491
5.44962239583333	0.00000000000008946445153458724
5.54962239583333	0.00000000000008946445153458948
5.64962239583333	0.0000000000001365510049738437
5.749622395833329	0
5.849622395833329	0
5.9496223958333285	0.000000000000028251932063554227
6.049622395833328	0.000000000000028251932063554038
6.149622395833328	0.000000000000037669242751405344
6.2496223958333275	0.00000000000003766924275140568
6.313000000000001	0.00000000000008475579619066206
1000006.313	0.00000000000008475579619066206
