-100000	0
-0.0000000000000008881784197001252	0
0.0033333333333324454	0.002719200811615641
0.008333333333332445	0.006951316156510017
0.015833333333332443	0.013643226598638005
0.027083333333332443	0.024450030156551682
0.04395833333333245	0.042372100338902506
0.06927083333333245	0.0726555809103325
0.10723958333333244	0.12504235041344053
0.16419270833333244	0.21716681913510877
0.24962239583333246	0.3810473196608473
0.34962239583333243	0.6052840264242515
0.4496223958333324	0.8584758526748946
0.5496223958333324	1.1357327233877115
0.6496223958333324	1.433591443061749
0.7496223958333323	1.7491521017879295
0.8496223958333323	2.08022744435831
0.9496223958333323	2.4248898864454222
1.0496223958333324	2.781391600396677
1.1496223958333325	3.1483130999996627
1.2496223958333326	3.5241505410629075
1.3496223958333327	3.9075051077667733
1.4496223958333327	4.297664275575677
1.5496223958333328	4.693774780023974
1.649622395833333	5.095322530452271
1.749622395833333	5.501654012114908
1.849622395833333	5.912148439212212
1.9496223958333332	6.3263685559715475
2.049622395833333	6.743759807970781
2.149622395833333	7.163915694934445
2.2496223958333332	7.586469903395478
2.3496223958333333	8.011024004189457
2.4496223958333334	8.437312940990878
2.5496223958333335	8.865064734701502
2.6496223958333336	9.294075456094014
2.7496223958333337	9.724141147655395
2.8496223958333338	10.15515055427714
2.949622395833334	10.586972455667164
3.049622395833334	11.019584145411356
3.149622395833334	11.452826182002529
3.249622395833334	11.886831554022528
3.349622395833334	12.321573622097839
3.4496223958333343	12.7569174000391
3.5496223958333344	13.192986258313612
3.6496223958333345	13.629972112043973
3.7496223958333346	14.067835358420936
3.8496223958333347	14.506823276634915
3.9496223958333347	14.946942781358885
4.049622395833334	15.388480167954793
4.149622395833334	15.83139020992309
4.249622395833334	16.27597138393804
4.349622395833333	16.722434663830427
4.449622395833333	17.170984340341846
4.549622395833333	17.62183937996427
4.649622395833332	18.075284710278826
4.749622395833332	18.531539325371547
4.8496223958333315	18.99079573195617
4.949622395833331	19.45334874426021
5.049622395833331	19.91943570424325
5.1496223958333305	20.389358637314587
5.24962239583333	20.863378589390862
5.34962239583333	21.341812899161273
5.449622395833329	21.824926661711434
5.549622395833329	22.313077095461807
5.649622395833329	22.806524570169273
5.749622395833328	23.305649684102644
5.849622395833328	23.810721830207633
5.949622395833328	24.322105988447053
6.049622395833327	24.84008195209895
6.149622395833327	25.36503599133794
6.249622395833327	25.89736690814736
6.313	26.238662862748413
1000006.313	26.238662862748413
