-100000	0
0	0
0.0033333333333333335	0.0023689552615912936
0.008333333333333333	0.0060662622777402884
0.01583333333333333	0.011934954832382876
0.02708333333333333	0.021461217567753932
0.043958333333333335	0.037367931565021585
0.06927083333333334	0.06446499963983247
0.10723958333333333	0.11172464806522364
0.16419270833333333	0.1955390781845385
0.24962239583333334	0.345788090630714
0.3496223958333333	0.5525560570522478
0.4496223958333333	0.787154157646598
0.5496223958333333	1.0447295864683372
0.6496223958333333	1.321930386095005
0.7496223958333332	1.6159931663839604
0.8496223958333332	1.9246933687859193
0.9496223958333332	2.2462548525541064
1.0496223958333333	2.5789613922758154
1.1496223958333334	2.9203604744491276
1.2496223958333335	3.2626091679959632
1.3496223958333335	3.6074402349978785
1.4496223958333336	3.969650440874068
1.5496223958333337	4.340124072912303
1.6496223958333338	4.717320258992841
1.749622395833334	5.102284264997363
1.849622395833334	5.494790124925917
1.949622395833334	5.893992687255167
2.049622395833334	6.3006948838131
2.149622395833334	6.712766054122334
2.249622395833334	7.126254644564643
2.349622395833334	7.546142740976396
2.4496223958333343	7.96772933699386
2.5496223958333344	8.390289609208132
2.6496223958333345	8.814315538635336
2.7496223958333346	9.244914436647894
2.8496223958333347	9.67384217196704
2.9496223958333347	10.10506742356427
3.049622395833335	10.538805242240983
3.149622395833335	10.975104665490544
3.249622395833335	11.413870340641806
3.349622395833335	11.851343709332802
3.449622395833335	12.28822694932306
3.5496223958333353	12.67199256591572
3.6496223958333354	13.055727375052056
3.7496223958333355	13.46076917874503
3.8496223958333355	13.908813530579728
3.9496223958333356	14.347225129613905
4.049622395833335	14.735408832461754
4.149622395833335	15.123024087658758
4.249622395833335	15.57570378097348
4.349622395833334	16.02732097878965
4.449622395833334	16.434588093459674
4.5496223958333335	16.876513534046676
4.649622395833333	17.302974643266325
4.749622395833333	17.73611804782821
4.849622395833332	18.178748370475144
4.949622395833332	18.62862375540067
5.049622395833332	19.068817119691417
5.149622395833331	19.507407330475175
5.249622395833331	19.928575682543478
5.349622395833331	20.3570649407673
5.44962239583333	20.815131989947837
5.54962239583333	21.323124420013492
5.64962239583333	21.831843889982967
5.749622395833329	22.28908797392478
5.849622395833329	22.76774205739796
5.9496223958333285	23.24744068618731
6.049622395833328	23.719752375787543
6.149622395833328	24.2479858037498
6.2496223958333275	24.707892953719593
6.313000000000001	25.000223946504626
1000006.313	25.000223946504626
