-100000	0
0	0
0.0033333333333333335	0.01938800000000039
0.008333333333333333	0.04847000000000054
0.01583333333333333	0.0920930000000012
0.02708333333333333	0.157527500000002
0.043958333333333335	0.2556792500000031
0.06927083333333334	0.402906875000005
0.10723958333333333	0.6237483125000078
0.16419270833333333	0.9550104687500118
0.24962239583333334	1.451903703125018
0.3496223958333333	2.0335437031250247
0.4496223958333333	2.615183703125032
0.5496223958333333	3.1968237031250397
0.6496223958333333	3.7784637031250465
0.7496223958333332	4.360103703125054
0.8496223958333332	4.941743703125059
0.9496223958333332	5.523383703125066
1.0496223958333333	6.105023703125077
1.1000000000058208	6.398040000002337
1000001.1	6.398040000002337
