-179769313486231570000000000000000000000000000000000000000000000000000000000000000000000000000000000000000000000000000000000000000000000000000000000000000000000000000000000000000000000000000000000000000000000000000000000000000000000000000000000000000000000000000000000000000000000000000000000000000000000000000	0
2.077150924862128	0
2.0804842581954612	0.0000008031038276580003
2.0838175915287946	0.000004599872933477392
2.0888175915287945	0.000018417202383235943
2.0963175915287944	0.000060732862271538026
2.1075675915287944	0.0001804989661745958
2.1244425915287946	0.0005067978697806889
2.1497550915287946	0.001377903445097927
2.1877238415287947	0.003674874633403751
2.244676966528795	0.009671592699428124
2.330106654028795	0.025143733845407454
2.430106654028795	0.054027119347380595
2.530106654028795	0.09503787228199709
2.630106654028795	0.14816375716228591
2.7301066540287953	0.2129366389953124
2.8301066540287954	0.2885291779043772
2.9301066540287954	0.37244280388833795
3.0301066540287955	0.4612523636273218
3.1301066540287956	0.5533033418578316
3.2301066540287957	0.6473186434899127
3.330106654028796	0.7421883506368967
3.430106654028796	0.8368924497715043
3.530106654028796	0.9304589260637496
3.630106654028796	1.0219367407991855
3.730106654028796	1.1103770878439356
3.8301066540287962	1.1948191176430323
3.9301066540287963	1.2742790310955967
4.030106654028796	1.3477424548613444
4.130106654028796	1.4141601893907363
4.230106654028796	1.4724486575510765
4.330106654028795	1.5214958698320722
4.430106654028795	1.5603019070090047
4.530106654028795	1.5889125405823274
4.630106654028794	1.6081760558973768
4.730106654028794	1.6194187754680607
4.830106654028794	1.624469211663442
4.930106654028793	1.6256669182719545
4.963453333599703	1.6256866944024004
179769313486231570000000000000000000000000000000000000000000000000000000000000000000000000000000000000000000000000000000000000000000000000000000000000000000000000000000000000000000000000000000000000000000000000000000000000000000000000000000000000000000000000000000000000000000000000000000000000000000000000000	1.6256866944024004
