-179769313486231570000000000000000000000000000000000000000000000000000000000000000000000000000000000000000000000000000000000000000000000000000000000000000000000000000000000000000000000000000000000000000000000000000000000000000000000000000000000000000000000000000000000000000000000000000000000000000000000000000	0
0.0000000000000008881784197001252	0
0.0033333333333338544	0.0030799999999996646
0.006666666666666821	0.006159999999999329
0.011666666666666714	0.010779999999999238
0.019166666666666998	0.01770999999999951
0.030416666666667425	0.028104999999999918
0.047291666666667176	0.04369749999999971
0.07260416666666725	0.0670862499999998
0.11057291666666735	0.10216937499999995
0.16752604166666707	0.15479406249999977
0.25295572916666664	0.23373109374999948
0.3529557291666663	0.32613109374999927
0.45295572916666593	0.4185310937499991
0.5529557291666656	0.5109310937499989
0.6529557291666652	0.6033310937499987
0.7529557291666649	0.6957310937499985
0.8529557291666645	0.7881310937499983
0.9529557291666642	0.8805310937499982
1.0529557291666638	0.972931093749998
1.1529557291666634	1.0653310937499978
1.252955729166663	1.1577310937499976
1.3529557291666627	1.2501310937499974
1.4529557291666624	1.3425310937499972
1.552955729166662	1.434931093749997
1.6529557291666617	1.5273310937499969
1.7529557291666613	1.6197310937499967
1.852955729166661	1.7121310937499965
1.9529557291666606	1.8045310937499963
2.0529557291666602	1.8969310937499961
2.15295572916666	1.989331093749996
2.2529557291666595	2.0817310937499958
2.352955729166659	2.1741310937499954
2.452955729166659	2.266531093749995
2.5529557291666585	2.3589310937499945
2.652955729166658	2.451331093749994
2.7529557291666578	2.5437310937499937
2.8529557291666574	2.6361310937499933
2.952955729166657	2.728531093749993
3.0529557291666567	2.8209310937499925
3.1529557291666563	2.913331093749992
3.252955729166656	3.0057310937499917
3.330000000000002	3.148108906250015
179769313486231570000000000000000000000000000000000000000000000000000000000000000000000000000000000000000000000000000000000000000000000000000000000000000000000000000000000000000000000000000000000000000000000000000000000000000000000000000000000000000000000000000000000000000000000000000000000000000000000000000	3.148108906250015
