-179769313486231570000000000000000000000000000000000000000000000000000000000000000000000000000000000000000000000000000000000000000000000000000000000000000000000000000000000000000000000000000000000000000000000000000000000000000000000000000000000000000000000000000000000000000000000000000000000000000000000000000	0
-0.00000000000000011102230246251565	0
0.0033333333333331883	0.002846666666666635
0.0066666666666664876	0.00569333333333327
0.011666666666666492	0.009963333333333269
0.019166666666666443	0.01636833333333322
0.030416666666666425	0.025975833333333195
0.0472916666666664	0.04038708333333316
0.07260416666666636	0.06200395833333311
0.11057291666666635	0.09442927083333308
0.1675260416666664	0.14306723958333306
0.2529557291666664	0.216024192708333
0.3529557291666664	0.30142419270833287
0.4529557291666664	0.3868241927083328
0.5529557291666665	0.47222419270833277
0.6529557291666666	0.5576241927083327
0.7529557291666666	0.6430241927083328
0.8529557291666667	0.7284241927083328
0.9529557291666668	0.8138241927083328
1	0.8941758072916658
179769313486231570000000000000000000000000000000000000000000000000000000000000000000000000000000000000000000000000000000000000000000000000000000000000000000000000000000000000000000000000000000000000000000000000000000000000000000000000000000000000000000000000000000000000000000000000000000000000000000000000000	0.8941758072916658
