-100000.6	0
-0.000000000008731237954862081	0
0.0033333333246020613	0.0028466666599702055
0.008333333324602066	0.007116666659971393
0.015833333324602017	0.013521666659974325
0.027083333324602	0.023129166659978728
0.04395833332460197	0.0375404166599851
0.06927083332460193	0.059157291659994074
0.10723958332460193	0.09158260416000631
0.16419270832460198	0.14022057291002185
0.249622395824602	0.21317752603503917
0.349622395824602	0.2985775260350508
0.44962239582460195	0.38397752603505414
0.549622395824602	0.46937752603505434
0.6496223958246021	0.5547775260350546
0.7496223958246022	0.6401775260350542
0.8496223958246023	0.7255775260350542
0.9496223958246024	0.8109775260350544
1	0.8540000000008435
1000001	0.8540000000008435
