-179769313486231570000000000000000000000000000000000000000000000000000000000000000000000000000000000000000000000000000000000000000000000000000000000000000000000000000000000000000000000000000000000000000000000000000000000000000000000000000000000000000000000000000000000000000000000000000000000000000000000000000	0
-0.00000000000000011102230246251565	0
0.0033333333333331883	0.0028466666666666415
0.0066666666666664876	0.005693333333333283
0.011666666666666492	0.009963333333333293
0.019166666666666443	0.016368333333333263
0.030416666666666425	0.02597583333333326
0.0472916666666664	0.04038708333333326
0.07260416666666636	0.06200395833333326
0.11057291666666635	0.09442927083333331
0.1675260416666664	0.14306723958333342
0.2529557291666664	0.21602419270833356
0.3529557291666664	0.30142419270833365
0.4529557291666664	0.38682419270833374
0.5529557291666665	0.47222419270833393
0.6529557291666666	0.5576241927083341
0.7529557291666666	0.6430241927083342
0.8529557291666667	0.7284241927083344
0.9529557291666668	0.8138241927083345
1	0.8941758072916677
179769313486231570000000000000000000000000000000000000000000000000000000000000000000000000000000000000000000000000000000000000000000000000000000000000000000000000000000000000000000000000000000000000000000000000000000000000000000000000000000000000000000000000000000000000000000000000000000000000000000000000000	0.8941758072916677
