-179769313486231570000000000000000000000000000000000000000000000000000000000000000000000000000000000000000000000000000000000000000000000000000000000000000000000000000000000000000000000000000000000000000000000000000000000000000000000000000000000000000000000000000000000000000000000000000000000000000000000000000	0
-0.00000000000000011102230246251565	0
0.0033333333333331883	0
0.0066666666666664876	0
0.011666666666666492	0
0.019166666666666443	0
0.030416666666666425	0
0.0472916666666664	0
0.07260416666666636	0
0.11057291666666635	0
0.1675260416666664	0
0.2529557291666664	0
0.3529557291666664	0
0.4529557291666664	0
0.5529557291666665	0
0.6529557291666666	0
0.7529557291666666	0
0.8529557291666667	0
0.9529557291666668	0
1	0
179769313486231570000000000000000000000000000000000000000000000000000000000000000000000000000000000000000000000000000000000000000000000000000000000000000000000000000000000000000000000000000000000000000000000000000000000000000000000000000000000000000000000000000000000000000000000000000000000000000000000000000	0
