-100000	0
1.0999999999999996	0
1.103333333333333	0.00000000000000012161366894890667
1.108333333333333	0.0000000000000003041068948975707
1.115833333333333	0.0000000000000005782333631012593
1.127083333333333	0.0000000000000009899584749177724
1.143958333333333	0.0000000000000016089092644282611
1.169270833333333	0.000000000000002537158457803822
1.2072395833333331	0.000000000000003944543089177776
1.264192708333333	0.000000000000006066280822967221
1.349622395833333	0.00000000000000925377347223544
1.4496223958333332	0.00000000000001310338407113722
1.5496223958333333	0.000000000000016980387238028978
1.6496223958333334	0.00000000000002076915366446233
1.7496223958333335	0.000000000000024906719091392472
1.8496223958333335	0.00000000000002830516048762402
1.9496223958333336	0.000000000000032226690648130563
2.0496223958333335	0.00000000000003722703067038842
2.1496223958333336	0.000000000000041448684876440426
2.2496223958333337	0.00000000000004572778092235247
2.3496223958333338	0.000000000000049311267688080604
2.449622395833334	0.00000000000005357990038575055
2.549622395833334	0.00000000000005890972009924889
2.649622395833334	0.00000000000006226055665895512
2.749622395833334	0.00000000000006798488874981335
2.849622395833334	0.00000000000007260863583488564
2.9496223958333343	0.00000000000007728982475981797
3.0496223958333344	0.00000000000008202845552461035
3.1496223958333345	0.00000000000008398445362810225
3.2496223958333346	0.00000000000008855407603683552
3.3496223958333347	0.00000000000009316761918580906
3.4496223958333347	0.00000000000010155739698238024
3.549622395833335	0.00000000000010252646770447706
3.649622395833335	0.00000000000010727177307417137
3.749622395833335	0.00000000000011680724239423808
3.849622395833335	0.00000000000012200540787791073
3.949622395833335	0.00000000000012985290920893868
4.049622395833335	0.00000000000013476676571858565
4.149622395833335	0.00000000000013970482941712242
4.249622395833335	0.0000000000001446671003045489
4.349622395833334	0.00000000000014965357838086515
4.449622395833334	0.0000000000001568388167553774
4.5496223958333335	0.00000000000016774413916763493
4.649622395833333	0.00000000000016475825574315243
4.749622395833333	0.00000000000016984156257502772
4.849622395833332	0.00000000000017494907659579276
4.949622395833332	0.00000000000018008079780544748
5.049622395833332	0.0000000000001957828574199376
5.149622395833331	0.00000000000019041686179142627
5.249622395833331	0.00000000000019562120456775035
5.349622395833331	0.00000000000021305882783343348
5.44962239583333	0.00000000000020610251168706764
5.54962239583333	0.00000000000022476478288497832
5.64962239583333	0.0000000000002306743528435151
5.749622395833329	0.00000000000021158039821118562
5.849622395833329	0.00000000000022735561219237935
5.9496223958333285	0.0000000000002327294052909317
6.049622395833328	0.00000000000023812740557837375
6.149622395833328	0.00000000000024849153773926796
6.2496223958333275	0.00000000000026692406665343563
6.349622395833327	0.000000000000273097734631539
6.449622395833327	0.0000000000002599614786170395
6.549622395833326	0.0000000000001510021035698862
6.649622395833326	0.0000000000001558991327854875
6.749622395833326	0.00000000000016142897553710261
6.849622395833325	0.00000000000016704213287606218
6.949622395833325	0.0000000000001727386048023664
7.049622395833325	0.0000000000001785183913160151
7.149622395833324	0.00000000000018438149241700828
7.249622395833324	0.00000000000019032790810534616
7.3496223958333236	0.0000000000001963576383810285
7.449622395833323	0.00000000000020247068324405522
7.549622395833323	0.00000000000020866704269442665
7.6496223958333225	0.00000000000021494671673214263
7.749622395833322	0.00000000000022130970535720307
7.849622395833322	0.00000000000022775600856960805
7.949622395833321	0.0000000000002342856263693575
8.049622395833321	0.0000000000002408985587564517
8.14962239583332	0.0000000000002475948057308903
8.24962239583332	0.00000000000025437436729267326
8.34962239583332	0.0000000000002612372434418011
8.44962239583332	0.0000000000002681834341782732
8.54962239583332	0.00000000000027521293950208993
8.649622395833319	0.0000000000002823257594132512
8.749622395833319	0.00000000000028952189391175697
8.849622395833318	0.00000000000029680134299760737
8.949622395833318	0.0000000000003041641066708021
9.049622395833318	0.00000000000028770158796805527
9.149622395833317	0.000000000000294255759689515
9.249622395833317	0.00000000000032675228521445403
9.349622395833316	0.00000000000020043127033581773
9.449622395833316	0.00000000000020455449995764387
9.549622395833316	0.00000000000020868992044489199
9.649622395833315	0.00000000000021283753179756228
9.749622395833315	0.00000000000021699733401565438
9.849622395833315	0.0000000000002211693270991687
9.949622395833314	0.00000000000022535351104810486
10.049622395833314	0.0000000000002295498858624633
10.149622395833314	0.00000000000023375845154224364
10.249622395833313	0.00000000000023797920808744603
10.349622395833313	0.0000000000002422121554980703
10.449622395833313	0.0000000000002464572937741169
10.549622395833312	0.00000000000025071462291558533
10.649622395833312	0.0000000000002549841429224759
10.749622395833311	0.0000000000002592658537947885
10.849622395833311	0.00000000000026355975553252306
10.94962239583331	0.0000000000002678658481356797
11.04962239583331	0.00000000000027218413160425824
11.14962239583331	0.000000000000276514605938259
11.24962239583331	0.0000000000002808572711376818
11.34962239583331	0.0000000000002852121272025263
11.449622395833309	0.00000000000028957917413279316
11.549622395833309	0.00000000000029395841192848195
11.649622395833308	0.00000000000029834984058959284
11.749622395833308	0.00000000000030275346011612573
11.849622395833308	0.0000000000003071692705080807
11.905	0.00000000000035549745863110386
1000011.905	0.00000000000035549745863110386
