-179769313486231570000000000000000000000000000000000000000000000000000000000000000000000000000000000000000000000000000000000000000000000000000000000000000000000000000000000000000000000000000000000000000000000000000000000000000000000000000000000000000000000000000000000000000000000000000000000000000000000000000	0
0.00000000000000010835776720341528	0
0.003333333333333442	0.006821215744747416
0.0066666666666667755	0.013820927688648291
0.011666666666666776	0.024524552842473922
0.019166666666666776	0.040919554628114904
0.030416666666666776	0.06609239400042768
0.04729166666666677	0.10485443294143072
0.07260416666666678	0.1647327510702592
0.11057291666666677	0.2575338059202788
0.1675260416666668	0.40179219669584765
0.2529557291666668	0.6265396382471805
0.35295572916666684	0.8988619805577294
0.4529557291666668	1.1784385986895174
0.5529557291666668	1.4633739472536096
0.6529557291666668	1.7522979760833841
0.7529557291666668	2.0441549661481133
0.8529557291666667	2.33809511831882
0.9529557291666667	2.633412223500937
1.0529557291666667	2.929505813142581
1.1000000000000003	3.208343887539189
179769313486231570000000000000000000000000000000000000000000000000000000000000000000000000000000000000000000000000000000000000000000000000000000000000000000000000000000000000000000000000000000000000000000000000000000000000000000000000000000000000000000000000000000000000000000000000000000000000000000000000000	3.208343887539189
