-179769313486231570000000000000000000000000000000000000000000000000000000000000000000000000000000000000000000000000000000000000000000000000000000000000000000000000000000000000000000000000000000000000000000000000000000000000000000000000000000000000000000000000000000000000000000000000000000000000000000000000000	0
0.00000000000000010835776720341528	0
0.003333333333333442	0.006821026477664491
0.0066666666666667755	0.013820686877111453
0.011666666666666776	0.024524202403778783
0.019166666666666776	0.04091906113941518
0.030416666666666776	0.06609178656051674
0.04729166666666677	0.10485366741259036
0.07260416666666678	0.1647316983711985
0.11057291666666677	0.2575328260954568
0.1675260416666668	0.4017915476867485
0.2529557291666668	0.6265394160704105
0.35295572916666684	0.8988627060420442
0.4529557291666668	1.1784402536506113
0.5529557291666668	1.4633763899989405
0.6529557291666668	1.7523011642008701
0.7529557291666668	2.044158830610797
0.8529557291666667	2.338099508278018
0.9529557291666667	2.6334170662706136
1.0529557291666667	2.9295107853498217
1.1000000000000003	3.2083487921824845
179769313486231570000000000000000000000000000000000000000000000000000000000000000000000000000000000000000000000000000000000000000000000000000000000000000000000000000000000000000000000000000000000000000000000000000000000000000000000000000000000000000000000000000000000000000000000000000000000000000000000000000	3.2083487921824845
