-179769313486231570000000000000000000000000000000000000000000000000000000000000000000000000000000000000000000000000000000000000000000000000000000000000000000000000000000000000000000000000000000000000000000000000000000000000000000000000000000000000000000000000000000000000000000000000000000000000000000000000000	0
0.00000000000000010835776720341528	0
0.003333333333333442	0.006821064368016088
0.0066666666666667755	0.013820725785910176
0.011666666666666776	0.02452425236152269
0.019166666666666776	0.04091917355088923
0.030416666666666776	0.06609192757388478
0.04729166666666677	0.10485385988361919
0.07260416666666678	0.16473205509301764
0.11057291666666677	0.25753314412176526
0.1675260416666668	0.4017918961806839
0.2529557291666668	0.626539747102538
0.35295572916666684	0.8988630407883249
0.4529557291666668	1.1784405883134523
0.5529557291666668	1.46337672307185
0.6529557291666668	1.7523015000498159
0.7529557291666668	2.044159166352589
0.8529557291666667	2.3380998482397914
0.9529557291666667	2.6334174168829483
1.0529557291666667	2.929511166856795
1.1000000000000003	3.2083491770553176
179769313486231570000000000000000000000000000000000000000000000000000000000000000000000000000000000000000000000000000000000000000000000000000000000000000000000000000000000000000000000000000000000000000000000000000000000000000000000000000000000000000000000000000000000000000000000000000000000000000000000000000	3.2083491770553176
