-179769313486231570000000000000000000000000000000000000000000000000000000000000000000000000000000000000000000000000000000000000000000000000000000000000000000000000000000000000000000000000000000000000000000000000000000000000000000000000000000000000000000000000000000000000000000000000000000000000000000000000000	0
0.00000000000000010835776720341528	0
0.003333333333333442	0.00682121574474738
0.0066666666666667755	0.013820927688648238
0.011666666666666776	0.024524552842473877
0.019166666666666776	0.040919554628114876
0.030416666666666776	0.06609239400042766
0.04729166666666677	0.1048544329414307
0.07260416666666678	0.1647327510702592
0.11057291666666677	0.25753380592027875
0.1675260416666668	0.40179219669584765
0.2529557291666668	0.6265396382471806
0.35295572916666684	0.898861980557729
0.4529557291666668	1.1784385986895165
0.5529557291666668	1.4633739472536083
0.6529557291666668	1.7522979760833826
0.7529557291666668	2.044154966148112
0.8529557291666667	2.3380951183188188
0.9529557291666667	2.633412223500936
1.0529557291666667	2.9295058131425797
1.1000000000000003	3.208343887539187
179769313486231570000000000000000000000000000000000000000000000000000000000000000000000000000000000000000000000000000000000000000000000000000000000000000000000000000000000000000000000000000000000000000000000000000000000000000000000000000000000000000000000000000000000000000000000000000000000000000000000000000	3.208343887539187
