-100006.31299902344	0
0.000000976562500198952	0
0.003334309895833165	0.000000000000000000000000000000000001128474576789396
0.008334309895833059	0.00000000000000000000000000000000000376158192263132
0.015834309895833343	0.000000000000000000000000000000000029340338996524296
0.02708430989583377	0.00000000000000000000000000000000002407412430484045
0.04395930989583352	0.0000000000000000000000000000000002527783052008247
0.06927180989583359	0.00000000000000000000000000000000013240768367662246
0.1072405598958337	0.0000000000000000000000000000000012518544638517033
0.1641936848958334	0.0000000000000000000000000000000007703719777548943
0.249623372395833	0.0000000000000000000000000000000057777898331617076
0.34962337239583263	0.00000000000000000000000000000003697785493223493
0.4496233723958323	0.000000000000000000000000000000010785207688568521
0.5496233723958319	0.0000000000000000000000000000000955261252416069
0.6496233723958316	0.00000000000000000000000000000001232595164407831
0.7496233723958312	0
0.8496233723958309	0.0000000000000000000000000000002505634857647794
0.9496233723958305	0.00000000000000000000000000000009090389337507753
1.0496233723958301	0
1.1496233723958298	0.00000000000000000000000000000005700752635386218
1.2496233723958294	0.0000000000000000000000000000000408297148210094
1.349623372395829	0.00000000000000000000000000000003697785493223493
1.4496233723958287	0.000000000000000000000000000000459141698741917
1.5496233723958284	0.00000000000000000000000000000035745259767827097
1.649623372395828	0.00000000000000000000000000000016640034719505718
1.7496233723958277	0.00000000000000000000000000000029582283945787943
1.8496233723958273	0.000000000000000000000000000000027733391199176196
1.949623372395827	0.00000000000000000000000000000005238529448733282
2.0496233723958266	0.0000000000000000000000000000005546678239835239
2.1496233723958262	0.0000000000000000000000000000011586394545433611
2.249623372395826	0.0000000000000000000000000000003944304526105059
2.3496233723958255	0.00000000000000000000000000000007395570986446986
2.449623372395825	0.0000000000000000000000000000014544622940012405
2.549623372395825	0.0000000000000000000000000000012572470676959876
2.6496233723958245	0.0000000000000000000000000000010600318413907346
2.749623372395824	0.0000000000000000000000000000021200636827814692
2.8496233723958238	0.000000000000000000000000000000838164711797325
2.9496233723958234	0.0000000000000000000000000000005454233602504652
3.049623372395823	0.00000000000000000000000000000087514256672956
3.1496233723958227	0.00000000000000000000000000000009860761315262648
3.2496233723958223	0.0000000000000000000000000000012480026039629288
3.3370009765625	0.0000000000000000000000000000006162975822039155
1000003.3370009765	0.0000000000000000000000000000006162975822039155
