-179769313486231570000000000000000000000000000000000000000000000000000000000000000000000000000000000000000000000000000000000000000000000000000000000000000000000000000000000000000000000000000000000000000000000000000000000000000000000000000000000000000000000000000000000000000000000000000000000000000000000000000	0
-0.0000000000000008881784197001252	0
0.003333333333332078	0.002753390211669265
0.006666666666665044	0.005518060731662566
0.011666666666664938	0.00968620220638871
0.019166666666665222	0.01598592844626222
0.030416666666665648	0.025542191981609834
0.0472916666666654	0.04011537802321183
0.07260416666666547	0.06250815467591676
0.11057291666666558	0.09728305073717947
0.1675260416666653	0.15206864465308012
0.25295572916666487	0.2400026571895148
0.3529557291666645	0.3514180101036322
0.45295572916666416	0.4716298022930045
0.5529557291666638	0.6002810997821098
0.6529557291666634	0.7370292430068435
0.7529557291666631	0.8815441205901119
0.8529557291666627	1.0335068044622444
0.9529557291666624	1.1926085416646468
1.052955729166662	1.3585499543069115
1.1529557291666617	1.5310401603432646
1.2529557291666613	1.7097962509025832
1.352955729166661	1.8945428575159164
1.4529557291666606	2.0850119318567337
1.5529557291666602	2.280942874056059
1.65295572916666	2.482081809794192
1.7529557291666595	2.6881819074439846
1.8529557291666592	2.899004176508576
1.9529557291666588	3.1143162932429935
2.0529557291666585	3.333894237502867
2.152955729166658	3.557521526168098
2.2529557291666578	3.784990311749776
2.3529557291666574	4.0161010256081395
2.452955729166657	4.25066365126112
2.5529557291666567	4.488496825290972
2.6529557291666563	4.7294295902006525
2.752955729166656	4.9733007407734835
2.8529557291666556	5.2199591665688105
2.9529557291666553	5.469264668823493
3.052955729166655	5.721087699698575
3.1529557291666546	5.975309446792751
3.252955729166654	6.231821938493492
3.3369999999999997	6.667148989792461
179769313486231570000000000000000000000000000000000000000000000000000000000000000000000000000000000000000000000000000000000000000000000000000000000000000000000000000000000000000000000000000000000000000000000000000000000000000000000000000000000000000000000000000000000000000000000000000000000000000000000000000	6.667148989792461
