-179769313486231570000000000000000000000000000000000000000000000000000000000000000000000000000000000000000000000000000000000000000000000000000000000000000000000000000000000000000000000000000000000000000000000000000000000000000000000000000000000000000000000000000000000000000000000000000000000000000000000000000	0
-0.0000000000000008881784197001252	0
0.003333333333332078	0.0033910742086903623
0.006666666666665044	0.006792561589372003
0.011666666666664938	0.01191430114164614
0.019166666666665222	0.019640753793630866
0.030416666666665648	0.03132886909862044
0.0472916666666654	0.04908157159590394
0.07260416666666547	0.07620298512787761
0.11057291666666558	0.11798132790195084
0.1675260416666653	0.18307601908269366
0.25295572916666487	0.2860502979450853
0.3529557291666645	0.4144595729868791
0.45295572916666416	0.551045217388925
0.5529557291666638	0.6954878099406054
0.6529557291666634	0.8474785819907058
0.7529557291666631	1.006718050833898
0.8529557291666627	1.1729152424067566
0.9529557291666624	1.3457865645453408
1.052955729166662	1.5250555113433397
1.1529557291666617	1.7104519804458533
1.2529557291666613	1.901711631247279
1.352955729166661	2.0985759970072806
1.4529557291666606	2.300792089681177
1.5529557291666602	2.508112963916368
1.65295572916666	2.720296849672013
1.7529557291666595	2.9371079033135996
1.8529557291666592	3.158316786031298
1.9529557291666588	3.3836998890929295
2.0529557291666585	3.6130413094513103
2.152955729166658	3.8461316450658534
2.2529557291666578	4.0827700476091655
2.3529557291666574	4.322763218009042
2.452955729166657	4.5659274953991105
2.5529557291666567	4.812087771270772
2.6529557291666563	5.061079425567452
2.752955729166656	5.312748040552184
2.8529557291666556	5.566949523012167
2.9529557291666553	5.823551114636205
3.052955729166655	6.082431401582425
3.1529557291666546	6.343480247879544
3.252955729166654	6.606599023895699
3.3369999999999997	7.052630806645657
179769313486231570000000000000000000000000000000000000000000000000000000000000000000000000000000000000000000000000000000000000000000000000000000000000000000000000000000000000000000000000000000000000000000000000000000000000000000000000000000000000000000000000000000000000000000000000000000000000000000000000000	7.052630806645657
