-100001.1	0
0	0
0.0033333333333334103	0.00328026977324117
0.008333333333333304	0.00820078495971222
0.015833333333333366	0.015581806424289139
0.027083333333333348	0.026653874710669354
0.04395833333333332	0.04326224971066936
0.06927083333333339	0.06817481221066883
0.1072395833333335	0.10554365596066893
0.16419270833333344	0.16159692158566838
0.24962239583333345	0.24567682002316762
0.34962239583333354	0.34409682002316727
0.44962239583333363	0.4425168200231669
0.5496223958333337	0.540936820023166
0.6496223958333338	0.6393568200231656
0.7496223958333339	0.7377768200231647
0.849622395833334	0.8361968200231644
0.9496223958333339	0.9346168200231633
1.049622395833334	1.033036820023163
1.149622395833334	1.1314568200231623
1.2496223958333341	1.229876820023162
1.3496223958333342	1.3282968200231613
1.4496223958333343	1.4267168200231606
1.5496223958333344	1.5251368200231603
1.6496223958333345	1.6235568200231596
1.7496223958333346	1.7219768200231589
1.8496223958333347	1.8203968200231582
1.9496223958333347	1.9188168200231577
2.049622395833335	2.0172368200231574
2.149622395833335	2.1156568200231565
2.249622395833335	2.214076820023155
2.349622395833335	2.3124968200231555
2.449622395833335	2.4109168200231554
2.5496223958333353	2.5093368200231545
2.6496223958333354	2.6077568200231536
2.7496223958333355	2.7061768200231526
2.8496223958333355	2.804596820023152
2.9496223958333356	2.903016820023152
3.0496223958333353	3.0014368200231507
3.149622395833335	3.0998568200231498
3.2496223958333346	3.1982768200231484
3.349622395833334	3.2966968200231475
3.449622395833334	3.3951168200231474
3.5496223958333335	3.493536820023146
3.649622395833333	3.591956820023144
3.749622395833333	3.690376820023144
3.8496223958333324	3.788796820023143
3.949622395833332	3.8872168200231423
4.049622395833332	3.98563682002314
4.149622395833331	4.08405682002314
4.249622395833331	4.182476820023139
4.349622395833331	4.280896820023137
4.44962239583333	4.379316820023137
4.54962239583333	4.477736820023135
4.64962239583333	4.576156820023135
4.749622395833329	4.674576820023133
4.849622395833329	4.772996820023133
4.9496223958333285	4.871416820023132
5.049622395833328	4.969836820023131
5.149622395833328	5.068256820023128
5.2496223958333275	5.1666768200231274
5.349622395833327	5.2650968200231265
5.449622395833327	5.363516820023126
5.549622395833326	5.461936820023124
5.649622395833326	5.560356820023123
5.749622395833326	5.658776820023123
5.849622395833325	5.757196820023121
5.949622395833325	5.855616820023121
6.049622395833325	5.95403682002312
6.149622395833324	6.052456820023119
6.249622395833324	6.150876820023116
6.3496223958333236	6.249296820023116
6.449622395833323	6.347716820023117
6.549622395833323	6.446136820023114
6.6496223958333225	6.544556820023115
6.749622395833322	6.642976820023112
6.849622395833322	6.7413968200231125
6.949622395833321	6.839816820023111
7.049622395833321	6.93823682002311
7.149622395833321	7.036656820023109
7.24962239583332	7.135076820023109
7.34962239583332	7.233496820023104
7.44962239583332	7.331916820023106
7.549622395833319	7.430336820023105
7.649622395833319	7.528756820023102
7.749622395833319	7.627176820023101
7.849622395833318	7.7255968200231
7.949622395833318	7.824016820023102
8.049622395833318	7.922436820023101
8.149622395833317	8.020856820023099
8.249622395833317	8.119276820023098
8.349622395833316	8.217696820023093
8.449622395833316	8.316116820023096
8.549622395833316	8.414536820023095
8.55	8.414908458043946
1000008.55	8.414908458043946
