-100001.1	0
0	0
0.0033333333333334103	0.0032802697732412234
0.008333333333333304	0.0082007849597124
0.015833333333333366	0.015581806424289453
0.027083333333333348	0.026653874710669823
0.04395833333333332	0.043262249710670005
0.06927083333333339	0.06817481221067036
0.1072395833333335	0.10554365596067093
0.16419270833333344	0.16159692158567152
0.24962239583333345	0.24567682002317268
0.34962239583333354	0.3440968200231738
0.44962239583333363	0.44251682002317544
0.5496223958333337	0.5409368200231763
0.6496223958333338	0.6393568200231777
0.7496223958333339	0.7377768200231791
0.849622395833334	0.8361968200231807
0.9496223958333339	0.9346168200231816
1.049622395833334	1.0330368200231825
1.149622395833334	1.1314568200231845
1.2496223958333341	1.2298768200231855
1.3496223958333342	1.3282968200231866
1.4496223958333343	1.4267168200231877
1.5496223958333344	1.5251368200231896
1.6496223958333345	1.623556820023191
1.7496223958333346	1.721976820023192
1.8496223958333347	1.820396820023193
1.9496223958333347	1.9188168200231948
2.049622395833335	2.017236820023196
2.149622395833335	2.115656820023197
2.249622395833335	2.214076820023198
2.349622395833335	2.3124968200231995
2.449622395833335	2.4109168200232003
2.5496223958333353	2.509336820023202
2.6496223958333354	2.6077568200232037
2.7496223958333355	2.7061768200232046
2.8496223958333355	2.804596820023206
2.9496223958333356	2.9030168200232076
3.0496223958333353	3.0014368200232084
3.149622395833335	3.0998568200232093
3.2496223958333346	3.1982768200232106
3.349622395833334	3.296696820023211
3.449622395833334	3.3951168200232122
3.5496223958333335	3.4935368200232126
3.649622395833333	3.591956820023213
3.749622395833333	3.6903768200232143
3.8496223958333324	3.7887968200232156
3.949622395833332	3.887216820023217
4.049622395833332	3.985636820023208
4.149622395833331	4.084056820023209
4.249622395833331	4.18247682002321
4.349622395833331	4.280896820023204
4.44962239583333	4.379316820023203
4.54962239583333	4.477736820023205
4.64962239583333	4.576156820023205
4.749622395833329	4.674576820023206
4.849622395833329	4.772996820023206
4.9496223958333285	4.871416820023208
5.049622395833328	4.9698368200232075
5.149622395833328	5.068256820023209
5.2496223958333275	5.166676820023209
5.349622395833327	5.265096820023211
5.449622395833327	5.363516820023211
5.549622395833326	5.46193682002321
5.649622395833326	5.560356820023211
5.749622395833326	5.658776820023211
5.849622395833325	5.757196820023211
5.949622395833325	5.855616820023213
6.049622395833325	5.954036820023215
6.149622395833324	6.052456820023215
6.249622395833324	6.150876820023215
6.3496223958333236	6.249296820023215
6.449622395833323	6.347716820023217
6.549622395833323	6.4461368200232165
6.6496223958333225	6.544556820023218
6.749622395833322	6.642976820023217
6.849622395833322	6.741396820023221
6.949622395833321	6.839816820023219
7.049622395833321	6.938236820023221
7.149622395833321	7.036656820023221
7.24962239583332	7.1350768200232215
7.34962239583332	7.233496820023223
7.44962239583332	7.331916820023222
7.549622395833319	7.430336820023223
7.649622395833319	7.528756820023227
7.749622395833319	7.627176820023224
7.849622395833318	7.725596820023227
7.949622395833318	7.824016820023226
8.049622395833318	7.922436820023225
8.149622395833317	8.020856820023225
8.249622395833317	8.119276820023224
8.349622395833316	8.217696820023233
8.449622395833316	8.31611682002323
8.549622395833316	8.414536820023228
8.55	8.414908458044081
1000008.55	8.414908458044081
