-100000	0
1.0999999999999996	0
1.103333333333333	0.0032802697732411596
1.108333333333333	0.008200784959712248
1.115833333333333	0.01558180642428916
1.127083333333333	0.02665387471066931
1.143958333333333	0.04326224971066918
1.169270833333333	0.06817481221066907
1.2072395833333331	0.10554365596066893
1.264192708333333	0.1615969215856685
1.349622395833333	0.24567682002316796
1.4496223958333332	0.3440968200231672
1.5496223958333333	0.44251682002316667
1.6496223958333334	0.540936820023166
1.7496223958333335	0.6393568200231656
1.8496223958333335	0.7377768200231648
1.9496223958333336	0.8361968200231645
2.0496223958333335	0.9346168200231637
2.1496223958333336	1.0330368200231628
2.2496223958333337	1.1314568200231623
2.3496223958333338	1.2298768200231625
2.449622395833334	1.3282968200231617
2.549622395833334	1.4267168200231606
2.649622395833334	1.52513682002316
2.749622395833334	1.6235568200231592
2.849622395833334	1.7219768200231582
2.9496223958333343	1.8203968200231582
3.0496223958333344	1.9188168200231577
3.1496223958333345	2.017236820023157
3.2496223958333346	2.115656820023157
3.3496223958333347	2.214076820023156
3.4496223958333347	2.312496820023155
3.549622395833335	2.4109168200231554
3.649622395833335	2.5093368200231545
3.749622395833335	2.6077568200231527
3.849622395833335	2.706176820023153
3.949622395833335	2.8045968200231535
4.049622395833335	2.903016820023151
4.149622395833335	3.0014368200231507
4.249622395833335	3.0998568200231498
4.349622395833334	3.1982768200231493
4.449622395833334	3.2966968200231483
4.5496223958333335	3.395116820023147
4.649622395833333	3.4935368200231456
4.749622395833333	3.591956820023145
4.849622395833332	3.6903768200231357
4.949622395833332	3.7887968200231343
5.049622395833332	3.8872168200231365
5.149622395833331	3.985636820023136
5.249622395833331	4.084056820023134
5.349622395833331	4.182476820023134
5.44962239583333	4.28089682002314
5.54962239583333	4.3793168200231385
5.64962239583333	4.477736820023137
5.749622395833329	4.576156820023136
5.849622395833329	4.674576820023134
5.9496223958333285	4.772996820023135
6.049622395833328	4.871416820023133
6.149622395833328	4.969836820023131
6.2496223958333275	5.06825682002313
6.349622395833327	5.166676820023129
6.449622395833327	5.2650968200231265
6.549622395833326	5.363516820023128
6.649622395833326	5.461936820023127
6.749622395833326	5.5603568200231255
6.849622395833325	5.6587768200231245
6.949622395833325	5.757196820023122
7.049622395833325	5.855616820023122
7.149622395833324	5.954036820023121
7.249622395833324	6.05245682002312
7.3496223958333236	6.15087682002312
7.449622395833323	6.249296820023117
7.549622395833323	6.347716820023116
7.6496223958333225	6.446136820023113
7.749622395833322	6.5445568200231135
7.849622395833322	6.642976820023113
7.949622395833321	6.741396820023113
8.049622395833321	6.839816820023111
8.14962239583332	6.9382368200231115
8.24962239583332	7.036656820023109
8.34962239583332	7.135076820023107
8.44962239583332	7.233496820023109
8.54962239583332	7.331916820023108
8.649622395833319	7.430336820023104
8.749622395833319	7.528756820023104
8.849622395833318	7.6271768200231
8.949622395833318	7.725596820023099
9.049622395833318	7.824016820023095
9.149622395833317	7.922436820023105
9.249622395833317	8.020856820023102
9.349622395833316	8.119276820023101
9.449622395833316	8.217696820023102
9.549622395833316	8.3161168200231
9.649622395833315	8.414536820023095
9.65	8.414908458043946
1000009.65	8.414908458043946
