-100000	0
1.0999999999999996	0
1.103333333333333	0.0032802697732412208
1.108333333333333	0.008200784959712404
1.115833333333333	0.015581806424289456
1.127083333333333	0.026653874710669816
1.143958333333333	0.04326224971066999
1.169270833333333	0.06817481221067039
1.2072395833333331	0.10554365596067093
1.264192708333333	0.16159692158567157
1.349622395833333	0.24567682002317262
1.4496223958333332	0.3440968200231738
1.5496223958333333	0.4425168200231753
1.6496223958333334	0.5409368200231764
1.7496223958333335	0.6393568200231777
1.8496223958333335	0.737776820023179
1.9496223958333336	0.8361968200231802
2.0496223958333335	0.9346168200231814
2.1496223958333336	1.0330368200231828
2.2496223958333337	1.131456820023184
2.3496223958333338	1.2298768200231855
2.449622395833334	1.3282968200231875
2.549622395833334	1.426716820023188
2.649622395833334	1.5251368200231892
2.749622395833334	1.623556820023191
2.849622395833334	1.7219768200231915
2.9496223958333343	1.820396820023193
3.0496223958333344	1.9188168200231945
3.1496223958333345	2.017236820023196
3.2496223958333346	2.115656820023197
3.3496223958333347	2.2140768200231986
3.4496223958333347	2.3124968200231995
3.549622395833335	2.410916820023201
3.649622395833335	2.509336820023202
3.749622395833335	2.6077568200232033
3.849622395833335	2.706176820023205
3.949622395833335	2.804596820023206
4.049622395833335	2.903016820023208
4.149622395833335	3.001436820023208
4.249622395833335	3.099856820023209
4.349622395833334	3.1982768200232097
4.449622395833334	3.2966968200232043
4.5496223958333335	3.395116820023204
4.649622395833333	3.4935368200232055
4.749622395833333	3.591956820023205
4.849622395833332	3.6903768200232068
4.949622395833332	3.7887968200232067
5.049622395833332	3.8872168200232067
5.149622395833331	3.985636820023209
5.249622395833331	4.08405682002321
5.349622395833331	4.1824768200232105
5.44962239583333	4.280896820023206
5.54962239583333	4.379316820023209
5.64962239583333	4.477736820023208
5.749622395833329	4.576156820023209
5.849622395833329	4.67457682002321
5.9496223958333285	4.77299682002321
6.049622395833328	4.87141682002321
6.149622395833328	4.969836820023211
6.2496223958333275	5.06825682002321
6.349622395833327	5.1666768200232145
6.449622395833327	5.265096820023212
6.549622395833326	5.363516820023214
6.649622395833326	5.4619368200232135
6.749622395833326	5.560356820023217
6.849622395833325	5.658776820023215
6.949622395833325	5.757196820023216
7.049622395833325	5.855616820023217
7.149622395833324	5.954036820023217
7.249622395833324	6.0524568200232185
7.3496223958333236	6.15087682002322
7.449622395833323	6.24929682002322
7.549622395833323	6.347716820023219
7.6496223958333225	6.446136820023221
7.749622395833322	6.544556820023223
7.849622395833322	6.642976820023222
7.949622395833321	6.7413968200232235
8.049622395833321	6.839816820023224
8.14962239583332	6.9382368200232225
8.24962239583332	7.036656820023221
8.34962239583332	7.1350768200232215
8.44962239583332	7.233496820023219
8.54962239583332	7.331916820023221
8.649622395833319	7.430336820023219
8.749622395833319	7.528756820023233
8.849622395833318	7.627176820023232
8.949622395833318	7.725596820023231
9.049622395833318	7.824016820023229
9.149622395833317	7.922436820023232
9.249622395833317	8.020856820023234
9.349622395833316	8.119276820023236
9.449622395833316	8.217696820023233
9.549622395833316	8.316116820023234
9.649622395833315	8.414536820023232
9.65	8.414908458044085
1000009.65	8.414908458044085
