-100000	0
1.0999999999999996	0
1.103333333333333	0.0032802697732411596
1.108333333333333	0.00820078495971225
1.115833333333333	0.015581806424289017
1.127083333333333	0.026653874710669493
1.143958333333333	0.043262249710669186
1.169270833333333	0.06817481221066907
1.2072395833333331	0.10554365596066893
1.264192708333333	0.16159692158566827
1.349622395833333	0.24567682002316807
1.4496223958333332	0.34409682002316716
1.5496223958333333	0.44251682002316683
1.6496223958333334	0.5409368200231659
1.7496223958333335	0.6393568200231657
1.8496223958333335	0.7377768200231647
1.9496223958333336	0.8361968200231644
2.0496223958333335	0.9346168200231637
2.1496223958333336	1.0330368200231628
2.2496223958333337	1.1314568200231625
2.3496223958333338	1.2298768200231616
2.449622395833334	1.3282968200231613
2.549622395833334	1.4267168200231601
2.649622395833334	1.5251368200231603
2.749622395833334	1.6235568200231596
2.849622395833334	1.7219768200231582
2.9496223958333343	1.8203968200231582
3.0496223958333344	1.9188168200231586
3.1496223958333345	2.017236820023157
3.2496223958333346	2.115656820023157
3.3496223958333347	2.2140768200231555
3.4496223958333347	2.3124968200231555
3.549622395833335	2.410916820023154
3.649622395833335	2.509336820023154
3.749622395833335	2.607756820023154
3.849622395833335	2.706176820023153
3.949622395833335	2.8045968200231517
4.049622395833335	2.903016820023152
4.149622395833335	3.0014368200231507
4.249622395833335	3.099856820023149
4.349622395833334	3.1982768200231484
4.449622395833334	3.296696820023147
4.5496223958333335	3.395116820023147
4.649622395833333	3.4935368200231456
4.749622395833333	3.591956820023144
4.849622395833332	3.690376820023144
4.949622395833332	3.7887968200231423
5.049622395833332	3.8872168200231414
5.149622395833331	3.98563682002314
5.249622395833331	4.08405682002314
5.349622395833331	4.182476820023138
5.44962239583333	4.280896820023137
5.54962239583333	4.379316820023137
5.64962239583333	4.477736820023135
5.749622395833329	4.576156820023136
5.849622395833329	4.674576820023133
5.9496223958333285	4.772996820023133
6.049622395833328	4.871416820023131
6.149622395833328	4.969836820023131
6.2496223958333275	5.068256820023129
6.349622395833327	5.166676820023129
6.449622395833327	5.265096820023127
6.549622395833326	5.363516820023126
6.649622395833326	5.4619368200231255
6.749622395833326	5.560356820023125
6.849622395833325	5.658776820023123
6.949622395833325	5.757196820023122
7.049622395833325	5.855616820023122
7.149622395833324	5.95403682002312
7.249622395833324	6.052456820023119
7.3496223958333236	6.150876820023118
7.449622395833323	6.249296820023119
7.549622395833323	6.347716820023116
7.6496223958333225	6.446136820023116
7.749622395833322	6.544556820023115
7.849622395833322	6.642976820023114
7.949622395833321	6.741396820023111
8.049622395833321	6.839816820023111
8.14962239583332	6.938236820023109
8.24962239583332	7.036656820023109
8.34962239583332	7.135076820023107
8.44962239583332	7.233496820023106
8.54962239583332	7.331916820023105
8.649622395833319	7.430336820023104
8.749622395833319	7.528756820023104
8.849622395833318	7.627176820023103
8.949622395833318	7.7255968200231
9.049622395833318	7.8240168200231
9.149622395833317	7.922436820023098
9.249622395833317	8.020856820023099
9.349622395833316	8.119276820023098
9.449622395833316	8.217696820023097
9.549622395833316	8.316116820023097
9.649622395833315	8.414536820023095
9.65	8.414908458043946
1000009.65	8.414908458043946
