-100000	0
1.0999999999999996	0
1.103333333333333	0.003280269773241222
1.108333333333333	0.008200784959712404
1.115833333333333	0.015581806424289328
1.127083333333333	0.02665387471067001
1.143958333333333	0.04326224971066999
1.169270833333333	0.06817481221067039
1.2072395833333331	0.10554365596067097
1.264192708333333	0.16159692158567135
1.349622395833333	0.24567682002317284
1.4496223958333332	0.3440968200231738
1.5496223958333333	0.4425168200231755
1.6496223958333334	0.5409368200231764
1.7496223958333335	0.639356820023178
1.8496223958333335	0.7377768200231789
1.9496223958333336	0.8361968200231807
2.0496223958333335	0.9346168200231816
2.1496223958333336	1.0330368200231828
2.2496223958333337	1.131456820023184
2.3496223958333338	1.2298768200231853
2.449622395833334	1.3282968200231868
2.549622395833334	1.4267168200231877
2.649622395833334	1.5251368200231892
2.749622395833334	1.623556820023191
2.849622395833334	1.7219768200231913
2.9496223958333343	1.820396820023193
3.0496223958333344	1.9188168200231945
3.1496223958333345	2.017236820023196
3.2496223958333346	2.1156568200231978
3.3496223958333347	2.2140768200231986
3.4496223958333347	2.3124968200231972
3.549622395833335	2.4109168200231976
3.649622395833335	2.5093368200232
3.749622395833335	2.6077568200232006
3.849622395833335	2.706176820023203
3.949622395833335	2.8045968200232037
4.049622395833335	2.903016820023204
4.149622395833335	3.0014368200232044
4.249622395833335	3.0998568200232057
4.349622395833334	3.1982768200232066
4.449622395833334	3.2966968200232056
4.5496223958333335	3.3951168200232065
4.649622395833333	3.493536820023207
4.749622395833333	3.591956820023208
4.849622395833332	3.6903768200232077
4.949622395833332	3.7887968200232094
5.049622395833332	3.887216820023211
5.149622395833331	3.9856368200232106
5.249622395833331	4.0840568200232115
5.349622395833331	4.182476820023212
5.44962239583333	4.280896820023211
5.54962239583333	4.379316820023211
5.64962239583333	4.477736820023213
5.749622395833329	4.576156820023214
5.849622395833329	4.674576820023215
5.9496223958333285	4.772996820023215
6.049622395833328	4.871416820023215
6.149622395833328	4.969836820023216
6.2496223958333275	5.068256820023215
6.349622395833327	5.166676820023216
6.449622395833327	5.265096820023215
6.549622395833326	5.363516820023215
6.649622395833326	5.461936820023217
6.749622395833326	5.560356820023215
6.849622395833325	5.658776820023218
6.949622395833325	5.757196820023217
7.049622395833325	5.855616820023218
7.149622395833324	5.954036820023219
7.249622395833324	6.0524568200232185
7.3496223958333236	6.15087682002322
7.449622395833323	6.249296820023216
7.549622395833323	6.3477168200232175
7.6496223958333225	6.446136820023216
7.749622395833322	6.5445568200232245
7.849622395833322	6.642976820023225
7.949622395833321	6.741396820023228
8.049622395833321	6.839816820023226
8.14962239583332	6.938236820023231
8.24962239583332	7.03665682002323
8.34962239583332	7.13507682002323
8.44962239583332	7.233496820023231
8.54962239583332	7.331916820023231
8.649622395833319	7.430336820023231
8.749622395833319	7.528756820023231
8.849622395833318	7.627176820023232
8.949622395833318	7.725596820023235
9.049622395833318	7.8240168200232345
9.149622395833317	7.922436820023234
9.249622395833317	8.020856820023234
9.349622395833316	8.119276820023233
9.449622395833316	8.217696820023233
9.549622395833316	8.316116820023236
9.649622395833315	8.414536820023237
9.65	8.414908458044088
1000009.65	8.414908458044088
