-100000	0
1.0999999999999996	0
1.103333333333333	0.003280269773241158
1.108333333333333	0.008200784959712248
1.115833333333333	0.015581806424289107
1.127083333333333	0.026653874710669382
1.143958333333333	0.043262249710669165
1.169270833333333	0.06817481221066907
1.2072395833333331	0.1055436559606689
1.264192708333333	0.16159692158566838
1.349622395833333	0.24567682002316796
1.4496223958333332	0.3440968200231672
1.5496223958333333	0.44251682002316683
1.6496223958333334	0.5409368200231662
1.7496223958333335	0.6393568200231654
1.8496223958333335	0.7377768200231646
1.9496223958333336	0.8361968200231642
2.0496223958333335	0.9346168200231633
2.1496223958333336	1.0330368200231632
2.2496223958333337	1.1314568200231625
2.3496223958333338	1.2298768200231618
2.449622395833334	1.3282968200231613
2.549622395833334	1.426716820023161
2.649622395833334	1.52513682002316
2.749622395833334	1.6235568200231596
2.849622395833334	1.7219768200231589
2.9496223958333343	1.820396820023165
3.0496223958333344	1.9188168200231646
3.1496223958333345	2.017236820023165
3.2496223958333346	2.1156568200231645
3.3496223958333347	2.214076820023164
3.4496223958333347	2.3124968200231644
3.549622395833335	2.4109168200231643
3.649622395833335	2.5093368200231625
3.749622395833335	2.607756820023164
3.849622395833335	2.7061768200231624
3.949622395833335	2.804596820023163
4.049622395833335	2.9030168200231627
4.149622395833335	3.001436820023161
4.249622395833335	3.09985682002316
4.349622395833334	3.1982768200231586
4.449622395833334	3.296696820023159
4.5496223958333335	3.395116820023157
4.649622395833333	3.4935368200231576
4.749622395833333	3.5919568200231566
4.849622395833332	3.690376820023156
4.949622395833332	3.788796820023155
5.049622395833332	3.8872168200231547
5.149622395833331	3.9856368200231533
5.249622395833331	4.084056820023154
5.349622395833331	4.182476820023153
5.44962239583333	4.280896820023152
5.54962239583333	4.379316820023151
5.64962239583333	4.477736820023151
5.749622395833329	4.576156820023151
5.849622395833329	4.67457682002315
5.9496223958333285	4.772996820023149
6.049622395833328	4.871416820023149
6.149622395833328	4.969836820023147
6.2496223958333275	5.068256820023146
6.349622395833327	5.166676820023148
6.449622395833327	5.265096820023146
6.549622395833326	5.363516820023145
6.649622395833326	5.461936820023146
6.749622395833326	5.560356820023143
6.849622395833325	5.658776820023144
6.949622395833325	5.757196820023144
7.049622395833325	5.855616820023144
7.149622395833324	5.9540368200231395
7.249622395833324	6.0524568200231394
7.3496223958333236	6.150876820023138
7.449622395833323	6.249296820023136
7.549622395833323	6.347716820023135
7.6496223958333225	6.446136820023132
7.749622395833322	6.544556820023134
7.849622395833322	6.642976820023133
7.949622395833321	6.741396820023134
8.049622395833321	6.839816820023129
8.14962239583332	6.93823682002313
8.24962239583332	7.036656820023129
8.34962239583332	7.1350768200231265
8.44962239583332	7.233496820023127
8.54962239583332	7.331916820023127
8.649622395833319	7.430336820023126
8.749622395833319	7.528756820023125
8.849622395833318	7.627176820023123
8.949622395833318	7.725596820023122
9.049622395833318	7.824016820023123
9.149622395833317	7.922436820023121
9.249622395833317	8.020856820023123
9.349622395833316	8.119276820023117
9.449622395833316	8.217696820023118
9.549622395833316	8.316116820023119
9.649622395833315	8.414536820023116
9.65	8.414908458043968
1000009.65	8.414908458043968
