-100000	0
1.0999999999999996	0
1.103333333333333	0.03255999999052345
1.108333333333333	0.08139999999051543
1.115833333333333	0.1546599999905172
1.127083333333333	0.2645499999905196
1.143958333333333	0.42938499999050994
1.169270833333333	0.6766374999905224
1.2072395833333331	1.0475162499905137
1.264192708333333	1.6038343749905077
1.349622395833333	2.438311562490499
1.4496223958333332	3.415111562490505
1.5496223958333333	4.391911562490495
1.6496223958333334	5.368711562490487
1.7496223958333335	6.345511562490479
1.8496223958333335	7.322311562490485
1.9496223958333336	8.299111562490477
2.0496223958333335	9.275911562490473
2.1496223958333336	10.252711562490465
2.2496223958333337	11.229511562490464
2.3496223958333338	12.206311562490471
2.449622395833334	13.183111562490465
2.549622395833334	14.159911562490464
2.649622395833334	15.136711562490477
2.749622395833334	16.11351156249048
2.849622395833334	17.090311562490477
2.9496223958333343	18.067111562490478
3.0496223958333344	19.043911562490486
3.1496223958333345	20.020711562490497
3.2496223958333346	20.997511562490512
3.3496223958333347	21.97431156249052
3.4496223958333347	22.95111156249055
3.549622395833335	23.92791156249055
3.649622395833335	24.90471156249057
3.749622395833335	25.881511562490576
3.849622395833335	26.858311562490606
3.949622395833335	27.83511156249064
4.049622395833335	28.811911562490657
4.149622395833335	29.78871156249067
4.249622395833335	30.765511562490687
4.349622395833334	31.742311562490727
4.449622395833334	32.71911156249075
4.5496223958333335	33.69591156249079
4.649622395833333	34.67271156249084
4.749622395833333	35.64951156249085
4.849622395833332	36.6263115624909
4.949622395833332	37.60311156249094
5.049622395833332	38.57991156249099
5.149622395833331	39.556711562491024
5.249622395833331	40.53351156249108
5.349622395833331	41.51031156249114
5.44962239583333	42.487111562491215
5.54962239583333	43.46391156249125
5.64962239583333	44.44071156249133
5.749622395833329	45.417511562491384
5.849622395833329	46.39431156249146
5.9496223958333285	47.37111156249153
6.049622395833328	48.347911562491625
6.149622395833328	49.324711562491686
6.2496223958333275	50.30151156249177
6.349622395833327	51.27831156249185
6.449622395833327	52.25511156249195
6.549622395833326	53.23191156249205
6.649622395833326	54.20871156249214
6.749622395833326	55.18551156249227
6.849622395833325	56.16231156249237
6.949622395833325	57.13911156249247
7.049622395833325	58.1159115624926
7.149622395833324	59.09271156249269
7.249622395833324	60.06951156249281
7.3496223958333236	61.04631156249295
7.449622395833323	62.023111562493064
7.549622395833323	62.99991156249319
7.6496223958333225	63.976711562493335
7.749622395833322	64.95351156249346
7.849622395833322	65.93031156249359
7.949622395833321	66.90711156249371
8.049622395833321	67.88391156249385
8.14962239583332	68.86071156249398
8.24962239583332	69.8375115624941
8.34962239583332	70.81431156249424
8.44962239583332	71.7911115624944
8.54962239583332	72.76791156249452
8.649622395833319	73.74471156249464
8.749622395833319	74.72151156249477
8.849622395833318	75.69831156249492
8.949622395833318	76.67511156249503
9.049622395833318	77.65191156249517
9.149622395833317	78.62871156249528
9.249622395833317	79.60551156249542
9.349622395833316	80.58231156249555
9.449622395833316	81.55911156249567
9.549622395833316	82.53591156249581
9.649622395833315	83.5127115624959
9.749622395833315	84.48951156249602
9.849622395833315	85.46631156249613
9.949622395833314	86.44311156249623
10.049622395833314	87.41991156249634
10.149622395833314	88.39671156249644
10.249622395833313	89.37351156249652
10.349622395833313	90.35031156249663
10.449622395833313	91.3271115624967
10.549622395833312	92.30391156249681
10.649622395833312	93.28071156249685
10.749622395833311	94.25751156249693
10.849622395833311	95.234311562497
10.94962239583331	96.21111156249704
11.04962239583331	97.18791156249712
11.14962239583331	98.16471156249719
11.24962239583331	99.14151156249721
11.34962239583331	100.11831156249725
11.449622395833309	101.0951115624973
11.549622395833309	102.07191156249729
11.649622395833308	103.0487115624973
11.749622395833308	104.02551156249731
11.849622395833308	105.0023115624973
11.905	105.54323999999757
1000011.905	105.54323999999757
