-179769313486231570000000000000000000000000000000000000000000000000000000000000000000000000000000000000000000000000000000000000000000000000000000000000000000000000000000000000000000000000000000000000000000000000000000000000000000000000000000000000000000000000000000000000000000000000000000000000000000000000000	0
-0.0000000000000004440892098500626	0
0.0033333333333329662	0.0012295830272793296
0.0066666666666663765	0.002464007921673674
0.01166666666666627	0.004322761517081205
0.019166666666666332	0.007122228013067692
0.030416666666666314	0.011345032826606549
0.04729166666666629	0.01773237804943026
0.07260416666666636	0.02743327983460493
0.11057291666666647	0.042258999190830836
0.1675260416666664	0.06512859125737691
0.2529557291666664	0.10089420152465065
0.3529557291666665	0.1450649400846707
0.4529557291666666	0.19181272899204144
0.5529557291666667	0.24122234891244662
0.6529557291666668	0.2933676408033761
0.7529557291666669	0.34831224564376595
0.852955729166667	0.40610810113480333
0.9529557291666668	0.4667980655207177
1.052955729166667	0.5304128815939229
1.152955729166667	0.5969756137930293
1.252955729166667	0.666497262226347
1.3529557291666672	0.7389824952456769
1.4529557291666673	0.8144246438245679
1.5529557291666674	0.8928116262910354
1.6529557291666674	0.9741215760290006
1.7529557291666675	1.0583275043316227
1.8529557291666676	1.1453949074956673
1.9529557291666677	1.2352839536826887
2.052955729166668	1.3279498377192531
2.152955729166668	1.4233421639136121
2.252955729166668	1.5214078535655038
2.352955729166668	1.6220882502917502
2.452955729166668	1.7253237233972623
2.5529557291666682	1.8310495397318522
2.6529557291666683	1.915509618847436
2.7529557291666684	1.9708648745986996
2.8529557291666685	2.0285085664887696
2.9529557291666686	2.088369569985617
3.0529557291666682	2.150376682336285
3.152955729166668	2.2144581040482723
3.2529557291666675	2.28054067806224
3.352955729166667	2.348553190172268
3.452955729166667	2.418421430716317
3.5529557291666665	2.490075429401157
3.652955729166666	2.563441189091337
3.7529557291666658	2.638449934549486
3.8529557291666654	2.7150295328025886
3.952955729166665	2.793111829499709
4.052955729166665	2.8726282551082902
4.152955729166664	2.9535109108237614
4.252955729166664	3.0356953269582374
4.352955729166664	3.1191148669464357
4.452955729166663	3.203708034945985
4.552955729166663	3.289411677768656
4.652955729166663	3.3761657708468644
4.752955729166662	3.4639121818000342
4.852955729166662	3.5525922241394903
4.9529557291666615	3.642151850893476
5.052955729166661	3.732535840913358
5.152955729166661	3.8236923842074613
5.212999999999999	3.9339910707000376
179769313486231570000000000000000000000000000000000000000000000000000000000000000000000000000000000000000000000000000000000000000000000000000000000000000000000000000000000000000000000000000000000000000000000000000000000000000000000000000000000000000000000000000000000000000000000000000000000000000000000000000	3.9339910707000376
