-179769313486231570000000000000000000000000000000000000000000000000000000000000000000000000000000000000000000000000000000000000000000000000000000000000000000000000000000000000000000000000000000000000000000000000000000000000000000000000000000000000000000000000000000000000000000000000000000000000000000000000000	0
-0.0000000000000004440892098500626	0
0.0033333333333329662	0.0011748277566242746
0.0066666666666663765	0.002354982751497742
0.01166666666666627	0.004135208261462396
0.019166666666666332	0.00682584408818338
0.030416666666666314	0.010887874607888271
0.04729166666666629	0.01702752360274527
0.07260416666666636	0.026341837659564514
0.11057291666666647	0.040551081891983774
0.1675260416666664	0.06241382109197342
0.2529557291666664	0.09647598023663076
0.3529557291666665	0.13834365546257543
0.4529557291666666	0.18243733478057256
0.5529557291666667	0.22882531094156472
0.6529557291666668	0.277566809096786
0.7529557291666669	0.32871225681072247
0.852955729166667	0.3823030682462942
0.9529557291666668	0.4383723484766353
1.052955729166667	0.49694415301933115
1.152955729166667	0.5580354100890836
1.252955729166667	0.6216537555930004
1.3529557291666672	0.6878013803783413
1.4529557291666673	0.756470959727786
1.5529557291666674	0.8276515496628221
1.6529557291666674	0.9013227093726349
1.7529557291666675	0.9774619701154775
1.8529557291666676	1.0560377676120778
1.9529557291666677	1.137017768668694
2.052955729166668	1.2203613154559052
2.152955729166668	1.306027864810565
2.252955729166668	1.3939695136927672
2.352955729166668	1.4841391744358288
2.452955729166668	1.576483280930731
2.5529557291666682	1.6709498439593362
2.6529557291666683	1.7516370752895052
2.7529557291666684	1.8132930611081832
2.8529557291666685	1.876897330250929
2.9529557291666686	1.942392264804817
3.0529557291666682	2.0097150185304873
3.152955729166668	2.078806752676981
3.2529557291666675	2.149603802020945
3.352955729166667	2.2220466740105307
3.452955729166667	2.296072117371168
3.5529557291666665	2.3716201596958353
3.652955729166666	2.448629295231277
3.7529557291666658	2.527039074203198
3.8529557291666654	2.606790645068028
3.952955729166665	2.6878235730246836
4.052955729166665	2.7700815633224303
4.152955729166664	2.853505568941291
4.252955729166664	2.938040977701472
4.352955729166664	3.023631829261007
4.452955729166663	3.1102242840675434
4.552955729166663	3.1977664829147843
4.652955729166663	3.286205597654711
4.752955729166662	3.3754930121402507
4.852955729166662	3.465578704512495
4.9529557291666615	3.556415880237498
5.052955729166661	3.647958860296311
5.152955729166661	3.740162147477219
5.212999999999999	3.8515983182404576
179769313486231570000000000000000000000000000000000000000000000000000000000000000000000000000000000000000000000000000000000000000000000000000000000000000000000000000000000000000000000000000000000000000000000000000000000000000000000000000000000000000000000000000000000000000000000000000000000000000000000000000	3.8515983182404576
