-179769313486231570000000000000000000000000000000000000000000000000000000000000000000000000000000000000000000000000000000000000000000000000000000000000000000000000000000000000000000000000000000000000000000000000000000000000000000000000000000000000000000000000000000000000000000000000000000000000000000000000000	0
-0.0000000000000004440892098500626	0
0.0033333333333329662	0.001312370515860503
0.0066666666666663765	0.0026286995728480476
0.01166666666666627	0.004610617159335936
0.019166666666666332	0.0076002028435532155
0.030416666666666314	0.01212212779352294
0.04729166666666629	0.01895412127830789
0.07260416666666636	0.02926867503328249
0.11057291666666647	0.04489019014615908
0.1675260416666664	0.06866543999878193
0.2529557291666664	0.10511736770883363
0.3529557291666665	0.14901809894773793
0.4529557291666666	0.19428082168486954
0.5529557291666667	0.24093520052488843
0.6529557291666668	0.2890072644113289
0.7529557291666669	0.33851705468280835
0.852955729166667	0.3894816163544309
0.9529557291666668	0.4419117960197875
1.052955729166667	0.4958161354519149
1.152955729166667	0.5511969351703941
1.252955729166667	0.6080548804343805
1.3529557291666672	0.6663845073777472
1.4529557291666673	0.7261794304853512
1.5529557291666674	0.7874273395221739
1.6529557291666674	0.8501156055614947
1.7529557291666675	0.9142260636849687
1.8529557291666676	0.9797406885175042
1.9529557291666677	1.0466363949615967
2.052955729166668	1.1148906790955304
2.152955729166668	1.184476429553696
2.252955729166668	1.255367539262709
2.352955729166668	1.3275336728401153
2.452955729166668	1.4009459853866066
2.5529557291666682	1.4755716513938206
2.6529557291666683	1.551379821124842
2.7529557291666684	1.628335854505059
2.8529557291666685	1.7064075828292058
2.9529557291666686	1.785559173356073
3.0529557291666682	1.865757613282649
3.152955729166668	1.9469665614220928
3.2529557291666675	2.0291524649391013
3.352955729166667	2.1122791777149312
3.452955729166667	2.1963127127683597
3.5529557291666665	2.281217860837952
3.652955729166666	2.366960226751256
3.7529557291666658	2.453506110389754
3.8529557291666654	2.54082094336726
3.952955729166665	2.628872558778614
4.052955729166665	2.7176269327945506
4.152955729166664	2.807053042100542
4.252955729166664	2.8971182935788486
4.352955729166664	2.987792295056646
4.452955729166663	3.0790447214520533
4.552955729166663	3.1708455385240706
4.652955729166663	3.263166734524039
4.752955729166662	3.3559792516888742
4.852955729166662	3.4492566907194986
4.9529557291666615	3.542971960542186
5.052955729166661	3.637099590852967
5.152955729166661	3.731615253242935
5.212999999999999	3.845535318803412
179769313486231570000000000000000000000000000000000000000000000000000000000000000000000000000000000000000000000000000000000000000000000000000000000000000000000000000000000000000000000000000000000000000000000000000000000000000000000000000000000000000000000000000000000000000000000000000000000000000000000000000	3.845535318803412
