-179769313486231570000000000000000000000000000000000000000000000000000000000000000000000000000000000000000000000000000000000000000000000000000000000000000000000000000000000000000000000000000000000000000000000000000000000000000000000000000000000000000000000000000000000000000000000000000000000000000000000000000	0
-0.0000000000000004440892098500626	0
0.0033333333333329662	0.0019989123168163165
0.0066666666666663765	0.004000749706232022
0.01166666666666627	0.0070089924252785514
0.019166666666666332	0.011533707917598272
0.030416666666666314	0.01834839760897479
0.04729166666666629	0.028603825651299736
0.07260416666666636	0.0440328285050461
0.11057291666666647	0.0672795379604506
0.1675260416666664	0.10238498475528889
0.2529557291666664	0.15558230704504736
0.3529557291666665	0.21868859530529855
0.4529557291666666	0.2827129201128103
0.5529557291666667	0.3476686117855784
0.6529557291666668	0.41356747329562793
0.7529557291666669	0.4804171345425562
0.852955729166667	0.5482241091353093
0.9529557291666668	0.6169907256551901
1.052955729166667	0.6867185691799347
1.152955729166667	0.7574051058867591
1.252955729166667	0.8290474586972119
1.3529557291666672	0.9016387479486779
1.4529557291666673	0.9751721316922632
1.5529557291666674	1.0496369189434127
1.6529557291666674	1.1250228420538424
1.7529557291666675	1.2013159709053514
1.8529557291666676	1.2785031152633493
1.9529557291666677	1.35656768108624
2.052955729166668	1.4354940628337265
2.152955729166668	1.515263542766224
2.252955729166668	1.5958585549011117
2.352955729166668	1.6772588068729846
2.452955729166668	1.7594451622725396
2.5529557291666682	1.842396257535631
2.6529557291666683	1.9260917314542447
2.7529557291666684	2.0105096675051093
2.8529557291666685	2.0956286995268467
2.9529557291666686	2.1814268710469977
3.0529557291666682	2.2678820067707677
3.152955729166668	2.354972477580184
3.2529557291666675	2.4426755907889985
3.352955729166667	2.5309702170992687
3.452955729166667	2.619833559760315
3.5529557291666665	2.709244987036475
3.652955729166666	2.799182072028356
3.7529557291666658	2.889624545081637
3.8529557291666654	2.9805508758161205
3.952955729166665	3.0719409688792103
4.052955729166665	3.163774665341385
4.152955729166664	3.2560319463472442
4.252955729166664	3.3486941030645196
4.352955729166664	3.4417415626548555
4.452955729166663	3.535156722597908
4.552955729166663	3.628921044301292
4.652955729166663	3.7230175920368764
4.752955729166662	3.8174294042026067
4.852955729166662	3.9121399621467092
4.9529557291666615	4.007133907224659
5.052955729166661	4.102395436692824
5.152955729166661	4.197910391300885
5.212999999999999	4.3128873162349315
179769313486231570000000000000000000000000000000000000000000000000000000000000000000000000000000000000000000000000000000000000000000000000000000000000000000000000000000000000000000000000000000000000000000000000000000000000000000000000000000000000000000000000000000000000000000000000000000000000000000000000000	4.3128873162349315
