-179769313486231570000000000000000000000000000000000000000000000000000000000000000000000000000000000000000000000000000000000000000000000000000000000000000000000000000000000000000000000000000000000000000000000000000000000000000000000000000000000000000000000000000000000000000000000000000000000000000000000000000	0
0.0000000000000008881784197001252	0
0.0033333333333338544	0.004543363211133974
0.006666666666666821	0.00909553051612757
0.011666666666666714	0.015940272547009356
0.019166666666666998	0.026244427584267514
0.030416666666667425	0.04178387303042629
0.047291666666667176	0.06527974236294629
0.07260416666666725	0.10094067490259376
0.11057291666666735	0.1553613834613163
0.16752604166666707	0.23905310209853484
0.25295572916666664	0.36912656639664554
0.3529557291666663	0.5280975785997659
0.45295572916666593	0.6940585368705517
0.5529557291666656	0.8667518518929254
0.6529557291666652	1.0459249043487329
0.7529557291666649	1.23133045072337
0.8529557291666645	1.4227247169962587
0.9529557291666642	1.6198674901171957
1.0529557291666638	1.82252230571859
1.1529557291666634	2.030455146475106
1.252955729166663	2.243435609093122
1.3529557291666627	2.461235002838305
1.4529557291666624	2.683628442741424
1.552955729166662	2.9103939271874144
1.6529557291666617	3.141312406310425
1.6685000000000016	3.2138675945170343
179769313486231570000000000000000000000000000000000000000000000000000000000000000000000000000000000000000000000000000000000000000000000000000000000000000000000000000000000000000000000000000000000000000000000000000000000000000000000000000000000000000000000000000000000000000000000000000000000000000000000000000	3.2138675945170343
