-100000	0
1.0999999999912689	0
1.1033333333246023	0.03105314192745177
1.1083333333246022	0.07763285494726177
1.1158333333246022	0.14750242447589437
1.1270833333246022	0.25230677876640534
1.1439583333246022	0.4095133101966827
1.1692708333246022	0.6453231073297543
1.2072395833246023	0.9990378030015831
1.2641927083246023	1.5296098464468224
1.3496223958246023	2.3254679114755996
1.4496223958246024	3.2570621712438204
1.5496223958246025	4.18865643093246
1.6496223958246026	5.120250690613559
1.7496223958246027	6.051844950294671
1.8496223958246027	6.983439209975774
1.9496223958246028	7.91503346965688
2.0496223958246027	8.846627729337984
2.149622395824603	9.778221989019093
2.249622395824603	10.709816248700198
2.349622395824603	11.641410508381306
2.449622395824603	12.57300476806241
2.549622395824603	13.504599027743511
2.6496223958246032	14.43619328742462
2.7496223958246033	15.367787547105717
2.8496223958246034	16.299381806786837
2.9496223958246035	17.230976066467925
3.0496223958246036	18.16257032614904
3.1496223958246037	19.094164585830153
3.2496223958246038	20.025758845511252
3.349622395824604	20.957353105192354
3.449622395824604	21.888947364873466
3.549622395824604	22.820541624554565
3.649622395824604	23.75213588423567
3.749622395824604	24.683730143916776
3.8496223958246043	25.615324403597892
3.9496223958246044	26.546918663279
4.0496223958246045	27.478512922960107
4.149622395824604	28.410107182641195
4.249622395824604	29.341701442322304
4.349622395824603	30.273295702003388
4.449622395824603	31.204889961684493
4.549622395824603	32.1364842213656
4.649622395824602	33.06807848104671
4.749622395824602	33.999672740727796
4.849622395824602	34.931267000408894
4.949622395824601	35.86286126009001
5.049622395824601	36.794455519771105
5.149622395824601	37.7260497794522
5.2496223958246	38.65764403913333
5.3496223958246	39.589238298814394
5.4496223958245995	40.52083255849553
5.549622395824599	41.45242681817662
5.649622395824599	42.384021077857696
5.749622395824598	43.31561533753882
5.849622395824598	44.24720959721994
5.949622395824598	45.17880385690104
6.049622395824597	46.110398116582154
6.149622395824597	47.041992376263345
6.249622395824597	47.97358663594458
6.349622395824596	48.92173632078089
6.449622395824596	49.898536320781005
6.549622395824596	50.875336320781294
6.649622395824595	51.85213632078173
6.749622395824595	52.82893632078204
6.8496223958245945	53.80573632078224
6.949622395824594	54.7825363207824
7.049622395824594	55.75933632078253
7.1496223958245935	56.73613632078258
7.249622395824593	57.71293632078265
7.349622395824593	58.68973632078267
7.449622395824592	59.666536320782654
7.549622395824592	60.64333632078269
7.649622395824592	61.6201363207827
7.749622395824591	62.59693632078275
7.849622395824591	63.573736320782714
7.949622395824591	64.55053632078271
8.04962239582459	65.52733632078271
8.14962239582459	66.50413632078273
8.24962239582459	67.48093632078276
8.34962239582459	68.45773632078274
8.449622395824589	69.43453632078275
8.549622395824588	70.41133632078281
8.649622395824588	71.38813632078278
8.749622395824588	72.36493632078279
8.849622395824587	73.34173632078276
8.949622395824587	74.31853632078283
9.049622395824587	75.29533632078281
9.149622395824586	76.27213632078282
9.249622395824586	77.24893632078285
9.349622395824586	78.22573632078283
9.449622395824585	79.20253632078288
9.549622395824585	80.17933632078285
9.649622395824585	81.15613632078288
9.749622395824584	82.13293632078286
9.849622395824584	83.10973632078289
9.949622395824584	84.0865363207829
10.049622395824583	85.06333632078288
10.149622395824583	86.04013632078289
10.249622395824582	87.01693632078295
10.349622395824582	87.99373632078293
10.449622395824582	88.97053632078295
10.549622395824581	89.94733632078295
10.649622395824581	90.92413632078295
10.74962239582458	91.90093632078295
10.84962239582458	92.87773632078299
10.94962239582458	93.85453632078301
11.04962239582458	94.83133632078301
11.14962239582458	95.80813632078299
11.249622395824579	96.78493632078298
11.349622395824579	97.76173632078302
11.449622395824578	98.73853632078303
11.549622395824578	99.71533632078301
11.649622395824577	100.69213632078305
11.749622395824577	101.66893632078303
11.849622395824577	102.64573632078306
11.905	103.18666475836858
1000011.905	103.18666475836858
