-100000	0
1.0999999999912689	0
1.1033333333246023	0.028949227009132727
1.1083333333246022	0.07237306764244987
1.1158333333246022	0.13750882859134309
1.1270833333246022	0.2352124700122449
1.1439583333246022	0.3817679321381086
1.1692708333246022	0.6016011253145601
1.2072395833246023	0.9313509150514583
1.2641927083246023	1.4259755995943022
1.3496223958246023	2.16791262626794
1.4496223958246024	3.036389438254981
1.5496223958246025	3.9048662500107953
1.6496223958246026	4.773343061535383
1.7496223958246027	5.6418198728287425
1.8496223958246027	6.510296683910896
1.9496223958246028	7.3787734948717265
2.0496223958246027	8.24725030580574
2.149622395824603	9.115727116739693
2.249622395824603	9.984203927673645
2.349622395824603	10.852680738607601
2.449622395824603	11.72115754954155
2.549622395824603	12.589634360475502
2.6496223958246032	13.458111171409454
2.7496223958246033	14.326587982343407
2.8496223958246034	15.195064793277362
2.9496223958246035	16.063541604211316
3.0496223958246036	16.93201841514526
3.1496223958246037	17.800495226079224
3.2496223958246038	18.668972037013166
3.349622395824604	19.537448847947122
3.449622395824604	20.405925658881078
3.549622395824604	21.27440246981503
3.649622395824604	22.142879280748982
3.749622395824604	23.01135609168293
3.8496223958246043	23.879832902616883
3.9496223958246044	24.74830971355084
4.0496223958246045	25.616786524484798
4.149622395824604	26.48526333541875
4.249622395824604	27.353740146352685
4.349622395824603	28.222216957286644
4.449622395824603	29.090693768220575
4.549622395824603	29.959170579154534
4.649622395824602	30.827647390088497
4.749622395824602	31.69612420102244
4.849622395824602	32.564601011956384
4.949622395824601	33.43307782289034
5.049622395824601	34.301554633824274
5.149622395824601	35.17003144475823
5.2496223958246	36.03850825569218
5.3496223958246	36.906985066626106
5.4496223958245995	37.77546187756008
5.549622395824599	38.643938688494025
5.649622395824599	39.51241549942793
5.749622395824598	40.38089231036184
5.849622395824598	41.24936912129586
5.949622395824598	42.11784593223001
6.049622395824597	42.98632274316421
6.149622395824597	43.854799554098406
6.249622395824597	44.7232763650325
6.349622395824596	45.63142372303573
6.449622395824596	46.60822372303585
6.549622395824596	47.58502372303615
6.649622395824595	48.56182372303655
6.749622395824595	49.53862372303697
6.8496223958245945	50.515423723037344
6.949622395824594	51.49222372303773
7.049622395824594	52.46902372303802
7.1496223958245935	53.44582372303833
7.249622395824593	54.422623723038654
7.349622395824593	55.399423723038865
7.449622395824592	56.37622372303914
7.549622395824592	57.35302372303932
7.649622395824592	58.32982372303952
7.749622395824591	59.30662372303967
7.849622395824591	60.28342372303983
7.949622395824591	61.26022372303996
8.04962239582459	62.23702372304005
8.14962239582459	63.21382372304014
8.24962239582459	64.19062372304016
8.34962239582459	65.16742372304023
8.449622395824589	66.14422372304028
8.549622395824588	67.12102372304028
8.649622395824588	68.09782372304029
8.749622395824588	69.07462372304026
8.849622395824587	70.05142372304029
8.949622395824587	71.0282237230403
9.049622395824587	72.00502372304037
9.149622395824586	72.98182372304034
9.249622395824586	73.95862372304035
9.349622395824586	74.93542372304039
9.449622395824585	75.91222372304037
9.549622395824585	76.88902372304035
9.649622395824585	77.86582372304039
9.749622395824584	78.84262372304042
9.849622395824584	79.81942372304042
9.949622395824584	80.7962237230404
10.049622395824583	81.77302372304042
10.149622395824583	82.74982372304045
10.249622395824582	83.72662372304042
10.349622395824582	84.70342372304044
10.449622395824582	85.68022372304048
10.549622395824581	86.65702372304045
10.649622395824581	87.63382372304046
10.74962239582458	88.61062372304042
10.84962239582458	89.58742372304044
10.94962239582458	90.56422372304048
11.04962239582458	91.5410237230405
11.14962239582458	92.51782372304048
11.249622395824579	93.49462372304048
11.349622395824579	94.47142372304053
11.449622395824578	95.44822372304054
11.549622395824578	96.42502372304057
11.649622395824577	97.40182372304051
11.749622395824577	98.37862372304053
11.849622395824577	99.35542372304047
11.905	99.8963521606261
1000011.905	99.8963521606261
