-100000	0
1.0999999999912689	0
1.1033333333246023	0.027897269549973205
1.1083333333246022	0.06974317399004387
1.1158333333246022	0.13251203064906752
1.1270833333246022	0.2266653156351644
1.1439583333246022	0.3678952431088213
1.1692708333246022	0.5797401343069624
1.2072395833246023	0.8975074710763952
1.2641927083246023	1.3741584761680405
1.3496223958246023	2.0891349836648807
1.4496223958246024	2.926053071786992
1.5496223958246025	3.762971159677875
1.6496223958246026	4.599889247337532
1.7496223958246027	5.436807334765963
1.8496223958246027	6.273725421963164
1.9496223958246028	7.110643508929139
2.0496223958246027	7.947561595674486
2.149622395824603	8.784479682277572
2.249622395824603	9.621397768838724
2.349622395824603	10.458315855399103
2.449622395824603	11.295233941959475
2.549622395824603	12.132152028519851
2.6496223958246032	12.969070115080223
2.7496223958246033	13.805988201640602
2.8496223958246034	14.642906288200983
2.9496223958246035	15.47982437476135
3.0496223958246036	16.31674246132173
3.1496223958246037	17.153660547882108
3.2496223958246038	17.990578634442482
3.349622395824604	18.827496721002852
3.449622395824604	19.66441480756323
3.549622395824604	20.501332894123603
3.649622395824604	21.338250980683995
3.749622395824604	22.17516906724436
3.8496223958246043	23.01208715380473
3.9496223958246044	23.8490052403651
4.0496223958246045	24.685923326925487
4.149622395824604	25.522841413485843
4.249622395824604	26.359759500046227
4.349622395824603	27.1966775866066
4.449622395824603	28.033595673166975
4.549622395824603	28.870513759727345
4.649622395824602	29.707431846287733
4.749622395824602	30.544349932848093
4.849622395824602	31.381268019408463
4.949622395824601	32.21818610596883
5.049622395824601	33.055104192529214
5.149622395824601	33.892022279089566
5.2496223958246	34.72894036564995
5.3496223958246	35.565858452210335
5.4496223958245995	36.402776538770716
5.549622395824599	37.23969462533116
5.649622395824599	38.07661271189156
5.749622395824598	38.913530798451944
5.849622395824598	39.75044888501225
5.949622395824598	40.58736697157259
6.049622395824597	41.42428505813294
6.149622395824597	42.26120314469323
6.249622395824597	43.098121231253586
6.349622395824596	43.9862674258405
6.449622395824596	44.96306742584061
6.549622395824596	45.93986742584089
6.649622395824595	46.916667425841354
6.749622395824595	47.8934674258418
6.8496223958245945	48.870267425842165
6.949622395824594	49.847067425842546
7.049622395824594	50.823867425842884
7.1496223958245935	51.80066742584322
7.249622395824593	52.777467425843575
7.349622395824593	53.75426742584387
7.449622395824592	54.73106742584419
7.549622395824592	55.70786742584446
7.649622395824592	56.684667425844665
7.749622395824591	57.661467425844926
7.849622395824591	58.63826742584514
7.949622395824591	59.61506742584531
8.04962239582459	60.59186742584552
8.14962239582459	61.56866742584569
8.24962239582459	62.54546742584584
8.34962239582459	63.522267425845925
8.449622395824589	64.49906742584604
8.549622395824588	65.47586742584616
8.649622395824588	66.45266742584624
8.749622395824588	67.42946742584634
8.849622395824587	68.4062674258464
8.949622395824587	69.38306742584639
9.049622395824587	70.35986742584645
9.149622395824586	71.33666742584647
9.249622395824586	72.31346742584648
9.349622395824586	73.2902674258465
9.449622395824585	74.26706742584652
9.549622395824585	75.24386742584653
9.649622395824585	76.22066742584651
9.749622395824584	77.19746742584655
9.849622395824584	78.17426742584658
9.949622395824584	79.15106742584652
10.049622395824583	80.12786742584656
10.149622395824583	81.10466742584651
10.249622395824582	82.08146742584657
10.349622395824582	83.05826742584661
10.449622395824582	84.0350674258466
10.549622395824581	85.01186742584656
10.649622395824581	85.98866742584664
10.74962239582458	86.96546742584667
10.84962239582458	87.94226742584662
10.94962239582458	88.91906742584666
11.04962239582458	89.89586742584665
11.14962239582458	90.87266742584661
11.249622395824579	91.84946742584663
11.349622395824579	92.8262674258467
11.449622395824578	93.80306742584663
11.549622395824578	94.7798674258467
11.649622395824577	95.75666742584667
11.749622395824577	96.73346742584667
11.849622395824577	97.71026742584668
11.905	98.25119586343226
1000011.905	98.25119586343226
