-100000	0
1.0999999999912689	0
1.1033333333246023	0.025793354631654157
1.1083333333246022	0.06448338668523199
1.1158333333246022	0.12251843476451592
1.1270833333246022	0.20957100688100447
1.1439583333246022	0.3401498650502475
1.1692708333246022	0.5360181522917679
1.2072395833246023	0.8298205831262699
1.2641927083246023	1.2705242293155188
1.3496223958246023	1.9315796984587654
1.4496223958246024	2.705380338851018
1.5496223958246025	3.4791809790120447
1.6496223958246026	4.252981618941842
1.7496223958246027	5.026782258640416
1.8496223958246027	5.800582898107757
1.9496223958246028	6.574383537343874
2.0496223958246027	7.348184176348762
2.149622395824603	8.121984815122426
2.249622395824603	8.895785453664859
2.349622395824603	9.669586091976063
2.449622395824603	10.443386730057604
2.549622395824603	11.217187367957797
2.6496223958246032	11.99098800577851
2.7496223958246033	12.764788643591741
2.8496223958246034	13.538589281404958
2.9496223958246035	14.312389919218178
3.0496223958246036	15.086190557031408
3.1496223958246037	15.859991194844623
3.2496223958246038	16.633791832657845
3.349622395824604	17.407592470471076
3.449622395824604	18.18139310828429
3.549622395824604	18.955193746097518
3.649622395824604	19.728994383910734
3.749622395824604	20.50279502172397
3.8496223958246043	21.276595659537175
3.9496223958246044	22.050396297350407
4.0496223958246045	22.82419693516363
4.149622395824604	23.597997572976862
4.249622395824604	24.371798210790065
4.349622395824603	25.145598848603292
4.449622395824603	25.919399486416488
4.549622395824603	26.693200124229715
4.649622395824602	27.467000762042947
4.749622395824602	28.240801399856153
4.849622395824602	29.014602037669384
4.949622395824601	29.78840267548267
5.049622395824601	30.562203313296123
5.149622395824601	31.33600395110966
5.2496223958246	32.109804588923055
5.3496223958246	32.8836052267363
5.4496223958245995	33.65740586454952
5.549622395824599	34.431206502362656
5.649622395824599	35.20500714017578
5.749622395824598	35.978807777988855
5.849622395824598	36.75260841580196
5.949622395824598	37.526409053615026
6.049622395824597	38.30020969142811
6.149622395824597	39.07401032924122
6.249622395824597	39.8478109670544
6.349622395824596	40.695954834808745
6.449622395824596	41.67275483480888
6.549622395824596	42.64955483480918
6.649622395824595	43.62635483480958
6.749622395824595	44.60315483481003
6.8496223958245945	45.57995483481044
6.949622395824594	46.55675483481086
7.049622395824594	47.533554834811255
7.1496223958245935	48.51035483481159
7.249622395824593	49.487154834811975
7.349622395824593	50.463954834812306
7.449622395824592	51.44075483481268
7.549622395824592	52.417554834813
7.649622395824592	53.39435483481329
7.749622395824591	54.37115483481362
7.849622395824591	55.34795483481393
7.949622395824591	56.3247548348142
8.04962239582459	57.30155483481447
8.14962239582459	58.27835483481469
8.24962239582459	59.255154834814974
8.34962239582459	60.23195483481519
8.449622395824589	61.208754834815394
8.549622395824588	62.18555483481563
8.649622395824588	63.16235483481581
8.749622395824588	64.139154834816
8.849622395824587	65.11595483481621
8.949622395824587	66.09275483481633
9.049622395824587	67.06955483481651
9.149622395824586	68.04635483481668
9.249622395824586	69.02315483481676
9.349622395824586	69.99995483481692
9.449622395824585	70.97675483481704
9.549622395824585	71.95355483481708
9.649622395824585	72.9303548348172
9.749622395824584	73.90715483481732
9.849622395824584	74.88395483481735
9.949622395824584	75.86075483481737
10.049622395824583	76.83755483481747
10.149622395824583	77.81435483481745
10.249622395824582	78.79115483481749
10.349622395824582	79.76795483481752
10.449622395824582	80.74475483481751
10.549622395824581	81.72155483481752
10.649622395824581	82.69835483481754
10.74962239582458	83.67515483481753
10.84962239582458	84.65195483481757
10.94962239582458	85.62875483481764
11.04962239582458	86.60555483481758
11.14962239582458	87.58235483481761
11.249622395824579	88.55915483481758
11.349622395824579	89.53595483481762
11.449622395824578	90.51275483481764
11.549622395824578	91.48955483481764
11.649622395824577	92.46635483481765
11.749622395824577	93.44315483481762
11.849622395824577	94.41995483481769
11.905	94.96088327240324
1000011.905	94.96088327240324
