-100000	0
1.0999999999912689	0
1.1033333333246023	0.024741397172494628
1.1083333333246022	0.061853493032825974
1.1158333333246022	0.11752163682224032
1.1270833333246022	0.20102385250392393
1.1439583333246022	0.32627717602096035
1.1692708333246022	0.5141571612841704
1.2072395833246023	0.7959771391512068
1.2641927083246023	1.2187071058892573
1.3496223958246023	1.8528020558557066
1.4496223958246024	2.595043972383029
1.5496223958246025	3.3372858886791263
1.6496223958246026	4.079527804743994
1.7496223958246027	4.821769720577636
1.8496223958246027	5.564011636180049
1.9496223958246028	6.306253551551237
2.0496223958246027	7.0484954666911905
2.149622395824603	7.790737381599927
2.249622395824603	8.532979296277434
2.349622395824603	9.275221210723709
2.449622395824603	10.017463124938756
2.549622395824603	10.759705038922586
2.6496223958246032	11.501946952675445
2.7496223958246033	12.244188866230475
2.8496223958246034	12.986430779685305
2.9496223958246035	13.72867269312495
3.0496223958246036	14.470914606564593
3.1496223958246037	15.213156520004231
3.2496223958246038	15.955398433443882
3.349622395824604	16.697640346883528
3.449622395824604	17.439882260323163
3.549622395824604	18.182124173762816
3.649622395824604	18.924366087202458
3.749622395824604	19.666608000642103
3.8496223958246043	20.408849914081753
3.9496223958246044	21.1510918275214
4.0496223958246045	21.893333740961044
4.149622395824604	22.6355756544007
4.249622395824604	23.377817567840324
4.349622395824603	24.12005948127996
4.449622395824603	24.862301394719612
4.549622395824603	25.604543308159254
4.649622395824602	26.346785221598882
4.749622395824602	27.089027135038403
4.849622395824602	27.831269048477704
4.949622395824601	28.573510961916963
5.049622395824601	29.315752875356402
5.149622395824601	30.05799478879598
5.2496223958246	30.800236702235626
5.3496223958246	31.542478615675346
5.4496223958245995	32.284720529115106
5.549622395824599	33.02696244255488
5.649622395824599	33.76920435599471
5.749622395824598	34.51144626943452
5.849622395824598	35.253688182874356
5.949622395824598	35.99593009631416
6.049622395824597	36.73817200975396
6.149622395824597	37.48041392319372
6.249622395824597	38.22265583663343
6.349622395824596	39.050798540971556
6.449622395824596	40.027598540971674
6.549622395824596	41.004398540971984
6.649622395824595	41.981198540972414
6.749622395824595	42.957998540972824
6.8496223958245945	43.9347985409732
6.949622395824594	44.911598540973635
7.049622395824594	45.88839854097402
7.1496223958245935	46.86519854097442
7.249622395824593	47.84199854097479
7.349622395824593	48.81879854097517
7.449622395824592	49.79559854097551
7.549622395824592	50.772398540975836
7.649622395824592	51.74919854097622
7.749622395824591	52.7259985409765
7.849622395824591	53.70279854097687
7.949622395824591	54.67959854097716
8.04962239582459	55.65639854097743
8.14962239582459	56.63319854097773
8.24962239582459	57.609998540978005
8.34962239582459	58.58679854097826
8.449622395824589	59.563598540978525
8.549622395824588	60.54039854097872
8.649622395824588	61.51719854097899
8.749622395824588	62.49399854097922
8.849622395824587	63.470798540979445
8.949622395824587	64.44759854097963
9.049622395824587	65.42439854097984
9.149622395824586	66.40119854097999
9.249622395824586	67.37799854098019
9.349622395824586	68.35479854098035
9.449622395824585	69.33159854098052
9.549622395824585	70.30839854098066
9.649622395824585	71.28519854098077
9.749622395824584	72.26199854098091
9.849622395824584	73.23879854098107
9.949622395824584	74.21559854098115
10.049622395824583	75.19239854098124
10.149622395824583	76.16919854098133
10.249622395824582	77.14599854098138
10.349622395824582	78.12279854098146
10.449622395824582	79.09959854098157
10.549622395824581	80.07639854098163
10.649622395824581	81.0531985409816
10.74962239582458	82.02999854098167
10.84962239582458	83.00679854098169
10.94962239582458	83.98359854098167
11.04962239582458	84.96039854098177
11.14962239582458	85.93719854098175
11.249622395824579	86.91399854098174
11.349622395824579	87.89079854098179
11.449622395824578	88.86759854098173
11.549622395824578	89.84439854098177
11.649622395824577	90.82119854098177
11.749622395824577	91.79799854098184
11.849622395824577	92.7747985409818
11.905	93.31572697856731
1000011.905	93.31572697856731
