-100000	0
1.0999999999912689	0
1.1033333333246023	0.02053356733585631
1.1083333333246022	0.051333918423202354
1.1158333333246022	0.09753444505313798
1.1270833333246022	0.16683523499560232
1.1439583333246022	0.2707864199038119
1.1692708333246022	0.42671319725378065
1.2072395833246023	0.6606033632509554
1.2641927083246023	1.0114386121842138
1.3496223958246023	1.5376914854434727
1.4496223958246024	2.153698506511078
1.5496223958246025	2.769705527347457
1.6496223958246026	3.3857125479526062
1.7496223958246027	4.00171956832653
1.8496223958246027	4.617726588469225
1.9496223958246028	5.233733608380697
2.0496223958246027	5.849740628060937
2.149622395824603	6.465747647509946
2.249622395824603	7.081754666727733
2.349622395824603	7.697761685714294
2.449622395824603	8.313768704469627
2.549622395824603	8.929775722993732
2.6496223958246032	9.545782741286615
2.7496223958246033	10.16178975934826
2.8496223958246034	10.777796777178688
2.9496223958246035	11.393803794777881
3.0496223958246036	12.009810812145847
3.1496223958246037	12.625817829282592
3.2496223958246038	13.241824846188106
3.349622395824604	13.857831862862396
3.449622395824604	14.473838879305452
3.549622395824604	15.08984589551886
3.649622395824604	15.705852911551016
3.749622395824604	16.321888470972436
3.8496223958246043	16.937967525642183
3.9496223958246044	17.554046580312058
4.0496223958246045	18.170125634982078
4.149622395824604	18.78620468965221
4.249622395824604	19.402283744322386
4.349622395824603	20.01836279899257
4.449622395824603	20.63444185366276
4.549622395824603	21.250520908332938
4.649622395824602	21.86659996300312
4.749622395824602	22.482679017673288
4.849622395824602	23.098758072343436
4.949622395824601	23.714837127013574
5.049622395824601	24.33091618168371
5.149622395824601	24.946995236353807
5.2496223958246	25.563074291023884
5.3496223958246	26.17915334569396
5.4496223958245995	26.795232400364007
5.549622395824599	27.411311455034003
5.649622395824599	28.027390509704
5.749622395824598	28.64346956437397
5.849622395824598	29.259548619043887
5.949622395824598	29.875627673713748
6.049622395824597	30.491706728383598
6.149622395824597	31.107785783053405
6.249622395824597	31.72386483772316
6.349622395824596	32.44223791461275
6.449622395824596	33.337637914612756
6.549622395824596	34.23303791461277
6.649622395824595	35.128437914612746
6.749622395824595	36.02383791461274
6.8496223958245945	36.919237914612765
6.949622395824594	37.81463791461281
7.049622395824594	38.710037914612805
7.1496223958245935	39.6054379146128
7.249622395824593	40.500837914612816
7.349622395824593	41.396237914612804
7.449622395824592	42.29163791461281
7.549622395824592	43.187037914612844
7.649622395824592	44.082437914612846
7.749622395824591	44.97783791461284
7.849622395824591	45.873237914612886
7.949622395824591	46.768637914612896
8.04962239582459	47.66403791461286
8.14962239582459	48.55943791461288
8.24962239582459	49.454837914612874
8.34962239582459	50.350237914612904
8.449622395824589	51.24563791461292
8.549622395824588	52.14103791461293
8.649622395824588	53.03643791461294
8.749622395824588	53.93183791461292
8.849622395824587	54.82723791461294
8.949622395824587	55.72263791461293
9.049622395824587	56.618037914613
9.149622395824586	57.513437914612986
9.249622395824586	58.40883791461295
9.349622395824586	59.304237914613005
9.449622395824585	60.199637914612985
9.549622395824585	61.09503791461297
9.649622395824585	61.990437914613
9.749622395824584	62.88583791461299
9.849622395824584	63.78123791461301
9.949622395824584	64.67663791461302
10.049622395824583	65.572037914613
10.149622395824583	66.46743791461303
10.249622395824582	67.36283791461305
10.349622395824582	68.25823791461302
10.449622395824582	69.15363791461307
10.549622395824581	70.04903791461304
10.649622395824581	70.94443791461305
10.74962239582458	71.8398379146131
10.84962239582458	72.73523791461307
10.94962239582458	73.6306379146131
11.04962239582458	74.5260379146131
11.14962239582458	75.42143791461312
11.249622395824579	76.31683791461313
11.349622395824579	77.21223791461311
11.449622395824578	78.10763791461318
11.549622395824578	79.00303791461317
11.649622395824577	79.89843791461314
11.749622395824577	80.79383791461318
11.849622395824577	81.68923791461316
11.905	82.18508898239986
1000011.905	82.18508898239986
