-100000	0
1.0999999999912689	0
1.1033333333246023	0.019481609876697028
1.1083333333246022	0.0487040247707962
1.1158333333246022	0.09253764711086238
1.1270833333246022	0.15828808061852215
1.1439583333246022	0.25691373087452474
1.1692708333246022	0.40485220624618307
1.2072395833246023	0.6267599192758921
1.2641927083246023	0.9596214887579539
1.3496223958246023	1.4589138428404158
1.4496223958246024	2.043362140043091
1.5496223958246025	2.6278104370145408
1.6496223958246026	3.212258733754761
1.7496223958246027	3.7967070302637564
1.8496223958246027	4.3811553265415215
1.9496223958246028	4.965603622588062
2.0496223958246027	5.550051918403373
2.149622395824603	6.134500213987454
2.249622395824603	6.718948509340312
2.349622395824603	7.303396804461946
2.449622395824603	7.887845099352347
2.549622395824603	8.472293394011524
2.6496223958246032	9.056741688439471
2.7496223958246033	9.641189982636192
2.8496223958246034	10.225638276601686
2.9496223958246035	10.810086570335951
3.0496223958246036	11.394534863838988
3.1496223958246037	11.978983157110797
3.2496223958246038	12.563431450151395
3.349622395824604	13.147879742961157
3.449622395824604	13.732328035563917
3.549622395824604	14.31677632801927
3.649622395824604	14.901224620389819
3.749622395824604	15.492769960441377
3.8496223958246043	16.095129960441515
3.9496223958246044	16.697489960441786
4.0496223958246045	17.299849960442216
4.149622395824604	17.90220996044273
4.249622395824604	18.504569960443206
4.349622395824603	19.106929960443672
4.449622395824603	19.709289960444092
4.549622395824603	20.311649960444477
4.649622395824602	20.914009960444847
4.749622395824602	21.516369960445193
4.849622395824602	22.118729960445496
4.949622395824601	22.721089960445774
5.049622395824601	23.323449960446048
5.149622395824601	23.92580996044626
5.2496223958246	24.528169960446466
5.3496223958246	25.130529960446655
5.4496223958245995	25.732889960446805
5.549622395824599	26.33524996044694
5.649622395824599	26.937609960447038
5.749622395824598	27.539969960447124
5.849622395824598	28.14232996044717
5.949622395824598	28.744689960447218
6.049622395824597	29.347049960447233
6.149622395824597	29.949409960447245
6.249622395824597	30.551769960447267
6.349622395824596	31.249523977091187
6.449622395824596	32.112363977091185
6.549622395824596	32.97520397709117
6.649622395824595	33.838043977091196
6.749622395824595	34.700883977091216
6.8496223958245945	35.5637239770912
6.949622395824594	36.426563977091185
7.049622395824594	37.28940397709121
7.1496223958245935	38.15224397709125
7.249622395824593	39.01508397709124
7.349622395824593	39.87792397709123
7.449622395824592	40.74076397709124
7.549622395824592	41.60360397709129
7.649622395824592	42.46644397709128
7.749622395824591	43.329283977091265
7.849622395824591	44.192123977091256
7.949622395824591	45.05496397709132
8.04962239582459	45.91780397709131
8.14962239582459	46.78064397709131
8.24962239582459	47.643483977091286
8.34962239582459	48.50632397709126
8.449622395824589	49.36916397709131
8.549622395824588	50.23200397709134
8.649622395824588	51.09484397709138
8.749622395824588	51.95768397709136
8.849622395824587	52.82052397709137
8.949622395824587	53.68336397709137
9.049622395824587	54.54620397709136
9.149622395824586	55.40904397709136
9.249622395824586	56.27188397709141
9.349622395824586	57.1347239770914
9.449622395824585	57.99756397709142
9.549622395824585	58.86040397709142
9.649622395824585	59.72324397709141
9.749622395824584	60.58608397709145
9.849622395824584	61.44892397709145
9.949622395824584	62.31176397709146
10.049622395824583	63.17460397709145
10.149622395824583	64.03744397709148
10.249622395824582	64.90028397709145
10.349622395824582	65.76312397709145
10.449622395824582	66.62596397709147
10.549622395824581	67.4888039770915
10.649622395824581	68.3516439770915
10.74962239582458	69.2144839770915
10.84962239582458	70.07732397709155
10.94962239582458	70.94016397709147
11.04962239582458	71.80300397709148
11.14962239582458	72.66584397709154
11.249622395824579	73.52868397709159
11.349622395824579	74.39152397709155
11.449622395824578	75.25436397709156
11.549622395824578	76.11720397709158
11.649622395824577	76.98004397709157
11.749622395824577	77.84288397709156
11.849622395824577	78.70572397709164
11.905	79.1835440969588
1000011.905	79.1835440969588
