-100000	0
1.0999999999912689	0
1.1033333333246023	0.018429652417537513
1.1083333333246022	0.046074131118390226
1.1158333333246022	0.0875408491685865
1.1270833333246022	0.1497409262414422
1.1439583333246022	0.24304104184523787
1.1692708333246022	0.382991215238586
1.2072395833246023	0.5929164753008299
1.2641927083246023	0.9078043653316924
1.3496223958246023	1.3801362002373583
1.4496223958246024	1.9330257735751049
1.5496223958246025	2.4859153466816233
1.6496223958246026	3.038804919556915
1.7496223958246027	3.5916944922009817
1.8496223958246027	4.144584064613817
1.9496223958246028	4.697473636795428
2.0496223958246027	5.250363208745811
2.149622395824603	5.803252780464964
2.249622395824603	6.3561423519528955
2.349622395824603	6.909031923209595
2.449622395824603	7.461921494235067
2.549622395824603	8.014811065029317
2.6496223958246032	8.567700635592333
2.7496223958246033	9.120590205924131
2.8496223958246034	9.673479776024692
2.9496223958246035	10.226369345894032
3.0496223958246036	10.779258915543602
3.1496223958246037	11.332148485026567
3.2496223958246038	11.885038054405582
3.349622395824604	12.437927623742874
3.449622395824604	12.990817193077254
3.549622395824604	13.543706762411697
3.649622395824604	14.09659633174616
3.749622395824604	14.669087270934762
3.8496223958246043	15.271447270934905
3.9496223958246044	15.873807270935176
4.0496223958246045	16.476167270935594
4.149622395824604	17.078527270936096
4.249622395824604	17.68088727093657
4.349622395824603	18.283247270936986
4.449622395824603	18.88560727093737
4.549622395824603	19.487967270937727
4.649622395824602	20.09032727093803
4.749622395824602	20.692687270938293
4.849622395824602	21.295047270938536
4.949622395824601	21.89740727093873
5.049622395824601	22.499767270938882
5.149622395824601	23.102127270939025
5.2496223958246	23.70448727093913
5.3496223958246	24.306847270939198
5.4496223958245995	24.909207270939227
5.549622395824599	25.511567270939256
5.649622395824599	26.113927270939282
5.749622395824598	26.71628727093929
5.849622395824598	27.31864727093929
5.949622395824598	27.92100727093931
6.049622395824597	28.5233672709393
6.149622395824597	29.12572727093929
6.249622395824597	29.728087270939294
6.349622395824596	30.41391703550273
6.449622395824596	31.244197035502754
6.549622395824596	32.07447703550275
6.649622395824595	32.90475703550277
6.749622395824595	33.73503703550278
6.8496223958245945	34.565317035502794
6.949622395824594	35.39559703550276
7.049622395824594	36.22587703550278
7.1496223958245935	37.05615703550279
7.249622395824593	37.88643703550278
7.349622395824593	38.716717035502796
7.449622395824592	39.546997035502805
7.549622395824592	40.377277035502864
7.649622395824592	41.207557035502816
7.749622395824591	42.03783703550282
7.849622395824591	42.86811703550285
7.949622395824591	43.69839703550281
8.04962239582459	44.528677035502874
8.14962239582459	45.35895703550286
8.24962239582459	46.18923703550289
8.34962239582459	47.01951703550287
8.449622395824589	47.84979703550291
8.549622395824588	48.680077035502926
8.649622395824588	49.5103570355029
8.749622395824588	50.3406370355029
8.849622395824587	51.17091703550292
8.949622395824587	52.001197035502976
9.049622395824587	52.83147703550296
9.149622395824586	53.66175703550294
9.249622395824586	54.492037035502946
9.349622395824586	55.32231703550296
9.449622395824585	56.15259703550295
9.549622395824585	56.982877035502995
9.649622395824585	57.81315703550298
9.749622395824584	58.64343703550297
9.849622395824584	59.473717035502965
9.949622395824584	60.30399703550296
10.049622395824583	61.134277035503025
10.149622395824583	61.964557035503034
10.249622395824582	62.794837035503
10.349622395824582	63.62511703550306
10.449622395824582	64.45539703550307
10.549622395824581	65.28567703550306
10.649622395824581	66.11595703550307
10.74962239582458	66.94623703550307
10.84962239582458	67.77651703550306
10.94962239582458	68.60679703550308
11.04962239582458	69.43707703550314
11.14962239582458	70.26735703550312
11.249622395824579	71.09763703550311
11.349622395824579	71.92791703550309
11.449622395824578	72.75819703550312
11.549622395824578	73.58847703550312
11.649622395824577	74.41875703550315
11.749622395824577	75.24903703550314
11.849622395824577	76.07931703550314
11.905	76.53910620745089
1000011.905	76.53910620745089
