-100000	0
1.0999999999912689	0
1.1033333333246023	0.01737769495837798
1.1083333333246022	0.04344423746598422
1.1158333333246022	0.08254405122631082
1.1270833333246022	0.14119377186436186
1.1439583333246022	0.22916835281595052
1.1692708333246022	0.36113022423098845
1.2072395833246023	0.5590730313257669
1.2641927083246023	0.8559872419054312
1.3496223958246023	1.3013585576342999
1.4496223958246024	1.822689407107116
1.5496223958246025	2.344020256348706
1.6496223958246026	2.865351105359066
1.7496223958246027	3.3866819541382016
1.8496223958246027	3.9080128026861085
1.9496223958246028	4.429343651002788
2.0496223958246027	4.950674499088242
2.149622395824603	5.4720053469424705
2.249622395824603	5.993336194565466
2.349622395824603	6.514667041957239
2.449622395824603	7.035997889117782
2.549622395824603	7.557328736047101
2.6496223958246032	8.078659582749154
2.7496223958246033	8.599990429265526
2.8496223958246034	9.12132127565855
2.9496223958246035	9.642652121990782
3.0496223958246036	10.16398296831335
3.1496223958246037	10.68531381463578
3.2496223958246038	11.206644660958142
3.349622395824604	11.727975507280513
3.449622395824604	12.249306353602947
3.549622395824604	12.770637199925575
3.649622395824604	13.291968046248627
3.749622395824604	13.845404584574279
3.8496223958246043	14.447764584574411
3.9496223958246044	15.050124584574691
4.0496223958246045	15.652484584575124
4.149622395824604	16.25484458457561
4.249622395824604	16.85720458457604
4.349622395824603	17.4595645845764
4.449622395824603	18.061924584576698
4.549622395824603	18.664284584576926
4.649622395824602	19.266644584577094
4.749622395824602	19.86900458457724
4.849622395824602	20.471364584577334
4.949622395824601	21.073724584577388
5.049622395824601	21.67608458457743
5.149622395824601	22.278444584577432
5.2496223958246	22.880804584577444
5.3496223958246	23.483164584577455
5.4496223958245995	24.085524584577463
5.549622395824599	24.687884584577464
5.649622395824599	25.29024458457747
5.749622395824598	25.892604584577487
5.849622395824598	26.494964584577477
5.949622395824598	27.097324584577496
6.049622395824597	27.699684584577493
6.149622395824597	28.302044584577505
6.249622395824597	28.90440458457752
6.349622395824596	29.578310097060438
6.449622395824596	30.376030097060475
6.549622395824596	31.173750097060452
6.649622395824595	31.97147009706048
6.749622395824595	32.769190097060466
6.8496223958245945	33.566910097060486
6.949622395824594	34.364630097060456
7.049622395824594	35.16235009706048
7.1496223958245935	35.960070097060466
7.249622395824593	36.75779009706049
7.349622395824593	37.555510097060505
7.449622395824592	38.353230097060546
7.549622395824592	39.1509500970605
7.649622395824592	39.94867009706053
7.749622395824591	40.746390097060576
7.849622395824591	41.54411009706057
7.949622395824591	42.34183009706059
8.04962239582459	43.139550097060535
8.14962239582459	43.93727009706055
8.24962239582459	44.73499009706057
8.34962239582459	45.53271009706057
8.449622395824589	46.33043009706057
8.549622395824588	47.128150097060605
8.649622395824588	47.92587009706059
8.749622395824588	48.72359009706059
8.849622395824587	49.521310097060635
8.949622395824587	50.3190300970606
9.049622395824587	51.11675009706062
9.149622395824586	51.914470097060615
9.249622395824586	52.71219009706065
9.349622395824586	53.50991009706064
9.449622395824585	54.30763009706069
9.549622395824585	55.10535009706066
9.649622395824585	55.90307009706064
9.749622395824584	56.70079009706067
9.849622395824584	57.49851009706069
9.949622395824584	58.2962300970607
10.049622395824583	59.093950097060706
10.149622395824583	59.89167009706068
10.249622395824582	60.689390097060695
10.349622395824582	61.48711009706074
10.449622395824582	62.28483009706072
10.549622395824581	63.08255009706074
10.649622395824581	63.88027009706072
10.74962239582458	64.67799009706071
10.84962239582458	65.47571009706074
10.94962239582458	66.27343009706078
11.04962239582458	67.07115009706075
11.14962239582458	67.86887009706075
11.249622395824579	68.66659009706078
11.349622395824579	69.46431009706077
11.449622395824578	70.26203009706079
11.549622395824578	71.05975009706079
11.649622395824577	71.8574700970608
11.749622395824577	72.6551900970608
11.849622395824577	73.45291009706084
11.905	73.894668321089
1000011.905	73.894668321089
