-100000	0
1.0999999999912689	0
1.1033333333246023	0.016325737501622365
1.1083333333246022	0.040814343815982194
1.1158333333246022	0.07754725328643916
1.1270833333246022	0.13264661748968534
1.1439583333246022	0.21529566378906745
1.1692708333246022	0.33926923322579516
1.2072395833246023	0.525229587353108
1.2641927083246023	0.8041701184815746
1.3496223958246023	1.222580915033646
1.4496223958246024	1.7123530406415333
1.5496223958246025	2.202125166018193
1.6496223958246026	2.6918972911636256
1.7496223958246027	3.1816694160778303
1.8496223958246027	3.6714415407608074
1.9496223958246028	4.161213665212561
2.0496223958246027	4.6509857894330855
2.149622395824603	5.140757913422382
2.249622395824603	5.630530037181208
2.349622395824603	6.12030216073701
2.449622395824603	6.610074284150341
2.549622395824603	7.099846407483804
2.6496223958246032	7.58961853079605
2.7496223958246033	8.079390654108092
2.8496223958246034	8.569162777420138
2.9496223958246035	9.058934900732217
3.0496223958246036	9.548707024044313
3.1496223958246037	10.038479147356455
3.2496223958246038	10.528251270668633
3.349622395824604	11.018023393980851
3.449622395824604	11.50779551729308
3.549622395824604	11.997567640605288
3.649622395824604	12.487339763917442
3.749622395824604	13.02172190138027
3.8496223958246043	13.624081901380405
3.9496223958246044	14.226441901380683
4.0496223958246045	14.8288019013811
4.149622395824604	15.431161901381534
4.249622395824604	16.03352190138177
4.349622395824603	16.63588190138192
4.449622395824603	17.238241901382008
4.549622395824603	17.840601901382065
4.649622395824602	18.44296190138208
4.749622395824602	19.045321901382078
4.849622395824602	19.647681901382086
4.949622395824601	20.25004190138209
5.049622395824601	20.85240190138211
5.149622395824601	21.454761901382103
5.2496223958246	22.057121901382107
5.3496223958246	22.659481901382115
5.4496223958245995	23.261841901382134
5.549622395824599	23.864201901382128
5.649622395824599	24.466561901382125
5.749622395824598	25.06892190138213
5.849622395824598	25.671281901382144
5.949622395824598	26.273641901382163
6.049622395824597	26.876001901382153
6.149622395824597	27.478361901382165
6.249622395824597	28.080721901382184
6.349622395824596	28.742703161784604
6.449622395824596	29.50786316178464
6.549622395824596	30.27302316178462
6.649622395824595	31.03818316178464
6.749622395824595	31.803343161784625
6.8496223958245945	32.56850316178466
6.949622395824594	33.33366316178466
7.049622395824594	34.09882316178467
7.1496223958245935	34.86398316178466
7.249622395824593	35.629143161784675
7.349622395824593	36.394303161784684
7.449622395824592	37.15946316178468
7.549622395824592	37.92462316178468
7.649622395824592	38.68978316178471
7.749622395824591	39.45494316178469
7.849622395824591	40.22010316178473
7.949622395824591	40.98526316178472
8.04962239582459	41.750423161784724
8.14962239582459	42.515583161784726
8.24962239582459	43.28074316178476
8.34962239582459	44.04590316178478
8.449622395824589	44.811063161784745
8.549622395824588	45.57622316178477
8.649622395824588	46.341383161784755
8.749622395824588	47.10654316178479
8.849622395824587	47.871703161784765
8.949622395824587	48.6368631617848
9.049622395824587	49.40202316178476
9.149622395824586	50.167183161784806
9.249622395824586	50.932343161784786
9.349622395824586	51.69750316178483
9.449622395824585	52.46266316178482
9.549622395824585	53.22782316178484
9.649622395824585	53.99298316178482
9.749622395824584	54.75814316178484
9.849622395824584	55.523303161784824
9.949622395824584	56.28846316178487
10.049622395824583	57.05362316178489
10.149622395824583	57.81878316178487
10.249622395824582	58.58394316178492
10.349622395824582	59.34910316178489
10.449622395824582	60.11426316178491
10.549622395824581	60.8794231617849
10.649622395824581	61.64458316178489
10.74962239582458	62.40974316178491
10.84962239582458	63.17490316178492
10.94962239582458	63.940063161784906
11.04962239582458	64.70522316178493
11.14962239582458	65.47038316178494
11.249622395824579	66.23554316178489
11.349622395824579	67.00070316178495
11.449622395824578	67.76586316178496
11.549622395824578	68.53102316178497
11.649622395824577	69.29618316178497
11.749622395824577	70.06134316178496
11.849622395824577	70.82650316178498
11.905	71.25023043789369
1000011.905	71.25023043789369
