-100000	0
1.0999999999912689	0
1.1033333333246023	0.015273780039979193
1.1083333333246022	0.03818445016109262
1.1158333333246022	0.07255045534167984
1.1270833333246022	0.12409946311012153
1.1439583333246022	0.20142297475729673
1.1692708333246022	0.31740824221571423
1.2072395833246023	0.491386143375562
1.2641927083246023	0.7523529950528305
1.3496223958246023	1.1438032724281042
1.4496223958246024	1.602016674171062
1.5496223958246025	2.0602300756827936
1.6496223958246026	2.5184434769632964
1.7496223958246027	2.976656878012573
1.8496223958246027	3.434870278830636
1.9496223958246028	3.8930836794317276
2.0496223958246027	4.351297079871107
2.149622395824603	4.809510480211375
2.249622395824603	5.267723880514384
2.349622395824603	5.7259372808153
2.449622395824603	6.1841506811161855
2.549622395824603	6.642364081417049
2.6496223958246032	7.100577481717895
2.7496223958246033	7.558790882018727
2.8496223958246034	8.017004282319547
2.9496223958246035	8.475217682620363
3.0496223958246036	8.93343108292118
3.1496223958246037	9.391644483222011
3.2496223958246038	9.849857883522883
3.349622395824604	10.308071283823805
3.449622395824604	10.766284684124757
3.549622395824604	11.224498084425742
3.649622395824604	11.68271148472674
3.749622395824604	12.198039221327457
3.8496223958246043	12.80039922132758
3.9496223958246044	13.40275922132779
4.0496223958246045	14.00511922132804
4.149622395824604	14.607479221328301
4.249622395824604	15.209839221328558
4.349622395824603	15.812199221328783
4.449622395824603	16.414559221328993
4.549622395824603	17.016919221329168
4.649622395824602	17.61927922132934
4.749622395824602	18.221639221329497
4.849622395824602	18.82399922132963
4.949622395824601	19.426359221329744
5.049622395824601	20.02871922132984
5.149622395824601	20.631079221329923
5.2496223958246	21.233439221329995
5.3496223958246	21.83579922133006
5.4496223958245995	22.43815922133011
5.549622395824599	23.04051922133016
5.649622395824599	23.642879221330183
5.749622395824598	24.245239221330216
5.849622395824598	24.84759922133023
5.949622395824598	25.449959221330236
6.049622395824597	26.052319221330247
6.149622395824597	26.654679221330273
6.249622395824597	27.25703922133027
6.349622395824596	27.90709622965223
6.449622395824596	28.639696229652248
6.549622395824596	29.372296229652257
6.649622395824595	30.104896229652237
6.749622395824595	30.837496229652263
6.8496223958245945	31.570096229652265
6.949622395824594	32.30269622965229
7.049622395824594	33.03529622965227
7.1496223958245935	33.76789622965226
7.249622395824593	34.50049622965227
7.349622395824593	35.23309622965232
7.449622395824592	35.965696229652295
7.549622395824592	36.69829622965233
7.649622395824592	37.430896229652326
7.749622395824591	38.16349622965232
7.849622395824591	38.89609622965233
7.949622395824591	39.62869622965238
8.04962239582459	40.36129622965235
8.14962239582459	41.093896229652366
8.24962239582459	41.82649622965236
8.34962239582459	42.559096229652354
8.449622395824589	43.29169622965237
8.549622395824588	44.02429622965239
8.649622395824588	44.75689622965241
8.749622395824588	45.489496229652396
8.849622395824587	46.22209622965243
8.949622395824587	46.95469622965242
9.049622395824587	47.68729622965244
9.149622395824586	48.419896229652416
9.249622395824586	49.15249622965244
9.349622395824586	49.88509622965245
9.449622395824585	50.617696229652466
9.549622395824585	51.35029622965244
9.649622395824585	52.082896229652455
9.749622395824584	52.81549622965245
9.849622395824584	53.548096229652465
9.949622395824584	54.28069622965246
10.049622395824583	55.013296229652525
10.149622395824583	55.74589622965251
10.249622395824582	56.47849622965248
10.349622395824582	57.211096229652505
10.449622395824582	57.94369622965251
10.549622395824581	58.67629622965249
10.649622395824581	59.4088962296525
10.74962239582458	60.14149622965253
10.84962239582458	60.874096229652544
10.94962239582458	61.60669622965254
11.04962239582458	62.339296229652525
11.14962239582458	63.07189622965258
11.249622395824579	63.80449622965256
11.349622395824579	64.53709622965256
11.449622395824578	65.2696962296526
11.549622395824578	66.00229622965259
11.649622395824577	66.7348962296526
11.749622395824577	67.46749622965261
11.849622395824577	68.2000962296526
11.905	68.60579255784175
1000011.905	68.60579255784175
