-179769313486231570000000000000000000000000000000000000000000000000000000000000000000000000000000000000000000000000000000000000000000000000000000000000000000000000000000000000000000000000000000000000000000000000000000000000000000000000000000000000000000000000000000000000000000000000000000000000000000000000000	0
0	0
0.0033333333333338544	0.02730000000000438
0.006666666666667709	0.05460000000000876
0.01166666666666849	0.09555000000001533
0.019166666666668775	0.1569750000000179
0.0304166666666692	0.24911250000002177
0.04729166666666984	0.3873187500000276
0.07260416666666991	0.594628125000029
0.11057291666666913	0.9055921875000239
0.16752604166666885	1.3720382812500236
0.2529557291666684	2.071707421875023
0.35295572916666806	2.8907074218750233
0.4529557291666677	3.7097074218750237
0.5529557291666674	4.5287074218750245
0.652955729166667	5.347707421875025
0.7529557291666666	6.166707421875026
0.8529557291666663	6.985707421875027
0.9529557291666659	7.804707421875028
1.0529557291666656	8.623707421875029
1.1529557291666652	9.44270742187503
1.2529557291666649	10.26170742187503
1.3529557291666645	11.080707421875031
1.4529557291666642	11.899707421875032
1.5	12.670292578125077
179769313486231570000000000000000000000000000000000000000000000000000000000000000000000000000000000000000000000000000000000000000000000000000000000000000000000000000000000000000000000000000000000000000000000000000000000000000000000000000000000000000000000000000000000000000000000000000000000000000000000000000	12.670292578125077
