-100003.37430908204	0
0.8680540185790404	0
0.8713873519123734	0.000000016072318917302412
0.8763873519123733	0.00000026094844280719696
0.8838873519123736	0.0000018221859288982116
0.895137351912374	0.000009199788240831958
0.9120123519123737	0.000039525139521159666
0.9373248519123738	0.00015520394183089206
0.9752936019123739	0.0005797125553898976
1.0322467269123736	0.0020959992142912057
1.1176764144123732	0.007488310724433662
1.2176764144123728	0.021121774419604375
1.3176764144123725	0.04551347826205121
1.4176764144123721	0.0817120234357109
1.5176764144123718	0.12994725717119163
1.6176764144123714	0.19048446052201543
1.717676414412371	0.26343131417870785
1.8176764144123707	0.34917465824626615
1.9176764144123704	0.447490081839205
2.01767641441237	0.5577854711044586
2.1176764144123696	0.6811909421275409
2.2176764144123693	0.8165404585439625
2.317676414412369	0.9639103825194836
2.4176764144123686	1.1232010318492447
2.5176764144123682	1.2939300553470916
2.617676414412368	1.4756095354580843
2.7176764144123675	1.6679852794558456
2.817676414412367	1.870801670246217
2.917676414412367	2.083581879810508
2.9386909179687484	2.1313307488665485
1000002.9386909179	2.1313307488665485
