-100006.31299902344	0
0.000000976562500198952	0
0.003334309895833165	0.002706572493838259
0.008334309895833059	0.0067879174908036894
0.015834309895833343	0.01295822312053653
0.02708430989583377	0.022322073679359292
0.04395930989583352	0.03661084857543921
0.06927180989583359	0.0585874611936172
0.1072405598958337	0.09275920964217009
0.1641936848958334	0.14668159444905118
0.249623372395833	0.2334389953438588
0.34962337239583263	0.34366924338791693
0.4496233723958323	0.4628751556937741
0.5496233723958319	0.5907142872956409
0.6496233723958316	0.7267892448706137
0.7496233723958312	0.8707153847465396
0.8496233723958309	1.0221635439284866
0.9496233723958305	1.1807611059431178
1.0496233723958301	1.346229232795315
1.1496233723958298	1.5182530346191083
1.2496233723958294	1.6965536988903802
1.349623372395829	1.8808414655233094
1.4496233723958287	2.070855133891168
1.5496233723958284	2.2663396157923437
1.649623372395828	2.4670804222033165
1.7496233723958277	2.6727880120263157
1.8496233723958273	2.883258235322692
1.949623372395827	3.098264237942367
2.0496233723958266	3.317642477818683
2.1496233723958262	3.5411492030951925
2.249623372395826	3.768613184987273
2.3496233723958255	3.999830879972721
2.449623372395825	4.234611674464601
2.549623372395825	4.472780507691973
2.6496233723958245	4.714194609994871
2.749623372395824	4.958690248740985
2.8496233723958238	5.206123048765252
2.9496233723958234	5.456332902781899
3.049623372395823	5.709166199865536
3.1496233723958227	5.964498010679023
3.2496233723958223	6.222180450705582
3.3370009765625	6.449154152360419
1000003.3370009765	6.449154152360419
