-179769313486231570000000000000000000000000000000000000000000000000000000000000000000000000000000000000000000000000000000000000000000000000000000000000000000000000000000000000000000000000000000000000000000000000000000000000000000000000000000000000000000000000000000000000000000000000000000000000000000000000000	0
0.170971673033125	0
0.17430500636645796	0.000000025378233175661692
0.17763833969979093	0.00000020277058773734056
0.18263833969979082	0.0000010809199211932307
0.1901383396997911	0.000004771581655352694
0.20138833969979153	0.000019014216209498884
0.21826333969979128	0.00007107515090071909
0.24357583969979135	0.00025486428095567956
0.28154458969979146	0.0008880643535939429
0.3384977146997912	0.0030256161680446247
0.42392740219979075	0.0101008918188285
0.5239274021997904	0.025961919870532355
0.62392740219979	0.05010858194789472
0.7239274021997897	0.08225093993762955
0.8239274021997893	0.12211563932186123
0.923927402199789	0.16944398874297378
1.0239274021997886	0.223990364405139
1.1239274021997883	0.28552092718648453
1.223927402199788	0.3538125755432375
1.3239274021997876	0.428652049972618
1.4239274021997872	0.5098352430535564
1.5239274021997868	0.5971665135311462
1.6239274021997865	0.6904581794763025
1.7239274021997861	0.789530037585879
1.8239274021997858	0.8942089046831382
1.9239274021997854	1.0043282196270182
2.023927402199785	1.1197277362077553
2.1239274021997847	1.240253191102145
2.2239274021997844	1.365756013500488
2.323927402199784	1.496093022661848
2.399990234375	1.7020142250526928
179769313486231570000000000000000000000000000000000000000000000000000000000000000000000000000000000000000000000000000000000000000000000000000000000000000000000000000000000000000000000000000000000000000000000000000000000000000000000000000000000000000000000000000000000000000000000000000000000000000000000000000	1.7020142250526928
