-179769313486231570000000000000000000000000000000000000000000000000000000000000000000000000000000000000000000000000000000000000000000000000000000000000000000000000000000000000000000000000000000000000000000000000000000000000000000000000000000000000000000000000000000000000000000000000000000000000000000000000000	0
0	0
0.0033333333333329662	0.00538295658197714
0.0066666666666659324	0.010774556524973729
0.011666666666665826	0.018878152009617975
0.01916666666666611	0.031069940388886344
0.030416666666666536	0.04943926416307062
0.04729166666666629	0.07717591459513884
0.07260416666666636	0.11918863863164253
0.11057291666666647	0.18311379712821074
0.16752604166666618	0.2810028020005302
0.25295572916666664	0.4322168601962819
0.3529557291666663	0.6156576729974611
0.45295572916666593	0.8057487990451622
0.5529557291666656	1.0021984899075702
0.6529557291666652	1.2047297548075468
0.7529557291666649	1.4130793053690498
0.8529557291666645	1.6269966654983563
0.9529557291666642	1.8462433364908584
1.0529557291666638	2.0705918357774284
1.1529557291666634	2.2998254040440336
1.252955729166663	2.5337374069509604
1.3529557291666627	2.772130277864664
1.4529557291666624	3.01481606451871
1.552955729166662	3.261614790129085
1.6529557291666617	3.5123553260720954
1.7529557291666613	3.7668740566758654
1.852955729166661	4.025015071388566
1.9529557291666606	4.286630052591604
2.0529557291666602	4.5515774331061545
2.15295572916666	4.819722617700123
2.2529557291666595	5.09093782373036
2.352955729166659	5.365101693524027
2.399990234375	5.625288226623563
179769313486231570000000000000000000000000000000000000000000000000000000000000000000000000000000000000000000000000000000000000000000000000000000000000000000000000000000000000000000000000000000000000000000000000000000000000000000000000000000000000000000000000000000000000000000000000000000000000000000000000000	5.625288226623563
