-179769313486231570000000000000000000000000000000000000000000000000000000000000000000000000000000000000000000000000000000000000000000000000000000000000000000000000000000000000000000000000000000000000000000000000000000000000000000000000000000000000000000000000000000000000000000000000000000000000000000000000000	0
0	0
0.0033333333333329662	0.00002072644309428863
0.0066666666666659324	0.00004426800699159939
0.011666666666665826	0.00008524417232001637
0.01916666666666611	0.0001606253865619114
0.030416666666666536	0.0003089030226805415
0.04729166666666629	0.000623448478004002
0.07260416666666636	0.0013453479125136425
0.11057291666666647	0.0031299710686300115
0.16752604166666618	0.007832748862791828
0.25295572916666664	0.020474279257299048
0.3529557291666663	0.043847333114238315
0.45295572916666593	0.07611699254358598
0.5529557291666656	0.11693592839724899
0.6529557291666652	0.16597808930151514
0.7529557291666649	0.2229362824822662
0.8529557291666645	0.2875202180224643
0.9529557291666642	0.35945484343853107
1.0529557291666638	0.4384790042376817
1.1529557291666634	0.5243443289937857
1.252955729166663	0.6168142449409649
1.3529557291666627	0.7156631522485044
1.4529557291666624	0.820675621868097
1.552955729166662	0.9316458401446128
1.6529557291666617	1.0483769392084061
1.7529557291666613	1.170680521372059
1.852955729166661	1.298376168523727
1.9529557291666606	1.431291027155688
2.0529557291666602	1.5692593739087233
2.15295572916666	1.7121222631186228
2.2529557291666595	1.8597272258856368
2.352955729166659	2.011927965252411
2.399990234375	2.15868924127777
179769313486231570000000000000000000000000000000000000000000000000000000000000000000000000000000000000000000000000000000000000000000000000000000000000000000000000000000000000000000000000000000000000000000000000000000000000000000000000000000000000000000000000000000000000000000000000000000000000000000000000000	2.15868924127777
