-100007.25	0
0	0
0.0033333333333329662	0.0012876935060456521
0.00833333333333286	0.00323906774215563
0.015833333333333144	0.006210646115640043
0.02708333333333357	0.010767840619176267
0.04395833333333332	0.017826900905095602
0.06927083333333339	0.02891468102754309
0.1072395833333335	0.046659168402496266
0.16419270833333321	0.07574066618352754
0.2496223958333328	0.12477872226581374
0.34962239583333243	0.1901102940944228
0.4496223958333321	0.263667754238166
0.5496223958333317	0.3450720342362304
0.6496223958333314	0.43400582447457287
0.749622395833331	0.5301601414612159
0.8496223958333307	0.6332118648831898
0.9496223958333303	0.7429320634559359
1.04962239583333	0.8590212855892161
1.1496223958333296	0.9812462252416851
1.2496223958333292	1.1093254728995632
1.3496223958333289	1.2430727783595887
1.4496223958333285	1.3822647262879506
1.5496223958333282	1.5266809384968067
1.6496223958333278	1.6760975616287228
1.7496223958333275	1.8304103149061517
1.849622395833327	1.9894072621811998
1.9496223958333267	2.1529326625454233
2.0496223958333264	2.3208403184503745
2.149622395833326	2.492972812508245
2.2496223958333257	2.6692525558240012
2.3496223958333253	2.849536668299425
2.399990234375	2.9418437056574973
1000002.3999902344	2.9418437056574973
