-100007.25	0
0	0
0.0033333333333329662	0.0026911840780608526
0.00833333333333286	0.0067464200860879835
0.015833333333333144	0.01287081798778518
0.02708333333333357	0.022150918645361537
0.04395833333333332	0.036281115534867306
0.06927083333333339	0.057946178911761785
0.1072395833333335	0.09149656782019393
0.16419270833333321	0.14415148135404907
0.2496223958333328	0.22819750247796738
0.34962239583333243	0.33404403266084315
0.4496223958333321	0.4475835479064887
0.5496223958333317	0.5684691937472445
0.6496223958333314	0.6964050156530843
0.749622395833331	0.8310521475386643
0.8496223958333307	0.9721322038836183
0.9496223958333303	1.119379483301273
1.04962239583333	1.2725187460496143
1.1496223958333296	1.4313365770775568
1.2496223958333292	1.595554622753903
1.3496223958333289	1.7650074785941838
1.4496223958333285	1.9394275073211724
1.5496223958333282	2.1186808860027777
1.6496223958333278	2.3025253551505815
1.7496223958333275	2.490840165639074
1.849622395833327	2.6834243095839723
1.9496223958333267	2.880152846054822
2.0496223958333264	3.0808868537266045
2.149622395833326	3.2854772352059776
2.2496223958333257	3.4938661078578326
2.3496223958333253	3.705889099357521
2.399990234375	3.8140478559120057
1000002.3999902344	3.8140478559120057
