-179769313486231570000000000000000000000000000000000000000000000000000000000000000000000000000000000000000000000000000000000000000000000000000000000000000000000000000000000000000000000000000000000000000000000000000000000000000000000000000000000000000000000000000000000000000000000000000000000000000000000000000	0
0.000000011328228891827041	0
0.0033333446615622254	0.0027554837819190386
0.006666677994895559	0.005743191656497253
0.011666677994895559	0.010504767164757296
0.01916667799489556	0.018118333570890453
0.030416677994895558	0.03035195055138002
0.04729167799489556	0.05012167727419057
0.07260417799489556	0.08226726263772546
0.11057292799489557	0.13485767144661565
0.1675260529948956	0.22140280295385212
0.2529557404948956	0.36459902351236406
0.35295574049489564	0.5483193803919684
0.4529557404948956	0.7462443020008455
0.5529557404948956	0.9562952551099615
0.6529557404948956	1.1770613059371975
0.7529557404948956	1.4075206698698823
0.8529557404948955	1.6469031455181389
0.9529557404948955	1.8946078707981044
1.0529557404948955	2.1501572441625325
1.1000000078661387	2.3966180890493662
179769313486231570000000000000000000000000000000000000000000000000000000000000000000000000000000000000000000000000000000000000000000000000000000000000000000000000000000000000000000000000000000000000000000000000000000000000000000000000000000000000000000000000000000000000000000000000000000000000000000000000000	2.3966180890493662
