-179769313486231570000000000000000000000000000000000000000000000000000000000000000000000000000000000000000000000000000000000000000000000000000000000000000000000000000000000000000000000000000000000000000000000000000000000000000000000000000000000000000000000000000000000000000000000000000000000000000000000000000	0
0.000000011840932428341944	0
0.0033333451742657617	0.0023043510972408526
0.006666678507599095	0.004844288847766056
0.011666678507599094	0.008941114901512618
0.019166678507599094	0.015570258347527413
0.030416678507599094	0.02634962183021413
0.04729167850759909	0.04397872727631231
0.0726041785075991	0.07298545867673385
0.11057292850759909	0.12099452678071254
0.16752605350759908	0.20089200198735885
0.2529557410075991	0.3345115731893786
0.3529557410075991	0.5075050044876442
0.45295574100759906	0.6951385730441431
0.552955741007599	0.895280961178681
0.652955741007599	1.1064876822119647
0.752955741007599	1.327714568888425
0.852955741007599	1.5581762795794871
0.9529557410075989	1.7972616715125467
1.052955741007599	2.0444861305973903
1.1000000078661387	2.2833462123281127
179769313486231570000000000000000000000000000000000000000000000000000000000000000000000000000000000000000000000000000000000000000000000000000000000000000000000000000000000000000000000000000000000000000000000000000000000000000000000000000000000000000000000000000000000000000000000000000000000000000000000000000	2.2833462123281127
