-179769313486231570000000000000000000000000000000000000000000000000000000000000000000000000000000000000000000000000000000000000000000000000000000000000000000000000000000000000000000000000000000000000000000000000000000000000000000000000000000000000000000000000000000000000000000000000000000000000000000000000000	0
0.000000007866138629353259	0
0.003333341199471963	0.01112183595715839
0.0066666745328052964	0.02248431632956116
0.011666674532805297	0.03982716719208809
0.019166674532805295	0.06634828123984701
0.030416674532805294	0.1070068932109186
0.04729167453280529	0.1695291582660557
0.0726041745328053	0.266006492260071
0.11057292453280529	0.4154499489058096
0.1675260495328053	0.6478911202001638
0.25295573703280533	1.0109876428468914
0.35295573703280536	1.4533555169245822
0.45295573703280534	1.9109952506967827
0.5529557370328053	2.3816518057642244
0.6529557370328053	2.863796778725381
0.7529557370328053	3.356325124969384
0.8529557370328053	3.858405724481581
0.9529557370328052	4.369392220287014
1.0529557370328053	4.888772036087846
1.1000000078661387	5.3838852599251075
179769313486231570000000000000000000000000000000000000000000000000000000000000000000000000000000000000000000000000000000000000000000000000000000000000000000000000000000000000000000000000000000000000000000000000000000000000000000000000000000000000000000000000000000000000000000000000000000000000000000000000000	5.3838852599251075
