-179769313486231570000000000000000000000000000000000000000000000000000000000000000000000000000000000000000000000000000000000000000000000000000000000000000000000000000000000000000000000000000000000000000000000000000000000000000000000000000000000000000000000000000000000000000000000000000000000000000000000000000	0
0.0000000004925069920172321	0
0.0033333338258403258	0.0071344541774763185
0.00666666715917366	0.014394806819737106
0.011666667159173659	0.025486168467160793
0.01916666715917366	0.042507661887934145
0.03041666715917366	0.06876422933974813
0.047291667159173656	0.10949508186863956
0.07260416715917366	0.17306446490496252
0.11057291715917367	0.27290908826088206
0.16752604215917366	0.43073764387142965
0.2529557296591737	0.6817756155726578
0.35295572965917366	0.992927542107056
0.45295572965917363	1.3193004858153503
0.5529557296591736	1.6585777847016123
0.6529557296591736	2.009171014614146
0.7529557296591736	2.3699370889054903
0.8529557296591735	2.7400344447332574
0.9529557296591735	3.1188415584368796
1.0529557296591736	3.5059100789822244
1.1000000078661387	3.8765006632065884
179769313486231570000000000000000000000000000000000000000000000000000000000000000000000000000000000000000000000000000000000000000000000000000000000000000000000000000000000000000000000000000000000000000000000000000000000000000000000000000000000000000000000000000000000000000000000000000000000000000000000000000	3.8765006632065884
