-179769313486231570000000000000000000000000000000000000000000000000000000000000000000000000000000000000000000000000000000000000000000000000000000000000000000000000000000000000000000000000000000000000000000000000000000000000000000000000000000000000000000000000000000000000000000000000000000000000000000000000000	0
0.0000000029202975121572633	0
0.0033333362536308456	0.006699556397853602
0.006666669586964179	0.01351251541028154
0.01166666958696418	0.0239161722626516
0.01916666958696418	0.039879954698504236
0.03041666958696418	0.06450823591658925
0.04729166958696418	0.10273380696930859
0.07260416958696418	0.16244953550841779
0.11057291958696419	0.25637502029411674
0.16752604458696418	0.40512996119625017
0.2529557320869642	0.6423034784225543
0.3529557320869642	0.9370175071790559
0.45295573208696416	1.2468436761923387
0.5529557320869641	1.5695366540479823
0.6529557320869641	1.903557678240717
0.7529557320869641	2.2478026794280836
0.8529557320869641	2.601463697752857
0.952955732086964	2.96395160990756
1.052955732086964	3.3348482128234678
1.1000000078661387	3.6903623847651152
179769313486231570000000000000000000000000000000000000000000000000000000000000000000000000000000000000000000000000000000000000000000000000000000000000000000000000000000000000000000000000000000000000000000000000000000000000000000000000000000000000000000000000000000000000000000000000000000000000000000000000000	3.6903623847651152
