-179769313486231570000000000000000000000000000000000000000000000000000000000000000000000000000000000000000000000000000000000000000000000000000000000000000000000000000000000000000000000000000000000000000000000000000000000000000000000000000000000000000000000000000000000000000000000000000000000000000000000000000	0
0.000000007866138629353259	0
0.003333341199471963	0.005752452689110673
0.0066666745328052964	0.011630882782493867
0.011666674532805297	0.02064760607186636
0.019166674532805295	0.03455136816901854
0.030416674532805294	0.0561157816208442
0.04729167453280529	0.08977410780385134
0.0726041745328053	0.14266284381169198
0.11057292453280529	0.22634825692534855
0.1675260495328053	0.3596844738796815
0.25295573703280533	0.5735406849469354
0.35295573703280536	0.8406386451411069
0.45295573703280534	1.122471338583054
0.5529557370328053	1.416748583169055
0.6529557370328053	1.7218687295102693
0.7529557370328053	2.0366461569201384
0.8529557370328053	2.360176023003556
0.9529557370328052	2.691754876303021
1.0529557370328053	3.030834095601751
1.1000000078661387	3.3555750277381646
179769313486231570000000000000000000000000000000000000000000000000000000000000000000000000000000000000000000000000000000000000000000000000000000000000000000000000000000000000000000000000000000000000000000000000000000000000000000000000000000000000000000000000000000000000000000000000000000000000000000000000000	3.3555750277381646
