-179769313486231570000000000000000000000000000000000000000000000000000000000000000000000000000000000000000000000000000000000000000000000000000000000000000000000000000000000000000000000000000000000000000000000000000000000000000000000000000000000000000000000000000000000000000000000000000000000000000000000000000	0
0.000000007866138629353259	0
0.003333341199471963	0.002782987909170966
0.0066666745328052964	0.005789042778549951
0.011666674532805297	0.010559155423493696
0.019166674532805295	0.018149062804192474
0.030416674532805294	0.030278910343398562
0.04729167453280529	0.04976835033998113
0.0726041745328053	0.08126930152115613
0.11057292453280529	0.13249738620793106
0.1675260495328053	0.21631123611912423
0.25295573703280533	0.35420780257140716
0.35295573703280536	0.530234074831374
0.45295573703280534	0.7190592615330003
0.5529557370328053	0.9187049149057936
0.6529557370328053	1.127815539186801
0.7529557370328053	1.3454142612471798
0.8529557370328053	1.5707831390541327
0.9529557370328052	1.8033978689884718
1.0529557370328053	2.042888763626775
1.1000000078661387	2.273563475749605
179769313486231570000000000000000000000000000000000000000000000000000000000000000000000000000000000000000000000000000000000000000000000000000000000000000000000000000000000000000000000000000000000000000000000000000000000000000000000000000000000000000000000000000000000000000000000000000000000000000000000000000	2.273563475749605
