-100000	0
0	0
0.0033333333333333335	0.00000000000000000000000000000009090389337507753
0.008333333333333333	0.00000000000000000000000000000003485933199340897
0.01583333333333333	0.0000000000000000000000000000000441037957264677
0.02708333333333333	0.00000000000000000000000000000001232595164407831
0.043958333333333335	0.00000000000000000000000000000001232595164407831
0.06927083333333334	0.0000000000000000000000000000000546964104205975
0.10723958333333333	0.00000000000000000000000000000006769643754521134
0.16419270833333333	0.00000000000000000000000000000018257815872790998
0.24962239583333334	0.00000000000000000000000000000011709654061874394
0.3496223958333333	0.00000000000000000000000000000006355568816477878
0.4496223958333333	0.0000000000000000000000000000003543711097672514
0.5496223958333333	0.000000000000000000000000000001787262988391355
0.6496223958333333	0
0.7496223958333332	0.00000000000000000000000000000022186712959340957
0.8496223958333332	0
0.9496223958333332	0.00000000000000000000000000000001232595164407831
1.0496223958333333	0.0000000000000000000000000000011093356479670479
1.1496223958333334	0.0000000000000000000000000000011216615996111262
1.2496223958333335	0.0000000000000000000000000000009860761315262648
1.3496223958333335	0.0000000000000000000000000000016085366895522194
1.4496223958333336	0.0000000000000000000000000000014791141972893971
1.5496223958333337	0.000000000000000000000000000003377310750477457
1.6000000000000003	0
1000001.6	0
