-100000	0
-0.0000000000000002220446049250313	0
0.0033333333333331115	0.002990192190329193
0.008333333333333111	0.007627039909022864
0.01583333333333311	0.014869858111306653
0.02708333333333311	0.02631621753163604
0.04395833333333311	0.0445302823313686
0.06927083333333311	0.07378829104315623
0.10723958333333311	0.12102568010270179
0.1641927083333331	0.19774829141070752
0.24962239583333312	0.3226681153984118
0.3496223958333331	0.4800047753937155
0.4496223958333331	0.6465789768093809
0.549622395833333	0.8203886433864344
0.649622395833333	1.0001065667495086
0.749622395833333	1.1846715028442314
0.849622395833333	1.3732910797342015
0.949622395833333	1.5652806246219326
1.049622395833333	1.760084727387933
1.1496223958333331	1.9572621352064064
1.2496223958333332	2.1573607018930456
1.3496223958333333	2.360654815683537
1.4496223958333334	2.5673575452685764
1.5496223958333335	2.777565366956225
1.6	2.8848498397839926
1000001.6	2.8848498397839926
