-100000	0
-0.0000000000000002220446049250313	0
0.0033333333333331115	0.000000000000000033607328260132594
0.008333333333333111	0.00000000000000008547675441883355
0.01583333333333311	0.00000000000000016629824394754986
0.02708333333333311	0.0000000000000005841227813890319
0.04395833333333311	0.0000000000000004884013931089078
0.06927083333333311	0.0000000000000007962320077147576
0.10723958333333311	0.00000000000000256211309667597
0.1641927083333331	0.000000000000004094963910286073
0.24962239583333312	0.000000000000009787954802880831
0.3496223958333331	0.00000000000002855327646582964
0.4496223958333331	0.00000000000001894249620885746
0.549622395833333	0.00000000000004748888997033788
0.649622395833333	0.00000000000003820319162300448
0.749622395833333	0.00000000000006728549225332637
0.849622395833333	0.000000000000051596097369007774
0.949622395833333	0.00000000000004380004329357079
1.049622395833333	0.00000000000006525157560273903
1.1	0.00000000000006871640103127986
1000001.1	0.00000000000006871640103127986
