-100000	0
-0.0000000000000002220446049250313	0
0.0033333333333331115	0.005053146952543878
0.008333333333333111	0.012849575915377475
0.01583333333333311	0.025014710681392098
0.02708333333333311	0.04394760577960718
0.04395833333333311	0.07360540565459886
0.06927083333333311	0.12018815578406301
0.10723958333333311	0.19378750752876744
0.1641927083333331	0.31045273351767966
0.24962239583333312	0.49590568919664696
0.3496223958333331	0.7248267985645568
0.4496223958333331	0.9632747936792669
0.549622395833333	1.2090411669571421
0.649622395833333	1.460533752836954
0.749622395833333	1.7165358431758724
0.849622395833333	1.976073789028235
0.949622395833333	2.2383064906623473
1.049622395833333	2.5025588434747656
1.1	2.6362644537523208
1000001.1	2.6362644537523208
