-100000	0
0.0000000000000006661338147750939	0
0.0033333333333339997	0.004639049958216884
0.008333333333334	0.011801454170911973
0.015833333333333997	0.023002231832918506
0.027083333333333997	0.04049625824138288
0.043958333333334	0.0680256409866017
0.069270833333334	0.11147299293312354
0.107239583333334	0.1805443534963051
0.164192708333334	0.290657049855851
0.249622395833334	0.4667592754427725
0.349622395833334	0.6853620182794868
0.44962239583333397	0.9140564020886175
0.5496223958333339	1.1505475775037788
0.6496223958333339	1.3932504568147368
0.7496223958333339	1.6408999200569945
0.8496223958333339	1.8925015727090575
0.9496223958333339	2.147141586934189
1.049622395833334	2.4041570829499097
1.100000000000001	2.534346284599593
1000001.1	2.534346284599593
