-100000	0
-0.0000000000000002220446049250313	0
0.0033333333333331115	0.012880654621947941
0.008333333333333111	0.032381419932628615
0.01583333333333311	0.06204085514067369
0.02708333333333311	0.10728948602238646
0.04395833333333311	0.17645035378048163
0.06927083333333311	0.28254348698140025
0.10723958333333311	0.4459329716694246
0.1641927083333331	0.6982889701642849
0.24962239583333312	1.0892284716419371
0.3496223958333331	1.5612810611542365
0.4496223958333331	2.0452391627132953
0.549622395833333	2.538632936890068
0.649622395833333	3.039655851376541
0.749622395833333	3.5469712643821976
0.849622395833333	4.059517048583867
0.949622395833333	4.576317770037687
1.049622395833333	5.096631758164907
1.1	5.359863923709475
1000001.1	5.359863923709475
