-100000	0
0.0000000000000004440892098500626	0
0.0033333333333337776	0.010584793696181469
0.008333333333333777	0.026618901363132757
0.015833333333333775	0.051024311716219156
0.027083333333333775	0.08839679381168176
0.04395833333333378	0.14573606781729723
0.06927083333333378	0.23428154877918844
0.10723958333333378	0.3716421384275386
0.16419270833333377	0.58585222676044
0.2496223958333338	0.9213139608715407
0.34962239583333377	1.330716365691062
0.44962239583333374	1.7543499769933786
0.5496223958333337	2.1894904377173603
0.6496223958333337	2.6341634805135854
0.7496223958333337	3.086872141677758
0.8496223958333337	3.5464417778228037
0.9496223958333336	4.011828719129988
1.0496223958333337	4.482225696622103
1.100000000000001	4.720863688617193
1000001.1	4.720863688617193
