-100000	0
0.0000000000000004440892098500626	0
0.0033333333333337776	0.007502788090305853
0.008333333333333777	0.018892746279848327
0.015833333333333775	0.03628120388580438
0.027083333333333775	0.06304221716301486
0.04395833333333378	0.10445904154631168
0.06927083333333378	0.16908679114163652
0.10723958333333378	0.27070755473981667
0.16419270833333377	0.431894395048402
0.2496223958333338	0.6891603327078965
0.34962239583333377	1.0090419550284877
0.44962239583333374	1.3451429120295153
0.5496223958333337	1.6946487833325734
0.6496223958333337	2.055436680231435
0.7496223958333337	2.4259414346590815
0.8496223958333337	2.8048673116847844
0.9496223958333336	3.1911688227635873
1.0496223958333337	3.5838859615806804
1.100000000000001	3.783913930797633
1000001.1	3.783913930797633
