-100000	0
-0.0000000000000006661338147750939	0
0.0033333333333326674	0.006308584741619505
0.008333333333332667	0.015897637613979828
0.015833333333332665	0.03056493710386878
0.027083333333332665	0.05320343560613487
0.04395833333333267	0.08842279269439075
0.06927083333333267	0.14367319707302703
0.10723958333333267	0.2312037345254114
0.16419270833333266	0.3713407072866191
0.24962239583333268	0.5972581603514001
0.34962239583333266	0.8808540263700386
0.44962239583333263	1.1811460422972473
0.5496223958333326	1.4953107333587876
0.6496223958333326	1.8212080141012774
0.7496223958333326	2.1572345348855295
0.8496223958333325	2.5020770473671785
0.9496223958333325	2.8546998145596825
1.0496223958333326	3.214118196266051
1.1	3.3974935412153813
1000001.1	3.3974935412153813
