-100000	0
-0.0000000000000006661338147750939	0
0.0033333333333326674	0.002835979749997809
0.008333333333332667	0.007186684650662812
0.015833333333332665	0.01393053494764266
0.027083333333332665	0.024536725537456682
0.04395833333333267	0.04152051154778227
0.06927083333333267	0.06902572002901614
0.10723958333333267	0.11449413107747235
0.16419270833333266	0.19076407395785944
0.24962239583333268	0.3201666932970456
0.34962239583333266	0.4902156951072976
0.44962239583333263	0.6767720027040602
0.5496223958333326	0.8771488069310389
0.6496223958333326	1.0893562256889742
0.7496223958333326	1.3118105120464185
0.8496223958333325	1.5432587644503297
0.9496223958333325	1.782694441910477
1.0496223958333326	2.0291507663884083
1.1	2.155707632217253
1000001.1	2.155707632217253
