-100000	0
0	0
0.0033333333333333335	0.0024778031994143438
0.008333333333333333	0.0063389727678117985
0.01583333333333333	0.012461181631329112
0.02708333333333333	0.022398332431920895
0.043958333333333335	0.03878171256203964
0.06927083333333334	0.06513016862415653
0.10723958333333333	0.10776484949089045
0.16419270833333333	0.17921967288973045
0.24962239583333334	0.29966217288053404
0.3496223958333333	0.4517641977638782
0.4496223958333333	0.6192741599758186
0.5496223958333333	0.7977497119460861
0.6496223958333333	0.9828533429187916
0.7496223958333332	1.1758881677424653
0.8496223958333332	1.3764662072780116
0.9496223958333332	1.578774001422287
1.0496223958333333	1.7877962621942223
1.100000000000001	1.8869672674728262
1000001.1	1.8869672674728262
