-100000	0
0	0
0.0033333333333333335	0.00000000000000001465592584906664
0.008333333333333333	0.00000000000000003723278963053614
0.01583333333333333	0.00000000000000007243227907043975
0.02708333333333333	0.00000000000000012823344920761874
0.043958333333333335	0
0.06927083333333334	0
0.10723958333333333	0
0.16419270833333333	0
0.24962239583333334	0.000000000000001754457564602372
0.3496223958333333	0.000000000000002715082944696127
0.4496223958333333	0.00000000000000755830285153872
0.5496223958333333	0.000000000000004929477094589283
0.6496223958333333	0.00000000000003076772773942536
0.7496223958333332	0.000000000000022324769934758164
0.8496223958333332	0.000000000000043926191311530644
0.9496223958333332	0.000000000000030534742903673206
1.0496223958333333	0.000000000000011614976290223559
1.100000000000001	0.00000000000002470748623399096
1000001.1	0.00000000000002470748623399096
