-179769313486231570000000000000000000000000000000000000000000000000000000000000000000000000000000000000000000000000000000000000000000000000000000000000000000000000000000000000000000000000000000000000000000000000000000000000000000000000000000000000000000000000000000000000000000000000000000000000000000000000000	0
0.0000000000000004440892098500626	0
0.0033333333333338544	0.002175042775216153
0.006666666666667265	0.004350729254420311
0.011666666666667158	0.0076154627701015346
0.01916666666666722	0.012515261973637063
0.030416666666667203	0.01987100092774604
0.047291666666667176	0.030918090281401786
0.07260416666666725	0.047518703183551066
0.11057291666666735	0.07248376792703948
0.1675260416666673	0.11007282232919331
0.2529557291666673	0.16675630294781876
0.3529557291666674	0.2335329931641423
0.4529557291666675	0.30073435261259335
0.5529557291666676	0.36832851672188893
0.6529557291666677	0.43628917544160584
0.7529557291666678	0.5045922266425404
0.8529557291666678	0.5732244475484011
0.9529557291666677	0.6421731506917645
1.0529557291666678	0.7114238503356282
1.1529557291666679	0.7809712292378599
1.252955729166668	0.8508085097242105
1.352955729166668	0.9209296966770387
1.4529557291666682	0.9913327606286519
1.5529557291666682	1.0620181244146019
1.6529557291666683	1.132984821374702
1.7529557291666684	1.2042344704808734
1.8529557291666685	1.2757711493390838
1.9529557291666686	1.3475976722450873
2.0529557291666687	1.4197185642542147
2.1529557291666688	1.4921400791723924
2.252955729166669	1.564867691101296
2.352955729166669	1.6379080468230478
2.452955729166669	1.7112687394017658
2.552955729166669	1.7849570500705263
2.652955729166669	1.8589810361102241
2.7529557291666693	1.9333490035743262
2.8529557291666694	2.0080693983938755
2.9529557291666695	2.083150988634328
3.052955729166669	2.158602608289952
3.1529557291666688	2.234433186193694
3.2529557291666684	2.3106517279229752
3.352955729166668	2.3872671176986895
3.4529557291666677	2.464288307245073
3.5529557291666674	2.5417241383394695
3.652955729166667	2.61958320905599
3.7529557291666666	2.6978740965891204
3.8529557291666663	2.7766051008755093
3.952955729166666	2.855784225355806
4.052955729166666	2.9354193151774415
4.152955729166665	3.0155177839411516
4.252955729166665	3.0960867217931165
4.3529557291666645	3.1771329690404895
4.452955729166664	3.258662721824737
4.552955729166664	3.34068183178682
4.6529557291666634	3.423195927138502
4.752955729166663	3.5062096768623388
4.852955729166663	3.589727354802765
4.952955729166662	3.6737531921031112
5.052955729166662	3.758290050983287
5.152955729166662	3.843340314722347
5.252955729166661	3.928906630362482
5.352955729166661	4.014989820182281
5.452955729166661	4.101590106352595
5.55295572916666	4.188708370915737
5.65295572916666	4.276343158834404
5.7529557291666595	4.364492302041235
5.852955729166659	4.453154757891355
5.952955729166659	4.542326607971128
6.0529557291666585	4.632003104114419
6.152955729166658	4.722181139733938
6.252955729166658	4.812854142898947
6.352955729166657	4.904014727486919
6.452955729166657	4.99565765148845
6.552955729166657	5.087773507775914
6.652955729166656	5.180352301112129
6.752955729166656	5.273386601552757
6.852955729166656	5.366864026459777
6.952955729166655	5.460772214877005
7.052955729166655	5.555101502231113
7.152955729166655	5.649836465800367
7.252955729166654	5.744962930027815
7.352955729166654	5.840468848522714
7.4529557291666535	5.936335897986459
7.552955729166653	6.0325490259465875
7.652955729166653	6.129093447384318
7.752955729166652	6.225948541421904
7.852955729166652	6.32309927816262
7.952955729166652	6.420527989357182
8.052955729166651	6.518213421249957
8.152955729166651	6.61614202793833
8.25295572916665	6.714292281033147
8.35295572916665	6.812646176558025
8.45295572916665	6.911189226925796
8.55	7.10285159575587
179769313486231570000000000000000000000000000000000000000000000000000000000000000000000000000000000000000000000000000000000000000000000000000000000000000000000000000000000000000000000000000000000000000000000000000000000000000000000000000000000000000000000000000000000000000000000000000000000000000000000000000	7.10285159575587
