-179769313486231570000000000000000000000000000000000000000000000000000000000000000000000000000000000000000000000000000000000000000000000000000000000000000000000000000000000000000000000000000000000000000000000000000000000000000000000000000000000000000000000000000000000000000000000000000000000000000000000000000	0
0	0
0.0033333333333334103	0.000000002791408639202633
0.006666666666666821	0.0000000223312691795906
0.011666666666666714	0.00000011968164582992818
0.019166666666666554	0.0000005306729538023534
0.030416666666666536	0.0000021211488370130383
0.04729166666666673	0.000008050022811739728
0.0726041666666668	0.000029724933734083388
0.11057291666666691	0.00010850765914904463
0.16752604166666707	0.00039541885736827054
0.2529557291666671	0.0014621885207352185
0.3529557291666672	0.004320228707978727
0.45295572916666726	0.009928515944168208
0.5529557291666674	0.019633958447060777
0.652955729166667	0.03502006154528298
0.7529557291666666	0.0571619718188602
0.8529557291666663	0.08685574581383824
0.9529557291666659	0.12493526634391292
1.0529557291666656	0.1722620122108205
1.1529557291666652	0.2297009575226991
1.2529557291666649	0.2980783499900107
1.3529557291666645	0.3781138879947069
1.4529557291666642	0.4703243751731674
1.5529557291666638	0.5748438561184057
1.6529557291666634	0.6913368582744095
1.752955729166663	0.8197196538594953
1.8529557291666627	0.9599349491745007
1.9529557291666624	1.1117851112198125
2.052955729166662	1.2749799060407563
2.1529557291666617	1.449179396531628
2.2529557291666613	1.63401834207445
2.352955729166661	1.8291269260469107
2.4529557291666606	2.0341400879006306
2.5529557291666602	2.2487024347509896
2.65295572916666	2.4724720925382617
2.7529557291666595	2.705119951760763
2.852955729166659	2.9463293193850806
2.952955729166659	3.195795430840823
2.9563310546874995	3.212921908125726
179769313486231570000000000000000000000000000000000000000000000000000000000000000000000000000000000000000000000000000000000000000000000000000000000000000000000000000000000000000000000000000000000000000000000000000000000000000000000000000000000000000000000000000000000000000000000000000000000000000000000000000	3.212921908125726
