-100000	0
0	0
0.0033333333333333335	0.009151333333333398
0.008333333333333333	0.02287833333333344
0.01583333333333333	0.04346883333333351
0.02708333333333333	0.07435458333333367
0.043958333333333335	0.12068320833333386
0.06927083333333334	0.19017614583333417
0.10723958333333333	0.29441555208333464
0.16419270833333333	0.4507746614583351
0.24962239583333334	0.6853133255208363
0.3496223958333333	0.9598533255208372
0.4496223958333333	1.2343933255208386
0.5496223958333333	1.5089333255208401
0.6496223958333333	1.7834733255208406
0.7496223958333332	2.0580133255208413
0.8496223958333332	2.3325533255208426
0.9496223958333332	2.607093325520845
1.0496223958333333	2.8816333255208453
1.1000000000058208	3.019940000001012
1000001.1	3.019940000001012
