-100000	0
0	0
0.0033333333333333335	0.00914997794368819
0.008333333333333333	0.022869836529546706
0.01583333333333333	0.043438021147464916
0.02708333333333333	0.07426382111040926
0.043958333333333335	0.12044170039493145
0.06927083333333334	0.1895674625546761
0.10723958333333333	0.29292451836577116
0.16419270833333333	0.4471660726216819
0.24962239583333334	0.6765799803242637
0.3496223958333333	0.9422422540347108
0.4496223958333333	1.2057436422438048
0.5496223958333333	1.466834563807256
0.6496223958333333	1.7256564328664812
0.7496223958333332	1.9823506635628958
0.8496223958333332	2.250469257223507
0.9496223958333332	2.515929729164657
1.0496223958333333	2.786938260535647
1.1000000000058208	2.90453255707895
1000001.1	2.90453255707895
