-179769313486231570000000000000000000000000000000000000000000000000000000000000000000000000000000000000000000000000000000000000000000000000000000000000000000000000000000000000000000000000000000000000000000000000000000000000000000000000000000000000000000000000000000000000000000000000000000000000000000000000000	0
0.0000000000000004440892098500626	0
0.0033333333333338544	0.023689439778378354
0.006666666666667265	0.04737887955649979
0.011666666666667158	0.08291303922319862
0.01916666666666722	0.13621427872216457
0.030416666666667203	0.21616613796817402
0.047291666666667176	0.33609392683170103
0.07260416666666725	0.5159856101146463
0.11057291666666735	0.7858231350112856
0.1675260416666673	1.1905794222937411
0.2529557291666673	1.797713853076796
0.3529557291666674	2.508397045731468
0.4529557291666675	3.2190802381549126
0.5529557291666676	3.9297634303471303
0.6529557291666677	4.64044662230812
0.7529557291666678	5.351129814037884
0.8529557291666678	6.061813005536419
0.9529557291666677	6.7724961968037265
1.0529557291666678	7.483179387839808
1.1529557291666679	8.193862578644662
1.252955729166668	8.90454576921829
1.352955729166668	9.615228959560689
1.4529557291666682	10.325912149671861
1.5529557291666682	11.036595339551807
1.6529557291666683	11.747278529200525
1.7529557291666684	12.457961718618025
1.8529557291666685	13.16864490782635
1.9529557291666686	13.879328096916971
2.0529557291666687	14.590011285983056
2.1529557291666688	15.300694475049111
2.252955729166669	16.011377664115166
2.352955729166669	16.72206085318122
2.452955729166669	17.432744042247272
2.552955729166669	18.143427231313325
2.652955729166669	18.854110420379378
2.7529557291666693	19.56479360944543
2.8529557291666694	20.275476798511484
2.9529557291666695	20.986159987577537
3.052955729166669	21.69684317664359
3.1529557291666688	22.407526365709643
3.2529557291666684	23.118209554775696
3.352955729166668	23.82889274384175
3.4529557291666677	24.539575932907802
3.5529557291666674	25.250259121973855
3.652955729166667	25.960942311039908
3.7529557291666666	26.67162550010596
3.8529557291666663	27.382308689172014
3.952955729166666	28.092991878238067
4.052955729166666	28.80367506730412
4.152955729166665	29.514358256370173
4.252955729166665	30.225041445436226
4.3529557291666645	30.93572463450228
4.452955729166664	31.64640782356833
4.552955729166664	32.357091012634385
4.6529557291666634	33.06777420170044
4.752955729166663	33.77845739076649
4.852955729166663	34.489140579832544
4.952955729166662	35.1998237688986
5.052955729166662	35.91050695796465
5.152955729166662	36.6211901470307
5.252955729166661	37.438202248340474
5.352955729166661	38.415002248340464
5.452955729166661	39.391802248340454
5.55295572916666	40.368602248340444
5.65295572916666	41.345402248340434
5.7529557291666595	42.322202248340425
5.852955729166659	43.299002248340415
5.952955729166659	44.275802248340405
6.0529557291666585	45.252602248340395
6.152955729166658	46.229402248340385
6.252955729166658	47.206202248340375
6.352955729166657	48.183002248340365
6.452955729166657	49.159802248340355
6.552955729166657	50.136602248340346
6.652955729166656	51.113402248340336
6.752955729166656	52.090202248340326
6.852955729166656	53.067002248340316
6.952955729166655	54.043802248340306
7.052955729166655	55.020602248340296
7.152955729166655	55.997402248340286
7.252955729166654	56.974202248340276
7.352955729166654	57.95100224834027
7.4529557291666535	58.92780224834026
7.552955729166653	59.90460224834025
7.652955729166653	60.88140224834024
7.752955729166652	61.85820224834023
7.852955729166652	62.83500224834022
7.952955729166652	63.81180224834021
8.052955729166651	64.7886022483402
8.152955729166651	65.76540224834018
8.25295572916665	66.74220224834016
8.35295572916665	67.71900224834015
8.45295572916665	68.69580224834013
8.55295572916665	69.67260224834011
8.65295572916665	70.6494022483401
8.752955729166649	71.62620224834008
8.852955729166649	72.60300224834006
8.952955729166648	73.57980224834004
9.052955729166648	74.55660224834003
9.152955729166647	75.53340224834001
9.252955729166647	76.51020224834
9.352955729166647	77.48700224833998
9.452955729166646	78.46380224833996
9.552955729166646	79.44060224833994
9.652955729166646	80.41740224833993
9.752955729166645	81.39420224833991
9.852955729166645	82.37100224833989
9.952955729166645	83.34780224833987
10.052955729166644	84.32460224833986
10.152955729166644	85.30140224833984
10.252955729166644	86.27820224833982
10.352955729166643	87.2550022483398
10.452955729166643	88.23180224833979
10.552955729166642	89.20860224833977
10.652955729166642	90.18540224833976
10.752955729166642	91.16220224833974
10.805	92.17893912334021
179769313486231570000000000000000000000000000000000000000000000000000000000000000000000000000000000000000000000000000000000000000000000000000000000000000000000000000000000000000000000000000000000000000000000000000000000000000000000000000000000000000000000000000000000000000000000000000000000000000000000000000	92.17893912334021
