-179769313486231570000000000000000000000000000000000000000000000000000000000000000000000000000000000000000000000000000000000000000000000000000000000000000000000000000000000000000000000000000000000000000000000000000000000000000000000000000000000000000000000000000000000000000000000000000000000000000000000000000	0
0.0000000000000004440892098500626	0
0.0033333333333338544	0.02053356739188539
0.006666666666667265	0.04106713478351386
0.011666666666667158	0.07186748587047348
0.01916666666666722	0.1180680124998304
0.030416666666667203	0.18736880244142637
0.047291666666667176	0.29131998734833314
0.07260416666666725	0.44724676469634805
0.11057291666666735	0.6811369306905918
0.1675260416666673	1.031972179619454
0.2529557291666673	1.5582250528721193
0.3529557291666674	2.1742320739320045
0.4529557291666675	2.790239094760662
0.5529557291666676	3.4062461153580927
0.6529557291666677	4.022253135724296
0.7529557291666678	4.638260155859272
0.8529557291666678	5.254267175763021
0.9529557291666677	5.870274195435541
1.0529557291666678	6.486281214876835
1.1529557291666679	7.1022882340869025
1.252955729166668	7.718295253065743
1.352955729166668	8.334302271813355
1.4529557291666682	8.950309290329741
1.5529557291666682	9.5663163086149
1.6529557291666683	10.18232332666883
1.7529557291666684	10.798330344491534
1.8529557291666685	11.41433736208301
1.9529557291666686	12.03034437944326
2.0529557291666687	12.646351396572282
2.1529557291666688	13.262358413470077
2.252955729166669	13.878365430136645
2.352955729166669	14.494372446571985
2.452955729166669	15.110379462778043
2.552955729166669	15.726386478805857
2.652955729166669	16.34242443951714
2.7529557291666693	16.95850349418684
2.8529557291666694	17.57458254885654
2.9529557291666695	18.19066160352624
3.052955729166669	18.806740658195938
3.1529557291666688	19.422819712865635
3.2529557291666684	20.038898767535333
3.352955729166668	20.65497782220503
3.4529557291666677	21.271056876874727
3.5529557291666674	21.887135931544424
3.652955729166667	22.50321498621412
3.7529557291666666	23.11929404088382
3.8529557291666663	23.735373095553516
3.952955729166666	24.351452150223214
4.052955729166666	24.96753120489291
4.152955729166665	25.583610259562608
4.252955729166665	26.199689314232305
4.3529557291666645	26.815768368902003
4.452955729166664	27.4318474235717
4.552955729166664	28.047926478241397
4.6529557291666634	28.664005532911094
4.752955729166663	29.28008458758079
4.852955729166663	29.89616364225049
4.952955729166662	30.512242696920186
5.052955729166662	31.128321751589883
5.152955729166662	31.74440080625958
5.252955729166661	32.47208458135121
5.352955729166661	33.3674845813512
5.452955729166661	34.26288458135119
5.55295572916666	35.158284581351175
5.65295572916666	36.05368458135116
5.7529557291666595	36.94908458135115
5.852955729166659	37.84448458135114
5.952955729166659	38.73988458135113
6.0529557291666585	39.635284581351115
6.152955729166658	40.5306845813511
6.252955729166658	41.42608458135109
6.352955729166657	42.32148458135108
6.452955729166657	43.21688458135107
6.552955729166657	44.112284581351055
6.652955729166656	45.00768458135104
6.752955729166656	45.90308458135103
6.852955729166656	46.79848458135102
6.952955729166655	47.69388458135101
7.052955729166655	48.589284581350995
7.152955729166655	49.48468458135098
7.252955729166654	50.38008458135097
7.352955729166654	51.27548458135096
7.4529557291666535	52.17088458135095
7.552955729166653	53.066284581350935
7.652955729166653	53.96168458135092
7.752955729166652	54.85708458135091
7.852955729166652	55.7524845813509
7.952955729166652	56.64788458135089
8.052955729166651	57.543284581350875
8.152955729166651	58.43868458135086
8.25295572916665	59.33408458135085
8.35295572916665	60.22948458135084
8.45295572916665	61.12488458135083
8.55295572916665	62.020284581350815
8.65295572916665	62.9156845813508
8.752955729166649	63.81108458135079
8.852955729166649	64.70648458135078
8.952955729166648	65.60188458135077
9.052955729166648	66.49728458135077
9.152955729166647	67.39268458135076
9.252955729166647	68.28808458135076
9.352955729166647	69.18348458135075
9.452955729166646	70.07888458135075
9.552955729166646	70.97428458135074
9.652955729166646	71.86968458135074
9.752955729166645	72.76508458135073
9.852955729166645	73.66048458135073
9.952955729166645	74.55588458135072
10.052955729166644	75.45128458135072
10.152955729166644	76.34668458135071
10.252955729166644	77.24208458135071
10.352955729166643	78.1374845813507
10.452955729166643	79.0328845813507
10.552955729166642	79.9282845813507
10.652955729166642	80.82368458135069
10.752955729166642	81.71908458135069
10.805	82.65109338343446
179769313486231570000000000000000000000000000000000000000000000000000000000000000000000000000000000000000000000000000000000000000000000000000000000000000000000000000000000000000000000000000000000000000000000000000000000000000000000000000000000000000000000000000000000000000000000000000000000000000000000000000	82.65109338343446
