-100006.313	0
0	0
0.0033333333333329662	0.004038116975922531
0.00833333333333286	0.01011348054960446
0.015833333333333144	0.019267374813587108
0.02708333333333357	0.03308987533275572
0.04395833333333332	0.05402901231883418
0.06927083333333339	0.08589697874740529
0.1072395833333335	0.13472102770393854
0.16419270833333321	0.21019747622063753
0.2496223958333328	0.3283947299972705
0.34962239583333243	0.4741003438705689
0.4496223958333321	0.6274321407998829
0.5496223958333317	0.7880171082570024
0.6496223958333314	0.9556666975675129
0.749622395833331	1.1300145203073717
0.8496223958333307	1.31078775615407
0.9496223958333303	1.497693054255959
1.04962239583333	1.690472481162636
1.1496223958333296	1.8888656230368455
1.2496223958333292	2.0926059698481425
1.3496223958333289	2.301466709242295
1.4496223958333285	2.5152037579916073
1.5496223958333282	2.7335897370859703
1.6496223958333278	2.956432021815012
1.6685000000000016	2.9989810920174675
1000001.6685	2.9989810920174675
