-179769313486231570000000000000000000000000000000000000000000000000000000000000000000000000000000000000000000000000000000000000000000000000000000000000000000000000000000000000000000000000000000000000000000000000000000000000000000000000000000000000000000000000000000000000000000000000000000000000000000000000000	0
0.0000000000000004440892098500626	0
0.0033333333333338544	0.024011458333333957
0.006666666666667265	0.048022916666667914
0.011666666666667158	0.08404010416666725
0.01916666666666722	0.13806588541666784
0.030416666666667203	0.21910455729166795
0.047291666666667176	0.3406625651041681
0.07260416666666725	0.5229995768229192
0.11057291666666735	0.7965050944010457
0.1675260416666673	1.206763370768234
0.2529557291666673	1.822150785319017
0.3529557291666674	2.54249453531902
0.4529557291666675	3.2628382853190225
0.5529557291666676	3.9831820353190253
0.6529557291666677	4.7035257853190275
0.7529557291666678	5.42386953531903
0.8529557291666678	6.144213285319032
0.9529557291666677	6.864557035319033
1.0529557291666678	7.584900785319035
1.1529557291666679	8.305244535319037
1.252955729166668	9.02558828531904
1.352955729166668	9.745932035319044
1.4529557291666682	10.466275785319047
1.5529557291666682	11.18661953531905
1.6529557291666683	11.906963285319053
1.7529557291666684	12.627307035319056
1.8529557291666685	13.34765078531906
1.9529557291666686	14.067994535319063
2.0529557291666687	14.788338285319066
2.1529557291666688	15.508682035319069
2.252955729166669	16.22902578531907
2.352955729166669	16.94936953531907
2.452955729166669	17.669713285319073
2.552955729166669	18.390057035319074
2.652955729166669	19.220563437500072
2.7529557291666693	20.197363437500076
2.8529557291666694	21.17416343750008
2.9529557291666695	22.150963437500085
3.052955729166669	23.127763437500086
3.1529557291666688	24.104563437500087
3.2529557291666684	25.081363437500087
3.352955729166668	26.058163437500088
3.4529557291666677	27.03496343750009
3.5529557291666674	28.01176343750009
3.652955729166667	28.98856343750009
3.7529557291666666	29.96536343750009
3.8529557291666663	30.942163437500092
3.952955729166666	31.918963437500093
4.052955729166666	32.895763437500094
4.152955729166665	33.87256343750009
4.252955729166665	34.84936343750009
4.3529557291666645	35.826163437500085
4.452955729166664	36.80296343750008
4.552955729166664	37.77976343750008
4.6529557291666634	38.75656343750008
4.752955729166663	39.733363437500074
4.852955729166663	40.71016343750007
4.952955729166662	41.68696343750007
5.052955729166662	42.663763437500066
5.152955729166662	43.64056343750006
5.252955729166661	44.61736343750006
5.352955729166661	45.59416343750006
5.452955729166661	46.570963437500055
5.55295572916666	47.54776343750005
5.65295572916666	48.52456343750005
5.7529557291666595	49.501363437500046
5.852955729166659	50.478163437500044
5.952955729166659	51.45496343750004
6.0529557291666585	52.43176343750004
6.152955729166658	53.408563437500035
6.252955729166658	54.38536343750003
6.352955729166657	55.36216343750003
6.452955729166657	56.33896343750003
6.552955729166657	57.315763437500024
6.652955729166656	58.29256343750002
6.752955729166656	59.26936343750002
6.852955729166656	60.246163437500016
6.952955729166655	61.22296343750001
7.052955729166655	62.19976343750001
7.152955729166655	63.17656343750001
7.252955729166654	64.1533634375
7.352955729166654	65.1301634375
7.4529557291666535	66.1069634375
7.552955729166653	67.0837634375
7.652955729166653	68.0605634375
7.752955729166652	69.03736343749999
7.852955729166652	70.01416343749999
7.952955729166652	70.99096343749999
8.052955729166651	71.96776343749998
8.152955729166651	72.94456343749998
8.25295572916665	73.92136343749998
8.35295572916665	74.89816343749997
8.45295572916665	75.87496343749997
8.55295572916665	76.85176343749997
8.65295572916665	77.82856343749997
8.752955729166649	78.80536343749996
8.852955729166649	79.78216343749996
8.952955729166648	80.75896343749996
9.052955729166648	81.73576343749995
9.152955729166647	82.71256343749995
9.252955729166647	83.68936343749995
9.352955729166647	84.66616343749995
9.452955729166646	85.64296343749994
9.552955729166646	86.61976343749994
9.652955729166646	87.59656343749994
9.752955729166645	88.57336343749994
9.852955729166645	89.55016343749993
9.952955729166645	90.52696343749993
10.052955729166644	91.50376343749993
10.152955729166644	92.48056343749992
10.252955729166644	93.45736343749992
10.352955729166643	94.43416343749992
10.452955729166643	95.41096343749992
10.552955729166642	96.38776343749991
10.652955729166642	97.36456343749991
10.752955729166642	98.34136343749991
10.805	99.3581003125004
179769313486231570000000000000000000000000000000000000000000000000000000000000000000000000000000000000000000000000000000000000000000000000000000000000000000000000000000000000000000000000000000000000000000000000000000000000000000000000000000000000000000000000000000000000000000000000000000000000000000000000000	99.3581003125004
