-179769313486231570000000000000000000000000000000000000000000000000000000000000000000000000000000000000000000000000000000000000000000000000000000000000000000000000000000000000000000000000000000000000000000000000000000000000000000000000000000000000000000000000000000000000000000000000000000000000000000000000000	0
0.0000000000000004440892098500626	0
0.0033333333333338544	0.0264472916666672
0.006666666666667265	0.0528945833333344
0.011666666666667158	0.09256552083333343
0.01916666666666722	0.15207192708333372
0.030416666666667203	0.24133153645833327
0.047291666666667176	0.3752209505208326
0.07260416666666725	0.5760550716145826
0.11057291666666735	0.8773062532552075
0.1675260416666673	1.329183025716143
0.2529557291666673	2.0069981844075473
0.3529557291666674	2.8004169344075454
0.4529557291666675	3.5938356844075434
0.5529557291666676	4.3872544344075415
0.6529557291666677	5.1806731844075395
0.7529557291666678	5.974091934407538
0.8529557291666678	6.767510684407536
0.9529557291666677	7.560929434407532
1.0529557291666678	8.354348184407531
1.1529557291666679	9.14776693440753
1.252955729166668	9.941185684407529
1.352955729166668	10.734604434407528
1.4529557291666682	11.528023184407527
1.5529557291666682	12.321441934407526
1.6529557291666683	13.114860684407525
1.7529557291666684	13.908279434407524
1.8529557291666685	14.701698184407523
1.9529557291666686	15.495116934407521
2.0529557291666687	16.28853568440752
2.1529557291666688	17.081954434407518
2.252955729166669	17.875373184407515
2.352955729166669	18.668791934407512
2.452955729166669	19.46221068440751
2.552955729166669	20.255629434407506
2.652955729166669	21.12782093749996
2.7529557291666693	22.104620937499956
2.8529557291666694	23.081420937499953
2.9529557291666695	24.05822093749995
3.052955729166669	25.035020937499944
3.1529557291666688	26.011820937499937
3.2529557291666684	26.98862093749993
3.352955729166668	27.965420937499925
3.4529557291666677	28.94222093749992
3.5529557291666674	29.919020937499912
3.652955729166667	30.895820937499906
3.7529557291666666	31.8726209374999
3.8529557291666663	32.84942093749989
3.952955729166666	33.82622093749989
4.052955729166666	34.80302093749989
4.152955729166665	35.779820937499885
4.252955729166665	36.75662093749988
4.3529557291666645	37.73342093749988
4.452955729166664	38.71022093749988
4.552955729166664	39.687020937499874
4.6529557291666634	40.66382093749987
4.752955729166663	41.64062093749987
4.852955729166663	42.617420937499865
4.952955729166662	43.59422093749986
5.052955729166662	44.57102093749986
5.152955729166662	45.54782093749986
5.252955729166661	46.524620937499854
5.352955729166661	47.50142093749985
5.452955729166661	48.47822093749985
5.55295572916666	49.455020937499846
5.65295572916666	50.43182093749984
5.7529557291666595	51.40862093749984
5.852955729166659	52.38542093749984
5.952955729166659	53.362220937499835
6.0529557291666585	54.33902093749983
6.152955729166658	55.31582093749983
6.252955729166658	56.29262093749983
6.352955729166657	57.269420937499824
6.452955729166657	58.24622093749982
6.552955729166657	59.22302093749982
6.652955729166656	60.199820937499815
6.752955729166656	61.17662093749981
6.852955729166656	62.15342093749981
6.952955729166655	63.13022093749981
7.052955729166655	64.1070209374998
7.152955729166655	65.0838209374998
7.252955729166654	66.06062093749979
7.352955729166654	67.03742093749979
7.4529557291666535	68.01422093749979
7.552955729166653	68.99102093749978
7.652955729166653	69.96782093749978
7.752955729166652	70.94462093749978
7.852955729166652	71.92142093749978
7.952955729166652	72.89822093749977
8.052955729166651	73.87502093749977
8.152955729166651	74.85182093749977
8.25295572916665	75.82862093749976
8.35295572916665	76.80542093749976
8.45295572916665	77.78222093749976
8.55295572916665	78.75902093749976
8.65295572916665	79.73582093749975
8.752955729166649	80.71262093749975
8.852955729166649	81.68942093749975
8.952955729166648	82.66622093749974
9.052955729166648	83.64302093749974
9.152955729166647	84.61982093749974
9.252955729166647	85.59662093749974
9.352955729166647	86.57342093749973
9.452955729166646	87.55022093749973
9.552955729166646	88.52702093749973
9.652955729166646	89.50382093749973
9.752955729166645	90.48062093749972
9.852955729166645	91.45742093749972
9.952955729166645	92.43422093749972
10.052955729166644	93.41102093749971
10.152955729166644	94.38782093749971
10.252955729166644	95.36462093749971
10.352955729166643	96.3414209374997
10.452955729166643	97.3182209374997
10.552955729166642	98.2950209374997
10.652955729166642	99.2718209374997
10.752955729166642	100.2486209374997
10.805	101.26535781250017
179769313486231570000000000000000000000000000000000000000000000000000000000000000000000000000000000000000000000000000000000000000000000000000000000000000000000000000000000000000000000000000000000000000000000000000000000000000000000000000000000000000000000000000000000000000000000000000000000000000000000000000	101.26535781250017
