-100001.1	0
0	0
0.0033333333333334103	0.0010372106522722328
0.008333333333333304	0.002600835723958319
0.015833333333333366	0.004964513778597572
0.027083333333333348	0.008552495295795413
0.04395833333333332	0.014022231442768512
0.06927083333333339	0.022420125701062426
0.1072395833333335	0.03545508803135747
0.16419270833333344	0.05600685037358641
0.24962239583333345	0.08914762641152688
0.34962239583333354	0.13164698832677713
0.44962239583333363	0.17815976920173637
0.5496223958333337	0.22886438596600725
0.6496223958333338	0.28386173412365867
0.7496223958333339	0.3432371366904747
0.849622395833334	0.4070291727520944
0.9496223958333339	0.4753293579963645
1.049622395833334	0.548127355898115
1.149622395833334	0.6254450402846454
1.2496223958333341	0.7073016203778097
1.3496223958333342	0.7936300269257033
1.4496223958333343	0.8844515274827778
1.5496223958333344	0.9797329839677161
1.6496223958333345	1.0794080696524648
1.7496223958333346	1.1834147717738515
1.8496223958333347	1.2917333808718
1.9496223958333347	1.4042690757085443
2.049622395833335	1.5209544135113895
2.149622395833335	1.6416975694215166
2.249622395833335	1.7663388268335631
2.349622395833335	1.8947106476003832
2.449622395833335	2.0269560281365386
2.5496223958333353	2.162846297193163
2.6496223958333354	2.2587548333498746
2.7496223958333355	2.2916554505484594
2.8496223958333355	2.327997366270831
2.9496223958333356	2.3675770385321564
3.0496223958333353	2.4103454201821912
3.149622395833335	2.456141041351996
3.2496223958333346	2.504833984407227
3.349622395833334	2.55634176627542
3.449622395833334	2.6105673088645514
3.5496223958333335	2.6674251781871674
3.649622395833333	2.7267608640887513
3.749622395833333	2.7884713890747284
3.8496223958333324	2.8524256849056657
3.949622395833332	2.918653234245447
4.049622395833332	2.986970563944374
4.149622395833331	3.0573382838714136
4.249622395833331	3.129680076673938
4.349622395833331	3.203875330357913
4.44962239583333	3.27981418695856
4.54962239583333	3.3574132917393182
4.64962239583333	3.4366038333038786
4.749622395833329	3.517296525540948
4.849622395833329	3.599416179225162
4.9496223958333285	3.682882785647766
5.049622395833328	3.767634762037053
5.149622395833328	3.853588172041225
5.212999999999999	3.908653197036912
1000005.213	3.908653197036912
