-179769313486231570000000000000000000000000000000000000000000000000000000000000000000000000000000000000000000000000000000000000000000000000000000000000000000000000000000000000000000000000000000000000000000000000000000000000000000000000000000000000000000000000000000000000000000000000000000000000000000000000000	0
-0.0000000000000004440892098500626	0
0.0033333333333329662	0.0011785749365582875
0.0066666666666663765	0.0023634258110969966
0.01166666666666627	0.004152224669401613
0.019166666666666332	0.00686020572017016
0.030416666666666314	0.010972455539038303
0.04729166666666629	0.017231708244197227
0.07260416666666636	0.0267991771191669
0.11057291666666647	0.04155487226225704
0.1675260416666664	0.06461368626234462
0.2529557291666664	0.10133317456712723
0.3529557291666665	0.14765792466020297
0.4529557291666666	0.1976947135527422
0.5529557291666667	0.25154268132741614
0.6529557291666668	0.30928575476110376
0.7529557291666669	0.37099258166067406
0.852955729166667	0.4367182788514992
0.9529557291666668	0.5065037219539221
1.052955729166667	0.5803761211800714
1.152955729166667	0.6583495285559711
1.252955729166667	0.7404253968686556
1.3529557291666672	0.8265935349771553
1.4529557291666673	0.9168325842469763
1.5529557291666674	1.0111108910515973
1.6529557291666674	1.109387303455275
1.7529557291666675	1.2116119061704538
1.8529557291666676	1.317727032954548
1.9529557291666677	1.4276678256263673
2.052955729166668	1.541363080814637
2.152955729166668	1.6587359512268636
2.252955729166668	1.7797046617030121
2.352955729166668	1.9041831048014104
2.452955729166668	2.03208160778
2.5529557291666682	2.1633073468136814
2.6529557291666683	2.2583785445237923
2.7529557291666684	2.304279862413406
2.8529557291666685	2.3532164417722954
2.9529557291666686	2.40508794398247
3.0529557291666682	2.4597932476613806
3.152955729166668	2.517230691590917
3.2529557291666675	2.577298420494238
3.352955729166667	2.639894662894308
3.452955729166667	2.7049179894731945
3.5529557291666665	2.7722675044560603
3.652955729166666	2.841843138632961
3.7529557291666658	2.913545767828931
3.8529557291666654	2.9872774224241776
3.952955729166665	3.0629414790824216
4.052955729166665	3.1404426700361174
4.152955729166664	3.219687221565035
4.252955729166664	3.3005830128952316
4.352955729166664	3.3830396653054216
4.452955729166663	3.466968661168688
4.552955729166663	3.552283492491764
4.652955729166663	3.63889976037432
4.752955729166662	3.726734982274718
4.852955729166662	3.8157087896820983
4.9529557291666615	3.905743019698475
5.052955729166661	3.996761795898129
5.152955729166661	4.08869170049293
5.212999999999999	4.200054101819015
179769313486231570000000000000000000000000000000000000000000000000000000000000000000000000000000000000000000000000000000000000000000000000000000000000000000000000000000000000000000000000000000000000000000000000000000000000000000000000000000000000000000000000000000000000000000000000000000000000000000000000000	4.200054101819015
