-100001.1	0
0	0
0.0033333333333334103	0.0009115897073923614
0.008333333333333304	0.0022867183278957397
0.015833333333333366	0.004366820252370095
0.027083333333333348	0.007525845679809297
0.04395833333333332	0.012341598901243277
0.06927083333333339	0.019730940048546756
0.1072395833333335	0.031182736292399864
0.16419270833333344	0.04918692014046327
0.24962239583333345	0.07815620453768095
0.34962239583333354	0.11514389720280516
0.44962239583333363	0.15551971195297767
0.5496223958333337	0.19937318038117863
0.6496223958333338	0.24678527485053914
0.7496223958333339	0.29781561287393
0.849622395833334	0.35253527432607684
0.9496223958333339	0.41104310451442805
1.049622395833334	0.47326946130515
1.149622395833334	0.5392081775032417
1.2496223958333341	0.6089117661232933
1.3496223958333342	0.6822943919329166
1.4496223958333343	0.7593907554318573
1.5496223958333344	0.8401519752586708
1.6496223958333345	0.9245560193067234
1.7496223958333346	1.0125190144203609
1.8496223958333347	1.104076444275247
1.9496223958333347	1.1991179088159665
2.049622395833335	1.2975864798554186
2.149622395833335	1.3993375912369281
2.249622395833335	1.5043557763467994
2.349622395833335	1.612576197101962
2.449622395833335	1.723889650617555
2.5496223958333353	1.838167565156363
2.6496223958333354	1.926302319893455
2.7496223958333355	1.9728721042129413
2.8496223958333355	2.022269844333571
2.9496223958333356	2.074318165824624
3.0496223958333353	2.1289705538749084
3.149622395833335	2.1861075624580253
3.2496223958333346	2.2456620910480694
3.349622395833334	2.3075080493322657
3.449622395833334	2.371564428560553
3.5496223958333335	2.4377611845919236
3.649622395833333	2.5059955526820343
3.749622395833333	2.5761482256453623
3.8496223958333324	2.6481035968185953
3.949622395833332	2.7218978008044736
4.049622395833332	2.797417949064871
4.149622395833331	2.874578298772054
4.249622395833331	2.953322567647846
4.349622395833331	3.033526715777192
4.44962239583333	3.1150905380441274
4.54962239583333	3.198017814889706
4.64962239583333	3.2822178776436157
4.749622395833329	3.3676122745743666
4.849622395833329	3.454130018938939
4.9496223958333285	3.5416770356007308
5.049622395833328	3.630230293743381
5.149622395833328	3.7197178764615035
5.212999999999999	3.7769015594074036
1000005.213	3.7769015594074036
