-179769313486231570000000000000000000000000000000000000000000000000000000000000000000000000000000000000000000000000000000000000000000000000000000000000000000000000000000000000000000000000000000000000000000000000000000000000000000000000000000000000000000000000000000000000000000000000000000000000000000000000000	0
-0.0000000000000004440892098500626	0
0.0033333333333329662	0.00044857194218333226
0.0066666666666663765	0.0009020595315715209
0.01166666666666627	0.001591510692796096
0.019166666666666332	0.0026464405870595684
0.030416666666666314	0.004267830583876278
0.04729166666666629	0.006744010175267032
0.07260416666666636	0.010549316649301995
0.11057291666666647	0.016462959493438095
0.1675260416666664	0.0258071887771347
0.2529557291666664	0.04091635803356397
0.3529557291666665	0.06031853468179593
0.4529557291666666	0.08162939434334926
0.5529557291666667	0.10490238117303241
0.6529557291666668	0.13018404380890386
0.7529557291666669	0.1575129262808958
0.852955729166667	0.18692131967762513
0.9529557291666668	0.2184334087758556
1.052955729166667	0.2520676763549604
1.152955729166667	0.2878349088629328
1.252955729166667	0.32574053710554174
1.3529557291666672	0.3657833453712067
1.4529557291666673	0.4079566865325615
1.5529557291666674	0.4522488329485313
1.6529557291666674	0.4986423627210906
1.7529557291666675	0.5471165254752786
1.8529557291666676	0.5976445974435826
1.9529557291666677	0.6501982137546514
2.052955729166668	0.704742945029044
2.152955729166668	0.761244120520157
2.252955729166668	0.819661150231595
2.352955729166668	0.8799542733324096
2.452955729166668	0.9420781869381216
2.5529557291666682	1.0059891569489912
2.6529557291666683	1.0716384819125082
2.7529557291666684	1.138979419937735
2.8529557291666685	1.207961100098306
2.9529557291666686	1.2785345416531502
3.0529557291666682	1.350647864407358
3.152955729166668	1.4242503942085034
3.2529557291666675	1.4992903437620784
3.352955729166667	1.5757157791587724
3.452955729166667	1.6534758546480506
3.5529557291666665	1.7325179296659632
3.652955729166666	1.8127924818269925
3.7529557291666658	1.8942470686954254
3.8529557291666654	1.9768333308800572
3.952955729166665	2.0605001856998992
4.052955729166665	2.145199954499939
4.152955729166664	2.230884190978706
4.252955729166664	2.3175054745136197
4.352955729166664	2.4050185282633874
4.452955729166663	2.493376708761056
4.552955729166663	2.5825372156076605
4.652955729166663	2.6724556570230877
4.752955729166662	2.7630906113535136
4.852955729166662	2.85440125444896
4.9529557291666615	2.9463470682376336
5.052955729166661	3.0388905599191456
5.152955729166661	3.1319932211303443
5.212999999999999	3.2444007259191667
179769313486231570000000000000000000000000000000000000000000000000000000000000000000000000000000000000000000000000000000000000000000000000000000000000000000000000000000000000000000000000000000000000000000000000000000000000000000000000000000000000000000000000000000000000000000000000000000000000000000000000000	3.2444007259191667
