-100001.1	0
0	0
0.0033333333333334103	0.001898917631322492
0.008333333333333304	0.004752553020148289
0.015833333333333366	0.009044794505272617
0.027083333333333348	0.015508865030325511
0.04395833333333332	0.025237407215259723
0.06927083333333339	0.03988753172106166
0.1072395833333335	0.06199504113734291
0.16419270833333344	0.0954650517542611
0.24962239583333345	0.1464179051132047
0.34962239583333354	0.20711456751435678
0.44962239583333363	0.2689140390711047
0.5496223958333337	0.3318477053034245
0.6496223958333338	0.395918328839754
0.7496223958333339	0.46113886728714715
0.849622395833334	0.5274897256221777
0.9496223958333339	0.5950008003237095
1.049622395833334	0.6636575766432776
1.149622395833334	0.7334299675235818
1.2496223958333341	0.8043415176358297
1.3496223958333342	0.8763539528378829
1.4496223958333343	0.9494708058102438
1.5496223958333344	1.0236526602305942
1.6496223958333345	1.0989003527722672
1.7496223958333346	1.1752236774389984
1.8496223958333347	1.2525700760935783
1.9496223958333347	1.3309173691360427
2.049622395833335	1.4102275093837167
2.149622395833335	1.490513032552754
2.249622395833335	1.571764590189598
2.349622395833335	1.6538927695345313
2.449622395833335	1.7368986325341802
2.5496223958333353	1.8207909684968042
2.6496223958333354	1.9055177210561542
2.7496223958333355	1.9910279822792532
2.8496223958333355	2.077305031367907
2.9496223958333356	2.164356631632988
3.0496223958333353	2.2521287016831217
3.149622395833335	2.34058746726582
3.2496223958333346	2.4297040928487124
3.349622395833334	2.5193993425424845
3.449622395833334	2.609739510503761
3.5496223958333335	2.7006698743159556
3.649622395833333	2.7921545208496776
3.749622395833333	2.884161493676032
3.8496223958333324	2.976656876434446
3.949622395833332	3.0696204732634684
4.049622395833332	3.1630318806367095
4.149622395833331	3.256865691728044
4.249622395833331	3.3510777639643283
4.349622395833331	3.4456873870681117
4.44962239583333	3.540631961556981
4.54962239583333	3.6359166033823707
4.64962239583333	3.7314865090003746
4.749622395833329	3.827361191186657
4.849622395833329	3.9234817888680733
4.9496223958333285	4.019870583610716
5.049622395833328	4.116491578777167
5.149622395833328	4.213326663002318
5.212999999999999	4.274796504743448
1000005.213	4.274796504743448
