-100001.1	0
0	0
0.0033333333333334103	0.002693093025575757
0.008333333333333304	0.0067360360516475785
0.015833333333333366	0.012808221220597497
0.027083333333333348	0.021934398410364635
0.04395833333333332	0.03564428127431582
0.06927083333333339	0.05624153883418681
0.1072395833333335	0.08720852574616736
0.16419270833333344	0.13382015603107397
0.24962239583333345	0.2041446649890249
0.34962239583333354	0.2869768162790823
0.44962239583333363	0.3702801072918404
0.5496223958333337	0.45407252034059753
0.6496223958333338	0.5383624140147601
0.7496223958333339	0.6231552316157131
0.849622395833334	0.7084216687200772
0.9496223958333339	0.7941940353107553
1.049622395833334	0.8804612815534709
1.149622395833334	0.9671868094084577
1.2496223958333341	1.0544004775090414
1.3496223958333342	1.1420669864396453
1.4496223958333343	1.2301995175062215
1.5496223958333344	1.318786458081836
1.6496223958333345	1.4078279482604754
1.7496223958333346	1.4972930782979021
1.8496223958333347	1.5871788797240773
1.9496223958333347	1.677497858571504
2.049622395833335	1.7682224235916124
2.149622395833335	1.859336036145576
2.249622395833335	1.9508365144375608
2.349622395833335	2.042708499225536
2.449622395833335	2.1349441513126797
2.5496223958333353	2.227533066525554
2.6496223958333354	2.3204674050914558
2.7496223958333355	2.4137404819248816
2.8496223958333355	2.507315293358198
2.9496223958333356	2.601215033908574
3.0496223958333353	2.6953977649155134
3.149622395833335	2.789851021042794
3.2496223958333346	2.8845695019108146
3.349622395833334	2.979569035106611
3.449622395833334	3.0748162803678953
3.5496223958333335	3.1702887405549225
3.649622395833333	3.265992154797874
3.749622395833333	3.3619090740098394
3.8496223958333324	3.4580169008043558
3.949622395833332	3.5543219820201593
4.049622395833332	3.6508068254621047
4.149622395833331	3.7474576250034124
4.249622395833331	3.844254854340437
4.349622395833331	3.941216738440969
4.44962239583333	4.038317445776018
4.54962239583333	4.135551068842347
4.64962239583333	4.232902474644853
4.749622395833329	4.330361634419685
4.849622395833329	4.427921701325645
4.9496223958333285	4.525562179008082
5.049622395833328	4.623302629756834
5.149622395833328	4.721125733618828
5.212999999999999	4.783161909690776
1000005.213	4.783161909690776
