-100001.1	0
0	0
0.0033333333333334103	0.003161957727165641
0.008333333333333304	0.007906675546662084
0.015833333333333366	0.015027498841745082
0.027083333333333348	0.025716138837894316
0.04395833333333332	0.04175685605669846
0.06927083333333339	0.06582954919588052
0.1072395833333335	0.10196314990719309
0.16419270833333344	0.15621624982708518
0.24962239583333345	0.23774288754961304
0.34962239583333354	0.33334214900907616
0.44962239583333363	0.4290312919120324
0.5496223958333337	0.5247995625713646
0.6496223958333338	0.6206550284479446
0.7496223958333339	0.7165859963390355
0.849622395833334	0.8125912523340569
0.9496223958333339	0.9086867582547408
1.049622395833334	1.0048723357834939
1.149622395833334	1.1011411792616455
1.2496223958333341	1.197490972188613
1.3496223958333342	1.2939096547177822
1.4496223958333343	1.3904123017789594
1.5496223958333344	1.4870109058977878
1.6496223958333345	1.5836980878818026
1.7496223958333346	1.6804612195585678
1.8496223958333347	1.7772957741127369
1.9496223958333347	1.8741913743708978
2.049622395833335	1.9711733489676913
2.149622395833335	2.0682170397154103
2.249622395833335	2.1653448874176027
2.349622395833335	2.262544029707511
2.449622395833335	2.359810991104884
2.5496223958333353	2.4571423753533113
2.6496223958333354	2.5545350706482353
2.7496223958333355	2.651987830387444
2.8496223958333355	2.749499852076607
2.9496223958333356	2.8470684973542397
3.0496223958333353	2.944693220694753
3.149622395833335	3.042370282724978
3.2496223958333346	3.1401017236819184
3.349622395833334	3.237879319735467
3.449622395833334	3.335700213737334
3.5496223958333335	3.4335632175779254
3.649622395833333	3.5314685281367826
3.749622395833333	3.6294161812317265
3.8496223958333324	3.727402412045732
3.949622395833332	3.8254252678355405
4.049622395833332	3.923482603992552
4.149622395833331	4.021571581076716
4.249622395833331	4.1196894142592395
4.349622395833331	4.217835407185565
4.44962239583333	4.316009120616653
4.54962239583333	4.414207619158828
4.64962239583333	4.5124285705453815
4.749622395833329	4.610672843104593
4.849622395833329	4.708937566136696
4.9496223958333285	4.807220731092084
5.049622395833328	4.905513964261093
5.149622395833328	5.003811392381488
5.212999999999999	5.066118830838778
1000005.213	5.066118830838778
