-179769313486231570000000000000000000000000000000000000000000000000000000000000000000000000000000000000000000000000000000000000000000000000000000000000000000000000000000000000000000000000000000000000000000000000000000000000000000000000000000000000000000000000000000000000000000000000000000000000000000000000000	0
-0.0000000000000004440892098500626	0
0.0033333333333329662	0.0032885327700379846
0.0066666666666663765	0.006577069899040428
0.01166666666666627	0.01150988343906788
0.019166666666666332	0.018909120563800227
0.030416666666666314	0.03000801124899355
0.04729166666666629	0.04665641645642199
0.07260416666666636	0.07162915000770502
0.11057291666666647	0.10908861092310307
0.1675260416666664	0.16527886102999848
0.2529557291666664	0.24956634396753044
0.3529557291666665	0.3482321568064102
0.4529557291666666	0.4469004225472555
0.5529557291666667	0.5455705790193677
0.6529557291666668	0.6442420523891387
0.7529557291666669	0.7429142617910078
0.852955729166667	0.8415866821599054
0.9529557291666668	0.9402587408101899
1.052955729166667	1.0389299410219996
1.152955729166667	1.13759975604608
1.252955729166667	1.2362677155681487
1.3529557291666672	1.3349333515353154
1.4529557291666673	1.4335962254335868
1.5529557291666674	1.5322559327556395
1.6529557291666674	1.6309120727615591
1.7529557291666675	1.729564293105562
1.8529557291666676	1.8282122563879493
1.9529557291666677	1.926855674020139
2.052955729166668	2.0254942726498197
2.152955729166668	2.1241278089937237
2.252955729166668	2.2227560883764483
2.352955729166668	2.321378938905353
2.452955729166668	2.419996213316117
2.5529557291666682	2.5186078143665602
2.6529557291666683	2.617213665714604
2.7529557291666684	2.7158137534236646
2.8529557291666685	2.8144080558112714
2.9529557291666686	2.912996629028924
3.0529557291666682	3.0115795269622434
3.152955729166668	3.1101568587390083
3.2529557291666675	3.2087287684844132
3.352955729166667	3.3072954174727087
3.452955729166667	3.4058570204156347
3.5529557291666665	3.504413798701751
3.652955729166666	3.6029660425461825
3.7529557291666658	3.701514029271697
3.8529557291666654	3.800058103743994
3.952955729166665	3.8985986157228893
4.052955729166665	3.9971359430398166
4.152955729166664	4.0956705008746415
4.252955729166664	4.19420271763133
4.352955729166664	4.292733058175973
4.452955729166663	4.39126198860769
4.552955729166663	4.48979001496764
4.652955729166663	4.588317646552009
4.752955729166662	4.686845415192287
4.852955729166662	4.785373864050229
4.9529557291666615	4.88390355103084
5.052955729166661	4.98243503968537
5.152955729166661	5.080968896458004
5.212999999999999	5.199300058509747
179769313486231570000000000000000000000000000000000000000000000000000000000000000000000000000000000000000000000000000000000000000000000000000000000000000000000000000000000000000000000000000000000000000000000000000000000000000000000000000000000000000000000000000000000000000000000000000000000000000000000000000	5.199300058509747
