-179769313486231570000000000000000000000000000000000000000000000000000000000000000000000000000000000000000000000000000000000000000000000000000000000000000000000000000000000000000000000000000000000000000000000000000000000000000000000000000000000000000000000000000000000000000000000000000000000000000000000000000	0
-0.0000000000000004440892098500626	0
0.0033333333333329662	0.003293000000000053
0.0066666666666663765	0.006586000000000106
0.01166666666666627	0.011525499999999966
0.019166666666666332	0.018934749999999976
0.030416666666666314	0.030048624999999884
0.04729166666666629	0.046719437499999746
0.07260416666666636	0.07172565624999964
0.11057291666666647	0.1092349843749995
0.1675260416666664	0.16549897656249907
0.2529557291666664	0.2498949648437485
0.3529557291666665	0.3486849648437479
0.4529557291666666	0.44747496484374727
0.5529557291666667	0.5462649648437466
0.6529557291666668	0.645054964843746
0.7529557291666669	0.7438449648437454
0.852955729166667	0.8426349648437448
0.9529557291666668	0.9414249648437439
1.052955729166667	1.0402149648437433
1.152955729166667	1.1390049648437428
1.252955729166667	1.2377949648437423
1.3529557291666672	1.3365849648437418
1.4529557291666673	1.4353749648437413
1.5529557291666674	1.5341649648437408
1.6529557291666674	1.6329549648437403
1.7529557291666675	1.7317449648437397
1.8529557291666676	1.8305349648437392
1.9529557291666677	1.9293249648437387
2.052955729166668	2.028114964843738
2.152955729166668	2.1269049648437375
2.252955729166668	2.2256949648437367
2.352955729166668	2.324484964843736
2.452955729166668	2.4232749648437353
2.5529557291666682	2.5220649648437345
2.6529557291666683	2.620854964843734
2.7529557291666684	2.719644964843733
2.8529557291666685	2.8184349648437323
2.9529557291666686	2.9172249648437316
3.0529557291666682	3.0160149648437304
3.152955729166668	3.1148049648437293
3.2529557291666675	3.213594964843728
3.352955729166667	3.312384964843727
3.452955729166667	3.4111749648437257
3.5529557291666665	3.5099649648437246
3.652955729166666	3.6087549648437234
3.7529557291666658	3.707544964843722
3.8529557291666654	3.806334964843721
3.952955729166665	3.90512496484372
4.052955729166665	4.003914964843719
4.152955729166664	4.102704964843718
4.252955729166664	4.201494964843717
4.352955729166664	4.3002849648437165
4.452955729166663	4.399074964843716
4.552955729166663	4.497864964843715
4.652955729166663	4.596654964843714
4.752955729166662	4.6954449648437135
4.852955729166662	4.794234964843713
4.9529557291666615	4.893024964843712
5.052955729166661	4.991814964843711
5.152955729166661	5.090604964843711
5.212999999999999	5.20924043515622
179769313486231570000000000000000000000000000000000000000000000000000000000000000000000000000000000000000000000000000000000000000000000000000000000000000000000000000000000000000000000000000000000000000000000000000000000000000000000000000000000000000000000000000000000000000000000000000000000000000000000000000	5.20924043515622
