0	40	1.8456061519362152	11.703642673472782	17.666402450897106	0.19926832148788481	7.310134622573415	7.732996058495289	5.585730077474566
-60	5	4.491393848063785	19.85005911726329	17.521193273752818	0.1309444253179657	7.910929283083335	1.3324446056180435	1.3193467250539146
-60	-5	4.491393848063785	19.897744691807077	17.50990909938549	0.13529059571687138	7.910836946081613	1.1417476096265289	1.2319255989909104
-60	10	4.491393848063785	19.816199817399063	17.527309372114527	0.1287372469271287	7.911045878730532	1.4755756241979974	1.4085535241863623
-60	0	4.491393848063785	19.87705307183856	17.515426994773936	0.1331249680701816	7.910874228959034	0.0010803312563407875	0.0011053437747084761
-60	-40	4.491393848063785	19.67353723436308	17.46528859982377	0.1431794089082754	7.9032173880434495	1.7031140876697457	2.136713779910886
15	10	3.8456061519362152	21.723312923999075	17.515391063507373	0.25847459003993517	8.011333631767883	0.0006987453841342994	0.0015448538716125399
-60	-10	4.491393848063785	19.9123065933378	17.50455405901591	0.13745218298754022	7.9107750051462356	1.0841501404292337	1.2248973539956338
-60	40	4.491393848063785	19.271421091328612	17.578218451389198	0.10571553935511026	7.914223318656239	3.9919380495977728	2.2435434775380476
15	0	1.8456061519362152	11.636580255298673	17.485772064794975	0.33922337508149775	7.247793890351345	6.3834695217426916	2.480212996919519
60	40	4.491393848063785	19.745049359550638	17.56845692918785	0.3679605619504268	7.928856726393526	0.005973030870576131	0.0033678080394699828
-60	-5	3.8456061519362152	18.54565978832891	17.51524470341889	0.052614938285220195	7.851245135719277	2.9054011805067907	1.6437280289875729
60	10	4.491393848063785	20.258961772575066	17.524706853723412	0.3492068283786087	7.9314944379763475	1.0737720294972495	1.4107781029488533
60	40	3.8456061519362152	18.330987938254147	17.595615990146868	0.44312392920622073	7.887534986162706	5.504462638346372	3.18046186783505
-60	40	3.8456061519362152	17.722188334942985	17.607070277549294	0.010838852775096153	7.87131449291786	6.295005484846284	3.40668375932788
60	5	4.491393848063785	20.26829491343471	17.518723033461505	0.3491066442890529	7.931139945946119	1.0198396663716884	1.3886713949203353
15	40	4.491393848063785	21.724041640306652	17.515370586689116	0.2584202258501241	8.011389113670361	0.0010397200325627108	0.00016776091640058964
60	-10	4.491393848063785	20.21283085272505	17.50049921386102	0.3519394047199632	7.9293784630419335	1.1235080816656429	1.4341991894428716
60	-5	4.491393848063785	20.24540600268029	17.50672442039677	0.35046742662490715	7.930078793080687	1.0437796098910028	1.3996813643860193
60	10	3.8456061519362152	18.799557413270243	17.52814103121146	0.43488509278347165	7.872110590220774	2.9650442929550658	2.0218382903293093
60	-40	4.491393848063785	19.52462853046066	17.449623878975746	0.3796425267986815	7.921904541203512	3.501398608102249	1.956891370698716
60	0	4.491393848063785	20.26369386945825	17.51276308530612	0.349530659663139	7.930665769856149	0.0009113670063655414	0.0011547674049166607
15	-40	4.491393848063785	21.719959094978705	17.514970987149965	0.25867199657087603	8.011092394809989	0.004133509095075589	0.0006669496478964495
-15	40	4.491393848063785	21.72184354966382	17.515466868295302	0.2579590516181799	8.011228915692325	0.000006866462128577713	0.0000011860423507076753
-15	-40	4.491393848063785	21.715869195004867	17.514783004903236	0.25756472014506493	8.01079794755086	0.008033004094477499	0.0012961406710693421
-60	0	3.8456061519362152	18.507608000974802	17.523007150165917	0.04859876231698213	7.852044783163834	0.002924534141219951	0.0017703053945197207
-60	-40	3.8456061519362152	18.308695132664102	17.44463077592702	0.07325714143804196	7.847166170099299	4.13413924753931	3.551565259292729
15	10	4.491393848063785	21.72629060000001	17.515269845005207	0.25827253497198477	8.011554941822425	0	0
15	5	4.491393848063785	21.72629060000001	17.515269845005207	0.25827253497198477	8.011554941822425	0	0
15	0	4.491393848063785	21.72629060000001	17.515269845005207	0.25827253497198477	8.011554941822425	0	0
15	-5	4.491393848063785	21.72629060000001	17.515269845005207	0.25827253497198477	8.011554941822425	0	0
15	-10	4.491393848063785	21.72629060000001	17.515269845005207	0.25827253497198477	8.011554941822425	0	0
15	40	3.8456061519362152	21.37025727433881	17.528386025394468	0.272002328641434	7.987557784883619	0.8904202956574842	0.14367110385763754
5	40	4.491393848063785	21.72629060000001	17.515269845005207	0.25827253497198477	8.011554941822425	0	0
5	10	4.491393848063785	21.72629060000001	17.515269845005207	0.25827253497198477	8.011554941822425	0	0
5	5	4.491393848063785	21.72629060000001	17.515269845005207	0.25827253497198477	8.011554941822425	0	0
5	0	4.491393848063785	21.72629060000001	17.515269845005207	0.25827253497198477	8.011554941822425	0	0
5	-5	4.491393848063785	21.72629060000001	17.515269845005207	0.25827253497198477	8.011554941822425	0	0
5	-10	4.491393848063785	21.72629060000001	17.515269845005207	0.25827253497198477	8.011554941822425	0	0
5	-40	4.491393848063785	21.72629060000001	17.515269845005207	0.25827253497198477	8.011554941822425	0	0
0	40	4.491393848063785	21.72629060000001	17.515269845005207	0.25827253497198477	8.011554941822425	0	0
0	10	4.491393848063785	21.72629060000001	17.515269845005207	0.25827253497198477	8.011554941822425	0	0
0	5	4.491393848063785	21.72629060000001	17.515269845005207	0.25827253497198477	8.011554941822425	0	0
0	0	4.491393848063785	21.72629060000001	17.515269845005207	0.25827253497198477	8.011554941822425	0	0
0	-5	4.491393848063785	21.72629060000001	17.515269845005207	0.25827253497198477	8.011554941822425	0	0
0	-10	4.491393848063785	21.72629060000001	17.515269845005207	0.25827253497198477	8.011554941822425	0	0
0	-40	4.491393848063785	21.72629060000001	17.515269845005207	0.25827253497198477	8.011554941822425	0	0
-5	40	4.491393848063785	21.72629060000001	17.515269845005207	0.25827253497198477	8.011554941822425	0	0
-5	10	4.491393848063785	21.72629060000001	17.515269845005207	0.25827253497198477	8.011554941822425	0	0
-5	5	4.491393848063785	21.72629060000001	17.515269845005207	0.25827253497198477	8.011554941822425	0	0
-5	0	4.491393848063785	21.72629060000001	17.515269845005207	0.25827253497198477	8.011554941822425	0	0
-5	-5	4.491393848063785	21.72629060000001	17.515269845005207	0.25827253497198477	8.011554941822425	0	0
-5	-10	4.491393848063785	21.72629060000001	17.515269845005207	0.25827253497198477	8.011554941822425	0	0
-5	-40	4.491393848063785	21.72629060000001	17.515269845005207	0.25827253497198477	8.011554941822425	0	0
-60	-10	3.8456061519362152	18.570293422483342	17.507310690419125	0.05631070740678829	7.850471417408063	2.81979584315971	1.738063239938073
-15	10	4.491393848063785	21.72629060000001	17.515269845005207	0.25827253497198477	8.011554941822425	0	0
-15	5	4.491393848063785	21.72629060000001	17.515269845005207	0.25827253497198477	8.011554941822425	0	0
-15	0	4.491393848063785	21.72629060000001	17.515269845005207	0.25827253497198477	8.011554941822425	0	0
-15	-5	4.491393848063785	21.72629060000001	17.515269845005207	0.25827253497198477	8.011554941822425	0	0
-15	-10	4.491393848063785	21.72629060000001	17.515269845005207	0.25827253497198477	8.011554941822425	0	0
60	5	3.8456061519362152	18.80405901529927	17.518965096140953	0.43531878779561595	7.87106359253432	2.878681229437728	1.9727903504742481
-60	5	3.8456061519362152	18.45587001373793	17.53073603700632	0.044189830670641125	7.852870308714947	3.23868992790695	1.544439829710754
15	5	3.8456061519362152	21.72629052389997	17.515269848539802	0.25827254044032827	8.011554936085437	0.00000000041190360491861197	0.00000000361503855783262
60	-5	3.8456061519362152	18.77165383074746	17.500644716468653	0.43722464864789207	7.869895167216298	2.9264844202047016	1.9838191760043122
-60	10	3.8456061519362152	18.39161529918834	17.538681285142882	0.03945037807268851	7.853812997000227	3.494296428075839	1.6093295369669898
15	40	2.8456061519362152	18.15657723341394	17.60581161041067	0.31137511090048814	7.784171870672896	5.9940921987444815	2.866390471651655
60	-40	3.8456061519362152	18.02802587904833	17.41547521865342	0.45926492078655307	7.879392485097999	5.922639165963892	3.4147718611522606
60	-10	3.8456061519362152	18.734247141961543	17.49117591415636	0.43871658935774166	7.869782001010492	3.0637511575096306	2.0453762544292897
15	-10	3.8456061519362152	21.721964105069794	17.515083330242902	0.2585637782495989	8.011233994799404	0.0011499102979154554	0.002542332895616296
60	0	3.8456061519362152	18.794699834424375	17.509852647467234	0.4360991649159782	7.8703271229214895	0.0024122179842655366	0.0018137120971660797
-5	-40	2.8456061519362152	17.914846239255976	17.405519465502678	0.22429367186260862	7.760988088731073	5.609229607393581	2.636582548623889
-15	10	3.8456061519362152	21.718279159821293	17.515577181939967	0.25769019800754706	8.010962814868279	0.00261474803724556	0.005780936416573656
15	10	2.8456061519362152	18.512921729741542	17.533437859266716	0.3332317451552491	7.781510440308938	6.189690906196804	2.5469450270137672
60	40	2.8456061519362152	15.338978738957314	17.642194496275973	0.6026584063548436	7.81240211007429	9.001627424971673	4.864404454943736
15	-5	3.8456061519362152	21.72628635153303	17.51526963749059	0.2582728391075464	8.01155462184921	0.0000000878871382557448	0.0000007713343358454253
5	40	3.8456061519362152	21.488375715907278	17.52485354735198	0.26227815710440106	7.994810245859572	1.4491173471872862	0.05395302846761685
15	-40	3.8456061519362152	21.282552765010553	17.497769108607176	0.27428120796040606	7.981837643866005	1.1943865482500824	0.19271656829222023
-15	5	3.8456061519362152	21.72586426416251	17.515287623401374	0.2582398465943486	8.0115229841747	0.00004098436921363195	0.0003596950980704771
15	0	3.8456061519362152	21.72629060000001	17.515269845005207	0.25827253497198477	8.011554941822425	0	0
-15	-10	3.8456061519362152	21.715761854637822	17.51484063370516	0.2575128668624573	8.010778207118772	0.003764013883439421	0.008321843872269896
5	-40	3.8456061519362152	21.404503463790387	17.501530638716755	0.26284486425018266	7.989086402298795	1.7269643427050285	0.08094949877260077
-5	40	3.8456061519362152	21.47198070622103	17.52547008387077	0.2524940765792821	7.993686237341783	1.5073759221578666	0.05895170904736172
-15	40	3.8456061519362152	21.31746545674054	17.53016192777693	0.2404620315518115	7.984110455597285	0.0028489649014745923	0.0004921010216841459
5	10	3.8456061519362152	21.72629060000001	17.515269845005207	0.25827253497198477	8.011554941822425	0	0
5	5	3.8456061519362152	21.72629060000001	17.515269845005207	0.25827253497198477	8.011554941822425	0	0
5	0	3.8456061519362152	21.72629060000001	17.515269845005207	0.25827253497198477	8.011554941822425	0	0
5	-5	3.8456061519362152	21.72629060000001	17.515269845005207	0.25827253497198477	8.011554941822425	0	0
5	-10	3.8456061519362152	21.72629060000001	17.515269845005207	0.25827253497198477	8.011554941822425	0	0
-5	-40	3.8456061519362152	21.385340629586036	17.500770742790813	0.25136320083349417	7.9877871261973326	1.7839483325324512	0.08753113058282534
0	40	3.8456061519362152	21.496920684080937	17.52464752053356	0.2575285501461695	7.995293917419918	0.0028268527199240456	0.0001604166270174709
0	10	3.8456061519362152	21.72629060000001	17.515269845005207	0.25827253497198477	8.011554941822425	0	0
0	5	3.8456061519362152	21.72629060000001	17.515269845005207	0.25827253497198477	8.011554941822425	0	0
0	0	3.8456061519362152	21.72629060000001	17.515269845005207	0.25827253497198477	8.011554941822425	0	0
0	-5	3.8456061519362152	21.72629060000001	17.515269845005207	0.25827253497198477	8.011554941822425	0	0
0	-10	3.8456061519362152	21.72629060000001	17.515269845005207	0.25827253497198477	8.011554941822425	0	0
0	-40	3.8456061519362152	21.41242800489958	17.50170832854154	0.25725047231199794	7.989500839873783	0.002985038115574637	0.00022153581954713564
-15	-5	3.8456061519362152	21.725627046611883	17.515240583113492	0.2582218371781927	8.011505250113172	0.00007392368862864765	0.0006487836446227363
-5	10	3.8456061519362152	21.72629060000001	17.515269845005207	0.25827253497198477	8.011554941822425	0	0
-5	5	3.8456061519362152	21.72629060000001	17.515269845005207	0.25827253497198477	8.011554941822425	0	0
-5	0	3.8456061519362152	21.72629060000001	17.515269845005207	0.25827253497198477	8.011554941822425	0	0
-5	-5	3.8456061519362152	21.72629060000001	17.515269845005207	0.25827253497198477	8.011554941822425	0	0
-5	-10	3.8456061519362152	21.72629060000001	17.515269845005207	0.25827253497198477	8.011554941822425	0	0
-15	40	2.8456061519362152	17.963639813459448	17.60891075283861	0.17427570442825335	7.771757305013272	6.174933996859345	3.0823612095934125
-15	-40	3.8456061519362152	21.22161599334467	17.49556441019624	0.23752560430597108	7.977881814959789	1.4142833474631569	0.22857032602819233
5	40	2.8456061519362152	18.22952826536554	17.607495174586646	0.26707070582176723	7.783625755683594	6.042181784550911	2.5066445539584095
60	10	2.8456061519362152	15.544878456956477	17.53350532065294	0.6337324637483396	7.7857903984619945	8.680483502686528	2.906688696574805
-15	0	3.8456061519362152	21.72629060000001	17.515269845005207	0.25827253497198477	8.011554941822425	0	0
60	-40	2.8456061519362152	14.93976772917934	17.351069751879056	0.6239642174500104	7.802868196215656	9.402887480089	5.023781238114053
15	-40	2.8456061519362152	17.842447218229868	17.404641660028194	0.31411018229981025	7.763921037995873	6.279992166822982	3.2112176877357195
60	5	2.8456061519362152	15.53902349176791	17.517459235204523	0.6355141536412563	7.783884655267537	8.824914229970373	2.872026131684487
5	-40	2.8456061519362152	17.92884874603353	17.403867567167367	0.26774264315561946	7.763578501897585	6.0239408105631576	2.6881841331619696
-60	5	2.8456061519362152	15.43489341969835	17.5536017559587	-0.14474287222758905	7.763790331909046	7.845117744911198	2.41583039235824
15	5	2.8456061519362152	18.50400847074706	17.521478005333986	0.33426565791194335	7.779484526062365	6.566306107120072	2.580753632486305
60	-5	2.8456061519362152	15.491924674984052	17.485168153354298	0.6386005404143674	7.783074752578881	8.911533509606254	2.879885424310013
60	-10	2.8456061519362152	15.450952519141577	17.468732722667074	0.639817093677461	7.784098114715149	8.810046779251518	2.9193612973285474
5	5	2.8456061519362152	18.41877612693524	17.5210514526021	0.2747099691790553	7.762427935532689	6.193393983754071	2.5608820748851504
15	-10	2.8456061519362152	18.42913350216844	17.48461828690662	0.3335034640657107	7.775255021171658	6.283449487974069	2.5680985849264784
15	-5	2.8456061519362152	18.461324860275603	17.496822331475457	0.33431950629630985	7.776265169324155	6.608191046343584	2.5899135585894832
60	0	2.8456061519362152	15.522261915671255	17.501388692956006	0.6370200167576231	7.782898139603401	0.008396275194238634	0.0035787829561679
-15	-40	2.8456061519362152	17.815012441437137	17.40984313122175	0.1829822794395315	7.756168829577864	5.163442875140744	3.0756866652931856
0	-40	2.8456061519362152	17.933101148462384	17.40434440497045	0.24570001567028588	7.762563167450798	0.005452129111531637	0.0029369499496017543
5	10	2.8456061519362152	18.440018268262893	17.533274347211144	0.2747713570990472	7.7656626386820635	6.2654129013167825	2.650650261857287
5	-10	2.8456061519362152	18.35569513466584	17.484587411252143	0.27452683320966553	7.759235654424753	6.265412901316784	2.650650261857287
5	-5	2.8456061519362152	18.37693727599399	17.49689441164099	0.2745886435401515	7.75923536195151	6.193393983754061	2.5608820748851486
15	0	2.8456061519362152	18.484158843983842	17.509178156476104	0.33441931815087694	7.777467877929507	0.006237799390842514	0.003042901060152807
-60	40	2.8456061519362152	14.831349158240814	17.66339676980191	-0.15759522157799308	7.797956425566025	8.892117009289446	3.9298873717559264
-5	10	2.8456061519362152	18.356338372673736	17.533198101020286	0.21641450037983964	7.759284690799702	6.265412901316784	2.650650261857287
-5	40	2.8456061519362152	18.165825479793565	17.6085652887667	0.22215261665341743	7.779450763586825	6.09772662671437	2.5746798993541584
-5	5	2.8456061519362152	18.33509623134494	17.520919333774188	0.2162852229043715	7.756041970710716	6.193393983754056	2.5608820748851504
5	0	2.8456061519362152	18.39785670146435	17.508986666096817	0.2746493753367325	7.760303393133655	0.005626190826709763	0.002876562475642211
-60	-10	2.8456061519362152	15.51726758770094	17.510784274369854	-0.12995519266144911	7.753184636752794	8.087482256289187	2.679015926755983
0	40	2.8456061519362152	18.214546813481252	17.608129441376814	0.24482915948922712	7.78199392152471	0.0055370578979232025	0.002826294391110045
0	10	2.8456061519362152	18.3980178829781	17.533143889331498	0.24565856639363062	7.761177246372842	0.005611029485817364	0.0029528250564005622
-60	-40	2.8456061519362152	15.236838467009806	17.39853659749565	-0.08782913433572703	7.755636728982241	9.804297989408273	5.323252158741659
0	-10	2.8456061519362152	18.314015624361705	17.484531242133013	0.24528088481125654	7.75476755519801	0.005611029485817364	0.0029528250564005622
0	5	2.8456061519362152	18.37685657441027	17.520939580685468	0.2455637486277432	7.7579555210061315	0.005568922581939149	0.0028804117298167906
-60	-5	2.8456061519362152	15.499784654149286	17.525396857531735	-0.1353070547483255	7.756252760082156	8.140053330401578	2.5622935451780138
0	0	2.8456061519362152	18.356016753669408	17.508893181994452	0.24547015769653951	7.755838101179499	0.005554697276574887	0.002856179753010594
0	-5	2.8456061519362152	18.335176932928672	17.49681939935287	0.24537635401383598	7.754771553032893	0.005568922581939149	0.0028804117298167906
-5	-5	2.8456061519362152	18.293257380404444	17.49665148770478	0.21602971794920992	7.7528480922050464	6.193393983754066	2.5608820748851486
-60	10	2.8456061519362152	15.39052848332178	17.567452825665047	-0.14850406476045394	7.767890944142261	7.7787246808732435	2.412872143064331
60	40	1.8456061519362152	11.674098973917548	17.695112108247987	0.7973092582153203	7.722123871003431	12.155997811201155	6.021395778108823
-5	-10	2.8456061519362152	18.27201523907592	17.48428784283974	0.21589954683646212	7.752855144453807	6.2654129013167825	2.650650261857287
-15	10	2.8456061519362152	18.264622501658764	17.53355536368946	0.15617687620814494	7.762936564716255	6.450268627321011	2.6087597681289116
-5	0	2.8456061519362152	18.31417680587445	17.508799270750853	0.2161576163524532	7.753914362924987	0.005626190826709763	0.002876562475642211
-60	0	2.8456061519362152	15.471142905992208	17.539654005829668	-0.14036489968321836	7.759904437260561	0.00867416374029959	0.0033611066573625554
-15	5	2.8456061519362152	18.249332611847297	17.521156497220154	0.15548378733665633	7.760238979028545	6.754804513737132	2.6274136852884755
-5	40	1.8456061519362152	11.680047006348609	17.667877013766617	0.15534692764397248	7.311309814992562	7.6286726893553265	5.557651808760719
-15	-5	2.8456061519362152	18.2062492277886	17.496018288998663	0.15506967821040565	7.756975979158875	6.771687849481791	2.6326011852452624
60	-40	1.8456061519362152	11.223616104686224	17.263773478574	0.8213128103673062	7.710113256503904	12.282278076459871	5.985027780077347
-15	-10	2.8456061519362152	18.179529075211633	17.48342722102449	0.15522486338279046	7.7565459608996905	6.514016972981814	2.6240447851093935
15	-40	1.8456061519362152	11.729768160712313	17.318316396353925	0.3723011771547057	7.3366267340096245	7.86323850502344	5.1893775561919036
-15	0	2.8456061519362152	18.227874663355113	17.50860420076747	0.15527037076348887	7.758049053879743	0.006237799390842514	0.003042901060152807
60	5	1.8456061519362152	11.512485868013835	17.50705624523137	0.9033663400305939	7.712099873637622	10.063469014299258	3.010501569937345
15	-5	1.8456061519362152	11.637306724654417	17.46758722743553	0.3415412317833042	7.2492899745068895	5.973836717526745	2.3877172583737205
60	10	1.8456061519362152	11.537452037505028	17.530046912680938	0.8982500457668171	7.712682835039665	10.203862186898835	3.116322174807653
-5	-40	1.8456061519362152	11.813021589313134	17.33910663475838	0.21639793227319265	7.311826416152435	6.673051454945644	5.0316155920675465
0	10	1.8456061519362152	11.668338911286257	17.53018092947821	0.21258706622282364	7.237117689220253	0.005148208050687235	0.00271453396305732
15	-10	1.8456061519362152	11.646828517451594	17.449754690543354	0.34501484643141533	7.253421722430232	5.8617848814861535	2.44500914752768
5	-40	1.8456061519362152	11.770462872090103	17.331372831047293	0.2923490602786643	7.31474240467776	6.8593685493467165	5.031650589574447
60	-5	1.8456061519362152	11.463312113459166	17.46148060001652	0.9065722034679076	7.710944237678334	10.063469014299256	3.0105015699373463
5	10	1.8456061519362152	11.6469779558403	17.526752624271893	0.25093036891817455	7.236498126777529	5.236642608520725	2.368661000556305
60	0	1.8456061519362152	11.487898990736507	17.484317194065817	0.9061135390755674	7.711523292327952	0.00968172189481048	0.0038683488256876734
60	-10	1.8456061519362152	11.438345943967171	17.438191256120312	0.9046810014206201	7.710353702905895	10.203862186898832	3.1163221748076526
15	40	1.8456061519362152	11.83248336030771	17.671278970371024	0.3380279622423899	7.343525588301835	9.00728377877026	5.806874041521222
5	5	1.8456061519362152	11.657781486126677	17.509493885350285	0.2545890603768833	7.235388314196851	5.18390260531032	2.2886259068092962
15	5	1.8456061519362152	11.648627168014738	17.50487546288233	0.3383186828989855	7.249386413382137	6.700323503771322	2.6211483707325174
15	10	1.8456061519362152	11.669174915975752	17.524771017257944	0.33817982476750696	7.253703437078398	6.86408718796001	2.732187932641698
5	-5	1.8456061519362152	11.6790602868987	17.475594184407644	0.26177548036126647	7.237698524887178	5.198963052400485	2.288546487603406
-5	10	1.8456061519362152	11.689536673081305	17.533856796075558	0.17432771018706486	7.241120136246083	5.267112847302493	2.3687685758148027
-5	-5	1.8456061519362152	11.721619004140727	17.48286465740095	0.18534310850138677	7.240416283057361	5.183902605310324	2.288625906809298
5	-10	1.8456061519362152	11.689863817185437	17.458430090928218	0.2654141078701862	7.241145812348506	5.267112847302493	2.3687685758148027
5	0	1.8456061519362152	11.668420886512463	17.492528579810326	0.25818554669928084	7.235799270724224	0.005165236835241394	0.0026435843371867725
0	-5	1.8456061519362152	11.700299159389658	17.479300309809986	0.22347603477403594	7.237376539249078	0.005111369681437664	0.002647446631338488
5	40	1.8456061519362152	11.739990785702693	17.666569688768178	0.24440258971195178	7.3152722538785575	8.05726850105035	5.629151670382989
0	0	1.8456061519362152	11.689700245133311	17.49614291578515	0.21987154630711367	7.235803075968085	0.005099026530732653	0.002625023098265502
-15	40	1.8456061519362152	11.666869938497928	17.676428119500013	0.0685789245186277	7.3328503830279965	8.166063756875433	5.528286983731093
-15	-5	1.8456061519362152	11.765844771748716	17.489781176289416	0.1072107626601886	7.257195833101958	5.671693159134652	2.359931966904936
0	5	1.8456061519362152	11.679101330877762	17.513016091464518	0.21626051561350534	7.235704487025494	0.005111369681437664	0.002647446631338488
0	-40	1.8456061519362152	11.7913539301292	17.33585369143862	0.2541750656901178	7.311077090110587	0.006075574844350768	0.00473783542820732
-5	5	1.8456061519362152	11.700340203368032	17.516654274293188	0.178043824756264	7.239373419551684	5.198963052400481	2.288546487603404
-5	-10	1.8456061519362152	11.732422534426975	17.465756130879157	0.18903891807335818	7.243213630876522	5.236642608520725	2.368661000556305
0	-10	1.8456061519362152	11.71106157898137	17.462229074844338	0.22712945216328073	7.240479335396559	0.005148208050687235	0.00271453396305732
-15	10	1.8456061519362152	11.732757088167439	17.542197014652448	0.09567168624916358	7.260045197696115	5.815127969195866	2.4427475068665374
-5	0	1.8456061519362152	11.710979603754229	17.499744116949064	0.1816967823208042	7.239152831097059	0.005165236835241394	0.0026435843371867725
-15	-40	1.8456061519362152	11.86011160700859	17.342051956876364	0.1397325882035216	7.326921595154828	7.256463802733146	5.190697414119748
-15	5	1.8456061519362152	11.743899164814705	17.524513315613568	0.09956466136530277	7.257484512599695	5.720166021358279	2.3596820518280657
-15	-10	1.8456061519362152	11.776986848396152	17.47219675000527	0.11108188339151856	7.259454318867738	5.715948954548486	2.44243726119488
-60	40	1.8456061519362152	11.556759440523471	17.741034061285248	-0.32036442632398465	7.6945492265609765	9.44253348462591	4.89442412558043
-60	-40	1.8456061519362152	11.435929896212373	17.333907973015492	-0.2923331648120744	7.656521007403496	12.481556730669887	6.13359232585148
-15	0	1.8456061519362152	11.754871968281284	17.507131035271367	0.10339128071036192	7.256553229469135	0.005732282617996568	0.0027950020592306915
15	-5	0.8456061519362152	5.301701325452576	17.433299105016168	0.48636560903497583	6.77007400045913	5.720166021358287	2.359682051828069
15	0	0.8456061519362152	5.290728521985323	17.471729654512	0.4786658887557081	6.7653301865498605	0.005732282617996568	0.0027950020592306915
15	5	0.8456061519362152	5.279755718519231	17.51031994278711	0.47093416414825723	6.764070163345621	5.67169315913466	2.3599319669049397
15	-40	0.8456061519362152	5.494099025276619	17.133553592380885	0.5266610789918919	6.93755875060863	6.642686737567828	3.977981255849107
60	-40	0.8456061519362152	7.499140418387398	17.149679565282625	1.034696774235986	7.597524317251481	10.60436992038097	4.506061925408258
15	10	0.8456061519362152	5.268613641871076	17.54967002910733	0.46305021084541587	6.766377909728037	5.715948954548486	2.44243726119488
15	40	0.8456061519362152	5.253064503218551	17.83292172061216	0.3866659806155486	6.890981618411761	6.273739574486631	4.4360686559951485
-60	10	1.8456061519362152	11.702169614118883	17.593555636768382	-0.37448461037436737	7.663187365884291	9.313768946462558	2.9616992973169887
5	-5	0.8456061519362152	5.345260286898706	17.45124521956529	0.31142902822734836	6.740939783974879	5.198963052400481	2.288546487603404
60	40	0.8456061519362152	7.788732503681372	17.761180103322797	1.0024404381014622	7.602626065011012	11.408146738046007	5.764562804486144
-5	-5	-0.15439384806378476	0.007941674299179182	16.70364480673527	-1.1005773031863995	6.330884668538583	0.01247625754321905	0.012475474941009783
-60	5	1.8456061519362152	11.690341949743955	17.571879424175854	-0.377537394570276	7.661133395932641	9.560739283860855	2.930189434897933
5	10	0.8456061519362152	5.313177955839595	17.56324223053481	0.2879553607947947	6.741347099967815	5.236642608520725	2.368661000556305
-60	-10	1.8456061519362152	11.621945230613878	17.504882797874934	-0.37792420435460683	7.658451880852242	10.203862186898835	3.116322174807653
5	40	0.8456061519362152	5.239665218259548	17.84889861361337	0.2262061513155403	6.8749089193014745	6.4327108564209015	4.7390236621623085
60	5	0.8456061519362152	7.466588386614314	17.48378644378207	1.1538061399569286	7.566120848639758	10.063469014299274	3.01050156993735
60	10	0.8456061519362152	7.491554556104237	17.519271025630292	1.1470161877363996	7.5675051309296295	10.203862186898847	3.1163221748076575
-60	-5	1.8456061519362152	11.64691140010521	17.52766205467105	-0.37980748364597966	7.659144362645864	10.063469014299244	3.0105015699373414
15	-10	0.8456061519362152	5.312843402099736	17.394438138506956	0.4941515651513288	6.778433613991812	5.815127969195866	2.4427475068665374
-60	0	1.8456061519362152	11.671252527155453	17.549986313581453	-0.3794131612455523	7.6598515585146565	0.009637269285857	0.0038531855575073305
5	5	0.8456061519362152	5.323981486126671	17.52537718082228	0.29589156888261264	6.737892523017144	5.183902605310324	2.288625906809298
5	-40	0.8456061519362152	5.456100631364825	17.14439987999426	0.3728802963559265	6.8970093020394865	6.481718743936232	4.3336851333057975
60	-5	0.8456061519362152	7.4174146320590735	17.41319687378389	1.1565934181426596	7.5633670923177085	10.063469014299253	3.010501569937345
60	0	-0.15439384806378476	3.6450374981941995	17.355603029860667	1.3560752745480469	7.210330296520014	5.654177246997459	2.2315378341273875
5	0	0.8456061519362152	5.334620886512498	17.488237275576257	0.30367579255676563	6.737789211130993	0.005165236835241394	0.0026435843371867725
60	0	0.8456061519362152	7.4420015093363165	17.448608265658986	1.1569668269735176	7.564748519407426	0.00968172189481048	0.0038683488256876734
60	-10	0.8456061519362152	7.392448462568908	17.376998172725596	1.1525616854801777	7.561954951658829	10.203862186898835	3.116322174807653
0	-5	0.8456061519362152	5.366499159388884	17.459421857478773	0.22773022514539704	6.73824610886273	0.005111369681437664	0.002647446631338488
-5	40	0.8456061519362152	5.284148377130732	17.861550546559233	0.06062414746730543	6.890286030737526	6.482728821737391	4.691190275823535
5	-10	0.8456061519362152	5.35606381718617	17.41383288330864	0.3192703512372925	6.747448582220711	5.267112847302493	2.3687685758148027
0	5	0.8456061519362152	5.345301330877706	17.53300959856591	0.21198170235464056	6.736579089633235	0.005111369681437664	0.002647446631338488
0	40	0.8456061519362152	5.254323959211505	17.855837156850452	0.14289179169130822	6.878688028848362	0.006058293007791536	0.004699363531732807
-5	5	0.8456061519362152	5.3665402033680305	17.540862579382694	0.12867711683660257	6.7425959544469976	5.198963052400481	2.288546487603404
-5	-10	0.8456061519362152	5.398622534427202	17.43010558909554	0.15286530166258439	6.747951103791003	5.236642608520725	2.368661000556305
0	10	0.8456061519362152	5.334538911286071	17.570594913650858	0.2039380638019602	6.740680727124017	0.005148208050687235	0.00271453396305732
-5	0	0.8456061519362152	5.3771796037548985	17.503985985291347	0.13673058480573053	6.7411198473593315	0.005165236835241394	0.0026435843371867725
0	-40	0.8456061519362152	5.4640422844391825	17.151520538422353	0.29363714192606344	6.8884140304653965	0.005958734579382592	0.004368756464364502
0	0	0.8456061519362152	5.355900245133302	17.49614291578515	0.21987154630711195	6.735803075968083	0.005099026530732653	0.002625023098265502
-5	10	0.8456061519362152	5.3557366730812435	17.578457975999886	0.12046666980636359	6.747423467510384	5.267112847302493	2.3687685758148027
0	-10	0.8456061519362152	5.377261578981282	17.422282443534733	0.23567843633237343	6.744001169840705	0.005148208050687235	0.00271453396305732
-5	-5	0.8456061519362152	5.38781900414073	17.46725503263641	0.14475224618662696	6.742877344119012	5.18390260531032	2.2886259068092962
-15	40	0.8456061519362152	5.4014213171130985	17.868774180901937	-0.09083925192818695	6.936119770406612	6.331637682028677	4.3165532758964344
-5	-40	0.8456061519362152	5.488423677166843	17.159916829691944	0.21344961389379202	6.8874216097971335	6.559375685719423	4.601227393037764
15	-5	-0.15439384806378476	0.2817146029895705	17.098406222445604	1.5279988682695824	6.424792845368158	0.2562673848180427	0.4308688683054252
-15	5	0.8456061519362152	5.410099164814743	17.557727575271137	-0.041282987565099315	6.777858709104915	5.720166021358279	2.3596820518280657
-15	10	0.8456061519362152	5.398957088167445	17.59622549582801	-0.050033689953790136	6.784497388541132	5.815127969195873	2.4427475068665405
-15	-40	0.8456061519362152	5.564729452283553	17.174600206332585	0.05413338143736977	6.911122370540903	6.8945782669019895	4.502638002634995
60	5	-0.15439384806378476	3.6455402130045345	17.410215838742154	1.3523657293643707	7.208828474334348	5.787791501093565	2.343316977388623
-15	-10	0.8456061519362152	5.443186848396147	17.444332517334043	-0.015507922574417531	6.778957404762672	5.715948954548486	2.44243726119488
-15	-5	0.8456061519362152	5.432044771749464	17.482363346114717	-0.024152453485172386	6.775131101664868	5.671693159134656	2.359931966904938
60	-5	-1.1543938480637848	1.365572310187246	17.17496026213574	1.5825375485068782	6.912423449622822	1.3103160607463216	0.8914804457649905
15	10	-0.15439384806378476	0.2423028005345435	17.720462664415738	1.3642601296961188	6.402705996821879	0.38308528011748566	0.67236071703213
-15	0	0.8456061519362152	5.421071968281233	17.519969188243504	-0.03270038354965362	6.7747860552366665	0.005732282617996571	0.002795002059230692
-15	-10	-0.15439384806378476	0.3091215157162675	17.110932016369016	-0.884155946771397	6.425764824202053	0.33329083382332275	0.658249538622413
-60	40	0.8456061519362152	8.014562105296157	17.83773407553599	-0.48593757373436086	7.550043321550154	9.442589321754134	5.100587842157436
15	0	-0.15439384806378476	0.2447554181913229	17.251795572746055	1.5430940761573273	6.40793652315744	0.00029039366730491316	0.0007064086869577591
60	-40	-0.15439384806378476	4.511594353300494	17.04279919011244	1.2486061675385745	7.456683653813776	7.269087020484601	2.2328905277237654
60	10	-0.15439384806378476	3.667612089682675	17.4680432875302	1.3451324893361427	7.216504466764746	6.043618278410379	2.498296926213795
60	-10	-0.15439384806378476	3.708053400999052	17.25630368296622	1.3539471919393289	7.23883064677822	5.723095928626466	2.094768527906906
-60	-40	0.8456061519362152	7.626465613755787	17.247985044431587	-0.5006677656368066	7.528542171587349	10.217707835904061	5.335751046990317
60	10	-1.1543938480637848	1.2368004658923828	17.366666239041177	1.5589767437249522	6.836043138395487	1.0722368905763648	1.121019366157478
-60	10	0.8456061519362152	7.675931251460287	17.61821472007363	-0.6092837981931222	7.492545908228655	10.07353249192016	3.0864241792703786
60	-5	-0.15439384806378476	3.6656060943796565	17.304256368562385	1.3565390878095498	7.220442412875706	5.632524456565029	2.1512500758157076
15	5	-0.15439384806378476	0.2315025058808501	17.476080806046728	1.4888998460659482	6.398901100845208	0.2595756364613801	0.6551882815895543
15	-10	-0.15439384806378476	0.3422330568372832	17.018729958417072	1.4709610962972137	6.44359350020521	0.37517871014278975	0.3074218696596525
-60	5	0.8456061519362152	7.650187673260594	17.584008063751973	-0.6157688742570667	7.490734582478175	10.063469014299269	3.01050156993735
-60	-5	0.8456061519362152	7.601013918704139	17.515771925576082	-0.6183497859946226	7.487559640497548	10.063469014299274	3.01050156993735
-60	-10	0.8456061519362152	7.577301781673006	17.48095421849532	-0.614462527544164	7.486283176564439	10.026132558546859	3.0766349844224457
60	40	-0.15439384806378476	4.281589343023572	17.848006334414443	1.1808541726254072	7.425096310126602	8.003803859907238	4.441633666350941
-60	0	0.8456061519362152	7.625600795982496	17.55	-0.6187841660594753	7.48915222989826	0.00968172189481048	0.0038683488256876734
60	5	-1.1543938480637848	1.2662656388779456	17.294275574555996	1.5745712177543991	6.85641668085736	1.1282303916965128	1.0343506107129037
60	-10	-1.1543938480637848	1.4369457739867209	17.12805630229334	1.5766126764004518	6.945795324149801	1.4363108809201235	0.8232320672892269
15	40	-0.15439384806378476	0.9185192557008551	18.22499579745593	0.5058151848762986	6.577236920708975	2.299433164557176	0.7010398932709831
5	-5	-0.15439384806378476	0.012737345797109058	16.738375872221308	1.7217135706725704	6.333934849901747	0.02342287249587393	0.023421403241836874
-5	-10	-0.15439384806378476	0.04582423030950524	16.72892315142108	-0.8418598002630369	6.353519517100094	0.16504973525571418	0.041575878340419536
5	40	-0.15439384806378476	0.8641377110579572	18.29258140135006	0.16311939078259532	6.559007314314224	2.166867310701905	0.42047262040205396
15	-40	-0.15439384806378476	1.1667177838634193	16.84513560789966	0.9006006213720344	6.612931481343816	2.99547000650303	0.6451307356940107
60	0	-1.1543938480637848	1.3090755631309956	17.23034445885017	1.5821232732019366	6.882291446094099	0.001063421857306911	0.0009696391824498235
5	5	-0.15439384806378476	0.0009038541615569371	18.370086674731507	1.3371073050920386	6.320532209744573	0.009693291788294898	0.011092941814127823
-15	-40	-0.15439384806378476	1.0646202682469175	16.83331564250831	-0.26825576129262446	6.602551252365671	2.8146621660687297	0.5842779666690323
5	10	-0.15439384806378476	0.024180464991481715	18.389968025505933	0.972165540743933	6.3444428653455684	0.12363521898095495	0.04225877805670894
-15	-5	-0.15439384806378476	0.27944895570284717	17.306032260926507	-0.9524015066477345	6.407478481546164	0.22214093718007266	0.7538515072131234
-5	-40	-0.15439384806378476	0.9487625760252675	16.782553603829655	0.10721358878469252	6.550996272430896	3.0964390752080413	0.3699560934764867
-5	5	-0.15439384806378476	0.010151428150639134	18.37899011576738	-1.0831458939142176	6.332409719239188	0.01730795912490269	0.017306873488884763
5	-10	-0.15439384806378476	0.05697129076460321	16.746155763753126	1.4629960677491893	6.356569698463277	0.000496580417660746	0.00013322445611236238
-5	40	-0.15439384806378476	0.9538770035727769	18.28621347014895	-0.1261444089840854	6.577303917668677	1.7918089865656521	0.4053700648890159
0	40	-0.15439384806378476	0.8912037721509184	18.298085204856612	0.005117060143828872	6.564233115833799	0.003343804683444879	0.0007793294564002003
-15	10	-0.15439384806378476	0.33540467526070045	17.974538090079548	-0.8716817044221769	6.429107287365716	0.36957206462145065	0.7047808642864576
5	-40	-0.15439384806378476	0.9819145819990014	16.78725354894673	0.5450788945814056	6.554955059023356	3.1523843762041155	0.3887609991655045
-5	10	-0.15439384806378476	0.05706331509775743	18.353711771081464	-0.8067280741330578	6.35659314486659	0.22103300621023841	0.05567800160427715
5	0	-0.15439384806378476	0	17.515269845005207	0.25827253497198477	6.313000000000001	0	0
-15	40	-0.15439384806378476	1.1648458024512889	18.236537518179308	-0.3362742672096335	6.628739807490414	1.8863240776876447	0.6374965394696747
-60	-40	-0.15439384806378476	4.3564673056767385	17.13111302338917	-0.6829673221192776	7.356180899133885	6.759796189761917	3.8538856861527213
-60	-40	-1.1543938480637848	1.9812412404487136	16.985207386665323	-0.8348782952368096	7.127274678390757	0.005973030870576162	0.003367808039470001
-15	5	-0.15439384806378476	0.2924899463241843	17.788701497249907	-0.9451683279253424	6.40941660594353	0.23655464379901558	0.7736506378978938
0	10	-0.15439384806378476	0.010062753065198793	18.53029362286321	-0.000000000000009201345290930372	6.3252911150166495	0.0009623940720716059	0.00001579570971254158
0	5	-0.15439384806378476	0	17.515269845005207	0.25827253497198477	6.313000000000001	0	0
0	0	-0.15439384806378476	0	17.515269845005207	0.25827253497198477	6.313000000000001	0	0
0	-5	-0.15439384806378476	0	17.515269845005207	0.25827253497198477	6.313000000000001	0	0
0	-10	-0.15439384806378476	0.005616188827324457	16.546552940473376	0.328000000000006	6.321208539436768	0.0021434690502249087	0.000010873840203342423
0	-40	-0.15439384806378476	0.9468569483728373	16.777090140633582	0.32800000000004803	6.5455062348085065	0.003786776325904431	0.0006975549425450503
-60	-10	-1.1543938480637848	1.4673288274252	17.384975942714014	-0.9972295307605186	6.846074089792068	1.0737720294972515	1.4107781029488558
-60	40	-0.15439384806378476	4.69810861862067	17.953481032120738	-0.6633613756099785	7.378977904473223	7.1665303665326	4.05391504926088
-60	-5	-0.15439384806378476	3.9400896764733173	17.499597259348686	-0.8130944999685706	7.165005318576959	4.501004051693307	2.29308519511504
-5	0	-0.15439384806378476	0	17.515269845005207	0.25827253497198477	6.313000000000001	0	0
60	-40	-1.1543938480637848	2.3246399552444883	16.96642596485499	1.4381968833078738	7.21800842322557	3.7716147201465424	1.0657505609760085
-60	10	-0.15439384806378476	4.017771275105331	17.650335633878257	-0.8044555812648659	7.179968364694305	4.74300167973111	2.3789237993151207
-15	-40	-1.1543938480637848	0.0022489596933707584	16.542145896749233	-1.1683616532974868	6.3496121346540475	0.0010397200325627236	0.0001677609164005917
-60	-5	-1.1543938480637848	1.4579956865667645	17.467265421762527	-1.0044558343926449	6.8335577647502745	1.0198396663716884	1.3886713949203353
-15	0	-0.15439384806378476	0.2741163147694335	17.55000000000002	-0.9759777167927758	6.401161255077208	0.00026767550164305613	0.0007974343448779827
-60	5	-0.15439384806378476	3.977714504085777	17.600164208308588	-0.8107634979807168	7.169042732452544	4.565908477293755	2.304710284075361
60	40	-1.1543938480637848	1.6184356134073978	17.957264391127328	1.3007217745156627	7.115701786060203	4.128109430389194	2.5039411509280836
-60	10	-1.1543938480637848	1.5134597472757059	17.712537244711612	-0.9926841542488098	6.8539469128499375	1.1235080816656429	1.4341991894428716
-60	-10	-0.15439384806378476	3.941941196268365	17.448710663869388	-0.8091050073471792	7.171915322493617	4.6105166912619095	2.3559257569131082
-60	40	-1.1543938480637848	2.2016620695392617	18.09742689761611	-0.8180525005304529	7.156413525451282	3.5013986081022583	1.9568913706987217
-60	5	-1.1543938480637848	1.480884597320369	17.632095687461998	-1.0021383142357747	6.837571827409598	1.0437796098910028	1.3996813643860193
-60	0	-0.15439384806378476	3.952058678878045	17.550000000000008	-0.8136222649229483	7.164091202861612	0.003950461246186795	0.0023718629104503832
15	-40	-1.1543938480637848	0.004447050336229123	16.55289956368316	1.789497920783292	6.358953843626379	0.000006866462128577634	0.0000011860423507076624
-15	40	-1.1543938480637848	0.006331505021325671	18.540489025753324	-1.1120635160499228	6.364697175064901	0.00413350909507582	0.0006669496478964867
15	40	-1.1543938480637848	0.0002289445623521499	18.580320917220064	1.241199783535987	6.33009521647847	0.0000494253857444897	0.000007974881114621276
-60	0	-1.1543938480637848	1.462596730542132	17.549999999999997	-1.0060723546527728	6.83075786952836	0.0009113670063655414	0.0011547674049166607
15	10	-1.1543938480637848	0	17.515269845005207	0.25827253497198477	6.313000000000001	0	0
15	5	-1.1543938480637848	0	17.515269845005207	0.25827253497198477	6.313000000000001	0	0
15	0	-1.1543938480637848	0	17.515269845005207	0.25827253497198477	6.313000000000001	0	0
15	-5	-1.1543938480637848	0	17.515269845005207	0.25827253497198477	6.313000000000001	0	0
15	-10	-1.1543938480637848	0	17.515269845005207	0.25827253497198477	6.313000000000001	0	0
5	40	-1.1543938480637848	0	17.515269845005207	0.25827253497198477	6.313000000000001	0	0
5	10	-1.1543938480637848	0	17.515269845005207	0.25827253497198477	6.313000000000001	0	0
5	5	-1.1543938480637848	0	17.515269845005207	0.25827253497198477	6.313000000000001	0	0
5	0	-1.1543938480637848	0	17.515269845005207	0.25827253497198477	6.313000000000001	0	0
5	-5	-1.1543938480637848	0	17.515269845005207	0.25827253497198477	6.313000000000001	0	0
5	-10	-1.1543938480637848	0	17.515269845005207	0.25827253497198477	6.313000000000001	0	0
5	-40	-1.1543938480637848	0	17.515269845005207	0.25827253497198477	6.313000000000001	0	0
0	40	-1.1543938480637848	0	17.515269845005207	0.25827253497198477	6.313000000000001	0	0
0	10	-1.1543938480637848	0	17.515269845005207	0.25827253497198477	6.313000000000001	0	0
0	5	-1.1543938480637848	0	17.515269845005207	0.25827253497198477	6.313000000000001	0	0
0	0	-1.1543938480637848	0	17.515269845005207	0.25827253497198477	6.313000000000001	0	0
0	-5	-1.1543938480637848	0	17.515269845005207	0.25827253497198477	6.313000000000001	0	0
0	-10	-1.1543938480637848	0	17.515269845005207	0.25827253497198477	6.313000000000001	0	0
0	-40	-1.1543938480637848	0	17.515269845005207	0.25827253497198477	6.313000000000001	0	0
-5	40	-1.1543938480637848	0	17.515269845005207	0.25827253497198477	6.313000000000001	0	0
-5	10	-1.1543938480637848	0	17.515269845005207	0.25827253497198477	6.313000000000001	0	0
-5	0	-1.1543938480637848	0	17.515269845005207	0.25827253497198477	6.313000000000001	0	0
-5	5	-1.1543938480637848	0	17.515269845005207	0.25827253497198477	6.313000000000001	0	0
-5	-5	-1.1543938480637848	0	17.515269845005207	0.25827253497198477	6.313000000000001	0	0
-5	-10	-1.1543938480637848	0	17.515269845005207	0.25827253497198477	6.313000000000001	0	0
-5	-40	-1.1543938480637848	0	17.515269845005207	0.25827253497198477	6.313000000000001	0	0
-15	5	-1.1543938480637848	0	17.515269845005207	0.25827253497198477	6.313000000000001	0	0
-15	10	-1.1543938480637848	0	17.515269845005207	0.25827253497198477	6.313000000000001	0	0
-15	0	-1.1543938480637848	0	17.515269845005207	0.25827253497198477	6.313000000000001	0	0
-15	-5	-1.1543938480637848	0	17.515269845005207	0.25827253497198477	6.313000000000001	0	0
-15	-10	-1.1543938480637848	0	17.515269845005207	0.25827253497198477	6.313000000000001	0	0
