-100001.1	0
0	0
0.0033333333333334103	0.0010372106522722332
0.008333333333333304	0.0026008357239583175
0.015833333333333366	0.004964513778597572
0.027083333333333348	0.008552495295795416
0.04395833333333332	0.014022231442768512
0.06927083333333339	0.02242012570106243
0.1072395833333335	0.035455088031357454
0.16419270833333344	0.05600685037358644
0.24962239583333345	0.08914762641152685
0.34962239583333354	0.13164698832677713
0.44962239583333363	0.1781597692017363
0.5496223958333337	0.22886438596600722
0.6496223958333338	0.28386173412365867
0.7496223958333339	0.34323713669047473
0.849622395833334	0.40702917275209444
0.9496223958333339	0.47532935799636433
1.049622395833334	0.5481273558981153
1.149622395833334	0.6254450402846455
1.2496223958333341	0.7073016203778096
1.3496223958333342	0.7936300269257035
1.4496223958333343	0.8844515274827778
1.5496223958333344	0.9797329839677162
1.6496223958333345	1.0794080696524646
1.7496223958333346	1.1834147717738515
1.8496223958333347	1.2917333808718003
1.9496223958333347	1.4042690757085454
2.049622395833335	1.5209544135113906
2.149622395833335	1.641697569421516
2.249622395833335	1.7663388268335636
2.349622395833335	1.8947106476003834
2.449622395833335	2.026956028136538
2.5496223958333353	2.1628462971931626
2.6496223958333354	2.2587548333498755
2.7496223958333355	2.291655450548459
2.8496223958333355	2.3279973662708295
2.9496223958333356	2.367577038532156
3.0496223958333353	2.410345420182191
3.149622395833335	2.4561410413519953
3.2496223958333346	2.5048339844072274
3.349622395833334	2.556341766275421
3.449622395833334	2.610567308864553
3.5496223958333335	2.6674251781871656
3.649622395833333	2.7267608640887544
3.749622395833333	2.7884713890747284
3.8496223958333324	2.852425684905665
3.949622395833332	2.9186532342454456
4.049622395833332	2.986970563944375
4.149622395833331	3.0573382838714114
4.249622395833331	3.1296800766739397
4.349622395833331	3.20387533035791
4.44962239583333	3.2798141869585593
4.54962239583333	3.3574132917393182
4.64962239583333	3.436603833303876
4.749622395833329	3.5172965255409454
4.849622395833329	3.599416179225163
4.9496223958333285	3.682882785647759
5.049622395833328	3.767634762037051
5.149622395833328	3.853588172041221
5.212999999999999	3.908653197036913
1000005.213	3.908653197036913
