-100000	0
1.1000000000000005	0
1.103333333333334	0.0009841329475528166
1.1083333333333338	0.0024680744947114114
1.115833333333334	0.004711415185150423
1.1270833333333339	0.008115538618229725
1.1439583333333339	0.013304611786427965
1.169270833333334	0.021270271456787913
1.207239583333334	0.03362419608681442
1.264192708333334	0.05306109173117432
1.349622395833334	0.08436905292156452
1.449622395833334	0.12436636112724199
1.5496223958333342	0.16808831486994522
1.6496223958333343	0.2156175595951991
1.7496223958333343	0.267065096505233
1.8496223958333344	0.322527281882258
1.9496223958333345	0.3820242100807198
2.0496223958333344	0.4456514411206472
2.1496223958333345	0.5133963338922851
2.2496223958333346	0.5852505124776488
2.3496223958333347	0.6612473428003917
2.4496223958333347	0.7413245644901928
2.549622395833335	0.8254980364463911
2.649622395833335	0.9137300136300117
2.749622395833335	1.0059845001908934
2.849622395833335	1.10218251044378
2.949622395833335	1.2023231941765924
3.0496223958333353	1.3063124586876553
3.1496223958333354	1.414088026488037
3.2496223958333355	1.525514220631621
3.3496223958333355	1.6405526940410868
3.4496223958333356	1.7590946415515931
3.5496223958333357	1.8810734538680323
3.649622395833336	2.0063666515822374
3.749622395833336	2.0985807453029515
3.849622395833336	2.1384820284545856
3.949622395833336	2.1815252333736845
4.049622395833336	2.227537722719451
4.149622395833336	2.2764088746507416
4.2496223958333355	2.3280320316543626
4.349622395833335	2.38234593124051
4.449622395833335	2.4392020758541313
4.549622395833334	2.4985204297293757
4.649622395833334	2.5602174847428425
4.749622395833334	2.6241546582312383
4.849622395833333	2.6902426190485453
4.949622395833333	2.7583577779636403
5.049622395833333	2.828525457747827
5.149622395833332	2.900596305343198
5.249622395833332	2.9745047334090766
5.3496223958333315	3.0501783094865886
5.449622395833331	3.127518907373177
5.549622395833331	3.206430711771927
5.6496223958333305	3.286845090967515
5.74962239583333	3.368676349995195
5.84962239583333	3.4518536367021486
5.949622395833329	3.536301649679314
6.049622395833329	3.6219491017407157
6.149622395833329	3.7087161225941463
6.249622395833328	3.796551198490109
6.313	3.8527447221292275
1000006.313	3.8527447221292275
