-100000	0
1.1000000000000005	0
1.103333333333334	0.0009115897073923614
1.1083333333333338	0.0022867183278957384
1.115833333333334	0.004366820252370097
1.1270833333333339	0.007525845679809294
1.1439583333333339	0.012341598901243282
1.169270833333334	0.01973094004854675
1.207239583333334	0.031182736292399864
1.264192708333334	0.04918692014046327
1.349622395833334	0.07815620453768096
1.449622395833334	0.11514389720280524
1.5496223958333342	0.15551971195297765
1.6496223958333343	0.19937318038117874
1.7496223958333343	0.24678527485053908
1.8496223958333344	0.2978156128739299
1.9496223958333345	0.35253527432607673
2.0496223958333344	0.4110431045144281
2.1496223958333345	0.47326946130515013
2.2496223958333346	0.5392081775032413
2.3496223958333347	0.6089117661232929
2.4496223958333347	0.6822943919329169
2.549622395833335	0.7593907554318572
2.649622395833335	0.84015197525867
2.749622395833335	0.9245560193067232
2.849622395833335	1.0125190144203606
2.949622395833335	1.1040764442752462
3.0496223958333353	1.1991179088159667
3.1496223958333354	1.297586479855419
3.2496223958333355	1.3993375912369268
3.3496223958333355	1.5043557763467998
3.4496223958333356	1.6125761971019625
3.5496223958333357	1.723889650617555
3.649622395833336	1.8381675651563625
3.749622395833336	1.9263023198934563
3.849622395833336	1.9728721042129407
3.949622395833336	2.0222698443335707
4.049622395833336	2.0743181658246246
4.149622395833336	2.128970553874908
4.2496223958333355	2.186107562467226
4.349622395833335	2.2456620964927887
4.449622395833335	2.3075080694331356
4.549622395833334	2.3715644581995723
4.649622395833334	2.4377612156436226
4.749622395833334	2.505995586678267
4.849622395833333	2.5761482598016707
4.949622395833333	2.6481036309749015
5.049622395833333	2.7218978349607834
5.149622395833332	2.7974179832211754
5.249622395833332	2.874578332928361
5.3496223958333315	2.9533226018041545
5.449622395833331	3.0335267499334995
5.549622395833331	3.115090572200433
5.6496223958333305	3.198017849046015
5.74962239583333	3.282217911799923
5.84962239583333	3.3676123087306733
5.949622395833329	3.45413005309525
6.049622395833329	3.5416770697570357
6.149622395833329	3.6302303278996844
6.249622395833328	3.7197179106178098
6.313	3.77690159356371
1000006.313	3.77690159356371
