-100001.1	0
0	0
0.0033333333333334103	0.0005723328005610444
0.008333333333333304	0.00143863565737047
0.015833333333333366	0.002726029992087446
0.027083333333333348	0.004752616155933983
0.04395833333333332	0.007750193770222997
0.06927083333333339	0.012316182563189419
0.1072395833333335	0.019655804019262108
0.16419270833333344	0.03168857822277185
0.24962239583333345	0.052824345845997184
0.34962239583333354	0.08078161744236284
0.44962239583333363	0.11045115851536556
0.5496223958333337	0.14196785384208696
0.6496223958333338	0.1765754364168612
0.7496223958333339	0.2146822753374757
0.849622395833334	0.2553565911577474
0.9496223958333339	0.300323802076122
1.049622395833334	0.34602869455171437
1.149622395833334	0.3963030927937272
1.2496223958333341	0.44891455164715205
1.3496223958333342	0.5034703975935301
1.4496223958333343	0.5616434543915227
1.5496223958333344	0.6246979451138411
1.6496223958333345	0.688519406331349
1.7496223958333346	0.7552126788726302
1.8496223958333347	0.8256968830116117
1.9496223958333347	0.8962068743350867
2.049622395833335	0.9695789585204847
2.149622395833335	1.0455215669789089
2.249622395833335	1.1208976876221972
2.349622395833335	1.2038415637334987
2.449622395833335	1.2842550815882667
2.5496223958333353	1.3694978457946358
2.6496223958333354	1.4554050283721354
2.7496223958333355	1.5096529320364687
2.8496223958333355	1.5686451622210353
2.9496223958333356	1.6170489271849526
3.0496223958333353	1.6813262404881213
3.149622395833335	1.748306846845521
3.2496223958333346	1.8126293992512565
3.349622395833334	1.8798894931610084
3.449622395833334	1.9483633196366759
3.5496223958333335	2.0187260771743674
3.649622395833333	2.0909426613149282
3.749622395833333	2.166723876719696
3.8496223958333324	2.2456478489342104
3.949622395833332	2.3245819030358894
4.049622395833332	2.406828376801638
4.149622395833331	2.490322915293344
4.249622395833331	2.5742522097899423
4.349622395833331	2.654633693781977
4.44962239583333	2.743814286478974
4.54962239583333	2.8273062354102634
4.64962239583333	2.9154386124962355
4.749622395833329	3.001649806805735
4.849622395833329	3.090119044839945
4.9496223958333285	3.181782856721549
5.049622395833328	3.2711967880966983
5.149622395833328	3.3600094184718823
5.212999999999999	3.423399045374876
1000005.213	3.423399045374876
