-100000	0
1.1000000000000005	0
1.103333333333334	0.000814303929792324
1.1083333333333338	0.0020423120992356593
1.115833333333334	0.0038991752336579584
1.1270833333333339	0.0067174767697130815
1.1439583333333339	0.010993739617946283
1.169270833333334	0.017501405978235605
1.207239583333334	0.027473786386274724
1.264192708333334	0.04291026000141154
1.349622395833334	0.06719580399321913
1.449622395833334	0.09737780420592654
1.5496223958333342	0.1294355937452595
1.6496223958333343	0.16339226326759793
1.7496223958333343	0.1992983521400957
1.8496223958333344	0.2371443747458923
1.9496223958333345	0.27699100548163613
2.0496223958333344	0.318848153771298
2.1496223958333345	0.3626966482661447
2.2496223958333346	0.4085451959609232
2.3496223958333347	0.4564062381865636
2.4496223958333347	0.506216268016155
2.549622395833335	0.5579978783604745
2.649622395833335	0.6116760229334978
2.749622395833335	0.6672582381729492
2.849622395833335	0.7247192727527272
2.949622395833335	0.7840188754649515
3.0496223958333353	0.845128438099612
3.1496223958333354	0.9080389016366857
3.2496223958333355	0.9726581188196552
3.3496223958333355	1.0389514319066517
3.4496223958333356	1.1068778132126664
3.5496223958333357	1.1763976508343106
3.649622395833336	1.2475037355209921
3.749622395833336	1.3201080933810123
3.849622395833336	1.3941090456167153
3.949622395833336	1.46951785333053
4.049622395833336	1.5463458661808875
4.149622395833336	1.624470258424141
4.2496223958333355	1.703829174292006
4.349622395833335	1.7844068398164181
4.449622395833335	1.8661422051710208
4.549622395833334	1.9489863470977475
4.649622395833334	2.032898344113067
4.749622395833334	2.1178430196537907
4.849622395833333	2.2037520055338677
4.949622395833333	2.290510707465215
5.049622395833333	2.378130518350678
5.149622395833332	2.4666143923549733
5.249622395833332	2.555851238304931
5.3496223958333315	2.6459095236239802
5.449622395833331	2.7366688961706407
5.549622395833331	2.8281058704955853
5.6496223958333305	2.920152240120167
5.74962239583333	3.0128144848048986
5.84962239583333	3.106024644912199
5.949622395833329	3.199740655493716
6.049622395833329	3.293941964213007
6.149622395833329	3.388591459749975
6.249622395833328	3.4836567509673904
6.313	3.5441036616744634
1000006.313	3.5441036616744634
