-100000	0
1.1000000000000005	0
1.103333333333334	0.0015678772274983906
1.1083333333333338	0.00392543137499603
1.115833333333334	0.007474692002346829
1.1270833333333339	0.012827106375919372
1.1439583333333339	0.02089523216962655
1.169270833333334	0.033069327413472994
1.207239583333334	0.05148933271333088
1.264192708333334	0.07947321041300423
1.349622395833334	0.12230778400114212
1.449622395833334	0.17369484415082043
1.5496223958333342	0.22644491877935177
1.6496223958333343	0.28057870129482143
1.7496223958333343	0.33610909224002655
1.8496223958333344	0.39305620023054694
1.9496223958333345	0.4513822347384908
2.0496223958333344	0.5111488981555419
2.1496223958333345	0.5723208095938532
2.2496223958333346	0.6348612993724915
2.3496223958333347	0.6988167427775749
2.4496223958333347	0.7641302849936443
2.549622395833335	0.8308231804318597
2.649622395833335	0.8988217929839293
2.749622395833335	0.968140894832598
2.849622395833335	1.0387570555240921
2.949622395833335	1.1106657575068333
3.0496223958333353	1.1838479353993525
3.1496223958333354	1.2582251198300425
3.2496223958333355	1.3338092273168174
3.3496223958333355	1.410551478259919
3.4496223958333356	1.4884307872955773
3.5496223958333357	1.5674086448272404
3.649622395833336	1.6474936909360083
3.749622395833336	1.728618218623924
3.849622395833336	1.8107111071074935
3.949622395833336	1.8937621497901025
4.049622395833336	1.9777890689176088
4.149622395833336	2.0627144967250812
4.2496223958333355	2.148507804212048
4.349622395833335	2.2350977334894515
4.449622395833335	2.322443053838657
4.549622395833334	2.410590366983433
4.649622395833334	2.4994658550706146
4.749622395833334	2.5890392964241773
4.849622395833333	2.6792691213051554
4.949622395833333	2.7701102427819526
5.049622395833333	2.8615511989400266
5.149622395833332	2.9535473180711147
5.249622395833332	3.0460852567462307
5.3496223958333315	3.1391229380330627
5.449622395833331	3.2326206282684424
5.549622395833331	3.3265690809581097
5.6496223958333305	3.420942718203738
5.74962239583333	3.51571063656939
5.84962239583333	3.610844985564822
5.949622395833329	3.706311274291913
6.049622395833329	3.8020858823476895
6.149622395833329	3.8981579916115052
6.249622395833328	3.9945020749530085
6.313	4.0556817958901
1000006.313	4.0556817958901
