-100001.1	0
0	0
0.0033333333333334103	0.0021979167814772517
0.008333333333333304	0.0054995725124445385
0.015833333333333366	0.010462592945852854
0.027083333333333348	0.017929607909263113
0.04395833333333332	0.02915885146929204
0.06927083333333339	0.046052912173262975
0.1072395833333335	0.07150445326356702
0.16419270833333344	0.10993120833885424
0.24962239583333345	0.16819518547915238
0.34962239583333354	0.23727711578461835
0.44962239583333363	0.30720948517904645
0.5496223958333337	0.37803646460067275
0.6496223958333338	0.44976504832566294
0.7496223958333339	0.5223927620094858
0.849622395833334	0.5959149484185001
0.9496223958333339	0.6703700310519881
1.049622395833334	0.7457270448667063
1.149622395833334	0.8219447256405789
1.2496223958333341	0.8990664797965476
1.3496223958333342	0.9770402241405252
1.4496223958333343	1.055888653905256
1.5496223958333344	1.1355592371712422
1.6496223958333345	1.2160546643071417
1.7496223958333346	1.297400373934352
1.8496223958333347	1.3795484929654884
1.9496223958333347	1.4624741961778494
2.049622395833335	1.5461560028584025
2.149622395833335	1.6305938218772291
2.249622395833335	1.7157845144437016
2.349622395833335	1.8016609736094404
2.449622395833335	1.8882204233958706
2.5496223958333353	1.9754660365988976
2.6496223958333354	2.0633598671311644
2.7496223958333355	2.151864658790467
2.8496223958333355	2.2409716838035307
2.9496223958333356	2.3306740886326067
3.0496223958333353	2.4209359663037504
3.149622395833335	2.5117025801807555
3.2496223958333346	2.6029923888504682
3.349622395833334	2.694753275710454
3.449622395833334	2.787012082290142
3.5496223958333335	2.879719233133335
3.649622395833333	2.9728548063702784
3.749622395833333	3.0663916203027433
3.8496223958333324	3.1603087551080806
3.949622395833332	3.254585932666153
4.049622395833332	3.349196230103146
4.149622395833331	3.444147848975754
4.249622395833331	3.5393937038702656
4.349622395833331	3.634933482384556
4.44962239583333	3.7307361553811815
4.54962239583333	3.8267880103343757
4.64962239583333	3.923082297942547
4.749622395833329	4.019596424602674
4.849622395833329	4.116312436974446
4.9496223958333285	4.213209655895251
5.049622395833328	4.310286460067422
5.149622395833328	4.407525164337455
5.212999999999999	4.469222605920881
1000005.213	4.469222605920881
