-100000	0
1.1000000000000005	0
1.103333333333334	0.003280272015577831
1.1083333333333338	0.0082007899411085
1.115833333333334	0.015581814109275498
1.1270833333333339	0.026653883422286577
1.1439583333333339	0.043262258422286676
1.169270833333334	0.06817482092228705
1.207239583333334	0.10554366467228758
1.264192708333334	0.16159693029728808
1.349622395833334	0.24567682873478952
1.449622395833334	0.3440968287347904
1.5496223958333342	0.4425168287347921
1.6496223958333343	0.5409368287347932
1.7496223958333343	0.6393568287347945
1.8496223958333344	0.7377768287347957
1.9496223958333345	0.836196828734797
2.0496223958333344	0.9346168287347981
2.1496223958333345	1.0330368287347995
2.2496223958333346	1.1314568287348012
2.3496223958333347	1.229876828734802
2.4496223958333347	1.3282968287348031
2.549622395833335	1.4267168287348047
2.649622395833335	1.5251368287348064
2.749622395833335	1.6235568287348072
2.849622395833335	1.7219768287348085
2.949622395833335	1.82039682873481
3.0496223958333353	1.9188168287348113
3.1496223958333354	2.017236828734813
3.2496223958333355	2.1156568287348136
3.3496223958333355	2.2140768287348154
3.4496223958333356	2.312496828734817
3.5496223958333357	2.4109168287348184
3.649622395833336	2.509336828734819
3.749622395833336	2.6077568287348205
3.849622395833336	2.706176828734822
3.949622395833336	2.804596828734823
4.049622395833336	2.903016828734824
4.149622395833336	3.0014368287348248
4.2496223958333355	3.0998568287348265
4.349622395833335	3.1982768287348255
4.449622395833335	3.2966968287348277
4.549622395833334	3.395116828734829
4.649622395833334	3.4935368287348294
4.749622395833334	3.5919568287348307
4.849622395833333	3.690376828734831
4.949622395833333	3.788796828734831
5.049622395833333	3.8872168287348328
5.149622395833332	3.985636828734834
5.249622395833332	4.084056828734835
5.3496223958333315	4.182476828734837
5.449622395833331	4.280896828734835
5.549622395833331	4.37931682873484
5.6496223958333305	4.4777368287348365
5.74962239583333	4.576156828734836
5.84962239583333	4.674576828734841
5.949622395833329	4.77299682873484
6.049622395833329	4.871416828734841
6.149622395833329	4.969836828734844
6.249622395833328	5.068256828734844
6.313	5.130633066755682
1000006.313	5.130633066755682
