-100000	0
1.1000000000000005	0
1.103333333333334	0
1.1083333333333338	0
1.115833333333334	0
1.1270833333333339	0
1.1439583333333339	0
1.169270833333334	0
1.207239583333334	0
1.264192708333334	0
1.349622395833334	0
1.449622395833334	0
1.5496223958333342	0
1.6496223958333343	0
1.7496223958333343	0
1.8496223958333344	0
1.9496223958333345	0
2.0496223958333344	0
2.1496223958333345	0
2.2496223958333346	0
2.3496223958333347	0
2.4496223958333347	0
2.549622395833335	0
2.649622395833335	0
2.749622395833335	0
2.849622395833335	0
2.949622395833335	0
3.0496223958333353	0
3.1496223958333354	0
3.2496223958333355	0
3.3496223958333355	0
3.4496223958333356	0
3.5496223958333357	0
3.649622395833336	0
3.749622395833336	0
3.849622395833336	0
3.949622395833336	0
4.049622395833336	0
4.149622395833336	0
4.2496223958333355	0
4.349622395833335	0
4.449622395833335	0
4.549622395833334	0
4.649622395833334	0
4.749622395833334	0
4.849622395833333	0
4.949622395833333	0
5.049622395833333	0
5.149622395833332	0
5.249622395833332	0
5.3496223958333315	0
5.449622395833331	0
5.549622395833331	0
5.6496223958333305	0
5.74962239583333	0
5.84962239583333	0
5.949622395833329	0
6.049622395833329	0
6.149622395833329	0
6.249622395833328	0
6.313	0
1000006.313	0
