-179769313486231570000000000000000000000000000000000000000000000000000000000000000000000000000000000000000000000000000000000000000000000000000000000000000000000000000000000000000000000000000000000000000000000000000000000000000000000000000000000000000000000000000000000000000000000000000000000000000000000000000	0
0.0196696748939656	0
0.023003008227298935	0.00004303712426041122
0.02633634156063227	0.00023950675180303504
0.031336341560632267	0.0009519716968368409
0.03883634156063227	0.0032395685886648096
0.05008634156063227	0.0092035863638373
0.06696134156063227	0.04145961585222058
0.09227384156063227	0.1001183590478148
0.13024259156063228	0.19235585283007645
0.18719571656063227	0.3378991210274
0.2726254040606323	0.5683952882006509
0.37262540406063227	0.8524359310226084
0.47262540406063225	1.1486595042954113
0.5726254040606322	1.4549923516077081
0.6726254040606322	1.7700419036123067
0.7726254040606322	2.092827364285131
0.8726254040606322	2.4226495096264093
0.9726254040606321	2.7590241839114826
1.0726254040606322	3.101654017773872
1.1534633712768556	3.66637701312376
179769313486231570000000000000000000000000000000000000000000000000000000000000000000000000000000000000000000000000000000000000000000000000000000000000000000000000000000000000000000000000000000000000000000000000000000000000000000000000000000000000000000000000000000000000000000000000000000000000000000000000000	3.66637701312376
