-100000	0
0	0
0.0033333333333333335	0.008733666066218658
0.008333333333333333	0.022059630767758524
0.01583333333333333	0.04253065528039969
0.02708333333333333	0.07402732293345804
0.043958333333333335	0.12268077893367774
0.06927083333333334	0.19814961789873672
0.10723958333333333	0.3156527044905718
0.16419270833333333	0.4993453019688717
0.24962239583333334	0.7873694200106638
0.3496223958333333	1.1391376366059571
0.4496223958333333	1.5032350679050221
0.5496223958333333	1.877303805592778
0.6496223958333333	2.2597443876662644
0.7496223958333332	2.6492542807365265
0.8496223958333332	3.0448498729311
0.9496223958333332	3.445690774879125
1.0496223958333333	3.8511138029674106
1.1000000000000003	4.056909905911621
1000001.1	4.056909905911621
