-179769313486231570000000000000000000000000000000000000000000000000000000000000000000000000000000000000000000000000000000000000000000000000000000000000000000000000000000000000000000000000000000000000000000000000000000000000000000000000000000000000000000000000000000000000000000000000000000000000000000000000000	0
0.035247842251531436	0
0.03858117558486477	0.00022697790263988884
0.041914508918198104	0.0009821141552450482
0.0469145089181981	0.0026718140616828283
0.0544145089181981	0.009756361196020682
0.06566450891819811	0.05926163743551292
0.08253950891819811	0.1347088814241421
0.1078520089181981	0.2499428784367424
0.14582075891819812	0.42638082725753385
0.20277388391819812	0.6972456882225788
0.28820357141819813	1.1141701987295018
0.38820357141819817	1.6145843909481088
0.48820357141819815	2.1254286175186548
0.5882035714181981	2.6446842367947934
0.6882035714181981	3.1709035975385587
0.7882035714181981	3.7029772907487373
0.8882035714181981	4.24001397917114
0.988203571418198	4.781271949535911
1.0882035714181981	5.326118092777199
1.1534633712768556	6.0411870811796256
179769313486231570000000000000000000000000000000000000000000000000000000000000000000000000000000000000000000000000000000000000000000000000000000000000000000000000000000000000000000000000000000000000000000000000000000000000000000000000000000000000000000000000000000000000000000000000000000000000000000000000000	6.0411870811796256
