-100000	0
0	0
0.0033333333333333335	0.01938800000000048
0.008333333333333333	0.048470000000000485
0.01583333333333333	0.09209300000000124
0.02708333333333333	0.15752750000000196
0.043958333333333335	0.2556792500000031
0.06927083333333334	0.4029068750000051
0.10723958333333333	0.6237483125000077
0.16419270833333333	0.9550104687500119
0.24962239583333334	1.4519037031250188
0.3496223958333333	2.0335437031250247
0.4496223958333333	2.615183703125032
0.5496223958333333	3.1968237031250397
0.6496223958333333	3.7784637031250465
0.7496223958333332	4.360103703125054
0.8496223958333332	4.941743703125061
0.9496223958333332	5.5233837031250665
1.0496223958333333	6.105023703125072
1.1000000000058208	6.398040000002657
1000001.1	6.398040000002657
