-100000	0
1.0999999999912689	0
1.1033333333246023	0.0000000000000001216120916659034
1.1083333333246022	0.00000000000000030414398644139513
1.1158333333246022	0.000000000000000578028297765031
1.1270833333246022	0.0000000000000009898543656934114
1.1439583333246022	0.0000000000000013805155129964152
1.1692708333246022	0.0000000000000025397214134051985
1.2072395833246023	0.000000000000003942910810710062
1.2641927083246023	0.000000000000005219905147714923
1.3496223958246023	0.000000000000007992257228140937
1.4496223958246024	0.000000000000011323223452547506
1.5496223958246025	0.000000000000016951693982557747
1.6496223958246026	0.000000000000020871956389654823
1.7496223958246027	0.000000000000021665380605328698
1.8496223958246027	0.00000000000002524126243635826
1.9496223958246028	0.00000000000002874148829586009
2.0496223958246027	0.00000000000003197611558607613
2.149622395824603	0.00000000000004182360777316127
2.249622395824603	0.000000000000040824619300302514
2.349622395824603	0.0000000000000498426821714261
2.449622395824603	0.00000000000005419976998769294
2.549622395824603	0.00000000000005861146098010523
2.6496223958246032	0.00000000000006307775514866365
2.7496223958246033	0.00000000000006031536146793073
2.8496223958246034	0.00000000000006453372386613934
2.9496223958246035	0.00000000000007680425671121561
3.0496223958246036	0.00000000000008148896358435854
3.1496223958246037	0.00000000000007757429940107284
3.2496223958246038	0.00000000000009325057693135787
3.349622395824604	0.00000000000008658925670795132
3.449622395824604	0.00000000000009385544430552976
3.549622395824604	0.00000000000009180443699970792
3.649622395824604	0.00000000000010634912584603308
3.749622395824604	0.00000000000011106455741832118
3.8496223958246043	0.00000000000012093233291075903
3.9496223958246044	0.00000000000010469730805480368
4.0496223958246045	0.00000000000012020197040669078
4.149622395824604	0.00000000000010711615105173982
4.249622395824604	0.00000000000012945119122604489
4.349622395824603	0.00000000000012024136823631822
4.449622395824603	0.0000000000001388399705445815
4.549622395824603	0.00000000000014358669464104311
4.649622395824602	0.00000000000014836830836230044
4.749622395824602	0.00000000000014701465236764333
4.849622395824602	0.0000000000001648163956698143
4.949622395824601	0.000000000000157156784996236
5.049622395824601	0.00000000000014424021521780797
5.149622395824601	0.00000000000015960710240948898
5.2496223958246	0.00000000000016447239289060084
5.3496223958246	0.00000000000019152549891299036
5.4496223958245995	0.0000000000001970009230777278
5.549622395824599	0.00000000000020252088174783253
5.649622395824599	0.00000000000020808537492330475
5.749622395824598	0.00000000000018865314972481044
5.849622395824598	0.00000000000021934796479035144
5.949622395824598	0.00000000000021370424259504633
6.049622395824597	0.00000000000021897431106344223
6.149622395824597	0.00000000000021933734447205727
6.249622395824597	0.0000000000002296191168746209
6.349622395824596	0.0000000000002163627691599213
6.449622395824596	0.00000000000022632957008260037
6.549622395824596	0.00000000000016919488921331963
6.649622395824595	0.0000000000001791409925385618
6.749622395824595	0.00000000000018260974395158036
6.8496223958245945	0.00000000000017181566395608354
6.949622395824594	0.00000000000018159613464395633
7.049622395824594	0.00000000000019268212114663615
7.1496223958245935	0.0000000000001961724523043425
7.249622395824593	0.00000000000019607337675535819
7.349622395824593	0.0000000000001760615504466375
7.449622395824592	0.000000000000207042062055525
7.549622395824592	0.00000000000021079813739860704
7.649622395824592	0.000000000000202440993920642
7.749622395824591	0.00000000000021850959622380263
7.849622395824591	0.00000000000020882966495901274
7.949622395824591	0.00000000000022648679923437389
8.04962239582459	0.00000000000023057505480917525
8.14962239582459	0.0000000000002347297464303206
8.24962239582459	0.00000000000022218433631484425
8.34962239582459	0.00000000000022564328108694592
8.449622395824589	0.0000000000002291503366323052
8.549622395824588	0.0000000000002520128733783409
8.649622395824588	0.00000000000025649974523120565
8.749622395824588	0.00000000000023996016790792783
8.849622395824587	0.0000000000002436596665463171
8.949622395824587	0.0000000000002474072759579639
9.049622395824587	0.00000000000025120299614286816
9.149622395824586	0.0000000000002799306451906882
9.249622395824586	0.0000000000002848161333216164
9.349622395824586	0.0000000000002477747927454643
9.449622395824585	0.0000000000002502525366996265
9.549622395824585	0.0000000000002527255929782102
9.649622395824585	0.0000000000002551939615812153
9.749622395824584	0.0000000000002576576425086419
9.849622395824584	0.0000000000002601166357604899
9.949622395824584	0.00000000000026257094133675933
10.049622395824583	0.0000000000002650205592374502
10.149622395824583	0.0000000000002674654894625626
10.249622395824582	0.00000000000026990573201209635
10.349622395824582	0.0000000000002723412868860516
10.449622395824582	0.0000000000002747721540844282
10.549622395824581	0.0000000000002771983336072263
10.649622395824581	0.0000000000002796198254544459
10.74962239582458	0.00000000000028203662962608694
10.84962239582458	0.00000000000028444874612214927
10.94962239582458	0.00000000000028685617494263324
11.04962239582458	0.00000000000028925891608753856
11.14962239582458	0.0000000000002916569695568653
11.249622395824579	0.00000000000029405033535061357
11.349622395824579	0.00000000000029643901346878317
11.449622395824578	0.0000000000002988230039113743
11.549622395824578	0.00000000000030120230667838685
11.649622395824577	0.00000000000030357692176982083
11.749622395824577	0.00000000000030594684918567625
11.849622395824577	0.00000000000030831208892595307
11.905	0.0000000000003554974586315243
1000011.905	0.0000000000003554974586315243
