-100000	0
6.313000000000001	0
6.316333333333334	0.002908493278222589
6.3213333333333335	0.007273460306437993
6.328833333333334	0.013825884170134984
6.340083333333334	0.023665613255721744
6.356958333333334	0.03845007751171894
6.382270833333334	0.060682535435567155
6.420239583333334	0.09415508342668309
6.477192708333334	0.14463914560581825
6.562622395833333	0.22095563206761237
6.662622395833333	0.31114760864737895
6.762622395833333	0.402209456765385
6.862622395833332	0.4940784523516779
6.962622395833332	0.5867072665598719
7.062622395833332	0.6800328648882763
7.162622395833331	0.7740038375569538
7.262622395833331	0.8685710405191324
7.362622395833331	0.9636845085559055
7.46262239583333	1.059299434951852
7.56262239583333	1.1553541368554405
7.6626223958333295	1.2517825076029163
7.762622395833329	1.3485709301322044
7.862622395833329	1.4457157819549902
7.962622395833328	1.5431591860005922
8.062622395833328	1.6408453231191495
8.162622395833328	1.7387451828525147
8.262622395833327	1.8368256333444706
8.362622395833327	1.9350420980500442
8.462622395833327	2.0333663934722
8.562622395833326	2.1317586524177106
8.662622395833326	2.230183272753792
8.762622395833326	2.32862087708888
8.862622395833325	2.427059079458746
8.962622395833325	2.5254932689076997
9.062622395833325	2.6239234810684144
9.162622395833324	2.722350583820489
9.262622395833324	2.820776058564549
9.362622395833323	2.919200281411107
9.462622395833323	3.0176232525899462
9.562622395833323	3.1160449721010686
9.65	3.2020424879364073
1000009.65	3.2020424879364073
