-100001.1	0
5.213000000000001	0
5.216333333333334	0.0030604502174470475
5.221333333333334	0.00765267854057783
5.228833333333334	0.014544496024550806
5.2400833333333345	0.0248899760507672
5.256958333333334	0.04042543525463254
5.282270833333334	0.06376716971137049
5.3202395833333345	0.09886457744203643
5.377192708333334	0.15169172771204134
5.462622395833334	0.23132278466033293
5.562622395833333	0.3250954668134662
5.662622395833333	0.4194329442334272
5.762622395833333	0.5142607854316436
5.862622395833332	0.6095721649122268
5.962622395833332	0.7053107124600695
6.062622395833332	0.801467788736955
6.162622395833331	0.8979915648547736
6.262622395833331	0.9948414005614001
6.362622395833331	1.091984518027493
6.46262239583333	1.1893805315314445
6.56262239583333	1.2870054346517223
6.6626223958333295	1.3848310483988455
6.762622395833329	1.4828272059820384
6.862622395833329	1.5809725203621556
6.962622395833328	1.6792322190343028
7.062622395833328	1.7775829538128374
7.162622395833328	1.8759823813118668
7.262622395833327	1.9744028699709706
7.362622395833327	2.0728609137596283
7.462622395833327	2.171360331585781
7.562622395833326	2.2698419057435637
7.662622395833326	2.3682947813650346
7.762622395833326	2.4667252463972025
7.862622395833325	2.5651538439702106
7.962622395833325	2.6635811574501767
8.062622395833325	2.762007186837095
8.162622395833324	2.86043193213097
8.262622395833324	2.958855393331801
8.362622395833323	3.057277570439589
8.462622395833323	3.15569846346798
8.55	3.24169553694205
1000008.55	3.24169553694205
