-100000	0
6.313000000000001	0
6.316333333333334	0.003098307383434072
6.3213333333333335	0.007747205839278654
6.328833333333334	0.014723743851630371
6.340083333333334	0.025195581358798118
6.356958333333334	0.040918658141300183
6.382270833333334	0.06453607865995804
6.420239583333334	0.10003228744189002
6.477192708333334	0.1534301444015026
6.562622395833333	0.23386142176870914
6.662622395833333	0.32849143187584445
6.762622395833333	0.4235943338232611
6.862622395833332	0.5191348327779924
6.962622395833332	0.6150784090451153
7.062622395833332	0.7113861651028492
7.162622395833331	0.8080278331653075
7.262622395833331	0.9049682163664954
7.362622395833331	1.0021810085899094
7.46262239583333	1.0996326413330115
7.56262239583333	1.197296386385538
7.6626223958333295	1.2951331467284593
7.762622395833329	1.3931344638497607
7.862622395833329	1.491282549035056
7.962622395833328	1.5895355640499467
8.062622395833328	1.6878789527800413
8.162622395833328	1.7863019006251486
8.262622395833327	1.8847667032226862
8.362622395833327	1.9832569469204058
8.462622395833327	2.0817723593034847
8.562622395833326	2.1802912685837823
8.662622395833326	2.278778345921344
8.762622395833326	2.3772326974248092
8.862622395833325	2.4756630331698495
8.962622395833325	2.574091050048511
9.062622395833325	2.672517782834129
9.162622395833324	2.770943231526705
9.262622395833324	2.8693673961262327
9.362622395833323	2.967790276632717
9.462622395833323	3.0662118730461585
9.562622395833323	3.164632238641438
9.65	3.2506292766622833
1000009.65	3.2506292766622833
