-100000	0
6.313000000000001	0
6.316333333333334	0.0032641150059562105
6.3213333333333335	0.008160466564869679
6.328833333333334	0.0155053859071231
6.340083333333334	0.026523610315639438
6.356958333333334	0.04305272549656925
6.382270833333334	0.06784998299452762
6.420239583333334	0.10505252732644708
6.477192708333334	0.1608678022042937
6.562622395833333	0.24462454651715992
6.662622395833333	0.3427273788681353
6.762622395833333	0.4408709594634708
6.862622395833332	0.5390674249696581
6.962622395833332	0.637296620107613
7.062622395833332	0.7355642148719913
7.162622395833331	0.8338599329673803
7.262622395833331	0.9321827133363024
7.362622395833331	1.0305306414472315
7.46262239583333	1.1289052690846322
7.56262239583333	1.2272997756258912
7.6626223958333295	1.3257015656969255
7.762622395833329	1.4241091601422178
7.862622395833329	1.5225225589618407
7.962622395833328	1.6209417621558635
8.062622395833328	1.719366769724342
8.162622395833328	1.8177975816673253
8.262622395833327	1.9162341979848672
8.362622395833327	2.01467661867702
8.462622395833327	2.1131248433754064
8.562622395833326	2.2115783812884207
8.662622395833326	2.3100361522495754
8.762622395833326	2.4084956283274215
8.862622395833325	2.5069306223921104
8.962622395833325	2.6053534130216724
9.062622395833325	2.7037749195581897
9.162622395833324	2.8021952215002677
9.262622395833324	2.9006152215002667
9.362622395833323	2.9990352215002654
9.462622395833323	3.097455221500265
9.562622395833323	3.1958752215002626
9.65	3.281872259521108
1000009.65	3.281872259521108
