-100000	0
6.313000000000001	0
6.316333333333334	0.003279040166645458
6.3213333333333335	0.008197606077140672
6.328833333333334	0.015575467679071699
6.340083333333334	0.026642288738390762
6.356958333333334	0.043242584804319084
6.382270833333334	0.06814317388913381
6.420239583333334	0.10549404993525807
6.477192708333334	0.16152002030598409
6.562622395833333	0.2455676695492064
6.662622395833333	0.34396390723025067
6.762622395833333	0.44236596950132856
6.862622395833332	0.5407685799415994
6.962622395833332	0.6391711903818389
7.062622395833332	0.7375738008220301
7.162622395833331	0.8359764112621756
7.262622395833331	0.9343790217022812
7.362622395833331	1.0327816321423506
7.46262239583333	1.131184242582389
7.56262239583333	1.2295868530224008
7.6626223958333295	1.3279894634623892
7.762622395833329	1.4263920739023606
7.862622395833329	1.5247946843423188
7.962622395833328	1.6231972947822697
8.062622395833328	1.7215999052222666
8.162622395833328	1.8200025214019995
8.262622395833327	1.918405670584495
8.362622395833327	2.0168108110977334
8.462622395833327	2.1152194976456853
8.562622395833326	2.2136332424266927
8.662622395833326	2.312052767560813
8.762622395833326	2.4104780915656416
8.862622395833325	2.508907413694425
8.962622395833325	2.6073280360968747
9.062622395833325	2.705748036447139
9.162622395833324	2.8041680364471397
9.262622395833324	2.9025880364471393
9.362622395833323	3.001008036447139
9.462622395833323	3.0994280364471414
9.562622395833323	3.1978480364471435
9.65	3.283845074467988
1000009.65	3.283845074467988
