-100001.1	0
0	0
0.0033333333333334103	0.0032802711875332745
0.008333333333333304	0.008200787870998422
0.015833333333333366	0.015581810177548934
0.027083333333333348	0.02665387846528502
0.04395833333333332	0.04326225346528483
0.06927083333333339	0.06817481596528473
0.1072395833333335	0.10554365971528458
0.16419270833333344	0.16159692534028408
0.24962239583333345	0.24567682377778366
0.34962239583333354	0.344096823777783
0.44962239583333363	0.4425168237777824
0.5496223958333337	0.5409368237777817
0.6496223958333338	0.6393568237777811
0.7496223958333339	0.7377768237777805
0.849622395833334	0.8361968237777803
0.9496223958333339	0.934616823777779
1.049622395833334	1.0330368237777785
1.149622395833334	1.1314568237777785
1.2496223958333341	1.2298768237777777
1.3496223958333342	1.3282968237777766
1.4496223958333343	1.4267168237777765
1.5496223958333344	1.5251368237777758
1.6496223958333345	1.6235568237777753
1.7496223958333346	1.7219768237777746
1.8496223958333347	1.820396823777774
1.9496223958333347	1.918816823777773
2.049622395833335	2.0172368237777727
2.149622395833335	2.1156568237777718
2.249622395833335	2.2140768237777717
2.349622395833335	2.312496823777771
2.449622395833335	2.4109168237777707
2.5496223958333353	2.5093368237777693
2.6496223958333354	2.607756823777769
2.7496223958333355	2.7061768237777684
2.8496223958333355	2.804596823777765
2.9496223958333356	2.903016823777756
3.0496223958333353	3.0014368237777402
3.149622395833335	3.099856823777713
3.2496223958333346	3.198276823777673
3.349622395833334	3.296696823777617
3.449622395833334	3.395116823777544
3.5496223958333335	3.4935368237774584
3.649622395833333	3.591956823777356
3.749622395833333	3.6903768237772367
3.8496223958333324	3.7887968237771004
3.949622395833332	3.887216823776952
4.049622395833332	3.9856368237767845
4.149622395833331	4.084056823776599
4.249622395833331	4.1824768237763985
4.349622395833331	4.280896823776182
4.44962239583333	4.379316823775947
4.54962239583333	4.477736823775694
4.64962239583333	4.576156823775426
4.749622395833329	4.6745768237751415
4.849622395833329	4.772996823774836
4.9496223958333285	4.871416823774514
5.049622395833328	4.969836823774174
5.149622395833328	5.068256823773816
5.2496223958333275	5.166676823773441
5.349622395833327	5.265096823773047
5.449622395833327	5.363516823772634
5.549622395833326	5.461936823772214
5.649622395833326	5.560356823771835
5.749622395833326	5.658776823771513
5.849622395833325	5.757196823771244
5.949622395833325	5.855616823771026
6.049622395833325	5.95403682377086
6.149622395833324	6.052456823770741
6.249622395833324	6.150876823770667
6.3496223958333236	6.249296823770631
6.449622395833323	6.347716823770581
6.549622395833323	6.44613682377045
6.6496223958333225	6.544556823770223
6.749622395833322	6.642976823769872
6.849622395833322	6.7413968237693975
6.949622395833321	6.8398168237689125
7.049622395833321	6.938236823768463
7.149622395833321	7.03665682376806
7.24962239583332	7.135076823767689
7.34962239583332	7.233496823767367
7.44962239583332	7.331916823767082
7.549622395833319	7.43033682376684
7.649622395833319	7.528756823766638
7.749622395833319	7.627176823766478
7.849622395833318	7.725596823766355
7.949622395833318	7.824016823766268
8.049622395833318	7.9224368237662315
8.149622395833317	8.020856823766222
8.249622395833317	8.119276823766219
8.349622395833316	8.217696823766218
8.449622395833316	8.316116823766217
8.549622395833316	8.414536823766216
8.55	8.414908461787066
1000008.55	8.414908461787066
