-100001.1	0
0	0
0.0033333333333334103	0.003280271036979952
0.008333333333333304	0.008200787494615116
0.015833333333333366	0.01558180949831009
0.027083333333333348	0.026653877784690624
0.04395833333333332	0.043262252784690675
0.06927083333333339	0.06817481528469105
0.1072395833333335	0.10554365903469162
0.16419270833333344	0.16159692465969214
0.24962239583333345	0.24567682309719335
0.34962239583333354	0.3440968230971944
0.44962239583333363	0.442516823097196
0.5496223958333337	0.5409368230971972
0.6496223958333338	0.6393568230971988
0.7496223958333339	0.7377768230971997
0.849622395833334	0.8361968230972012
0.9496223958333339	0.9346168230972022
1.049622395833334	1.0330368230972036
1.149622395833334	1.1314568230972046
1.2496223958333341	1.2298768230972061
1.3496223958333342	1.3282968230972076
1.4496223958333343	1.4267168230972087
1.5496223958333344	1.52513682309721
1.6496223958333345	1.6235568230972108
1.7496223958333346	1.7219768230972126
1.8496223958333347	1.8203968230972138
1.9496223958333347	1.9188168230972154
2.049622395833335	2.0172368230972166
2.149622395833335	2.115656823097218
2.249622395833335	2.2140768230972196
2.349622395833335	2.312496823097221
2.449622395833335	2.410916823097221
2.5496223958333353	2.5093368230972235
2.6496223958333354	2.607756823097224
2.7496223958333355	2.706176823097225
2.8496223958333355	2.804596823097227
2.9496223958333356	2.9030168230972286
3.0496223958333353	3.00143682309723
3.149622395833335	3.0998568230972294
3.2496223958333346	3.198276823097231
3.349622395833334	3.2966968230972293
3.449622395833334	3.3951168230972244
3.5496223958333335	3.4935368230972097
3.649622395833333	3.5919568230971826
3.749622395833333	3.690376823097141
3.8496223958333324	3.788796823097081
3.949622395833332	3.887216823097
4.049622395833332	3.9856368230969
4.149622395833331	4.084056823096783
4.249622395833331	4.182476823096644
4.349622395833331	4.2808968230964854
4.44962239583333	4.379316823096305
4.54962239583333	4.4777368230961025
4.64962239583333	4.5761568230958805
4.749622395833329	4.674576823095636
4.849622395833329	4.77299682309537
4.9496223958333285	4.871416823095082
5.049622395833328	4.969836823094772
5.149622395833328	5.068256823094435
5.2496223958333275	5.166676823094077
5.349622395833327	5.265096823093698
5.449622395833327	5.363516823093291
5.549622395833326	5.46193682309287
5.649622395833326	5.5603568230924845
5.749622395833326	5.658776823092141
5.849622395833325	5.757196823091843
5.949622395833325	5.855616823091583
6.049622395833325	5.954036823091368
6.149622395833324	6.05245682309119
6.249622395833324	6.150876823091051
6.3496223958333236	6.249296823090954
6.449622395833323	6.347716823090893
6.549622395833323	6.44613682309086
6.6496223958333225	6.544556823090791
6.749622395833322	6.642976823090597
6.849622395833322	6.741396823090176
6.949622395833321	6.839816823089688
7.049622395833321	6.938236823089241
7.149622395833321	7.036656823088832
7.24962239583332	7.135076823088461
7.34962239583332	7.233496823088134
7.44962239583332	7.33191682308784
7.549622395833319	7.430336823087593
7.649622395833319	7.528756823087379
7.749622395833319	7.627176823087214
7.849622395833318	7.725596823087073
7.949622395833318	7.824016823086984
8.049622395833318	7.922436823086932
8.149622395833317	8.02085682308691
8.249622395833317	8.11927682308691
8.349622395833316	8.217696823086913
8.449622395833316	8.316116823086913
8.549622395833316	8.414536823086914
8.55	8.414908461107766
1000008.55	8.414908461107766
