-100000	0
1.0999999999999996	0
1.103333333333333	0.003280270735873216
1.108333333333333	0.008200786741848138
1.115833333333333	0.015581808341298608
1.127083333333333	0.02665387662767912
1.143958333333333	0.043262251627679195
1.169270833333333	0.06817481412767959
1.2072395833333331	0.10554365787768014
1.264192708333333	0.16159692350268062
1.349622395833333	0.2456768219401819
1.4496223958333332	0.3440968219401831
1.5496223958333333	0.4425168219401845
1.6496223958333334	0.5409368219401856
1.7496223958333335	0.6393568219401872
1.8496223958333335	0.7377768219401882
1.9496223958333336	0.8361968219401898
2.0496223958333335	0.9346168219401906
2.1496223958333336	1.033036821940192
2.2496223958333337	1.1314568219401935
2.3496223958333338	1.2298768219401945
2.449622395833334	1.3282968219401963
2.549622395833334	1.4267168219401976
2.649622395833334	1.525136821940198
2.749622395833334	1.6235568219402
2.849622395833334	1.7219768219402012
2.9496223958333343	1.8203968219402025
3.0496223958333344	1.9188168219402035
3.1496223958333345	2.0172368219402053
3.2496223958333346	2.1156568219402065
3.3496223958333347	2.214076821940208
3.4496223958333347	2.312496821940209
3.549622395833335	2.41091682194021
3.649622395833335	2.5093368219402112
3.749622395833335	2.607756821940213
3.849622395833335	2.706176821940214
3.949622395833335	2.804596821940216
4.049622395833335	2.9030168219402164
4.149622395833335	3.001436821940218
4.249622395833335	3.099856821940218
4.349622395833334	3.1982768219402185
4.449622395833334	3.29669682194022
4.5496223958333335	3.395116821940221
4.649622395833333	3.4935368219402227
4.749622395833333	3.5919568219402236
4.849622395833332	3.690376821940223
4.949622395833332	3.788796821940224
5.049622395833332	3.887216821940226
5.149622395833331	3.985636821940227
5.249622395833331	4.084056821940226
5.349622395833331	4.182476821940229
5.44962239583333	4.280896821940227
5.54962239583333	4.379316821940221
5.64962239583333	4.477736821940196
5.749622395833329	4.576156821940144
5.849622395833329	4.674576821940052
5.9496223958333285	4.772996821939913
6.049622395833328	4.8714168219397145
6.149622395833328	4.969836821939456
6.2496223958333275	5.0682568219391335
6.349622395833327	5.166676821938738
6.449622395833327	5.265096821938274
6.549622395833326	5.363516821937724
6.649622395833326	5.461936821937109
6.749622395833326	5.56035682193649
6.849622395833325	5.6587768219358745
6.949622395833325	5.757196821935275
7.049622395833325	5.855616821934679
7.149622395833324	5.954036821934086
7.249622395833324	6.052456821933501
7.3496223958333236	6.15087682193292
7.449622395833323	6.249296821932348
7.549622395833323	6.347716821931777
7.6496223958333225	6.44613682193121
7.749622395833322	6.544556821930645
7.849622395833322	6.6429768219300875
7.949622395833321	6.741396821929546
8.049622395833321	6.839816821929339
8.14962239583332	6.938236821929286
8.24962239583332	7.0366568219292915
8.34962239583332	7.1350768219292915
8.44962239583332	7.23349682192929
8.54962239583332	7.331916821929292
8.649622395833319	7.430336821929293
8.749622395833319	7.528756821929297
8.849622395833318	7.627176821929298
8.949622395833318	7.725596821929297
9.049622395833318	7.824016821929297
9.149622395833317	7.922436821929298
9.249622395833317	8.020856821929302
9.349622395833316	8.1192768219293
9.449622395833316	8.217696821929303
9.549622395833316	8.316116821929302
9.649622395833315	8.414536821929302
9.65	8.414908459950155
1000009.65	8.414908459950155
