-100000	0
1.0999999999999996	0
1.103333333333333	0.0032802705853197823
1.108333333333333	0.008200786365464494
1.115833333333333	0.015581807864881819
1.127083333333333	0.026653876151262114
1.143958333333333	0.04326225115126188
1.169270833333333	0.06817481365126178
1.2072395833333331	0.1055436574012616
1.264192708333333	0.16159692302626105
1.349622395833333	0.24567682146376066
1.4496223958333332	0.34409682146375997
1.5496223958333333	0.44251682146375954
1.6496223958333334	0.540936821463759
1.7496223958333335	0.6393568214637584
1.8496223958333335	0.7377768214637576
1.9496223958333336	0.836196821463757
2.0496223958333335	0.9346168214637564
2.1496223958333336	1.0330368214637558
2.2496223958333337	1.1314568214637553
2.3496223958333338	1.2298768214637543
2.449622395833334	1.3282968214637536
2.549622395833334	1.4267168214637536
2.649622395833334	1.5251368214637526
2.749622395833334	1.6235568214637526
2.849622395833334	1.7219768214637514
2.9496223958333343	1.8203968214637514
3.0496223958333344	1.9188168214637513
3.1496223958333345	2.01723682146375
3.2496223958333346	2.1156568214637494
3.3496223958333347	2.2140768214637485
3.4496223958333347	2.3124968214637485
3.549622395833335	2.410916821463747
3.649622395833335	2.509336821463747
3.749622395833335	2.6077568214637465
3.849622395833335	2.7061768214637456
3.949622395833335	2.8045968214637456
4.049622395833335	2.9030168214637446
4.149622395833335	3.0014368214637432
4.249622395833335	3.0998568214637423
4.349622395833334	3.198276821463741
4.449622395833334	3.2966968214637404
4.5496223958333335	3.3951168214637386
4.649622395833333	3.4935368214637372
4.749622395833333	3.591956821463737
4.849622395833332	3.690376821463737
4.949622395833332	3.7887968214637358
5.049622395833332	3.887216821463734
5.149622395833331	3.9856368214637334
5.249622395833331	4.084056821463732
5.349622395833331	4.18247682146373
5.44962239583333	4.280896821463731
5.54962239583333	4.379316821463729
5.64962239583333	4.477736821463727
5.749622395833329	4.576156821463727
5.849622395833329	4.674576821463726
5.9496223958333285	4.7729968214637255
6.049622395833328	4.871416821463717
6.149622395833328	4.969836821463686
6.2496223958333275	5.068256821463617
6.349622395833327	5.166676821463492
6.449622395833327	5.265096821463295
6.549622395833326	5.36351682146298
6.649622395833326	5.461936821462479
6.749622395833326	5.560356821461943
6.849622395833325	5.658776821461404
6.949622395833325	5.7571968214608615
7.049622395833325	5.855616821460317
7.149622395833324	5.954036821459771
7.249622395833324	6.05245682145922
7.3496223958333236	6.150876821458661
7.449622395833323	6.249296821458101
7.549622395833323	6.347716821457533
7.6496223958333225	6.4461368214569585
7.749622395833322	6.544556821456374
7.849622395833322	6.6429768214557825
7.949622395833321	6.741396821455183
8.049622395833321	6.839816821454723
8.14962239583332	6.938236821454447
8.24962239583332	7.036656821454314
8.34962239583332	7.135076821454282
8.44962239583332	7.233496821454276
8.54962239583332	7.331916821454273
8.649622395833319	7.430336821454272
8.749622395833319	7.528756821454275
8.849622395833318	7.62717682145427
8.949622395833318	7.725596821454269
9.049622395833318	7.824016821454268
9.149622395833317	7.9224368214542675
9.249622395833317	8.02085682145427
9.349622395833316	8.119276821454264
9.449622395833316	8.217696821454266
9.549622395833316	8.316116821454266
9.649622395833315	8.414536821454263
9.65	8.414908459475118
1000009.65	8.414908459475118
