-100000	0
1.0999999999999996	0
1.103333333333333	0.003280270284213234
1.108333333333333	0.008200785651650395
1.115833333333333	0.015581807116227477
1.127083333333333	0.026653875402607875
1.143958333333333	0.04326225040260749
1.169270833333333	0.06817481290260673
1.2072395833333331	0.10554365665260465
1.264192708333333	0.16159692227759914
1.349622395833333	0.2456768207150866
1.4496223958333332	0.3440968207150642
1.5496223958333333	0.44251682071503434
1.6496223958333334	0.5409368207149964
1.7496223958333335	0.6393568207149508
1.8496223958333335	0.7377768207148974
1.9496223958333336	0.836196820714836
2.0496223958333335	0.9346168207147668
2.1496223958333336	1.0330368207146896
2.2496223958333337	1.1314568207146047
2.3496223958333338	1.2298768207145128
2.449622395833334	1.3282968207144121
2.549622395833334	1.4267168207143035
2.649622395833334	1.5251368207141875
2.749622395833334	1.6235568207140634
2.849622395833334	1.7219768207139317
2.9496223958333343	1.8203968207137915
3.0496223958333344	1.9188168207136438
3.1496223958333345	2.0172368207134896
3.2496223958333346	2.1156568207133266
3.3496223958333347	2.2140768207131556
3.4496223958333347	2.3124968207129766
3.549622395833335	2.4109168207127896
3.649622395833335	2.5093368207125955
3.749622395833335	2.6077568207123933
3.849622395833335	2.7061768207121832
3.949622395833335	2.8045968207119647
4.049622395833335	2.9030168207117395
4.149622395833335	3.0014368207115054
4.249622395833335	3.0998568207112625
4.349622395833334	3.1982768207110137
4.449622395833334	3.2966968207107565
4.5496223958333335	3.3951168207104914
4.649622395833333	3.4935368207102178
4.749622395833333	3.5919568207099366
4.849622395833332	3.6903768207096475
4.949622395833332	3.7887968207093508
5.049622395833332	3.8872168207090465
5.149622395833331	3.9856368207087343
5.249622395833331	4.0840568207084145
5.349622395833331	4.182476820708086
5.44962239583333	4.280896820707751
5.54962239583333	4.379316820707405
5.64962239583333	4.477736820707055
5.749622395833329	4.576156820706696
5.849622395833329	4.674576820706327
5.9496223958333285	4.772996820705954
6.049622395833328	4.87141682070557
6.149622395833328	4.969836820705181
6.2496223958333275	5.068256820704781
6.349622395833327	5.166676820704375
6.449622395833327	5.2650968207039615
6.549622395833326	5.36351682070354
6.649622395833326	5.461936820703124
6.749622395833326	5.560356820702798
6.849622395833325	5.6587768207025615
6.949622395833325	5.757196820702392
7.049622395833325	5.855616820702276
7.149622395833324	5.954036820702192
7.249622395833324	6.052456820702129
7.3496223958333236	6.150876820702056
7.449622395833323	6.249296820701962
7.549622395833323	6.3477168207018275
7.6496223958333225	6.446136820701629
7.749622395833322	6.544556820701357
7.849622395833322	6.64297682070099
7.949622395833321	6.741396820700516
8.049622395833321	6.839816820700053
8.14962239583332	6.938236820699662
8.24962239583332	7.036656820699339
8.34962239583332	7.135076820699089
8.44962239583332	7.233496820698901
8.54962239583332	7.331916820698778
8.649622395833319	7.430336820698716
8.749622395833319	7.5287568206986935
8.849622395833318	7.6271768206986925
8.949622395833318	7.725596820698694
9.049622395833318	7.824016820698694
9.149622395833317	7.922436820698699
9.249622395833317	8.020856820698695
9.349622395833316	8.119276820698698
9.449622395833316	8.217696820698695
9.549622395833316	8.316116820698696
9.649622395833315	8.414536820698698
9.65	8.414908458719552
1000009.65	8.414908458719552
