-100000	0
1.0999999999999996	0
1.103333333333333	0.003280270133659686
1.108333333333333	0.008200785379412347
1.115833333333333	0.015581806843989241
1.127083333333333	0.02665387513036934
1.143958333333333	0.04326225013036865
1.169270833333333	0.06817481263036743
1.2072395833333331	0.1055436563803646
1.264192708333333	0.16159692200535797
1.349622395833333	0.24567682044284359
1.4496223958333332	0.34409682044281886
1.5496223958333333	0.4425168204427863
1.6496223958333334	0.540936820442745
1.7496223958333335	0.6393568204426959
1.8496223958333335	0.7377768204426379
1.9496223958333336	0.8361968204425709
2.0496223958333335	0.9346168204424949
2.1496223958333336	1.0330368204424103
2.2496223958333337	1.1314568204423168
2.3496223958333338	1.2298768204422141
2.449622395833334	1.328296820442102
2.549622395833334	1.4267168204419807
2.649622395833334	1.52513682044185
2.749622395833334	1.6235568204417097
2.849622395833334	1.7219768204415586
2.9496223958333343	1.8203968204413983
3.0496223958333344	1.918816820441228
3.1496223958333345	2.017236820441048
3.2496223958333346	2.115656820440858
3.3496223958333347	2.2140768204406567
3.4496223958333347	2.3124968204404457
3.549622395833335	2.410916820440223
3.649622395833335	2.5093368204399904
3.749622395833335	2.6077568204397465
3.849622395833335	2.7061768204394916
3.949622395833335	2.804596820439227
4.049622395833335	2.90301682043895
4.149622395833335	3.001436820438661
4.249622395833335	3.099856820438361
4.349622395833334	3.198276820438049
4.449622395833334	3.296696820437726
4.5496223958333335	3.3951168204373907
4.649622395833333	3.493536820437046
4.749622395833333	3.591956820436687
4.849622395833332	3.6903768204363145
4.949622395833332	3.788796820435931
5.049622395833332	3.887216820435536
5.149622395833331	3.9856368204351287
5.249622395833331	4.084056820434708
5.349622395833331	4.1824768204342755
5.44962239583333	4.280896820433828
5.54962239583333	4.379316820433369
5.64962239583333	4.477736820432898
5.749622395833329	4.576156820432409
5.849622395833329	4.674576820431911
5.9496223958333285	4.772996820431401
6.049622395833328	4.871416820430874
6.149622395833328	4.969836820430334
6.2496223958333275	5.06825682042978
6.349622395833327	5.166676820429212
6.449622395833327	5.265096820428632
6.549622395833326	5.363516820428036
6.649622395833326	5.461936820427434
6.749622395833326	5.560356820426866
6.849622395833325	5.658776820426333
6.949622395833325	5.757196820425834
7.049622395833325	5.855616820425371
7.149622395833324	5.954036820424937
7.249622395833324	6.0524568204245375
7.3496223958333236	6.150876820424158
7.449622395833323	6.249296820423812
7.549622395833323	6.347716820423485
7.6496223958333225	6.446136820423181
7.749622395833322	6.544556820422891
7.849622395833322	6.642976820422617
7.949622395833321	6.741396820422351
8.049622395833321	6.8398168204221035
8.14962239583332	6.93823682042191
8.24962239583332	7.036656820421761
8.34962239583332	7.135076820421658
8.44962239583332	7.233496820421591
8.54962239583332	7.331916820421555
8.649622395833319	7.430336820421534
8.749622395833319	7.528756820421524
8.849622395833318	7.627176820421526
8.949622395833318	7.725596820421524
9.049622395833318	7.82401682042152
9.149622395833317	7.922436820421522
9.249622395833317	8.02085682042152
9.349622395833316	8.119276820421518
9.449622395833316	8.217696820421521
9.549622395833316	8.316116820421517
9.649622395833315	8.414536820421514
9.65	8.414908458442369
1000009.65	8.414908458442369
