-100000	0
1.0999999999999996	0
1.103333333333333	0.003280269983214518
1.108333333333333	0.008200785175234065
1.115833333333333	0.015581806639811072
1.127083333333333	0.026653874926191323
1.143958333333333	0.04326224992619085
1.169270833333333	0.06817481242618947
1.2072395833333331	0.10554365617618555
1.264192708333333	0.16159692180117521
1.349622395833333	0.2456768202386507
1.4496223958333332	0.34409682023860755
1.5496223958333333	0.44251682023854894
1.6496223958333334	0.5409368202384751
1.7496223958333335	0.6393568202383857
1.8496223958333335	0.737776820238281
1.9496223958333336	0.8361968202381609
2.0496223958333335	0.934616820238025
2.1496223958333336	1.0330368202378737
2.2496223958333337	1.1314568202377076
2.3496223958333338	1.2298768202375256
2.449622395833334	1.3282968202373282
2.549622395833334	1.4267168202371154
2.649622395833334	1.5251368202368871
2.749622395833334	1.623556820236644
2.849622395833334	1.7219768202363843
2.9496223958333343	1.8203968202361092
3.0496223958333344	1.9188168202358202
3.1496223958333345	2.017236820235515
3.2496223958333346	2.115656820235194
3.3496223958333347	2.2140768202348577
3.4496223958333347	2.3124968202345064
3.549622395833335	2.4109168202341387
3.649622395833335	2.5093368202337554
3.749622395833335	2.6077568202333588
3.849622395833335	2.7061768202329457
3.949622395833335	2.8045968202325176
4.049622395833335	2.903016820232073
4.149622395833335	3.0014368202316133
4.249622395833335	3.0998568202311376
4.349622395833334	3.1982768202306464
4.449622395833334	3.2966968202301388
4.5496223958333335	3.395116820229618
4.649622395833333	3.493536820229081
4.749622395833333	3.5919568202285284
4.849622395833332	3.6903768202279603
4.949622395833332	3.7887968202273763
5.049622395833332	3.887216820226778
5.149622395833331	3.985636820226164
5.249622395833331	4.084056820225533
5.349622395833331	4.182476820224888
5.44962239583333	4.2808968202242275
5.54962239583333	4.379316820223553
5.64962239583333	4.4777368202228605
5.749622395833329	4.576156820222154
5.849622395833329	4.674576820221431
5.9496223958333285	4.772996820220696
6.049622395833328	4.871416820219941
6.149622395833328	4.9698368202191725
6.2496223958333275	5.068256820218387
6.349622395833327	5.166676820217588
6.449622395833327	5.265096820216774
6.549622395833326	5.363516820215941
6.649622395833326	5.461936820215104
6.749622395833326	5.56035682021428
6.849622395833325	5.658776820213476
6.949622395833325	5.757196820212695
7.049622395833325	5.855616820211932
7.149622395833324	5.954036820211192
7.249622395833324	6.052456820210468
7.3496223958333236	6.1508768202097635
7.449622395833323	6.249296820209079
7.549622395833323	6.34771682020841
7.6496223958333225	6.446136820207757
7.749622395833322	6.544556820207121
7.849622395833322	6.642976820206502
7.949622395833321	6.741396820205906
8.049622395833321	6.839816820205537
8.14962239583332	6.938236820205314
8.24962239583332	7.036656820205176
8.34962239583332	7.135076820205098
8.44962239583332	7.233496820205066
8.54962239583332	7.331916820205064
8.649622395833319	7.4303368202050635
8.749622395833319	7.528756820205063
8.849622395833318	7.6271768202050625
8.949622395833318	7.725596820205065
9.049622395833318	7.824016820205065
9.149622395833317	7.922436820205067
9.249622395833317	8.020856820205067
9.349622395833316	8.119276820205064
9.449622395833316	8.217696820205067
9.549622395833316	8.316116820205071
9.649622395833315	8.414536820205068
9.65	8.41490845822592
1000009.65	8.41490845822592
