-100000	0
1.0999999999999996	0
1.103333333333333	0.0032802697845844765
1.108333333333333	0.008200784971055601
1.115833333333333	0.015581806435632579
1.127083333333333	0.026653874722012853
1.143958333333333	0.04326224972201234
1.169270833333333	0.06817481222201097
1.2072395833333331	0.10554365597200709
1.264192708333333	0.16159692159699668
1.349622395833333	0.2456768200344723
1.4496223958333332	0.344096820034429
1.5496223958333333	0.4425168200343705
1.6496223958333334	0.5409368200342966
1.7496223958333335	0.6393568200342072
1.8496223958333335	0.7377768200341024
1.9496223958333336	0.8361968200339824
2.0496223958333335	0.9346168200338463
2.1496223958333336	1.033036820033695
2.2496223958333337	1.1314568200335287
2.3496223958333338	1.229876820033347
2.449622395833334	1.3282968200331497
2.549622395833334	1.4267168200329365
2.649622395833334	1.5251368200327085
2.749622395833334	1.6235568200324655
2.849622395833334	1.7219768200322054
2.9496223958333343	1.820396820031931
3.0496223958333344	1.9188168200316416
3.1496223958333345	2.017236820031336
3.2496223958333346	2.1156568200310155
3.3496223958333347	2.2140768200306793
3.4496223958333347	2.3124968200303275
3.549622395833335	2.410916820029961
3.649622395833335	2.509336820029577
3.749622395833335	2.60775682002918
3.849622395833335	2.7061768200287672
3.949622395833335	2.8045968200283387
4.049622395833335	2.9030168200278936
4.149622395833335	3.0014368200274344
4.249622395833335	3.0998568200269574
4.349622395833334	3.1982768200264684
4.449622395833334	3.2966968200259616
4.5496223958333335	3.3951168200254394
4.649622395833333	3.4935368200249033
4.749622395833333	3.59195682002435
4.849622395833332	3.690376820023782
4.949622395833332	3.7887968200231983
5.049622395833332	3.8872168200225996
5.149622395833331	3.985636820021986
5.249622395833331	4.084056820021356
5.349622395833331	4.18247682002071
5.44962239583333	4.280896820020051
5.54962239583333	4.3793168200193735
5.64962239583333	4.477736820018682
5.749622395833329	4.576156820017975
5.849622395833329	4.674576820017253
5.9496223958333285	4.772996820016516
6.049622395833328	4.871416820015764
6.149622395833328	4.9698368200149945
6.2496223958333275	5.068256820014209
6.349622395833327	5.16667682001341
6.449622395833327	5.265096820012597
6.549622395833326	5.363516820011765
6.649622395833326	5.461936820010924
6.749622395833326	5.560356820010087
6.849622395833325	5.658776820009261
6.949622395833325	5.757196820008443
7.049622395833325	5.855616820007632
7.149622395833324	5.954036820006834
7.249622395833324	6.052456820006044
7.3496223958333236	6.15087682000526
7.449622395833323	6.249296820004485
7.549622395833323	6.347716820003722
7.6496223958333225	6.446136820002965
7.749622395833322	6.544556820002217
7.849622395833322	6.642976820001479
7.949622395833321	6.741396820000746
8.049622395833321	6.839816820000055
8.14962239583332	6.938236819999427
8.24962239583332	7.036656819998851
8.34962239583332	7.135076819998333
8.44962239583332	7.233496819997866
8.54962239583332	7.3319168199974545
8.649622395833319	7.43033681999709
8.749622395833319	7.5287568199967785
8.849622395833318	7.627176819996513
8.949622395833318	7.725596819996297
9.049622395833318	7.824016819996129
9.149622395833317	7.9224368199960065
9.249622395833317	8.020856819995922
9.349622395833316	8.11927681999587
9.449622395833316	8.217696819995842
9.549622395833316	8.316116819995836
9.649622395833315	8.414536819995838
9.65	8.414908458016688
1000009.65	8.414908458016688
