-179769313486231570000000000000000000000000000000000000000000000000000000000000000000000000000000000000000000000000000000000000000000000000000000000000000000000000000000000000000000000000000000000000000000000000000000000000000000000000000000000000000000000000000000000000000000000000000000000000000000000000000	0
0.015630414643315167	0
0.0189637479766485	0.0001432348008046386
0.022297081309981835	0.0007920232126309844
0.027297081309981836	0.0024802818763091897
0.03479708130998184	0.006023565235339957
0.046047081309981835	0.01301371539040566
0.06292208130998184	0.052892709140422586
0.08823458130998184	0.14672284416482712
0.12620333130998185	0.29146750523689247
0.18315645630998184	0.5155532648450638
0.26858614380998186	0.8637581878991387
0.3685861438099819	1.2856861267002875
0.46858614380998187	1.7199962775486197
0.5685861438099818	2.1645971020029124
0.6685861438099818	2.618018884605896
0.7685861438099818	3.079162054124229
0.8685861438099818	3.5471694458746628
0.9685861438099818	4.02135341693874
1.0685861438099817	4.501154085394512
1.1534633712768556	5.32553790249293
179769313486231570000000000000000000000000000000000000000000000000000000000000000000000000000000000000000000000000000000000000000000000000000000000000000000000000000000000000000000000000000000000000000000000000000000000000000000000000000000000000000000000000000000000000000000000000000000000000000000000000000	5.32553790249293
