-179769313486231570000000000000000000000000000000000000000000000000000000000000000000000000000000000000000000000000000000000000000000000000000000000000000000000000000000000000000000000000000000000000000000000000000000000000000000000000000000000000000000000000000000000000000000000000000000000000000000000000000	0
0.052177828390926766	0
0.0555111617242601	0.00428000888267554
0.058844495057593434	0.01129695983536129
0.06384449505759343	0.022027579769030192
0.07134449505759344	0.03846053314758241
0.08259449505759343	0.06367919882686668
0.09946949505759344	0.10248655702834798
0.12478199505759344	0.16238859594139882
0.16275074505759343	0.2551468392611834
0.21970387005759345	0.39921101577134327
0.30513355755759347	0.6234671247519767
0.4051335575575935	0.8950218691762688
0.5051335575575935	1.1737093399682594
0.6051335575575935	1.4576904711525613
0.7051335575575934	1.74563297890851
0.8051335575575934	2.0365069367049067
0.9051335575575934	2.3294789789969172
1.0051335575575933	2.6238542216315492
1.1051335575575933	2.9190383622680827
1.1534633712768556	3.204648027436943
179769313486231570000000000000000000000000000000000000000000000000000000000000000000000000000000000000000000000000000000000000000000000000000000000000000000000000000000000000000000000000000000000000000000000000000000000000000000000000000000000000000000000000000000000000000000000000000000000000000000000000000	3.204648027436943
