-179769313486231570000000000000000000000000000000000000000000000000000000000000000000000000000000000000000000000000000000000000000000000000000000000000000000000000000000000000000000000000000000000000000000000000000000000000000000000000000000000000000000000000000000000000000000000000000000000000000000000000000	0
0.05346337127685552	0
0.056796704610188854	0.006821009379188501
0.06013003794352219	0.01382067129055497
0.06513003794352219	0.024524198828951425
0.07263003794352219	0.040919120805477854
0.08388003794352218	0.06609187566205453
0.10075503794352218	0.10485380901322419
0.12606753794352218	0.1647320054231401
0.16403628794352218	0.2575329969285751
0.2209894129435222	0.4017917454606411
0.3064191004435222	0.6265395923855789
0.40641910044352225	0.8988628767910087
0.5064191004435222	1.178440415250883
0.6064191004435222	1.4633765423409262
0.7064191004435222	1.752301312021461
0.8064191004435222	2.0441589717283852
0.9064191004435221	2.338099641514555
1.0064191004435221	2.633417205636546
1.1064191004435222	2.929510954046132
1.1534633712768556	3.208348964871657
179769313486231570000000000000000000000000000000000000000000000000000000000000000000000000000000000000000000000000000000000000000000000000000000000000000000000000000000000000000000000000000000000000000000000000000000000000000000000000000000000000000000000000000000000000000000000000000000000000000000000000000	3.208348964871657
