-100000	0
0.0000000000000002220446049250313	0
0.0033333333333335556	0.006767235839956553
0.008333333333333555	0.017261284612511554
0.015833333333333553	0.03341893016017782
0.027083333333333553	0.05831925081084525
0.04395833333333356	0.0967466412444432
0.06927083333333356	0.15620973130804092
0.10723958333333355	0.24842533762641622
0.16419270833333355	0.39199204279657013
0.24962239583333357	0.615809761477438
0.34962239583333354	0.8871351005659837
0.4496223958333335	1.1657853948068075
0.5496223958333335	1.4498848997779625
0.6496223958333335	1.7380313105016973
0.7496223958333335	2.0291744569999643
0.8496223958333334	2.322470421479569
0.9496223958333334	2.6172132592491493
1.0496223958333335	2.9128191798202825
1.1000000000000003	3.0618963610245227
1000001.1	3.0618963610245227
