-179769313486231570000000000000000000000000000000000000000000000000000000000000000000000000000000000000000000000000000000000000000000000000000000000000000000000000000000000000000000000000000000000000000000000000000000000000000000000000000000000000000000000000000000000000000000000000000000000000000000000000000	0
0.05346337127685552	0
0.056796704610188854	0.006821215744747499
0.06013003794352219	0.01382092768864836
0.06513003794352219	0.024524552842474064
0.07263003794352219	0.04091955462811528
0.08388003794352218	0.06609239400042836
0.10075503794352218	0.10485443294143179
0.12606753794352218	0.16473275107026056
0.16403628794352218	0.25753380592028097
0.2209894129435222	0.40179219669585053
0.3064191004435222	0.6265396382471861
0.40641910044352225	0.8988619805577382
0.5064191004435222	1.1784385986895307
0.6064191004435222	1.4633739472536267
0.7064191004435222	1.7522979760834057
0.8064191004435222	2.044154966148138
0.9064191004435221	2.3380951183188476
1.0064191004435221	2.6334122235009674
1.1064191004435222	2.929505813142614
1.1534633712768556	3.2083438875392227
179769313486231570000000000000000000000000000000000000000000000000000000000000000000000000000000000000000000000000000000000000000000000000000000000000000000000000000000000000000000000000000000000000000000000000000000000000000000000000000000000000000000000000000000000000000000000000000000000000000000000000000	3.2083438875392227
