-179769313486231570000000000000000000000000000000000000000000000000000000000000000000000000000000000000000000000000000000000000000000000000000000000000000000000000000000000000000000000000000000000000000000000000000000000000000000000000000000000000000000000000000000000000000000000000000000000000000000000000000	0
0.000000000000000013246593905115288	0
0.003333333333333347	0.006821215744746186
0.00666666666666668	0.01382092768864704
0.01166666666666668	0.024524552842472642
0.01916666666666668	0.040919554628113565
0.03041666666666668	0.06609239400042631
0.047291666666666676	0.10485443294142928
0.07260416666666668	0.1647327510702578
0.11057291666666669	0.2575338059202773
0.16752604166666668	0.4017921966958463
0.2529557291666667	0.6265396382471792
0.35295572916666673	0.8988619805577281
0.4529557291666667	1.1784385986895163
0.5529557291666667	1.4633739472536087
0.6529557291666667	1.7522979760833834
0.7529557291666666	2.044154966148113
0.8529557291666666	2.3380951183188197
0.9529557291666666	2.6334122235009367
1.0529557291666667	2.929505813142581
1.1000000000000008	3.2083438875391916
179769313486231570000000000000000000000000000000000000000000000000000000000000000000000000000000000000000000000000000000000000000000000000000000000000000000000000000000000000000000000000000000000000000000000000000000000000000000000000000000000000000000000000000000000000000000000000000000000000000000000000000	3.2083438875391916
