-179769313486231570000000000000000000000000000000000000000000000000000000000000000000000000000000000000000000000000000000000000000000000000000000000000000000000000000000000000000000000000000000000000000000000000000000000000000000000000000000000000000000000000000000000000000000000000000000000000000000000000000	0
0.00000000000000003273569724830752	0
0.003333333333333366	0.006821215744746199
0.006666666666666699	0.013820927688647055
0.0116666666666667	0.02452455284247266
0.0191666666666667	0.040919554628113614
0.0304166666666667	0.0660923940004264
0.047291666666666704	0.10485443294142936
0.0726041666666667	0.16473275107025784
0.11057291666666672	0.2575338059202775
0.16752604166666674	0.40179219669584665
0.25295572916666675	0.6265396382471795
0.35295572916666673	0.8988619805577277
0.4529557291666667	1.1784385986895152
0.5529557291666667	1.463373947253607
0.6529557291666667	1.7522979760833814
0.7529557291666666	2.0441549661481107
0.8529557291666666	2.3380951183188174
0.9529557291666666	2.6334122235009345
1.0529557291666667	2.929505813142579
1.1000000000000008	3.2083438875391894
179769313486231570000000000000000000000000000000000000000000000000000000000000000000000000000000000000000000000000000000000000000000000000000000000000000000000000000000000000000000000000000000000000000000000000000000000000000000000000000000000000000000000000000000000000000000000000000000000000000000000000000	3.2083438875391894
