-179769313486231570000000000000000000000000000000000000000000000000000000000000000000000000000000000000000000000000000000000000000000000000000000000000000000000000000000000000000000000000000000000000000000000000000000000000000000000000000000000000000000000000000000000000000000000000000000000000000000000000000	0
0.00000000000000009120319754523644	0
0.0033333333333334246	0.0068212157447463595
0.006666666666666758	0.013820927688647212
0.01166666666666676	0.02452455284247282
0.01916666666666676	0.04091955462811375
0.03041666666666676	0.06609239400042652
0.04729166666666676	0.10485443294142954
0.07260416666666676	0.16473275107025798
0.11057291666666677	0.25753380592027764
0.1675260416666668	0.4017921966958467
0.2529557291666668	0.6265396382471797
0.35295572916666684	0.8988619805577283
0.4529557291666668	1.178438598689516
0.5529557291666668	1.4633739472536078
0.6529557291666668	1.7522979760833821
0.7529557291666668	2.044154966148111
0.8529557291666667	2.338095118318818
0.9529557291666667	2.633412223500935
1.0529557291666667	2.929505813142579
1.1000000000000008	3.208343887539189
179769313486231570000000000000000000000000000000000000000000000000000000000000000000000000000000000000000000000000000000000000000000000000000000000000000000000000000000000000000000000000000000000000000000000000000000000000000000000000000000000000000000000000000000000000000000000000000000000000000000000000000	3.208343887539189
