-179769313486231570000000000000000000000000000000000000000000000000000000000000000000000000000000000000000000000000000000000000000000000000000000000000000000000000000000000000000000000000000000000000000000000000000000000000000000000000000000000000000000000000000000000000000000000000000000000000000000000000000	0
0.0000000000000002763504044240915	0
0.00333333333333361	0.0068212157447466995
0.006666666666666944	0.013820927688647563
0.011666666666666943	0.024524552842473183
0.019166666666666943	0.040919554628114134
0.030416666666666942	0.06609239400042695
0.04729166666666694	0.10485443294142999
0.07260416666666694	0.16473275107025848
0.11057291666666694	0.25753380592027814
0.16752604166666696	0.4017921966958473
0.252955729166667	0.6265396382471802
0.35295572916666695	0.8988619805577284
0.45295572916666693	1.1784385986895158
0.5529557291666669	1.4633739472536074
0.6529557291666669	1.752297976083382
0.7529557291666669	2.044154966148111
0.8529557291666668	2.338095118318818
0.9529557291666668	2.633412223500935
1.052955729166667	2.9295058131425793
1.1000000000000008	3.208343887539188
179769313486231570000000000000000000000000000000000000000000000000000000000000000000000000000000000000000000000000000000000000000000000000000000000000000000000000000000000000000000000000000000000000000000000000000000000000000000000000000000000000000000000000000000000000000000000000000000000000000000000000000	3.208343887539188
