-179769313486231570000000000000000000000000000000000000000000000000000000000000000000000000000000000000000000000000000000000000000000000000000000000000000000000000000000000000000000000000000000000000000000000000000000000000000000000000000000000000000000000000000000000000000000000000000000000000000000000000000	0
0.00000000000000030558409926130284	0
0.0033333333333336393	0.0068212157447468036
0.006666666666666973	0.013820927688647667
0.011666666666666974	0.024524552842473277
0.019166666666666974	0.04091955462811418
0.030416666666666974	0.06609239400042696
0.047291666666666975	0.10485443294142997
0.07260416666666697	0.16473275107025845
0.11057291666666696	0.2575338059202781
0.16752604166666696	0.4017921966958472
0.252955729166667	0.6265396382471801
0.35295572916666695	0.8988619805577287
0.45295572916666693	1.1784385986895167
0.5529557291666669	1.4633739472536087
0.6529557291666669	1.7522979760833832
0.7529557291666669	2.0441549661481124
0.8529557291666668	2.338095118318819
0.9529557291666668	2.6334122235009363
1.052955729166667	2.9295058131425806
1.1000000000000008	3.2083438875391894
179769313486231570000000000000000000000000000000000000000000000000000000000000000000000000000000000000000000000000000000000000000000000000000000000000000000000000000000000000000000000000000000000000000000000000000000000000000000000000000000000000000000000000000000000000000000000000000000000000000000000000000	3.2083438875391894
