-179769313486231570000000000000000000000000000000000000000000000000000000000000000000000000000000000000000000000000000000000000000000000000000000000000000000000000000000000000000000000000000000000000000000000000000000000000000000000000000000000000000000000000000000000000000000000000000000000000000000000000000	0
0.0000000022709769579774632	0
0.0033333356043102917	0.0036808458466238304
0.006666668937643625	0.007584839638816499
0.011666668937643624	0.013705437553710457
0.019166668937643624	0.023330164333134798
0.030416668937643623	0.03853126987585227
0.047291668937643624	0.06266523273780975
0.07260416893764363	0.10120082039323164
0.11057291893764362	0.1630968628464108
0.16752604393764364	0.2630973128782441
0.25295573143764366	0.42556027638160693
0.3529557314376437	0.6306617833494085
0.45295573143764367	0.8488554263976271
0.5529557314376436	1.078149477090964
0.6529557314376436	1.317182742685689
0.7529557314376436	1.5649623282239287
0.8529557314376436	1.8207322268856587
0.9529557314376436	2.083898419332451
1.0529557314376436	2.353982857199941
1.1000000000000008	2.6133716805069245
179769313486231570000000000000000000000000000000000000000000000000000000000000000000000000000000000000000000000000000000000000000000000000000000000000000000000000000000000000000000000000000000000000000000000000000000000000000000000000000000000000000000000000000000000000000000000000000000000000000000000000000	2.6133716805069245
