-100000	0
9.65	0
9.653333333333334	0.027300000000004244
9.658333333333335	0.06825000000001061
9.665833333333335	0.12967500000001284
9.677083333333336	0.2218125000000163
9.693958333333336	0.3600187500000214
9.719270833333336	0.5673281250000218
9.757239583333336	0.8782921875000149
9.814192708333335	1.3447382812500124
9.899622395833335	2.044407421875008
9.999622395833335	2.8634074218750043
10.099622395833334	3.6824074218750007
10.199622395833334	4.5014074218749975
10.299622395833333	5.320407421874992
10.399622395833333	6.1394074218749894
10.499622395833333	6.958407421874987
10.599622395833332	7.777407421874983
10.699622395833332	8.59640742187498
10.799622395833332	9.41540742187497
10.899622395833331	10.234407421874973
10.999622395833331	11.053407421874969
11.09962239583333	11.87240742187496
11.15	12.284999999999991
1000011.15	12.284999999999991
