-100000	0
9.65	0
9.653333333333334	0.02730000000000438
9.658333333333335	0.06825000000001097
9.665833333333335	0.12967500000001353
9.677083333333336	0.22181250000001743
9.693958333333336	0.3600187500000232
9.719270833333336	0.5673281250000247
9.757239583333336	0.8782921875000196
9.814192708333335	1.344738281250019
9.899622395833335	2.0444074218750194
9.999622395833335	2.8634074218750194
10.099622395833334	3.682407421875019
10.199622395833334	4.501407421875021
10.299622395833333	5.32040742187502
10.399622395833333	6.139407421875023
10.499622395833333	6.958407421875022
10.599622395833332	7.77740742187502
10.699622395833332	8.596407421875021
10.799622395833332	9.41540742187502
10.899622395833331	10.234407421875023
10.999622395833331	11.053407421875027
11.09962239583333	11.872407421875032
11.15	12.28500000000005
1000011.15	12.28500000000005
