-179769313486231570000000000000000000000000000000000000000000000000000000000000000000000000000000000000000000000000000000000000000000000000000000000000000000000000000000000000000000000000000000000000000000000000000000000000000000000000000000000000000000000000000000000000000000000000000000000000000000000000000	0
0.0057165060994882775	0
0.00904983943282161	0.000011245168804679995
0.012383172766154945	0.00009083205793537448
0.017383172766154944	0.00036441010083742464
0.024883172766154944	0.001063130758709659
0.03613317276615494	0.0026442107008275454
0.053008172766154944	0.005989113632929693
0.07832067276615495	0.012762237041491629
0.11628942276615495	0.02605056082335426
0.17324254776615494	0.051484755645755345
0.25867223526615496	0.09915623580881759
0.358672235266155	0.16614541151697323
0.45867223526615497	0.24264407369828744
0.558672235266155	0.3268999981430552
0.6586722352661549	0.41767560374040746
0.7586722352661549	0.5140407418998888
0.8586722352661549	0.6152680328257772
0.9586722352661549	0.72077116949701
1.0586722352661548	0.8300683333128961
1.158672235266155	0.942757633855129
1.258672235266155	1.0585003701869427
1.358672235266155	1.1770094496367367
1.4586722352661552	1.2980409200247833
1.5586722352661553	1.4213878605705783
1.6000000000000003	1.524788959600455
179769313486231570000000000000000000000000000000000000000000000000000000000000000000000000000000000000000000000000000000000000000000000000000000000000000000000000000000000000000000000000000000000000000000000000000000000000000000000000000000000000000000000000000000000000000000000000000000000000000000000000000	1.524788959600455
