-100000	0
0	0
0.0033333333333333335	0.006736649071489135
0.008333333333333333	0.017246169391232503
0.01583333333333333	0.03340933686341727
0.02708333333333333	0.058304153900123404
0.043958333333333335	0.09672204933132462
0.06927083333333334	0.15617451353563935
0.10723958333333333	0.24842472837184337
0.16419270833333333	0.39196273729693165
0.24962239583333334	0.6157559402377103
0.3496223958333333	0.8870659909396582
0.4496223958333333	1.1657151330581916
0.5496223958333333	1.4497922170826196
0.6496223958333333	1.7379244972459693
0.7496223958333332	2.029060086022904
0.8496223958333332	2.3223518897858617
0.9496223958333332	2.617092187696346
1.0496223958333333	2.912698086155992
1.1	3.061775700314451
1000001.1	3.061775700314451
