-100000	0
0	0
0.0033333333333333335	0.000000000000000000000000000000020222264416065974
0.008333333333333333	0.00000000000000000000000000000001232595164407831
0.01583333333333333	0.00000000000000000000000000000001232595164407831
0.02708333333333333	0.0000000000000000000000000000000015407439555097887
0.043958333333333335	0.00000000000000000000000000000014791141972893971
0.06927083333333334	0.00000000000000000000000000000026500796034768365
0.10723958333333333	0.00000000000000000000000000000018103741477240017
0.16419270833333333	0.0000000000000000000000000000006409494854920721
0.24962239583333334	0.0000000000000000000000000000006409494854920721
0.3496223958333333	0.0000000000000000000000000000012942249226282223
0.4496223958333333	0.000000000000000000000000000002514494135391975
0.5496223958333333	0.000000000000000000000000000003106139814307734
0.6496223958333333	0.0000000000000000000000000000028596207814261678
0.7496223958333332	0.000000000000000000000000000006541998835094563
0.8496223958333332	0.00000000000000000000000000000327870313732483
0.9496223958333332	0.0000000000000000000000000000054727225299707694
1.0496223958333333	0.0000000000000000000000000000003944304526105059
1.1	0
1000001.1	0
