-100000	0
0	0
0.0033333333333333335	0.006749948166036558
0.008333333333333333	0.017250411450260066
0.01583333333333333	0.03341714167253008
0.02708333333333333	0.058317196850333985
0.043958333333333335	0.0967426913466239
0.06927083333333334	0.15620591714274837
0.10723958333333333	0.24847112612317304
0.16419270833333333	0.39202906764945916
0.24962239583333334	0.615847244072458
0.3496223958333333	0.8871800351203671
0.4496223958333333	1.16584621821708
0.5496223958333333	1.4499355530465385
0.6496223958333333	1.7380762474368698
0.7496223958333332	2.0292172123482937
0.8496223958333332	2.3225121273574416
0.9496223958333332	2.6172539253929794
1.0496223958333333	2.9128602982200738
1.1	3.06193795980715
1000001.1	3.06193795980715
