-100000	0
0	0
0.0033333333333333335	0.006747782422863912
0.008333333333333333	0.017250125916772833
0.01583333333333333	0.03341662412351092
0.02708333333333333	0.05831634274878556
0.043958333333333335	0.09674135336388826
0.06927083333333334	0.156203899397508
0.10723958333333333	0.24846816660801316
0.16419270833333333	0.3920248646726317
0.24962239583333334	0.6158414923985708
0.3496223958333333	0.8871728891282433
0.4496223958333333	1.165838034269034
0.5496223958333333	1.4499266315284052
0.6496223958333333	1.7380668286463516
0.7496223958333332	2.0292074810559653
0.8496223958333332	2.322502216808355
0.9496223958333332	2.6172439362988436
1.0496223958333333	2.912850288587126
1.1	3.0619279480938695
1000001.1	3.0619279480938695
