-100000	0
0	0
0.0033333333333333335	0.006747797437627551
0.008333333333333333	0.017249984181196158
0.01583333333333333	0.0334163668773472
0.02708333333333333	0.058315917687680914
0.043958333333333335	0.09674068677644468
0.06927083333333334	0.15620289338505397
0.10723958333333333	0.2484666898604022
0.16419270833333333	0.3920227659889078
0.24962239583333334	0.6158386185725003
0.3496223958333333	0.8871693169909176
0.4496223958333333	1.1658339418489725
0.5496223958333333	1.4499221689189483
0.6496223958333333	1.738062115942919
0.7496223958333332	2.0292026108105166
0.8496223958333332	2.32249725590626
0.9496223958333332	2.617238935757299
1.0496223958333333	2.912845277295482
1.1	3.061922935762067
1000001.1	3.061922935762067
