-100000	0
0	0
0.0033333333333333335	0.00674951450455327
0.008333333333333333	0.01724942411333115
0.01583333333333333	0.03341534808165546
0.02708333333333333	0.058314230707710364
0.043958333333333335	0.09673803645280568
0.06927083333333334	0.15619888840296922
0.10723958333333333	0.2484608027828558
0.16419270833333333	0.39201438995183735
0.24962239583333334	0.6158271384621423
0.3496223958333333	0.8871550341662982
0.4496223958333333	1.165817569194815
0.5496223958333333	1.4499043061448074
0.6496223958333333	1.7380432430742476
0.7496223958333332	2.0291830991662674
0.8496223958333332	2.3224773748635164
0.9496223958333332	2.6172188936271956
1.0496223958333333	2.9128251889625223
1.1	3.061902843266269
1000001.1	3.061902843266269
