-100000	0
0	0
0.0033333333333333335	0.006749393876472599
0.008333333333333333	0.01724914820406412
0.01583333333333333	0.03341484479718846
0.02708333333333333	0.05831339517639553
0.043958333333333335	0.09673672090667006
0.06927083333333334	0.1561968973525699
0.10723958333333333	0.24845787115882073
0.16419270833333333	0.39201021315200785
0.24962239583333334	0.6158214075512053
0.3496223958333333	0.8871478961888188
0.4496223958333333	1.1658093810834227
0.5496223958333333	1.4498953673559893
0.6496223958333333	1.7380337934069852
0.7496223958333332	2.0291733249467234
0.8496223958333332	2.3224674130608243
0.9496223958333332	2.6172088485838647
1.0496223958333333	2.912815118998222
1.1	3.061892771117294
1000001.1	3.061892771117294
