-100000	0
0	0
0.0033333333333333335	0.006747846223347625
0.008333333333333333	0.017249011280597523
0.01583333333333333	0.03341459468330079
0.02708333333333333	0.05831297940040768
0.043958333333333335	0.09673606553752649
0.06927083333333334	0.15619590467688194
0.10723958333333333	0.24845640832536356
0.16419270833333333	0.3920081275567827
0.24962239583333334	0.6158185443818175
0.3496223958333333	0.8871443280588172
0.4496223958333333	1.1658052865816888
0.5496223958333333	1.4498908961111916
0.6496223958333333	1.7380290652651846
0.7496223958333332	2.029168433237668
0.8496223958333332	2.322462427137576
0.9496223958333332	2.617203820067721
1.0496223958333333	2.912810077607756
1.1	3.0618877285676427
1000001.1	3.0618877285676427
