-100000	0
0	0
0.0033333333333333335	0.006747864163459415
0.008333333333333333	0.017248604634862275
0.01583333333333333	0.0334138504550147
0.02708333333333333	0.05831174003111115
0.043958333333333335	0.09673410904577397
0.06927083333333334	0.15619293737472795
0.10723958333333333	0.24845203173918604
0.16419270833333333	0.39200188212757353
0.24962239583333334	0.6158099640178625
0.3496223958333333	0.8871336271035909
0.4496223958333333	1.1657930012920998
0.5496223958333333	1.4498774749749663
0.6496223958333333	1.7380148676067495
0.7496223958333332	2.0291537397129606
0.8496223958333332	2.322447449279763
0.9496223958333332	2.6171887105408547
1.0496223958333333	2.9127949278030774
1.1	3.061872575017435
1000001.1	3.061872575017435
