-100000	0
0	0
0.0033333333333333335	0.00674796119319989
0.008333333333333333	0.017247809904388903
0.01583333333333333	0.033412389508652086
0.02708333333333333	0.05830929710654341
0.043958333333333335	0.09673023933286025
0.06927083333333334	0.15618705045025874
0.10723958333333333	0.24844333218080372
0.16419270833333333	0.39198944408196806
0.24962239583333334	0.6157928444391251
0.3496223958333333	0.887112240650006
0.4496223958333333	1.1657684226836822
0.5496223958333333	1.4498505993948527
0.6496223958333333	1.737986412741972
0.7496223958333332	2.0291242701525243
0.8496223958333332	2.322417403168783
0.9496223958333332	2.6171583835852466
1.0496223958333333	2.9127645128451825
1.1	3.061842151362625
1000001.1	3.061842151362625
