-100000	0
0	0
0.0033333333333333335	0.00674801137444042
0.008333333333333333	0.01724729383295909
0.01583333333333333	0.03341217811429602
0.02708333333333333	0.0583078276642453
0.043958333333333335	0.09672769157653563
0.06927083333333334	0.15618316115190456
0.10723958333333333	0.24843757218925544
0.16419270833333333	0.39198119129266057
0.24962239583333334	0.6157814618674718
0.3496223958333333	0.8870979946082905
0.4496223958333333	1.1657520309970837
0.5496223958333333	1.4498326576690164
0.6496223958333333	1.7379673987224582
0.7496223958333332	2.0291045679705086
0.8496223958333332	2.3223973054684777
0.9496223958333332	2.6171380856873805
1.0496223958333333	2.912744150763054
1.1	3.061821782589328
1000001.1	3.061821782589328
