-100000	0
0	0
0.0033333333333333335	0.006748427309439854
0.008333333333333333	0.017246913997551693
0.01583333333333333	0.03341073004664499
0.02708333333333333	0.058306505449564276
0.043958333333333335	0.0967257975867413
0.06927083333333334	0.15618026272006674
0.10723958333333333	0.24843327304546467
0.16419270833333333	0.3919750223022545
0.24962239583333334	0.6157729409411693
0.3496223958333333	0.8870873184428263
0.4496223958333333	1.165739734109613
0.5496223958333333	1.4498191884216134
0.6496223958333333	1.7379531150642893
0.7496223958333332	2.0290897640451115
0.8496223958333332	2.322382197039438
0.9496223958333332	2.617122820444524
1.0496223958333333	2.912728834343608
1.1	3.0618064606825626
1000001.1	3.0618064606825626
