-179769313486231570000000000000000000000000000000000000000000000000000000000000000000000000000000000000000000000000000000000000000000000000000000000000000000000000000000000000000000000000000000000000000000000000000000000000000000000000000000000000000000000000000000000000000000000000000000000000000000000000000	0
0.0000000000000006661338147750939	0
0.0033333333333340764	0.0001319037284673462
0.006666666666667487	0.001781125452718225
0.01166666666666738	0.004256858811492995
0.019166666666667442	0.007979337756410621
0.030416666666667425	0.013591235898828876
0.0472916666666674	0.022088979308143436
0.07260416666666747	0.03505015793800227
0.11057291666666758	0.055036919651563425
0.1675260416666675	0.08628922595617194
0.25295572916666753	0.13587428770755913
0.3529557291666676	0.19770073072122715
0.4529557291666677	0.2632385234326
0.5529557291666678	0.3321625456040481
0.6529557291666679	0.4041974247586463
0.752955729166668	0.4791057085773738
0.8529557291666681	0.5566819474710398
0.9529557291666682	0.6367470680050229
1.0529557291666682	0.7191438051447149
1.1529557291666683	0.8037337697161667
1.2529557291666684	0.8903940013983458
1.3529557291666685	0.979015274077651
1.4529557291666686	1.0695002100523487
1.5529557291666687	1.161761740121803
1.6529557291666688	1.2557216798144932
1.7529557291666689	1.3513077064187389
1.852955729166669	1.4484589712342024
1.952955729166669	1.5471198006112687
2.052955729166669	1.6472393935497345
2.152955729166669	1.7487720052315112
2.2529557291666693	1.851676709805119
2.3529557291666694	1.9559167521407228
2.4529557291666695	2.061458926731854
2.5529557291666696	2.1682736402390574
2.6529557291666697	2.2763343743700486
2.7529557291666698	2.3856176546129744
2.85295572916667	2.4961024997779244
2.9529557291666695	2.6077703337237668
3.052955729166669	2.720604660759664
3.1529557291666688	2.834591248516898
3.2529557291666684	2.949717527130688
3.352955729166668	3.065972641954556
3.4529557291666677	3.1833470190295547
3.5529557291666674	3.301832896331556
3.652955729166667	3.4214235412838354
3.7529557291666666	3.5421133945802565
3.8529557291666663	3.6638976740068756
3.952955729166666	3.7867729682908178
4.052955729166666	3.9107364410570398
4.152955729166665	4.035785763105989
4.252955729166665	4.1619197286891945
4.3529557291666645	4.289137430594174
4.452955729166664	4.417438414888892
4.552955729166664	4.546822300042362
4.6529557291666634	4.677289592706236
4.752955729166663	4.80884075690428
4.852955729166663	4.9414762151907405
4.952955729166662	5.075196425636567
5.052955729166662	5.210002331548042
5.152955729166662	5.345894488600642
5.252955729166661	5.4570627365369235
5.352955729166661	5.525187108598138
5.452955729166661	5.594398247483529
5.55295572916666	5.664695417027427
5.65295572916666	5.7360780953241015
5.7529557291666595	5.808545302094312
5.852955729166659	5.88209434632503
5.952955729166659	5.956722708995968
6.0529557291666585	6.032427579156313
6.152955729166658	6.10920484223187
6.252955729166658	6.18704952172166
6.352955729166657	6.265956118245719
6.452955729166657	6.345917815782837
6.552955729166657	6.4269271099279415
6.652955729166656	6.508975159033327
6.752955729166656	6.5920521841369615
6.852955729166656	6.676147144223944
6.952955729166655	6.761247698384639
7.052955729166655	6.847340431314946
7.152955729166655	6.934410251798961
7.252955729166654	7.022441183767325
7.352955729166654	7.1114152999784865
7.4529557291666535	7.201313504129341
7.552955729166653	7.292115829954783
7.652955729166653	7.3838000864565805
7.752955729166652	7.4763430985315935
7.852955729166652	7.569720457387469
7.952955729166652	7.66390660725189
8.052955729166651	7.758875607064629
8.152955729166651	7.854599592331352
8.25295572916665	7.9510503481126165
8.35295572916665	8.048200797038987
8.45295572916665	8.146023598540879
8.55295572916665	8.24450202057564
8.553052734375001	8.244693683186153
179769313486231570000000000000000000000000000000000000000000000000000000000000000000000000000000000000000000000000000000000000000000000000000000000000000000000000000000000000000000000000000000000000000000000000000000000000000000000000000000000000000000000000000000000000000000000000000000000000000000000000000	8.244693683186153
