-179769313486231570000000000000000000000000000000000000000000000000000000000000000000000000000000000000000000000000000000000000000000000000000000000000000000000000000000000000000000000000000000000000000000000000000000000000000000000000000000000000000000000000000000000000000000000000000000000000000000000000000	0
0.0016924240689741854	0
0.005025757402307596	0.0010245248819097763
0.008359090735641006	0.00275662671496497
0.0133590907356409	0.005356182407551794
0.02085909073564096	0.009259018771679926
0.032109090735640944	0.0151231641175444
0.04898409073564092	0.02394932284110352
0.07429659073564099	0.037282169932334526
0.1122653407356411	0.05757867248041158
0.16921846573564103	0.08895245174113056
0.25464815323564105	0.1386176799187912
0.35464815323564114	0.20081424145441995
0.45464815323564123	0.26703166344015905
0.5546481532356413	0.33691507568703594
0.6546481532356414	0.4101656771764998
0.7546481532356415	0.4865248137208135
0.8546481532356416	0.5657682913419799
0.9546481532356417	0.6477005637662907
1.0546481532356418	0.7321499971625333
1.1546481532356418	0.818965189320856
1.254648153235642	0.9080120988145193
1.354648153235642	0.999171343246701
1.4546481532356421	1.0923366206514955
1.5546481532356422	1.1874129584124697
1.6546481532356423	1.2843152953050194
1.7546481532356424	1.3829645376023278
1.8546481532356425	1.4832948182935934
1.9546481532356426	1.5852457984118333
2.0546481532356426	1.6887625853453225
2.1546481532356427	1.7937959246808537
2.254648153235643	1.9003017732467848
2.354648153235643	2.008240757464232
2.454648153235643	2.117577758333771
2.554648153235643	2.228281346088365
2.654648153235643	2.3403236843851585
2.7546481532356433	2.4536802231278823
2.8546481532356434	2.568329358474948
2.9546481532356434	2.6842521761099083
3.054648153235643	2.8014322462312435
3.1546481532356427	2.919855417669422
3.2546481532356424	3.0395096565271196
3.354648153235642	3.1603848118714715
3.4546481532356417	3.282472461170662
3.5546481532356413	3.405765838227896
3.654648153235641	3.530259661691169
3.7546481532356406	3.655949949134163
3.8546481532356403	3.782833937173884
3.95464815323564	3.9109099642165828
4.0546481532356395	4.040177446375329
4.154648153235639	4.170636643504655
4.254648153235639	4.302288604758537
4.3546481532356385	4.435135131420712
4.454648153235638	4.56917863080806
4.554648153235638	4.704422058925523
4.654648153235637	4.840868803586347
4.754648153235637	4.97852265645311
4.854648153235637	5.117387713784522
4.954648153235636	5.257468224586293
5.054648153235636	5.398768553188506
5.154648153235636	5.541293247307225
5.254648153235635	5.6519627634287675
5.354648153235635	5.7112295171097225
5.454648153235635	5.771734050257046
5.554648153235634	5.833480637039382
5.654648153235634	5.896473237681872
5.7546481532356335	5.960715817007007
5.854648153235633	6.026210785324043
5.954648153235633	6.0929614148984514
6.054648153235632	6.160970066326726
6.154648153235632	6.230238592240701
6.254648153235632	6.300768258943274
6.354648153235631	6.372559691172834
6.454648153235631	6.44561283573492
6.554648153235631	6.5199269120017
6.65464815323563	6.595500404978948
6.75464815323563	6.67233100774848
6.85464815323563	6.75041560483764
6.954648153235629	6.829750195921918
7.054648153235629	6.910329949175279
7.1546481532356285	6.992149180532515
7.254648153235628	7.075201370073733
7.354648153235628	7.159479150767265
7.4546481532356275	7.24497436274557
7.554648153235627	7.331678127434819
7.654648153235627	7.4195809205320575
7.754648153235626	7.5086726472783685
7.854648153235626	7.5989428005386195
7.954648153235626	7.690380653833424
8.054648153235625	7.782975463773183
8.154648153235625	7.876716771586561
8.254648153235625	7.9715943868278485
8.354648153235624	8.067600349070899
8.454648153235624	8.164727798910002
8.553052734375001	8.358620901427017
179769313486231570000000000000000000000000000000000000000000000000000000000000000000000000000000000000000000000000000000000000000000000000000000000000000000000000000000000000000000000000000000000000000000000000000000000000000000000000000000000000000000000000000000000000000000000000000000000000000000000000000	8.358620901427017
