-179769313486231570000000000000000000000000000000000000000000000000000000000000000000000000000000000000000000000000000000000000000000000000000000000000000000000000000000000000000000000000000000000000000000000000000000000000000000000000000000000000000000000000000000000000000000000000000000000000000000000000000	0
0.003052734375000643	0
0.006386067708334053	0.0018408483550722751
0.009719401041667464	0.0036898027499371053
0.014719401041667357	0.006477451653211022
0.02221940104166742	0.010688239887075325
0.0334694010416674	0.01706314883300185
0.050344401041667375	0.026739755841313127
0.07565690104166745	0.041470955056505554
0.11362565104166755	0.06397138127914204
0.1705787760416675	0.09849730403033546
0.2560084635416675	0.15190148489264704
0.3560084635416676	0.21698039256948193
0.4560084635416677	0.2851220895157842
0.5560084635416678	0.3565901788683755
0.6560084635416679	0.43154700040319394
0.756008463541668	0.5100035491648275
0.856008463541668	0.5917900438796146
0.9560084635416679	0.6766981422163602
1.056008463541668	0.7645404108620673
1.156008463541668	0.8551493237618649
1.2560084635416682	0.9483748082713795
1.3560084635416683	1.0440822904608935
1.4560084635416684	1.1421511266544644
1.5560084635416684	1.24247307596972
1.6560084635416685	1.3449494155391515
1.7560084635416686	1.4494923078322517
1.8560084635416687	1.5560262893599264
1.9560084635416688	1.6644819984078438
2.056008463541669	1.7747974123530093
2.156008463541669	1.8869174691552486
2.256008463541669	2.0007933352695577
2.356008463541669	2.1163820807463765
2.4560084635416692	2.2336462089188776
2.5560084635416693	2.3525531614902686
2.6560084635416694	2.4730748803729723
2.7560084635416695	2.5951875671351416
2.8560084635416696	2.7188712472194925
2.9560084635416697	2.8441096321653196
3.0560084635416693	2.9708898247404423
3.156008463541669	3.099202029333667
3.2560084635416686	3.2290392509270123
3.3560084635416683	3.3603972689133323
3.456008463541668	3.4932743866079847
3.5560084635416676	3.6276711357908873
3.656008463541667	3.7635901759925066
3.756008463541667	3.901036172921467
3.8560084635416665	4.040015671082861
3.956008463541666	4.180536870759779
4.056008463541666	4.322609460612012
4.156008463541665	4.466244604236266
4.256008463541665	4.611454844553172
4.356008463541665	4.7582538352791826
4.456008463541664	4.906656288993649
4.556008463541664	5.056677952241566
4.656008463541664	5.208335482842879
4.756008463541663	5.361646342509613
4.856008463541663	5.516628643276425
4.956008463541663	5.673301040122706
5.056008463541662	5.831682776891149
5.156008463541662	5.991793676052739
5.2560084635416615	6.100489463541885
5.356008463541661	6.1310608783234475
5.456008463541661	6.16342244998653
5.5560084635416604	6.197595123317051
5.65600846354166	6.233599863802254
5.75600846354166	6.2714577703557595
5.856008463541659	6.311189397105413
5.956008463541659	6.352815891998864
6.056008463541659	6.3963581107805805
6.156008463541658	6.441836793548676
6.256008463541658	6.4892724834081426
6.356008463541658	6.538685474023513
6.456008463541657	6.590095689517348
6.556008463541657	6.643522919186271
6.6560084635416565	6.698986707804432
6.756008463541656	6.756506312930404
6.856008463541656	6.816100712207858
6.9560084635416555	6.877788557298505
7.056008463541655	6.941588215350749
7.156008463541655	7.007517824418739
7.256008463541654	7.075595257201987
7.356008463541654	7.145838196265869
7.456008463541654	7.218264192753108
7.556008463541653	7.292890715474223
7.656008463541653	7.369735237296152
7.756008463541653	7.4488153157961925
7.856008463541652	7.5301487254869865
7.956008463541652	7.613753556575483
8.056008463541652	7.699648356649167
8.156008463541651	7.787852310266276
8.25600846354165	7.878385383811193
8.35600846354165	7.971268552622356
8.45600846354165	8.066524656538036
8.553052734375001	8.257137081723679
179769313486231570000000000000000000000000000000000000000000000000000000000000000000000000000000000000000000000000000000000000000000000000000000000000000000000000000000000000000000000000000000000000000000000000000000000000000000000000000000000000000000000000000000000000000000000000000000000000000000000000000	8.257137081723679
