-179769313486231570000000000000000000000000000000000000000000000000000000000000000000000000000000000000000000000000000000000000000000000000000000000000000000000000000000000000000000000000000000000000000000000000000000000000000000000000000000000000000000000000000000000000000000000000000000000000000000000000000	0
0.003052734375000643	0
0.006386067708334053	0.0017289292976912906
0.009719401041667464	0.0034623277649773595
0.014719401041667357	0.006070792291848233
0.02221940104166742	0.010002275150072765
0.0334694010416674	0.015941628116444718
0.050344401041667375	0.02494335420949098
0.07565690104166745	0.03865197430442914
0.11362565104166755	0.059665156999337415
0.1705787760416675	0.09215890979019938
0.2560084635416675	0.14296798676233824
0.3560084635416676	0.2053732556503276
0.4560084635416677	0.27068904459889864
0.5560084635416678	0.33868164703597986
0.6560084635416679	0.4091404514978257
0.756008463541668	0.4818731792283889
0.856008463541668	0.5567037158348231
0.9560084635416679	0.6334715182894894
1.056008463541668	0.7120324536595216
1.156008463541668	0.7922610675691248
1.2560084635416682	0.8740538085901178
1.3560084635416683	0.9573334224064189
1.4560084635416684	1.0420544022162608
1.5560084635416684	1.1282093664995305
1.6560084635416685	1.2158367744936383
1.7560084635416686	1.3050296840618343
1.8560084635416687	1.3959541864454226
1.9560084635416688	1.4888808507071447
2.056008463541669	1.584039987543105
2.156008463541669	1.681521949460902
2.256008463541669	1.7813057211972223
2.356008463541669	1.8833677048065218
2.4560084635416692	1.987693409200513
2.5560084635416693	2.0942766776136525
2.6560084635416694	2.18571565300874
2.7560084635416695	2.2563106808936775
2.8560084635416696	2.3291875163698936
2.9560084635416697	2.4043660791596566
3.0560084635416693	2.481871257466387
3.156008463541669	2.5617321190214226
3.2560084635416686	2.6439817652776294
3.3560084635416683	2.728656314048332
3.456008463541668	2.8157950060336905
3.5560084635416676	2.9054391501671137
3.656008463541667	2.9976324218352275
3.756008463541667	3.092419884919285
3.8560084635416665	3.18984802687721
3.956008463541666	3.28996424743084
4.056008463541666	3.392816722654433
4.156008463541665	3.49845409508896
4.256008463541665	3.606925210364344
4.356008463541665	3.718278812967754
4.456008463541664	3.8325637835038138
4.556008463541664	3.9498282243794165
4.656008463541664	4.070120382933309
4.756008463541663	4.193487041508572
4.856008463541663	4.319975284615307
4.956008463541663	4.449630541943171
5.056008463541662	4.582497952067468
5.156008463541662	4.718621541443096
5.2560084635416615	4.819015530054421
5.356008463541661	4.864099849419747
5.456008463541661	4.912566763883769
5.5560084635416604	4.964456646033785
5.65600846354166	5.019808901655367
5.75600846354166	5.078661996670512
5.856008463541659	5.141053574355169
5.956008463541659	5.207020863357437
6.056008463541659	5.276599712143699
6.156008463541658	5.349826212743443
6.256008463541658	5.4267355668666255
6.356008463541658	5.507362240492379
6.456008463541657	5.591741534860593
6.556008463541657	5.679907198634438
6.6560084635416565	5.771894530644333
6.756008463541656	5.867738025599635
6.856008463541656	5.967472525019593
6.9560084635416555	6.0711345307694815
7.056008463541655	6.17875909480369
7.156008463541655	6.290384817511865
7.256008463541654	6.406049034050547
7.356008463541654	6.52579150806308
7.456008463541654	6.6496540473967505
7.556008463541653	6.777677903731659
7.656008463541653	6.909909586488454
7.756008463541653	7.046394730382812
7.856008463541652	7.187182532639049
7.956008463541652	7.332326186935821
8.056008463541652	7.481878353147328
8.156008463541651	7.635898851258018
8.25600846354165	7.794448134499328
8.35600846354165	7.957590038514581
8.45600846354165	8.125395858187595
8.553052734375001	8.462381950201408
179769313486231570000000000000000000000000000000000000000000000000000000000000000000000000000000000000000000000000000000000000000000000000000000000000000000000000000000000000000000000000000000000000000000000000000000000000000000000000000000000000000000000000000000000000000000000000000000000000000000000000000	8.462381950201408
