-179769313486231570000000000000000000000000000000000000000000000000000000000000000000000000000000000000000000000000000000000000000000000000000000000000000000000000000000000000000000000000000000000000000000000000000000000000000000000000000000000000000000000000000000000000000000000000000000000000000000000000000	0
0.003052734375000643	0
0.006386067708334053	0.0016619198222879745
0.009719401041667464	0.003327630850323846
0.014719401041667357	0.0058333012659904015
0.02221940104166742	0.009607776445206492
0.0334694010416674	0.015305373101198297
0.050344401041667375	0.02393197021901111
0.07565690104166745	0.0370483971193439
0.11362565104166755	0.05711433670351082
0.1705787760416675	0.08806700687999137
0.2560084635416675	0.13633391471097103
0.3560084635416676	0.1954801272524539
0.4560084635416677	0.2573003107884473
0.5560084635416678	0.32161793406006806
0.6560084635416679	0.3882673726981195
0.756008463541668	0.4570915346425264
0.856008463541668	0.5279404119618841
0.9560084635416679	0.6006702876644608
1.056008463541668	0.6751442759496606
1.156008463541668	0.7512327303969175
1.2560084635416682	0.828814462451031
1.3560084635416683	0.9077783392334482
1.4560084635416684	0.9880254498085923
1.5560084635416684	1.069471479614839
1.6560084635416685	1.1520496349579696
1.7560084635416686	1.235713863340708
1.8560084635416687	1.3204426275024859
1.9560084635416688	1.4062429661033022
2.056008463541669	1.493155137866181
2.156008463541669	1.5812578570402556
2.256008463541669	1.670674265834493
2.356008463541669	1.7615793266313995
2.4560084635416692	1.8542022752479472
2.5560084635416693	1.9487433727519345
2.6560084635416694	2.0143546706279674
2.7560084635416695	2.040932541820283
2.8560084635416696	2.0696404056885713
2.9560084635416697	2.1005370174665123
3.0560084635416693	2.1336889391504843
3.156008463541669	2.169168969014197
3.2560084635416686	2.207054924423375
3.3560084635416683	2.2474283697256756
3.456008463541668	2.2903735712613202
3.5560084635416676	2.335976698865732
3.656008463541667	2.384324794299735
3.756008463541667	2.435505137179582
3.8560084635416665	2.48960465671538
3.956008463541666	2.546709227230464
4.056008463541666	2.6069034128524824
4.156008463541665	2.670269903283673
4.256008463541665	2.7368891513914453
4.356008463541665	2.8068394124644755
4.456008463541664	2.8801958602674396
4.556008463541664	2.957031152501856
4.656008463541664	3.037414859880083
4.756008463541663	3.121413452448044
4.856008463541663	3.209090387583361
4.956008463541663	3.3005060003340985
5.056008463541662	3.3957175672068907
5.156008463541662	3.494779200678554
5.2560084635416615	3.5717232361445235
5.356008463541661	3.6135162395040044
5.456008463541661	3.6593052411750087
5.5560084635416604	3.7091331311687803
5.65600846354166	3.763041378303092
5.75600846354166	3.8210684617672244
5.856008463541659	3.8832517113882594
5.956008463541659	3.949626246342475
6.056008463541659	4.02022616734884
6.156008463541658	4.095084187721328
6.256008463541658	4.174232219754617
6.356008463541658	4.25770179474774
6.456008463541657	4.345523756771496
6.556008463541657	4.437729583618025
6.6560084635416565	4.534350437725934
6.756008463541656	4.635419183589726
6.856008463541656	4.74096845241691
6.9560084635416555	4.851033713584387
7.056008463541655	4.9656504705715125
7.156008463541655	5.084858336362523
7.256008463541654	5.208697055058176
7.356008463541654	5.337211896117744
7.456008463541654	5.470448268067198
7.556008463541653	5.608458520245024
7.656008463541653	5.7512954994590215
7.756008463541653	5.899019648943699
7.856008463541652	6.051693531752126
7.956008463541652	6.209386250604581
8.056008463541652	6.372172694903857
8.156008463541651	6.540131282166507
8.25600846354165	6.713350914718797
8.35600846354165	6.891921828026104
8.45600846354165	7.07594756114833
8.553052734375001	7.446390721855895
179769313486231570000000000000000000000000000000000000000000000000000000000000000000000000000000000000000000000000000000000000000000000000000000000000000000000000000000000000000000000000000000000000000000000000000000000000000000000000000000000000000000000000000000000000000000000000000000000000000000000000000	7.446390721855895
