-179769313486231570000000000000000000000000000000000000000000000000000000000000000000000000000000000000000000000000000000000000000000000000000000000000000000000000000000000000000000000000000000000000000000000000000000000000000000000000000000000000000000000000000000000000000000000000000000000000000000000000000	0
0.003052734375000643	0
0.006386067708334053	0.001614983602150619
0.009719401041667464	0.0032336547011880268
0.014719401041667357	0.005668574975594098
0.02221940104166742	0.009336509729848551
0.0334694010416674	0.014873376030840504
0.050344401041667375	0.023257016226178973
0.07565690104166745	0.036005334549720866
0.11362565104166755	0.05550942794530041
0.1705787760416675	0.0855976279697743
0.2560084635416675	0.1325233579462588
0.3560084635416676	0.19003371711357844
0.4560084635416677	0.2501517043542317
0.5560084635416678	0.3127070048621462
0.6560084635416679	0.377541714657039
0.756008463541668	0.44450771349551715
0.856008463541668	0.513464783314264
0.9560084635416679	0.5842794115967125
1.056008463541668	0.6568238536736791
1.156008463541668	0.730975756391685
1.2560084635416682	0.8066181261590623
1.3560084635416683	0.8836395147945648
1.4560084635416684	0.9619343977300152
1.5560084635416684	1.0414039569886477
1.6560084635416685	1.1219568445337282
1.7560084635416686	1.2035104712331075
1.8560084635416687	1.2859921474393654
1.9560084635416688	1.3693406798927308
2.056008463541669	1.453508030588916
2.156008463541669	1.5384611966412316
2.256008463541669	1.6241843439017534
2.356008463541669	1.7106810372967378
2.4560084635416692	1.797976793858828
2.5560084635416693	1.88612186685856
2.6560084635416694	1.9430755237052673
2.7560084635416695	1.9584129297235429
2.8560084635416696	1.9749314776152669
2.9560084635416697	1.992808886106321
3.0560084635416693	2.0121866085519082
3.156008463541669	2.033135987419231
3.2560084635416686	2.055687147363798
3.3560084635416683	2.079940488730714
3.456008463541668	2.1060900488502337
3.5560084635416676	2.134334914214182
3.656008463541667	2.1648730033214574
3.756008463541667	2.197899029370994
3.8560084635416665	2.2336028736065034
3.956008463541666	2.272168186259005
4.056008463541666	2.3137715189012833
4.156008463541665	2.3585815749898167
4.256008463541665	2.4067585977758963
4.356008463541665	2.458454023726998
4.456008463541664	2.5138103496771946
4.556008463541664	2.5729609736308143
4.656008463541664	2.6360302796391566
4.756008463541663	2.70313370482006
4.856008463541663	2.774378063612477
4.956008463541663	2.84986184050048
5.056008463541662	2.9296753002614095
5.156008463541662	3.0139010737988863
5.2560084635416615	3.078073676321061
5.356008463541661	3.1099233252546594
5.456008463541661	3.146391322286181
5.5560084635416604	3.187534065691261
5.65600846354166	3.2334027836854684
5.75600846354166	3.2840436963870796
5.856008463541659	3.339498910692212
5.956008463541659	3.3998070878779196
6.056008463541659	3.465003587493045
6.156008463541658	3.5351213181893235
6.256008463541658	3.6101913826728587
6.356008463541658	3.6902435114232603
6.456008463541657	3.7753067174642436
6.556008463541657	3.8654097880634053
6.6560084635416565	3.9605820398880254
6.756008463541656	4.060853550386046
6.856008463541656	4.166256460273458
6.9560084635416555	4.2768246751919206
7.056008463541655	4.392594659698692
7.156008463541655	4.513607036854771
7.256008463541654	4.639904745598591
7.356008463541654	4.771536953307643
7.456008463541654	4.908556030778366
7.556008463541653	5.051021160017048
7.656008463541653	5.19899675447902
7.756008463541653	5.352553924074646
7.856008463541652	5.5117714524067765
7.956008463541652	5.676734350662443
8.056008463541652	5.8475376983075
8.156008463541651	6.024282871098827
8.25600846354165	6.207082471896427
8.35600846354165	6.396056684238957
8.45600846354165	6.591338453562312
8.553052734375001	6.985755164155846
179769313486231570000000000000000000000000000000000000000000000000000000000000000000000000000000000000000000000000000000000000000000000000000000000000000000000000000000000000000000000000000000000000000000000000000000000000000000000000000000000000000000000000000000000000000000000000000000000000000000000000000	6.985755164155846
