-179769313486231570000000000000000000000000000000000000000000000000000000000000000000000000000000000000000000000000000000000000000000000000000000000000000000000000000000000000000000000000000000000000000000000000000000000000000000000000000000000000000000000000000000000000000000000000000000000000000000000000000	0
0.00000000000000005151434834260726	0
0.003333333333333385	0.019387999999999444
0.006666666666666718	0.038775999999999394
0.011666666666666718	0.06785799999999934
0.019166666666666717	0.11148099999999925
0.030416666666666717	0.17691549999999912
0.04729166666666672	0.27506724999999893
0.07260416666666672	0.4222948749999986
0.11057291666666672	0.6431363124999981
0.16752604166666674	0.9743984687499976
0.25295572916666675	1.4712917031249968
0.35295572916666673	2.0529317031249956
0.4529557291666667	2.6345717031249944
0.5529557291666667	3.2162117031249933
0.6529557291666667	3.797851703124992
0.7529557291666666	4.379491703124991
0.8529557291666666	4.961131703124989
0.9529557291666666	5.542771703124988
1.0529557291666667	6.124411703124987
1.1000000000000003	6.671668296874989
179769313486231570000000000000000000000000000000000000000000000000000000000000000000000000000000000000000000000000000000000000000000000000000000000000000000000000000000000000000000000000000000000000000000000000000000000000000000000000000000000000000000000000000000000000000000000000000000000000000000000000000	6.671668296874989
