-100000	0
0	0
0.0033333333333333335	0.019388000000000242
0.008333333333333333	0.04847000000000006
0.01583333333333333	0.0920930000000003
0.02708333333333333	0.15752750000000043
0.043958333333333335	0.2556792500000007
0.06927083333333334	0.4029068750000013
0.10723958333333333	0.6237483125000014
0.16419270833333333	0.9550104687500028
0.24962239583333334	1.4519037031250046
0.3496223958333333	2.033543703125006
0.4496223958333333	2.615183703125007
0.5496223958333333	3.1968237031250077
0.6496223958333333	3.7784637031250154
0.7496223958333332	4.360103703125013
0.8496223958333332	4.941743703125016
0.9496223958333332	5.523383703125018
1.0496223958333333	6.10502370312502
1.1000000000058208	6.398040000002845
1000001.1	6.398040000002845
