-100000	0
0	0
0.0033333333333333335	0.019388000000000034
0.008333333333333333	0.04846999999999961
0.01583333333333333	0.09209299999999944
0.02708333333333333	0.15752749999999896
0.043958333333333335	0.2556792499999983
0.06927083333333334	0.4029068749999975
0.10723958333333333	0.6237483124999953
0.16419270833333333	0.9550104687499935
0.24962239583333334	1.4519037031249902
0.3496223958333333	2.0335437031249857
0.4496223958333333	2.6151837031249814
0.5496223958333333	3.196823703124977
0.6496223958333333	3.778463703124972
0.7496223958333332	4.36010370312497
0.8496223958333332	4.941743703124967
0.9496223958333332	5.52338370312496
1.0496223958333333	6.105023703124956
1.1000000000058208	6.398040000002638
1000001.1	6.398040000002638
