-179769313486231570000000000000000000000000000000000000000000000000000000000000000000000000000000000000000000000000000000000000000000000000000000000000000000000000000000000000000000000000000000000000000000000000000000000000000000000000000000000000000000000000000000000000000000000000000000000000000000000000000	0
0.00000000000000005151434834260726	0
0.003333333333333385	0.019387999999999767
0.006666666666666718	0.03877599999999982
0.011666666666666718	0.06785799999999989
0.019166666666666717	0.111481
0.030416666666666717	0.17691550000000017
0.04729166666666672	0.27506725000000043
0.07260416666666672	0.42229487500000085
0.11057291666666672	0.6431363125000014
0.16752604166666674	0.9743984687500024
0.25295572916666675	1.4712917031250037
0.35295572916666673	2.052931703125005
0.4529557291666667	2.6345717031250064
0.5529557291666667	3.216211703125008
0.6529557291666667	3.7978517031250094
0.7529557291666666	4.3794917031250105
0.8529557291666666	4.9611317031250115
0.9529557291666666	5.5427717031250126
1.0529557291666667	6.1244117031250145
1.1000000000000003	6.671668296875019
179769313486231570000000000000000000000000000000000000000000000000000000000000000000000000000000000000000000000000000000000000000000000000000000000000000000000000000000000000000000000000000000000000000000000000000000000000000000000000000000000000000000000000000000000000000000000000000000000000000000000000000	6.671668296875019
