-179769313486231570000000000000000000000000000000000000000000000000000000000000000000000000000000000000000000000000000000000000000000000000000000000000000000000000000000000000000000000000000000000000000000000000000000000000000000000000000000000000000000000000000000000000000000000000000000000000000000000000000	0
0.00000000000000005151434834260726	0
0.003333333333333385	0.019387999999999583
0.006666666666666718	0.03877599999999945
0.011666666666666718	0.06785799999999924
0.019166666666666717	0.11148099999999893
0.030416666666666717	0.17691549999999848
0.04729166666666672	0.27506724999999776
0.07260416666666672	0.42229487499999674
0.11057291666666672	0.6431363124999951
0.16752604166666674	0.9743984687499929
0.25295572916666675	1.4712917031249897
0.35295572916666673	2.0529317031249854
0.4529557291666667	2.634571703124981
0.5529557291666667	3.216211703124977
0.6529557291666667	3.7978517031249726
0.7529557291666666	4.379491703124969
0.8529557291666666	4.961131703124964
0.9529557291666666	5.54277170312496
1.0529557291666667	6.124411703124957
1.1000000000000003	6.671668296874956
179769313486231570000000000000000000000000000000000000000000000000000000000000000000000000000000000000000000000000000000000000000000000000000000000000000000000000000000000000000000000000000000000000000000000000000000000000000000000000000000000000000000000000000000000000000000000000000000000000000000000000000	6.671668296874956
