-179769313486231570000000000000000000000000000000000000000000000000000000000000000000000000000000000000000000000000000000000000000000000000000000000000000000000000000000000000000000000000000000000000000000000000000000000000000000000000000000000000000000000000000000000000000000000000000000000000000000000000000	0
0	0
0.0033333333333333335	0.0007586743079511317
0.006666666666666667	0.0017199018622257225
0.011666666666666667	0.0033982079531108492
0.019166666666666665	0.006310620133758048
0.030416666666666665	0.011358137569655915
0.04729166666666666	0.020111424494088235
0.07260416666666666	0.0353056366710046
0.11057291666666666	0.061695630892633704
0.16752604166666668	0.10751898308449687
0.2529557291666667	0.18694232210657213
0.35295572916666673	0.29240149033230234
0.4529557291666667	0.40845769085152284
0.5529557291666667	0.5331661989095662
0.6529557291666667	0.6651693958194118
0.7529557291666666	0.8034613183519586
0.8529557291666666	0.9472642820176467
0.9529557291666666	1.0959622073413402
1.0529557291666667	1.2490575482949688
1.1529557291666668	1.4061462978489423
1.2529557291666669	1.5668985422780841
1.352955729166667	1.7310488265452626
1.452955729166667	1.8983853701689124
1.5529557291666671	2.068745957974942
1.6	2.231379131593067
179769313486231570000000000000000000000000000000000000000000000000000000000000000000000000000000000000000000000000000000000000000000000000000000000000000000000000000000000000000000000000000000000000000000000000000000000000000000000000000000000000000000000000000000000000000000000000000000000000000000000000000	2.231379131593067
