-179769313486231570000000000000000000000000000000000000000000000000000000000000000000000000000000000000000000000000000000000000000000000000000000000000000000000000000000000000000000000000000000000000000000000000000000000000000000000000000000000000000000000000000000000000000000000000000000000000000000000000000	0
0	0
0.0033333333333329662	0.006304293093586278
0.0066666666666659324	0.012616585920424812
0.011666666666665826	0.022100020344229268
0.01916666666666611	0.03635889824143751
0.030416666666666536	0.05782292956657023
0.04729166666666629	0.09018811586869996
0.07260416666666636	0.13911386899796266
0.11057291666666647	0.21334234849629882
0.16752604166666618	0.3265408210514885
0.25295572916666664	0.5004015795649808
0.3529557291666663	0.7098861134085024
0.45295572916666593	0.9255394694750272
0.5529557291666656	1.1470883002377295
0.6529557291666652	1.3742711385146569
0.7529557291666649	1.606837740412774
0.8529557291666645	1.8445486941462619
0.9529557291666642	2.087174620579068
1.0529557291666638	2.3344957632377796
1.1529557291666634	2.586301743834471
1.252955729166663	2.8423915631531322
1.3529557291666627	3.1025728654411426
1.4529557291666624	3.3666617726471193
1.552955729166662	3.6344831832100275
1.6529557291666617	3.9058697309380173
1.7529557291666613	4.180662606109824
1.852955729166661	4.458710536798453
1.9529557291666606	4.739870230886285
2.0529557291666602	5.024006206833995
2.15295572916666	5.310990194831628
2.2529557291666595	5.600701651463559
2.352955729166659	5.893027386726616
2.399990234375	6.17003697001381
179769313486231570000000000000000000000000000000000000000000000000000000000000000000000000000000000000000000000000000000000000000000000000000000000000000000000000000000000000000000000000000000000000000000000000000000000000000000000000000000000000000000000000000000000000000000000000000000000000000000000000000	6.17003697001381
