-179769313486231570000000000000000000000000000000000000000000000000000000000000000000000000000000000000000000000000000000000000000000000000000000000000000000000000000000000000000000000000000000000000000000000000000000000000000000000000000000000000000000000000000000000000000000000000000000000000000000000000000	0
0	0
0.0033333333333334103	0.001370432466923737
0.006666666666666821	0.0027407113798168957
0.011666666666666714	0.004795841412647054
0.019166666666666554	0.007877899642205274
0.030416666666666536	0.012499725224361501
0.04729166666666673	0.01943091462426941
0.0726041666666668	0.029827910041631447
0.11057291666666691	0.045436339488808375
0.16752604166666707	0.06892269458587957
0.2529557291666671	0.10447530276134157
0.3529557291666672	0.14692515993947997
0.45295572916666726	0.19073712698894646
0.5529557291666674	0.23643383312442642
0.652955729166667	0.2845762715746524
0.7529557291666666	0.3357650770184545
0.8529557291666663	0.390642155679293
0.9529557291666659	0.44989236284877565
1.0529557291666656	0.5142441946082912
1.1529557291666652	0.5844714119001961
1.2529557291666649	0.6613945110019652
1.3529557291666645	0.7458841956316863
1.4529557291666642	0.8388705954139173
1.5529557291666638	0.941367378510347
1.6529557291666634	1.054528700904548
1.752955729166663	1.1797733505624048
1.8529557291666627	1.3190135046388323
1.9529557291666624	1.4737680222053882
2.052955729166662	1.6439542106365397
2.1529557291666617	1.8291052919853392
2.2529557291666613	2.0285504229447713
2.352955729166661	2.241560836824672
2.4529557291666606	2.4674195927327114
2.5529557291666602	2.7054507751863173
2.65295572916666	2.9550276271473104
2.7529557291666595	3.215571134604593
2.8	3.469129091210211
179769313486231570000000000000000000000000000000000000000000000000000000000000000000000000000000000000000000000000000000000000000000000000000000000000000000000000000000000000000000000000000000000000000000000000000000000000000000000000000000000000000000000000000000000000000000000000000000000000000000000000000	3.469129091210211
