-179769313486231570000000000000000000000000000000000000000000000000000000000000000000000000000000000000000000000000000000000000000000000000000000000000000000000000000000000000000000000000000000000000000000000000000000000000000000000000000000000000000000000000000000000000000000000000000000000000000000000000000	0
2.2797125439811925	0
2.2830458773145255	0.00000013942134398017966
2.2863792106478584	0.0000011147751100649162
2.2913792106478583	0.000005968617686581106
2.2988792106478586	0.000026430578508034238
2.310129210647859	0.00010512135910316947
2.327004210647859	0.0003917880307157368
2.352316710647859	0.0013993916185814094
2.390285460647859	0.004849867119487129
2.4472385856478587	0.016147359038914455
2.532668273147859	0.047249559797028176
2.632668273147859	0.10311832186953984
2.7326682731478584	0.17798240290706974
2.832668273147858	0.27022305542761454
2.9326682731478577	0.3785251763383159
3.0326682731478574	0.5017786660534488
3.132668273147857	0.6390227711685965
3.2326682731478567	0.7894113775832062
3.3326682731478563	0.9521896356623363
3.432668273147856	1.126677269724647
3.5326682731478556	1.3122564244167836
3.6326682731478552	1.5083622712280311
3.732668273147855	1.7144757500274554
3.75	1.7880289758791088
179769313486231570000000000000000000000000000000000000000000000000000000000000000000000000000000000000000000000000000000000000000000000000000000000000000000000000000000000000000000000000000000000000000000000000000000000000000000000000000000000000000000000000000000000000000000000000000000000000000000000000000	1.7880289758791088
