-100007.9815	0
0	0
0.0033333333333329662	0
0.00833333333333286	0.0000000000000000000000000000000015407439555097887
0.015833333333333144	0.0000000000000000000000000000000030814879110195774
0.027083333333332682	0
0.04395833333333332	0.00000000000000000000000000000001232595164407831
0.06927083333333339	0.000000000000000000000000000000006162975822039155
0.10723958333333261	0.000000000000000000000000000000006162975822039155
0.16419270833333233	0
0.2496223958333319	0
0.34962239583333155	0.0000000000000000000000000000002588449845256445
0.4496223958333312	0.00000000000000000000000000000004930380657631324
0.5496223958333308	0.00000000000000000000000000000005662234036498473
0.6496223958333305	0.00000000000000000000000000000036361557350031013
0.7496223958333301	0
0.8496223958333298	0
0.9496223958333294	0.0000000000000000000000000000003821045009664276
1.049622395833329	0.0000000000000000000000000000007518830502887769
1.1496223958333287	0
1.2496223958333283	0.00000000000000000000000000000027733391199176196
1.349622395833328	0.00000000000000000000000000000008320017359752859
1.4496223958333276	0.0000000000000000000000000000025268200870360534
1.5496223958333273	0.000000000000000000000000000004572928059953053
1.649622395833327	0.000000000000000000000000000001610077433507729
1.6685000000000008	0
1000001.6685	0
