-100000	0
1.3698471384424025	0
1.3731804717757359	0.00000014325726101509785
1.3781804717757358	0.0000009811907423897445
1.3856804717757358	0.000003965195117114114
1.3969304717757358	0.000013410584978062493
1.4138054717757358	0.00004219984919265808
1.4391179717757359	0.00012888405428539376
1.477086721775736	0.00038810199282236427
1.534039846775736	0.0011540392511579318
1.619469534275736	0.003364876858312489
1.719469534275736	0.007840548688655738
1.819469534275736	0.014474746466974657
1.9194695342757362	0.02313798073027752
2.019469534275736	0.03343985771284845
2.119469534275736	0.04473788899079757
2.2194695342757362	0.05633750020162556
2.3194695342757363	0.06762070142338068
2.4194695342757364	0.07802221389843718
2.5194695342757365	0.08699420670374025
2.6194695342757366	0.09407150627994389
2.7194695342757367	0.09902811810546262
2.8194695342757368	0.10191009778932533
2.919469534275737	0.10308632577048206
3.019469534275737	0.1032466464277691
3.119469534275737	0.1032466464277691
3.219469534275737	0.1032466464277691
3.319469534275737	0.1032466464277691
3.4194695342757373	0.1032466464277691
3.5194695342757374	0.1032466464277691
3.6194695342757375	0.1032466464277691
3.7194695342757376	0.1032466464277691
3.8194695342757377	0.1032466464277691
3.9194695342757377	0.1032466464277691
4.019469534275737	0.1032466464277691
4.119469534275737	0.1032466464277691
4.219469534275737	0.1032466464277691
4.319469534275736	0.1032466464277691
4.419469534275736	0.1032466464277691
4.519469534275736	0.1032466464277691
4.619469534275735	0.1032466464277691
4.719469534275735	0.1032466464277691
4.8194695342757345	0.1032466464277691
4.919469534275734	0.1032466464277691
5.019469534275734	0.1032466464277691
5.1194695342757335	0.1032466464277691
5.219469534275733	0.10539339385647815
5.319469534275733	0.11846944020001168
5.419469534275732	0.15430730376906035
5.519469534275732	0.2216028855359816
5.619469534275732	0.3337415083989567
5.719469534275731	0.4901212639247462
5.819469534275731	0.686594852226856
5.919469534275731	0.9201242758002712
6.01946953427573	1.1881142074008293
6.11946953427573	1.4881524358393232
6.21946953427573	1.818055291845259
6.319469534275729	2.1758960768687157
6.419469534275729	2.55998588795264
6.5194695342757285	2.9688075026486285
6.619469534275728	3.400978301878452
6.719469534275728	3.8552306229074293
6.819469534275727	4.330404608719838
6.919469534275727	4.8254302815253185
7.019469534275727	5.339323727522366
7.119469534275726	5.871174225929867
7.219469534275726	6.420136754452874
7.319469534275726	6.98542552832377
7.419469534275725	7.566301710156261
7.519469534275725	8.162076382354263
7.619469534275725	8.772098555150201
7.719469534275724	9.395756328724882
7.819469534275724	10.032474131472418
7.9194695342757235	10.681706757330845
8.019469534275723	11.34293746938907
8.119469534275723	12.01567812078974
8.219469534275722	12.699464995634434
8.319469534275722	13.393854648561424
8.419469534275722	14.098426551013151
8.519469534275721	14.812779304047615
8.619469534275721	15.536529005066035
8.71946953427572	16.26931034346615
8.81946953427572	17.010773694241692
8.91946953427572	17.760584061780186
9.01946953427572	18.518420818176466
9.11946953427572	19.283975495552053
9.219469534275719	20.056952927644165
9.319469534275719	20.837071280331596
9.419469534275718	21.624059318549467
9.519469534275718	22.41765514605613
9.619469534275717	23.217608070162353
9.719469534275717	24.02333562053643
9.819469534275717	24.83366048497005
9.919469534275716	25.64840952611961
10.019469534275716	26.467474184608708
10.119469534275716	27.290742967391356
10.219469534275715	28.118107211896554
10.319469534275715	28.949463386784984
10.419469534275715	29.784711433123437
10.519469534275714	30.623759408387624
10.619469534275714	31.466520786913094
10.719469534275714	32.312902967129766
10.819469534275713	33.16281759983709
10.919469534275713	34.0161724078615
11.019469534275713	34.87287765648773
11.119469534275712	35.73284274970301
11.219469534275712	36.595975081066946
11.319469534275711	37.46218019726606
11.419469534275711	38.3313642487654
11.51946953427571	39.20342941110005
11.61946953427571	40.078270908074295
11.71946953427571	40.95577774839797
11.81946953427571	41.83583240220028
11.91946953427571	42.718308108795156
12.019469534275709	43.60306494816275
12.119469534275709	44.48994341060543
12.219469534275708	45.37875667161862
12.319469534275708	46.269279089468334
12.419469534275708	47.16122500740282
12.519469534275707	48.05421751696065
12.619469534275707	48.947691995519904
12.705614057044464	49.64496857166843
1000012.705614057	49.64496857166843
