-100000	0
0	0
0.0033333333333333335	0.03298228220348563
0.008333333333333333	0.08324574712636872
0.01583333333333333	0.1595743446012567
0.02708333333333333	0.2754204111485414
0.043958333333333335	0.4513258639665644
0.06927083333333334	0.7186555370580947
0.10723958333333333	1.1253861134053234
0.16419270833333333	1.7449605009606168
0.24962239583333334	2.6897747751209593
0.3496223958333333	3.8124910686395532
0.4496223958333333	4.94799339278213
0.5496223958333333	6.092573105377018
0.6496223958333333	7.243667770781377
0.7496223958333332	8.399588090397817
0.8496223958333332	9.55941252246592
0.9496223958333332	10.72292682753215
1.0496223958333333	11.890600568435575
1.1496223958333334	13.062902546770664
1.2496223958333335	14.23728247730337
1.3496223958333335	15.411662407836241
1.4496223958333336	16.58604233836894
1.5496223958333337	17.7604222689017
1.6496223958333338	18.934802199434444
1.749622395833334	20.10918212996721
1.849622395833334	21.283562060499964
1.949622395833334	22.45794199103275
2.049622395833334	23.63232192156552
2.149622395833334	24.80670185209827
2.249622395833334	25.981081782631065
2.349622395833334	27.15546171316372
2.4496223958333343	28.329841643696554
2.5496223958333344	29.504221574229206
2.6496223958333345	30.678601504761954
2.7496223958333346	31.852981435294808
2.8496223958333347	33.027361365827545
2.9496223958333347	34.20174129636029
3.049622395833335	35.376121226893076
3.149622395833335	36.550501157425884
3.249622395833335	37.724881087958615
3.349622395833335	38.89926101849129
3.449622395833335	40.07364094902408
3.5496223958333353	41.24802087955687
3.6496223958333354	42.42240081008957
3.7496223958333355	43.59678074062239
3.8496223958333355	44.771160671155116
3.9496223958333356	45.94554060168781
4.049622395833335	47.11992053222058
4.149622395833335	48.29430046275345
4.249622395833335	49.468680393286284
4.349622395833334	50.643060323819064
4.449622395833334	51.81744025435171
4.5496223958333335	52.991820184884396
4.649622395833333	54.16620065660937
4.749622395833333	55.34058102675876
4.849622395833332	56.5149609913333
4.949622395833332	57.68934095590729
5.049622395833332	58.863720920481626
5.149622395833331	60.038100885056004
5.249622395833331	61.21248084963013
5.349622395833331	62.3868608142044
5.44962239583333	63.561240778778746
5.54962239583333	64.73562074335295
5.64962239583333	65.91000070792717
5.749622395833329	67.08438067250155
5.849622395833329	68.25876063707571
5.9496223958333285	69.43314060165017
6.049622395833328	70.60752056622398
6.149622395833328	71.7819005307982
6.2496223958333275	72.95628049537248
6.349622395833327	74.13066045994671
6.449622395833327	75.30504042452073
6.549622395833326	76.479420389095
6.649622395833326	77.65380035366927
6.749622395833326	78.82818031824362
6.849622395833325	80.00256028281778
6.949622395833325	81.17694024739183
7.049622395833325	82.35132021196604
7.149622395833324	83.52570017654037
7.249622395833324	84.70008014111436
7.3496223958333236	85.87446010568843
7.449622395833323	87.04884007026259
7.549622395833323	88.22322003483637
7.6496223958333225	89.39759999941079
7.749622395833322	90.57197996398489
7.849622395833322	91.74635992855907
7.949622395833321	92.92074172180159
8.049622395833321	94.09512171096677
8.14962239583332	95.26950170013177
8.24962239583332	96.44388168929686
8.34962239583332	97.61826167846195
8.44962239583332	98.79264166762688
8.54962239583332	99.96702165679204
8.649622395833319	101.14140164595743
8.749622395833319	102.31578163512228
8.849622395833318	103.49016162428758
8.949622395833318	104.66454161345273
9.049622395833318	105.8389216026178
9.149622395833317	107.01330159178288
9.249622395833317	108.18768158094817
9.349622395833316	109.36206139268951
9.449622395833316	110.53644138086017
9.549622395833316	111.71082136903016
9.649622395833315	112.88520135720024
9.749622395833315	114.05958071315654
9.849622395833315	115.23396018234088
9.949622395833314	116.4083393078473
10.049622395833314	117.58271808967699
10.149622395833314	118.7570965278331
10.249622395833313	119.93147459665576
10.349622395833313	121.1058522030645
10.449622395833313	122.2802296094247
10.549622395833312	123.45460667211083
10.649622395833312	124.62898339112229
10.749622395833311	125.80335976645767
10.849622395833311	126.97773579811708
10.94962239583331	128.1521114860982
11.04962239583331	129.32648683040085
11.14962239583331	130.5008618310244
11.24962239583331	131.50606831519295
11.34962239583331	132.48286830044972
11.449622395833309	133.45966828570621
11.549622395833309	134.4364682709625
11.649622395833308	135.41326825621928
11.749622395833308	136.39006824147586
11.849622395833308	137.36686822673255
11.949622395833307	138.34366801637074
11.950000000000001	138.3473577433371
1000011.95	138.3473577433371
