-100000	0
0	0
0.0033333333333333335	0.03298992927482248
0.008333333333333333	0.08325995685649563
0.01583333333333333	0.1596046072875488
0.02708333333333333	0.275485640299202
0.043958333333333335	0.4514402282891446
0.06927083333333334	0.7188311193035362
0.10723958333333333	1.1256239168794386
0.16419270833333333	1.7452482627551997
0.24962239583333334	2.69002963063996
0.3496223958333333	3.81260592635844
0.4496223958333333	4.947861666382878
0.5496223958333333	6.092085675428722
0.6496223958333333	7.2427264836014436
0.7496223958333332	8.39811378915016
0.8496223958333332	9.557363497932679
0.9496223958333332	10.720340090944797
1.0496223958333333	11.887623032094506
1.1496223958333334	13.05988328605961
1.2496223958333335	14.234263223372118
1.3496223958333335	15.408643160684772
1.4496223958333336	16.583023097997316
1.5496223958333337	17.75740303530984
1.6496223958333338	18.931782972622486
1.749622395833334	20.106162909935005
1.849622395833334	21.28054284724764
1.949622395833334	22.454922784560207
2.049622395833334	23.62930272187275
2.149622395833334	24.80368265918538
2.249622395833334	25.978062596497942
2.349622395833334	27.1524425338105
2.4496223958333343	28.326822471122952
2.5496223958333344	29.501202408435624
2.6496223958333345	30.67558234574811
2.7496223958333346	31.849962283060748
2.8496223958333347	33.024342220373306
2.9496223958333347	34.1987221576859
3.049622395833335	35.373102094998316
3.149622395833335	36.547482032310945
3.249622395833335	37.721861969623546
3.349622395833335	38.89624190693612
3.449622395833335	40.070621844248656
3.5496223958333353	41.24500178156114
3.6496223958333354	42.41938171887379
3.7496223958333355	43.59376165618639
3.8496223958333355	44.76814159349902
3.9496223958333356	45.94252153081164
4.049622395833335	47.116901468124055
4.149622395833335	48.29128140543659
4.249622395833335	49.465661342749186
4.349622395833334	50.64004128006168
4.449622395833334	51.814421217374104
4.5496223958333335	52.98880159145071
4.649622395833333	54.16318238064355
4.749622395833333	55.337562353225245
4.849622395833332	56.51194232580719
4.949622395833332	57.686322298389165
5.049622395833332	58.8607022709712
5.149622395833331	60.03508224355313
5.249622395833331	61.20946221613479
5.349622395833331	62.38384218871674
5.44962239583333	63.55822216129855
5.54962239583333	64.73260213388056
5.64962239583333	65.90698210646238
5.749622395833329	67.08136207904457
5.849622395833329	68.2557420516262
5.9496223958333285	69.43012202420822
6.049622395833328	70.60450199678988
6.149622395833328	71.77888196937182
6.2496223958333275	72.95326194195368
6.349622395833327	74.12764191453556
6.449622395833327	75.30202188711753
6.549622395833326	76.47640185969942
6.649622395833326	77.65078183228108
6.749622395833326	78.82516180486293
6.849622395833325	79.99954177744483
6.949622395833325	81.17392175002645
7.049622395833325	82.3483017226084
7.149622395833324	83.52268169519014
7.249622395833324	84.69706166777192
7.3496223958333236	85.87144164035382
7.449622395833323	87.04582161293578
7.549622395833323	88.22020158551781
7.6496223958333225	89.39458155809947
7.749622395833322	90.56896153068116
7.849622395833322	91.74334150326287
7.949622395833321	92.91772280820811
8.049622395833321	94.09210279834079
8.14962239583332	95.26648278847371
8.24962239583332	96.44086277860659
8.34962239583332	97.61524276873969
8.44962239583332	98.78962275887237
8.54962239583332	99.96400274900513
8.649622395833319	101.13838273913841
8.749622395833319	102.31276272927107
8.849622395833318	103.48714271940418
8.949622395833318	104.66152270953697
9.049622395833318	105.83590269966989
9.149622395833317	107.01028268980268
9.249622395833317	108.1846626799356
9.349622395833316	109.3590425076408
9.449622395833316	110.53342249442669
9.549622395833316	111.7078024812126
9.649622395833315	112.88218246799897
9.749622395833315	114.05656178915146
9.849622395833315	115.23094095398574
9.949622395833314	116.40531957024562
10.049622395833314	117.57969763792958
10.149622395833314	118.75407515703675
10.249622395833313	119.92845206149516
10.349622395833313	121.10282839787777
10.449622395833313	122.27720427042327
10.549622395833312	123.45157959439942
10.649622395833312	124.62595436980699
10.749622395833311	125.80032859664615
10.849622395833311	126.97470227491728
10.94962239583331	128.14907540462062
11.04962239583331	129.32344798575792
11.14962239583331	130.49782001832813
11.24962239583331	131.50302605345894
11.34962239583331	132.4798260416454
11.449622395833309	133.4566260298324
11.549622395833309	134.43342601801905
11.649622395833308	135.41022600620624
11.749622395833308	136.38702599439253
11.849622395833308	137.36382598257944
11.949622395833307	138.34062579514278
11.950000000000001	138.344315382804
1000011.95	138.344315382804
