-100000	0
0	0
0.0033333333333333335	0.03298714003720961
0.008333333333333333	0.08327858457231394
0.01583333333333333	0.15967034700981875
0.02708333333333333	0.275625761783078
0.043958333333333335	0.4516814261250827
0.06927083333333334	0.7191941862336481
0.10723958333333333	1.1261108896044156
0.16419270833333333	1.7458151345837898
0.24962239583333334	2.6905334563204306
0.3496223958333333	3.812809738086871
0.4496223958333333	4.947542692303545
0.5496223958333333	6.091025771453803
0.6496223958333333	7.240716024193147
0.7496223958333332	8.394983381523307
0.8496223958333332	9.553033297096492
0.9496223958333332	10.714879446080538
1.0496223958333333	11.88134582403398
1.1496223958333334	13.0534318804285
1.2496223958333335	14.227811836437997
1.3496223958333335	15.40219179244757
1.4496223958333336	16.57657174845712
1.5496223958333337	17.750951704466534
1.6496223958333338	18.925331660476008
1.749622395833334	20.09971161648564
1.849622395833334	21.274091572495102
1.949622395833334	22.448471528504612
2.049622395833334	23.62285148451417
2.149622395833334	24.7972314405235
2.249622395833334	25.971611396533113
2.349622395833334	27.145991352542637
2.4496223958333343	28.32037130855213
2.5496223958333344	29.49475126456165
2.6496223958333345	30.66913122057104
2.7496223958333346	31.8435111765806
2.8496223958333347	33.017891132590094
2.9496223958333347	34.19227108859964
3.049622395833335	35.366651044609156
3.149622395833335	36.541031000618695
3.249622395833335	37.715410956628126
3.349622395833335	38.88979091263765
3.449622395833335	40.064170868647146
3.5496223958333353	41.238550824656734
3.6496223958333354	42.41293078066615
3.7496223958333355	43.587310736675704
3.8496223958333355	44.761690692685264
3.9496223958333356	45.93607064869471
4.049622395833335	47.1104506047043
4.149622395833335	48.28483056071377
4.249622395833335	49.45921051672314
4.349622395833334	50.633590472732564
4.449622395833334	51.80797138597476
4.5496223958333335	52.98235136376733
4.649622395833333	54.15673134156013
4.749622395833333	55.33111131935292
4.849622395833332	56.505491297145454
4.949622395833332	57.67987127493815
5.049622395833332	58.85425125273075
5.149622395833331	60.02863123052349
5.249622395833331	61.20301120831617
5.349622395833331	62.377391186109094
5.44962239583333	63.55177116390139
5.54962239583333	64.72615114169437
5.64962239583333	65.9005311194869
5.749622395833329	67.07491109727957
5.849622395833329	68.24929107507208
5.9496223958333285	69.42367105286478
6.049622395833328	70.5980510306576
6.149622395833328	71.77243100845013
6.2496223958333275	72.94681098624294
6.349622395833327	74.1211909640356
6.449622395833327	75.29557094182807
6.549622395833326	76.46995091962074
6.649622395833326	77.64433089741375
6.749622395833326	78.818710875206
6.849622395833325	79.99309085299839
6.949622395833325	81.16747083079098
7.049622395833325	82.34185080858393
7.149622395833324	83.5162307863764
7.249622395833324	84.6906107641686
7.3496223958333236	85.86499074196155
7.449622395833323	87.03937071975417
7.549622395833323	88.21375069754643
7.6496223958333225	89.3881306753391
7.749622395833322	90.56251065313182
7.849622395833322	91.73689063092448
7.949622395833321	92.91127179756374
8.049622395833321	94.08565178709839
8.14962239583332	95.26003177663323
8.24962239583332	96.43441176616842
8.34962239583332	97.60879175570325
8.44962239583332	98.78317174523845
8.54962239583332	99.95755173477359
8.649622395833319	101.13193172430823
8.749622395833319	102.30631171384282
8.849622395833318	103.4806917033779
8.949622395833318	104.65507169291308
9.049622395833318	105.82945168244835
9.149622395833317	107.00383167198261
9.249622395833317	108.17821166151819
9.349622395833316	109.35259154689113
9.449622395833316	110.5269715167785
9.549622395833316	111.701351486665
9.649622395833315	112.87573145655183
9.749622395833315	114.05011103480679
9.849622395833315	115.22449085738266
9.949622395833314	116.39887056544696
10.049622395833314	117.57325015899723
10.149622395833314	118.74762963803208
10.249622395833313	119.92200891924907
10.349622395833313	121.09638812765147
10.449622395833313	122.27076726127041
10.549622395833312	123.44514628039866
10.649622395833312	124.6195251850372
10.749622395833311	125.79390397518526
10.849622395833311	126.96828265084591
10.94962239583331	128.1426612120175
11.04962239583331	129.31703965870193
11.14962239583331	130.49141799090097
11.24962239583331	131.49662500355643
11.34962239583331	132.4734249902455
11.449622395833309	133.45022497693412
11.549622395833309	134.42702496362188
11.649622395833308	135.40382495031034
11.749622395833308	136.380624936999
11.849622395833308	137.35742492368772
11.949622395833307	138.33422484156674
11.950000000000001	138.33791413554204
1000011.95	138.33791413554204
