-100000	0
0	0
0.0033333333333333335	0.0329851466276585
0.008333333333333333	0.08329929592586646
0.01583333333333333	0.15974032580437877
0.02708333333333333	0.2757719090370181
0.043958333333333335	0.45193157323069527
0.06927083333333334	0.7195710349440412
0.10723958333333333	1.1266184214075432
0.16419270833333333	1.7464140383179223
0.24962239583333334	2.691090502048601
0.3496223958333333	3.8130988226036315
0.4496223958333333	4.947350790223738
0.5496223958333333	6.090143561219266
0.6496223958333333	7.238941434138159
0.7496223958333332	8.392141874341556
0.8496223958333332	9.549030110529548
0.9496223958333332	10.709773639255431
1.0496223958333333	11.875425980025618
1.1496223958333334	13.04714016686719
1.2496223958333335	14.22151986479195
1.3496223958333335	15.395899569767918
1.4496223958333336	16.57027928179487
1.5496223958333337	17.744659000872623
1.6496223958333338	18.919038727000792
1.749622395833334	20.09341846017941
1.849622395833334	21.26779820040815
1.949622395833334	22.442177947686908
2.049622395833334	23.616557702015463
2.149622395833334	24.790937463393366
2.249622395833334	25.965317231820684
2.349622395833334	27.13969700729727
2.4496223958333343	28.31407678982276
2.5496223958333344	29.48845657939683
2.6496223958333345	30.662836376019584
2.7496223958333346	31.837216179690817
2.8496223958333347	33.01159599041006
2.9496223958333347	34.185975808177204
3.049622395833335	35.36035563299196
3.149622395833335	36.534735464854414
3.249622395833335	37.70911530376425
3.349622395833335	38.88349514972104
3.449622395833335	40.05787500272496
3.5496223958333353	41.23225486277555
3.6496223958333354	42.40663472987256
3.7496223958333355	43.5810146040159
3.8496223958333355	44.755394485205464
3.9496223958333356	45.92977437344116
4.049622395833335	47.10415426872216
4.149622395833335	48.27853417104853
4.249622395833335	49.45291485538688
4.349622395833334	50.62729552670438
4.449622395833334	51.80167547638317
4.5496223958333335	52.976055426062004
4.649622395833333	54.15043537574058
4.749622395833333	55.32481532541933
4.849622395833332	56.49919527509789
4.949622395833332	57.67357522477665
5.049622395833332	58.84795517445546
5.149622395833331	60.022335124133996
5.249622395833331	61.19671507381278
5.349622395833331	62.37109502349148
5.44962239583333	63.545474973169846
5.54962239583333	64.7198549228487
5.64962239583333	65.89423487252753
5.749622395833329	67.06861482220617
5.849622395833329	68.24299477188478
5.9496223958333285	69.41737472156353
6.049622395833328	70.59175467124193
6.149622395833328	71.76613462092057
6.2496223958333275	72.9405145705991
6.349622395833327	74.11489452027797
6.449622395833327	75.28927446995645
6.549622395833326	76.46365441963526
6.649622395833326	77.63803436931408
6.749622395833326	78.81241431899262
6.849622395833325	79.98679426867105
6.949622395833325	81.16117421834976
7.049622395833325	82.33555416802828
7.149622395833324	83.50993411770725
7.249622395833324	84.68431406738567
7.3496223958333236	85.85869401706438
7.449622395833323	87.0330739667429
7.549622395833323	88.20745391642153
7.6496223958333225	89.38183386609984
7.749622395833322	90.55621381577859
7.849622395833322	91.7305937654573
7.949622395833321	92.9049756309422
8.049622395833321	94.0793556064552
8.14962239583332	95.25373558196826
8.24962239583332	96.42811555748072
8.34962239583332	97.60249553299403
8.44962239583332	98.7768755085071
8.54962239583332	99.95125548402001
8.649622395833319	101.1256354595329
8.749622395833319	102.30001543504572
8.849622395833318	103.47439541055924
8.949622395833318	104.6487753860724
9.049622395833318	105.82315536158485
9.149622395833317	106.99753533709796
9.249622395833317	108.17191531261126
9.349622395833316	109.34629509143737
9.449622395833316	110.52067506669356
9.549622395833316	111.6950550419493
9.649622395833315	112.86943501720519
9.749622395833315	113.07070503969788
9.849622395833315	113.26828503470813
9.949622395833314	113.4658650297179
10.049622395833314	113.663445024728
10.149622395833314	113.86102501973703
10.249622395833313	114.05860474699634
10.349622395833313	114.25618474114219
10.449622395833313	114.45376467430101
10.549622395833312	114.65134466888777
10.649622395833312	114.84892466347597
10.749622395833311	115.04650443550432
10.849622395833311	115.24408442732073
10.94962239583331	115.44166441913728
11.04962239583331	115.63924441095361
11.14962239583331	115.8368244027693
11.164	115.86523190979042
1000011.164	115.86523190979042
