-100000	0
0.9655591640393535	0
0.9658924973726868	0.000000001796463004159466
0.9663924973726867	0.000000011997913493659857
0.9671424973726868	0.00000004536814043377775
0.9682674973726868	0.00000014001361390024395
0.9699549973726868	0.00000039559705869703346
0.9724862473726867	0.0000010791126506931403
0.9762831223726868	0.0000029258297478334017
0.9819784348726868	0.000008020411555653451
0.9905214036226868	0.000022441381332470928
1.0005214036226868	0.000052739189779186694
1.0105214036226868	0.00010120946981625282
1.0205214036226868	0.00017147722359449826
1.0305214036226868	0.0002670161448799675
1.0405214036226869	0.000391028713551899
1.0505214036226869	0.00054655824317239
1.0605214036226869	0.000736446946212935
1.0705214036226869	0.0009633942647724812
1.080521403622687	0.001229931653837229
1.090521403622687	0.001538400065675309
1.100521403622687	0.001891010241027198
1.110521403622687	0.0022898955379706573
1.120521403622687	0.0027369487006317253
1.130521403622687	0.0032340312821974673
1.140521403622687	0.003782845887019237
1.150521403622687	0.004384962295631137
1.160521403622687	0.005041864166087113
1.170521403622687	0.005754898708401955
1.180521403622687	0.006525307763597253
1.190521403622687	0.007354307119877624
1.200521403622687	0.008242936154585377
1.210521403622687	0.009192154433411141
1.220521403622687	0.010202840104244375
1.230521403622687	0.011275809435636417
1.240521403622687	0.012411712307169406
1.250521403622687	0.013611217960658787
1.260521403622687	0.014874766559458295
1.270521403622687	0.016202983553255706
1.280521403622687	0.017596100456783077
1.290521403622687	0.019054438456422098
1.300521403622687	0.020578304851545232
1.310521403622687	0.02216779466908246
1.320521403622687	0.023823077167124652
1.3305214036226871	0.02554411258987092
1.3405214036226871	0.027330913827175566
1.3505214036226871	0.02918338828410515
1.3605214036226871	0.031101455268179434
1.3705214036226872	0.0330848289946466
1.3805214036226872	0.03513171049145344
1.3905214036226872	0.03723951749411304
1.4005214036226872	0.03940668584517867
1.4105214036226872	0.04163163145173245
1.4205214036226872	0.04391280937377553
1.4305214036226872	0.046248667290591225
1.4405214036226872	0.04863772834457412
1.4505214036226872	0.05107853686120601
1.4605214036226872	0.05356960414752402
1.4705214036226872	0.05610953629541047
1.4805214036226872	0.05869697216326466
1.4905214036226873	0.06133051146306575
1.5005214036226873	0.06400883560099171
1.5105214036226873	0.06673059022693441
1.5205214036226873	0.0694945188095296
1.5305214036226873	0.07229930162529097
1.5405214036226873	0.07514363170664408
1.5505214036226873	0.07802630923436692
1.5605214036226873	0.0809460714135523
1.5705214036226873	0.08390178661117567
1.5805214036226873	0.08689228911442722
1.5905214036226873	0.08991634227801466
1.6005214036226874	0.09297290198106702
1.6105214036226874	0.09606079130707117
1.6205214036226874	0.09917888477604496
1.6305214036226874	0.10232619366986001
1.6405214036226874	0.10550160135082193
1.6505214036226874	0.10870400782759305
1.6605214036226874	0.11193246635390211
1.6705214036226874	0.1151859039337617
1.6805214036226874	0.11846331278089495
1.6905214036226874	0.12176382411670689
1.7005214036226874	0.12508637141733417
1.7105214036226875	0.1284299944954499
1.7205214036226875	0.13179384123315327
1.7305214036226875	0.13517696019862105
1.7405214036226875	0.13857843641506593
1.7505214036226875	0.14199744788316676
1.7605214036226875	0.14543305141309398
1.7705214036226875	0.14888436944710381
1.7805214036226875	0.1523505803093824
1.7905214036226875	0.15583084937466335
1.8005214036226875	0.1593244057192782
1.8105214036226875	0.1628304466167428
1.8205214036226876	0.16634811190919768
1.8305214036226876	0.16987665420226555
1.8405214036226876	0.1734153609689583
1.8505214036226876	0.17696343106278692
1.8605214036226876	0.1805200952350144
1.8705214036226876	0.18408467376212034
1.8805214036226876	0.18765641439024025
1.8905214036226876	0.1912346254731792
1.9005214036226876	0.19481860629485076
1.9105214036226876	0.19840765184719777
1.9205214036226876	0.20200106700288642
1.9305214036226876	0.20559819518670688
1.9405214036226877	0.20919840993610542
1.9505214036226877	0.21280104672949876
1.9605214036226877	0.2164054482808837
1.9705214036226877	0.22001100178092806
1.9805214036226877	0.22361709184109857
1.9905214036226877	0.22722313294658722
2.0005214036226877	0.23082852157915956
2.0105214036226875	0.2344326327987317
2.0205214036226873	0.23803488399592723
2.030521403622687	0.2416347265236585
2.040521403622687	0.24523157927448797
2.0505214036226866	0.24882486445641372
2.0605214036226864	0.2524140678764269
2.070521403622686	0.2559986496840696
2.080521403622686	0.25957805112690224
2.090521403622686	0.2631517066155749
2.1005214036226856	0.26671912399012027
2.1105214036226854	0.27027986349346084
2.120521403622685	0.2738333785519204
2.130521403622685	0.277379152432077
2.1405214036226847	0.28091675235047087
2.1505214036226845	0.28444563410925566
2.1605214036226843	0.2879653116852843
2.170521403622684	0.29147539150396623
2.180521403622684	0.2949753555842378
2.1905214036226837	0.29846475623688284
2.2005214036226834	0.301943152907811
2.2105214036226832	0.30541008138640613
2.220521403622683	0.30886510019444297
2.230521403622683	0.3123078190158475
2.2405214036226826	0.3157378481856078
2.2505214036226824	0.3191547087781095
2.260521403622682	0.3225579810198892
2.270521403622682	0.3259472963519698
2.2805214036226817	0.3293222307102075
2.2905214036226815	0.3326823922862689
2.3005214036226813	0.3360274186369809
2.310521403622681	0.33935692428150865
2.320521403622681	0.3426705096682337
2.3305214036226807	0.34596780608460315
2.3405214036226805	0.34924847435049994
2.3505214036226802	0.3525121436477558
2.36052140362268	0.3557584435209097
2.37052140362268	0.3589870116286541
2.3805214036226796	0.3621975210083497
2.3905214036226794	0.36538967877168904
2.400521403622679	0.36856314535285434
2.410521403622679	0.3717175306106729
2.4205214036226788	0.3748525672644204
2.4305214036226785	0.3779679347026255
2.4405214036226783	0.3810632724961898
2.450521403622678	0.38413828338999906
2.460521403622678	0.38719269695211656
2.4705214036226777	0.39022621371050714
2.4805214036226775	0.3932385038564423
2.4905214036226773	0.39622926216646653
2.500521403622677	0.3991982258544322
2.510521403622677	0.40214514991435185
2.5205214036226766	0.40506974255243444
2.5305214036226764	0.4079716922723333
2.540521403622676	0.41085073444755627
2.550521403622676	0.41370661554564814
2.5605214036226758	0.41653908056623007
2.5705214036226756	0.41934786289544745
2.5805214036226753	0.4221327363707605
2.590521403622675	0.4248934411682233
2.600521403622675	0.4276297139121023
2.6105214036226747	0.43034130999261505
2.6205214036226745	0.43302797751439026
2.6305214036226743	0.4356894951867839
2.640521403622674	0.43832561805873776
2.650521403622674	0.44093607469225937
2.6605214036226736	0.44352063890803
2.6705214036226734	0.44607910081935814
2.680521403622673	0.44861122778188783
2.690521403622673	0.45111678315944126
2.700521403622673	0.4535955452985748
2.7105214036226726	0.45604729155716806
2.7205214036226724	0.4584717685095981
2.730521403622672	0.46086873730536865
2.740521403622672	0.4632379827597403
2.7505214036226717	0.4655792661488252
2.7605214036226715	0.46789235462221795
2.7705214036226713	0.47017700457705847
2.780521403622671	0.47243298188519667
2.790521403622671	0.4746600491512037
2.8005214036226707	0.47685794394118153
2.8105214036226704	0.4790264034369446
2.8205214036226702	0.4811651673480439
2.83052140362267	0.48327396881437185
2.84052140362267	0.4853525369306803
2.8505214036226696	0.4874005845103851
2.8605214036226694	0.48941780614785263
2.870521403622669	0.4914038830912255
2.880521403622669	0.493358484065092
2.8905214036226687	0.49528127653347753
2.9005214036226685	0.49717189300366643
2.9105214036226683	0.4990299426047628
2.920521403622668	0.5008550060382763
2.930521403622668	0.5026466540001008
2.9405214036226677	0.5044044030432012
2.9505214036226675	0.5061277343315084
2.9605214036226672	0.5078160931045155
2.970521403622667	0.5094688617414086
2.980521403622667	0.5110853658513873
2.9905214036226666	0.5126648421348474
3.0005214036226664	0.5142062560016037
3.010521403622666	0.5157075972189968
3.020521403622666	0.5171689042784973
3.0305214036226658	0.5185906485969075
3.0405214036226655	0.5199733005790368
3.0505214036226653	0.521317342538556
3.060521403622665	0.522623280699794
3.070521403622665	0.5238916206620283
3.0805214036226647	0.5251228634132474
3.0905214036226645	0.5263175202967517
3.1005214036226643	0.527476129571904
3.110521403622664	0.5285992359047152
3.120521403622664	0.5296873683397518
3.1305214036226636	0.5307410608093688
3.1405214036226634	0.5317608780300086
3.150521403622663	0.5327473835049108
3.160521403622663	0.5337011446500538
3.1705214036226628	0.5346227212527969
3.1805214036226626	0.5355127019239267
3.1905214036226623	0.5363716516310677
3.200521403622662	0.5372001581680339
3.210521403622662	0.5379988123310229
3.2205214036226617	0.538768185909072
3.2305214036226615	0.5395088733250385
3.2405214036226613	0.5402214571884392
3.250521403622661	0.5409065303002284
3.260521403622661	0.5415646810110585
3.2705214036226606	0.5421964860066473
3.2805214036226604	0.5428025457567218
3.29052140362266	0.5433834331143642
3.30052140362266	0.5439397358775123
3.31052140362266	0.5444720120074821
3.3205214036226596	0.5449808403658767
3.3305214036226594	0.5454667766545667
3.340521403622659	0.5459303949997728
3.350521403622659	0.5463722439257637
3.3605214036226587	0.5467928896451962
3.3705214036226585	0.5471928559761113
3.3805214036226583	0.5475727017161345
3.390521403622658	0.5479329412398832
3.400521403622658	0.5482741157923245
3.4105214036226577	0.5485967273375342
3.4205214036226574	0.5489013027334475
3.4305214036226572	0.5491883406448078
3.440521403622657	0.5494583495865876
3.450521403622657	0.5497118159464969
3.4605214036226566	0.5499492319967892
3.4705214036226564	0.550171077088272
3.480521403622656	0.550377831120178
3.490521403622656	0.5505699630336892
3.5005214036226557	0.5507479379602009
3.5105214036226555	0.5509122137025076
3.5205214036226553	0.5510632553202754
3.530521403622655	0.5512015009786199
3.540521403622655	0.5513274115590302
3.5505214036226547	0.551441419652021
3.5605214036226545	0.5515439808116496
3.5705214036226542	0.5516355279889709
3.580521403622654	0.5517165111725632
3.590521403622654	0.5517873645782628
3.6005214036226536	0.5518485357761744
3.6105214036226534	0.5519004751261865
3.620521403622653	0.5519436412206947
3.630521403622653	0.5519785022792177
3.6405214036226528	0.5520055514018917
3.6505214036226525	0.5520252960970723
3.6605214036226523	0.5520382915565222
3.670521403622652	0.5520451699431009
3.680521403622652	0.5520469767544816
3.6905214036226517	0.5520469929340535
3.7005214036226515	0.5520469929340535
3.7105214036226513	0.5520469929340535
3.720521403622651	0.5520469929340535
3.730521403622651	0.5520469929340535
3.7405214036226506	0.5520469929340535
3.7505214036226504	0.5520469929340535
3.76052140362265	0.5520469929340535
3.77052140362265	0.5520469929340535
3.7805214036226498	0.5520469929340535
3.7905214036226496	0.5520469929340535
3.8005214036226493	0.5520469929340535
3.810521403622649	0.5520469929340535
3.820521403622649	0.5520469929340535
3.8305214036226487	0.5520469929340535
3.8405214036226485	0.5520469929340535
3.8505214036226483	0.5520469929340535
3.860521403622648	0.5520469929340535
3.870521403622648	0.5520469929340535
3.8805214036226476	0.5520469929340535
3.8905214036226474	0.5520469929340535
3.900521403622647	0.5520469929340535
3.910521403622647	0.5520469929340535
3.920521403622647	0.5520469929340535
3.9305214036226466	0.5520469929340535
3.9405214036226464	0.5520469929340535
3.950521403622646	0.5520469929340535
3.960521403622646	0.5520469929340535
3.9705214036226457	0.5520469929340535
3.9805214036226455	0.5520469929340535
3.9905214036226453	0.5520469929340535
4.0005214036226455	0.5520469929340535
4.010521403622645	0.5520469929340535
4.020521403622645	0.5520469929340535
4.030521403622645	0.5520469929340535
4.040521403622645	0.5520469929340535
4.0505214036226445	0.5520469929340535
4.060521403622644	0.5520469929340535
4.070521403622644	0.5520469929340535
4.080521403622644	0.5520469929340535
4.090521403622644	0.5520469929340535
4.100521403622643	0.5520469929340535
4.110521403622643	0.5520469929340535
4.120521403622643	0.5520469929340535
4.130521403622643	0.5520469929340535
4.1405214036226425	0.5520469929340535
4.150521403622642	0.5520469929340535
4.160521403622642	0.5520469929340535
4.170521403622642	0.5520469929340535
4.180521403622642	0.5520469929340535
4.1905214036226415	0.5520469929340535
4.200521403622641	0.5520469929340535
4.210521403622641	0.5520469929340535
4.220521403622641	0.5520469929340535
4.230521403622641	0.5520469929340535
4.24052140362264	0.5520469929340535
4.25052140362264	0.5520469929340535
4.26052140362264	0.5520469929340535
4.27052140362264	0.5520469929340535
4.2805214036226396	0.5520469929340535
4.290521403622639	0.5520469929340535
4.300521403622639	0.5520469929340535
4.310521403622639	0.5520469929340535
4.320521403622639	0.5520469929340535
4.3305214036226385	0.5520469929340535
4.340521403622638	0.5520469929340535
4.350521403622638	0.5520469929340535
4.360521403622638	0.5520469929340535
4.370521403622638	0.5520469929340535
4.380521403622637	0.5520469929340535
4.390521403622637	0.5520469929340535
4.400521403622637	0.5520469929340535
4.410521403622637	0.5520469929340535
4.420521403622637	0.5520469929340535
4.430521403622636	0.5520469929340535
4.440521403622636	0.5520469929340535
4.450521403622636	0.5520469929340535
4.460521403622636	0.5520469929340535
4.4705214036226355	0.5520469929340535
4.480521403622635	0.5520469929340535
4.490521403622635	0.5520469945994358
4.500521403622635	0.5520476145528129
4.510521403622635	0.5520501661318099
4.520521403622634	0.552055531393189
4.530521403622634	0.5520644645821332
4.540521403622634	0.5520776829999237
4.550521403622634	0.5520958943016988
4.560521403622634	0.5521198136317654
4.570521403622633	0.5521501771745378
4.580521403622633	0.5521877423174839
4.590521403622633	0.5522333037354269
4.600521403622633	0.5522876950439009
4.6105214036226325	0.5523517908037993
4.620521403622632	0.552426507814601
4.630521403622632	0.5525128215166951
4.640521403622632	0.5526117531244938
4.650521403622632	0.5527243861972618
4.6605214036226315	0.5528518682729
4.670521403622631	0.5529953994231025
4.680521403622631	0.5531562487859976
4.690521403622631	0.5533357492559733
4.700521403622631	0.5535354100411344
4.71052140362263	0.5537577013092144
4.72052140362263	0.5540043146656563
4.73052140362263	0.5542766826645807
4.74052140362263	0.554576352978349
4.7505214036226295	0.5549049312550354
4.760521403622629	0.5552641121244944
4.770521403622629	0.5556556928879836
4.780521403622629	0.5560815124922729
4.790521403622629	0.5565435642908182
4.8005214036226285	0.5570439287981921
4.810521403622628	0.5575847326641852
4.820521403622628	0.5581682950510868
4.830521403622628	0.5587969802978127
4.840521403622628	0.5594733038828956
4.850521403622627	0.5601998860394475
4.860521403622627	0.5609794907766973
4.870521403622627	0.5618150207335161
4.880521403622627	0.5627094635763455
4.8905214036226266	0.5636660000258594
4.900521403622626	0.5646879413059048
4.910521403622626	0.5657788046548715
4.920521403622626	0.5669422312988637
4.930521403622626	0.5681819536546728
4.9405214036226255	0.569501966758718
4.950521403622625	0.5709064912764652
4.960521403622625	0.5723998061069231
4.970521403622625	0.5739839982718521
4.980521403622625	0.575668700829149
4.990521403622624	0.577456519872851
5.000521403622624	0.5793525777321324
5.010521403622624	0.5813623021702874
5.020521403622624	0.583491293823543
5.030521403622624	0.5857454239265268
5.040521403622623	0.5881308519590341
5.050521403622623	0.5906539667383424
5.060521403622623	0.5933213901008696
5.070521403622623	0.5961400723998795
5.0805214036226225	0.5991172119661304
5.090521403622622	0.6022603724200515
5.100521403622622	0.6055773256381812
5.110521403622622	0.609076268877559
5.120521403622622	0.6127656190558081
5.130521403622621	0.6166510888037469
5.140521403622621	0.6207298904172509
5.150521403622621	0.6249948762849454
5.160521403622621	0.6294438572715009
5.170521403622621	0.634074314798691
5.18052140362262	0.6388885077353692
5.19052140362262	0.643889888509692
5.20052140362262	0.6490820776748105
5.21052140362262	0.6544688631671562
5.2205214036226195	0.6600542255310726
5.230521403622619	0.6658421225532253
5.240521403622619	0.6718366137863925
5.250521403622619	0.678042001172653
5.260521403622619	0.6844625383159055
5.2705214036226185	0.6911015849536861
5.280521403622618	0.6979660842702625
5.290521403622618	0.705059419571363
5.300521403622618	0.7123863652534609
5.310521403622618	0.7199518959233737
5.320521403622617	0.7277605363305535
5.330521403622617	0.7358182529318382
5.340521403622617	0.7441297605488225
5.350521403622617	0.7527001791042683
5.3605214036226165	0.7615348702810005
5.370521403622616	0.7706384838130858
5.380521403622616	0.7800171793900406
5.390521403622616	0.7896757321937582
5.400521403622616	0.7996192465640745
5.4105214036226155	0.8098528489696845
5.420521403622615	0.820381404698634
5.430521403622615	0.8312097812278597
5.440521403622615	0.8423051837048222
5.450521403622615	0.8537721726675549
5.460521403622614	0.8656179294142837
5.470521403622614	0.8778558612461238
5.480521403622614	0.8905848050714471
5.490521403622614	0.9037688559819821
5.5005214036226135	0.9174055639757351
5.510521403622613	0.9314915353074122
5.520521403622613	0.9460232284728161
5.530521403622613	0.9609965230424088
5.540521403622613	0.9764071589250375
5.5505214036226125	0.992251443587591
5.560521403622612	1.0085246893294892
5.570521403622612	1.025222020797732
5.580521403622612	1.0423386751930819
5.590521403622612	1.0598700879489058
5.600521403622611	1.0778117443486812
5.610521403622611	1.0961592027474942
5.620521403622611	1.1149083417167904
5.630521403622611	1.1340548825653183
5.640521403622611	1.1535949831654846
5.65052140362261	1.1735246658836638
5.66052140362261	1.1938403048440565
5.67052140362261	1.2145381603877499
5.68052140362261	1.2356154847978005
5.6905214036226095	1.2570690700267881
5.700521403622609	1.27889575112159
5.710521403622609	1.301092784690027
5.720521403622609	1.3236571765537168
5.730521403622609	1.346586520815631
5.740521403622608	1.3698781560355588
5.750521403622608	1.3935295669035443
5.760521403622608	1.417538430612371
5.770521403622608	1.441902195844098
5.780521403622608	1.4666189183128706
5.790521403622607	1.4916869237548862
5.800521403622607	1.5171042563317536
5.810521403622607	1.542868420168635
5.820521403622607	1.5689770868454351
5.8305214036226065	1.5954282551599774
5.840521403622606	1.6222197872479234
5.850521403622606	1.6493496510252161
5.860521403622606	1.676815862146882
5.870521403622606	1.704616255045282
5.8805214036226054	1.7327488091595127
5.890521403622605	1.761211398059225
5.900521403622605	1.7900019612666132
5.910521403622605	1.8191182679567184
5.920521403622605	1.848558374118414
5.930521403622604	1.8783202026978287
5.940521403622604	1.908401522305383
5.950521403622604	1.9388003620784733
5.960521403622604	1.9695145299440213
5.9705214036226035	2.000541848232233
5.980521403622603	2.0318802969973806
5.990521403622603	2.063527707640875
6.000521403622603	2.095481936464604
6.010521403622603	2.1277408418659234
6.0205214036226025	2.160302318204581
6.030521403622602	2.193164414856561
6.040521403622602	2.226325061086701
6.050521403622602	2.259782181944983
6.060521403622602	2.2935340586042248
6.070521403622601	2.3275790657754754
6.080521403622601	2.3619147156360567
6.090521403622601	2.396539051219397
6.100521403622601	2.4314501627785208
6.1105214036226005	2.4666462954727093
6.1205214036226	2.5021252057902283
6.1305214036226	2.537885203845015
6.1405214036226	2.5739245432465125
6.1505214036226	2.6102413304088605
6.1605214036225995	2.6468337777128617
6.170521403622599	2.683699944930416
6.180521403622599	2.7208385767393355
6.190521403622599	2.7582477467984825
6.200521403622599	2.7959256915634687
6.210521403622598	2.8338708899843206
6.220521403622598	2.87208145989173
6.230521403622598	2.910556119077968
6.240521403622598	2.949293136909766
6.250521403622598	2.988290917364968
6.260521403622597	3.027547979723638
6.270521403622597	3.067062438180487
6.280521403622597	3.1068332303725947
6.290521403622597	3.1468588977423746
6.3005214036225965	3.1871376270249407
6.310521403622596	3.2276682128927954
6.320521403622596	3.268449133398999
6.330521403622596	3.3094788232586985
6.340521403622596	3.350756036351155
6.350521403622595	3.3922792284837127
6.360521403622595	3.4340471381621507
6.370521403622595	3.4760582133532996
6.380521403622595	3.5183112475839327
6.390521403622595	3.5608048613482763
6.400521403622594	3.6035376978543447
6.410521403622594	3.646508295302088
6.420521403622594	3.6897155020759898
6.430521403622594	3.7331578702972337
6.4405214036225935	3.7768341440504005
6.450521403622593	3.8207429634873047
6.460521403622593	3.8648830435788724
6.470521403622593	3.909253233697013
6.480521403622593	3.9538520594600275
6.4905214036225924	3.9986786088206623
6.500521403622592	4.0437313502351415
6.510521403622592	4.089009126705459
6.520521403622592	4.134510716361518
6.530521403622592	4.180234893782184
6.540521403622591	4.226180463124111
6.550521403622591	4.2723462410615065
6.560521403622591	4.31873107094499
6.570521403622591	4.365333887003444
6.5805214036225905	4.412153284586161
6.59052140362259	4.459188239407917
6.60052140362259	4.506437519283425
6.61052140362259	4.553899954370775
6.62052140362259	4.601574195597685
6.6305214036225895	4.649459229650844
6.640521403622589	4.697554073453561
6.650521403622589	4.74585760661486
6.660521403622589	4.794368666840098
6.670521403622589	4.843086199593392
6.680521403622588	4.892009159385613
6.690521403622588	4.941136664188421
6.700521403622588	4.990467558122419
6.710521403622588	5.04000064806451
6.7205214036225875	5.089734974189047
6.730521403622587	5.139669420731158
6.740521403622587	5.189802896984491
6.750521403622587	5.2401342868893535
6.760521403622587	5.290662772253374
6.7705214036225865	5.341387367733204
6.780521403622586	5.392306975563586
6.790521403622586	5.443420667222414
6.800521403622586	5.494727250193119
6.810521403622586	5.546225901740401
6.820521403622585	5.597915703067253
6.830521403622585	5.649795620961199
6.840521403622585	5.701864749952824
6.850521403622585	5.754122064453507
6.860521403622585	5.806566707546448
6.870521403622584	5.859197672394741
6.880521403622584	5.912013996270628
6.890521403622584	5.965014893400297
6.900521403622584	6.018199374510092
6.9105214036225835	6.0715665132104135
6.920521403622583	6.125115370019519
6.930521403622583	6.17884510374388
6.940521403622583	6.232754989266235
6.950521403622583	6.286844086019748
6.960521403622582	6.341111503732671
6.970521403622582	6.395556365717105
6.980521403622582	6.450177770457372
6.990521403622582	6.504974906674919
7.000521403622582	6.55994679000114
7.010521403622581	6.615092674192947
7.020521403622581	6.670411849704481
7.030521403622581	6.7259033696818005
7.040521403622581	6.781566455748001
7.0505214036225805	6.837400351403379
7.06052140362258	6.893404171996129
7.07052140362258	6.949577181531605
7.08052140362258	7.005918497916433
7.09052140362258	7.062427318220233
7.100521403622579	7.119102910594119
7.110521403622579	7.175944363072526
7.120521403622579	7.2329508836494485
7.130521403622579	7.290121875972137
7.140521403622579	7.347456595241504
7.150521403622578	7.4049541394141505
7.160521403622578	7.462613809743019
7.170521403622578	7.5204349314092935
7.180521403622578	7.578416671849214
7.1905214036225775	7.636558285059515
7.200521403622577	7.694859145340777
7.210521403622577	7.753318505763178
7.220521403622577	7.811935510879007
7.230521403622577	7.8707094500030825
7.2405214036225765	7.929639678998417
7.250521403622576	7.988725527391948
7.260521403622576	8.047966211968905
7.270521403622576	8.10736100926414
7.280521403622576	8.16690929389764
7.290521403622575	8.226610423514602
7.300521403622575	8.286463522248079
7.310521403622575	8.346467927016416
7.320521403622575	8.406623121655569
7.3305214036225745	8.466928409102355
7.340521403622574	8.52738296934993
7.350521403622574	8.587986082341791
7.360521403622574	8.648737246132233
7.370521403622574	8.709635899229383
7.3805214036225735	8.770681247779427
7.390521403622573	8.831872438920744
7.400521403622573	8.893208911961684
7.410521403622573	8.95469018123793
7.420521403622573	9.016315728419192
7.430521403622572	9.078084711084601
7.440521403622572	9.13999649223087
7.450521403622572	9.20205057826644
7.460521403622572	9.264246223306221
7.4705214036225716	9.32658269588425
7.480521403622571	9.389059453651274
7.490521403622571	9.451675979603449
7.500521403622571	9.514431602432287
7.510521403622571	9.577325659226764
7.5205214036225705	9.640357590692906
7.53052140362257	9.703526866004042
7.54052140362257	9.766832774839665
7.55052140362257	9.830274703063651
7.56052140362257	9.893852168134158
7.570521403622569	9.95756467917383
7.580521403622569	10.021411459310652
7.590521403622569	10.085391694846193
7.600521403622569	10.149505047512303
7.610521403622569	10.213751148350584
7.620521403622568	10.278129412817902
7.630521403622568	10.342639024438856
7.640521403622568	10.407279473251643
7.650521403622568	10.472050332309047
7.6605214036225675	10.536951045762263
7.670521403622567	10.601980809195103
7.680521403622567	10.667139166987164
7.690521403622567	10.732425640747474
7.700521403622567	10.7978397410119
7.710521403622566	10.863380804237467
7.720521403622566	10.929048335801333
7.730521403622566	10.994841850853064
7.740521403622566	11.060760889212562
7.750521403622566	11.12680480110625
7.760521403622565	11.192972920931357
7.770521403622565	11.259264841563365
7.780521403622565	11.325680190353633
7.790521403622565	11.392218347263322
7.8005214036225645	11.458878637768805
7.810521403622564	11.525660665530648
7.820521403622564	11.592563986879815
7.830521403622564	11.659588133314177
7.840521403622564	11.726732553284565
7.8505214036225635	11.793996658735091
7.860521403622563	11.861379974952676
7.870521403622563	11.928882083004655
7.880521403622563	11.996502373344102
7.890521403622563	12.06424039727382
7.900521403622562	12.132095659067287
7.910521403622562	12.200067696451924
7.920521403622562	12.268155938176845
7.930521403622562	12.33635993641641
7.9405214036225615	12.404679267541146
7.950521403622561	12.473113480022883
7.960521403622561	12.54166207364596
7.970521403622561	12.610324485669569
7.980521403622561	12.679100284342965
7.9905214036225605	12.74798907256517
8.00052140362256	12.816990442443904
8.01052140362256	12.886103902708474
8.02052140362256	12.955328839991228
8.03052140362256	13.024664847373463
8.04052140362256	13.094111553637129
8.05052140362256	13.163668488211126
8.060521403622559	13.233335156505195
8.070521403622559	13.303111058243298
8.080521403622559	13.37299581295087
8.090521403622558	13.442989090091604
8.100521403622558	13.513090507775855
8.110521403622558	13.58329946058125
8.120521403622558	13.653615493716217
8.130521403622557	13.724038181833988
8.140521403622557	13.79456712486158
8.150521403622557	13.865201825998557
8.160521403622557	13.935941896689114
8.170521403622557	14.00678692698581
8.180521403622556	14.077736442161092
8.190521403622556	14.148790123360456
8.200521403622556	14.219947440394153
8.210521403622556	14.291208038605175
8.220521403622556	14.362571421883406
8.230521403622555	14.434037265790687
8.240521403622555	14.505605073284773
8.250521403622555	14.577274440364306
8.260521403622555	14.649045032556938
8.270521403622555	14.720916403843422
8.280521403622554	14.792888158265962
8.290521403622554	14.864959840518464
8.300521403622554	14.937131157004027
8.310521403622554	15.009401586986062
8.320521403622553	15.081770784965697
8.330521403622553	15.154238331860906
8.340521403622553	15.226803886340003
8.350521403622553	15.29946704139045
8.360521403622553	15.372227339577785
8.370521403622552	15.445084521672674
8.380521403622552	15.518038135442225
8.390521403622552	15.591087789879262
8.400521403622552	15.664233101045703
8.410521403622552	15.737473737205413
8.420521403622551	15.810809269900975
8.430521403622551	15.884239322709268
8.44052140362255	15.957763534942897
8.45052140362255	16.03138144512978
8.46052140362255	16.10509270929447
8.47052140362255	16.178897009459423
8.48052140362255	16.252793961852092
8.49052140362255	16.326783198702177
8.50052140362255	16.40086444514734
8.51052140362255	16.47503719145928
8.52052140362255	16.54930114653559
8.530521403622549	16.62365593793023
8.540521403622549	16.698101202127756
8.550521403622549	16.772636560891293
8.560521403622548	16.84726166319689
8.570521403622548	16.92197623561288
8.580521403622548	16.996779757158798
8.590521403622548	17.071671842494855
8.600521403622547	17.146652226135984
8.610521403622547	17.221720631731667
8.620521403622547	17.296876712480387
8.630521403622547	17.37212014039879
8.640521403622547	17.447450563533852
8.650521403622546	17.522867582402608
8.660521403622546	17.59837084979602
8.670521403622546	17.6739601337434
8.680521403622546	17.74963507547693
8.690521403622546	17.82539533118128
8.700521403622545	17.90124050448201
8.710521403622545	17.977170284646498
8.720521403622545	18.05318434941967
8.730521403622545	18.129282334797097
8.740521403622544	18.20546390973529
8.750521403622544	18.28172878956169
8.760521403622544	18.35807664391168
8.770521403622544	18.434507102469784
8.780521403622544	18.511019851761414
8.790521403622543	18.587614632461225
8.800521403622543	18.664291061351747
8.810521403622543	18.74104879523758
8.820521403622543	18.81788755416764
8.830521403622543	18.894807050452442
8.840521403622542	18.971806951475944
8.850521403622542	19.04888693455232
8.860521403622542	19.126046697225583
8.870521403622542	19.203285938562647
8.880521403622541	19.28060430793479
8.890521403622541	19.358001522865525
8.900521403622541	19.43547725805405
8.91052140362254	19.513031236364053
8.92052140362254	19.590663110077273
8.93052140362254	19.66837259102345
8.94052140362254	19.74615942805115
8.95052140362254	19.824023272163664
8.96052140362254	19.901963818533055
8.97052140362254	19.979980749866645
8.98052140362254	20.05807385521214
8.99052140362254	20.136242798526492
9.000521403622539	20.214487277244025
9.010521403622539	20.292807058133647
9.020521403622539	20.371201789656162
9.030521403622538	20.44967114027381
9.040521403622538	20.52821479444615
9.050521403622538	20.60683254658978
9.060521403622538	20.68552408952399
9.070521403622537	20.764289120388767
9.080521403622537	20.843127335998588
9.090521403622537	20.92203848617248
9.100521403622537	21.001022235250858
9.110521403622537	21.08007824956845
9.120521403622536	21.15920630447828
9.130521403622536	21.238406259045508
9.140521403622536	21.317677719605186
9.150521403622536	21.397020443540576
9.160521403622536	21.476434113559645
9.170521403622535	21.555918484961655
9.180521403622535	21.63547335575682
9.190521403622535	21.71509835625746
9.200521403622535	21.7947932477734
9.210521403622534	21.874557815581294
9.220521403622534	21.954391655938988
9.230521403622534	22.0342945705797
9.240521403622534	22.114266342037766
9.250521403622534	22.19430662969771
9.260521403622533	22.274415228649552
9.270521403622533	22.35459186556361
9.280521403622533	22.434836203567478
9.290521403622533	22.51514796107205
9.300521403622533	22.595526972227233
9.310521403622532	22.6759729289867
9.320521403622532	22.756485616959253
9.330521403622532	22.83706480376229
9.340521403622532	22.917710228603433
9.350521403622531	22.998421586722163
9.360521403622531	23.0791986360359
9.370521403622531	23.160041105208958
9.38052140362253	23.24094876922815
9.39052140362253	23.321921360991677
9.40052140362253	23.402958618860776
9.41052140362253	23.48406029640115
9.42052140362253	23.565226153469595
9.43052140362253	23.64645595554445
9.44052140362253	23.72774942125822
9.45052140362253	23.80910635005571
9.46052140362253	23.890526441339862
9.470521403622529	23.97200951025059
9.480521403622529	24.053555281376852
9.490521403622528	24.13516354375611
9.500521403622528	24.216833972262776
9.510521403622528	24.2985663453029
9.520521403622528	24.380360526800413
9.530521403622528	24.462216286492644
9.540521403622527	24.544133318249035
9.550521403622527	24.62611131967625
9.560521403622527	24.70815017596464
9.570521403622527	24.790249492127792
9.580521403622527	24.872409145192385
9.590521403622526	24.95462889016458
9.600521403622526	25.03690857876537
9.610521403622526	25.11924804020485
9.620521403622526	25.201646753302178
9.630521403622526	25.28410440634104
9.640521403622525	25.366621007444756
9.650521403622525	25.449196444975012
9.660521403622525	25.531821189582658
9.670521403622525	25.614487423431257
9.680521403622524	25.69719506801441
9.690521403622524	25.779944061792197
9.700521403622524	25.8627342365557
9.710521403622524	25.945565614637385
9.720521403622524	26.028438064273722
9.730521403622523	26.111351414200175
9.740521403622523	26.194305624215918
9.750521403622523	26.277300570202488
9.760521403622523	26.360336185609672
9.770521403622523	26.443412377675333
9.780521403622522	26.526529050520374
9.790521403622522	26.609686084276937
9.800521403622522	26.692883469285032
9.810521403622522	26.77612106698576
9.820521403622521	26.85939874837922
9.830521403622521	26.94271654184013
9.840521403622521	27.02607423879145
9.85052140362252	27.109471691932015
9.86052140362252	27.19290898281741
9.87052140362252	27.276385811010943
9.88052140362252	27.359902161619377
9.89052140362252	27.443458011834615
9.90052140362252	27.527053173894632
9.91052140362252	27.610687556703283
9.92052140362252	27.69436114580578
9.93052140362252	27.778073775287734
9.940521403622519	27.861825276675706
9.950521403622519	27.945615743095754
9.960521403622518	28.02944486095775
9.970521403622518	28.113312591433598
9.980521403622518	28.19721892551698
9.990521403622518	28.281163656320956
10.000521403622518	28.3651466886747
10.010521403622517	28.449167979075515
10.020521403622517	28.53322743386984
10.030521403622517	28.617324844963573
10.040521403622517	28.701460325688906
10.050521403622517	28.785633549594944
10.060521403622516	28.869844509093696
10.070521403622516	28.95409311514704
10.080521403622516	29.03837926181816
10.090521403622516	29.122702861046285
10.100521403622515	29.2070637455464
10.110521403622515	29.29146192491179
10.120521403622515	29.37589726974448
10.130521403622515	29.460369729583338
10.140521403622515	29.54487904822082
10.150521403622514	29.629425149302897
10.160521403622514	29.714008137485386
10.170521403622514	29.798627730508368
10.180521403622514	29.883283892758122
10.190521403622514	29.96797653223529
10.200521403622513	30.052705495031546
10.210521403622513	30.13747084160736
10.220521403622513	30.222272404772855
10.230521403622513	30.30711002113375
10.240521403622513	30.391983684033743
10.250521403622512	30.476893285082795
10.260521403622512	30.561838685835635
10.270521403622512	30.64681991706348
10.280521403622512	30.731836891472465
10.290521403622511	30.816889520991843
10.300521403622511	30.901977502381392
10.310521403622511	30.987100821557885
10.32052140362251	31.072259337573314
10.33052140362251	31.157453072890004
10.34052140362251	31.242681922853528
10.35052140362251	31.32794587292847
10.36052140362251	31.413244687046802
10.37052140362251	31.498578407749218
10.38052140362251	31.583946963800244
10.39052140362251	31.669350209043504
10.400521403622509	31.75478809725345
10.410521403622509	31.840260472385072
10.420521403622509	31.925767277705543
10.430521403622508	32.011308505774586
10.440521403622508	32.096884015266966
10.450521403622508	32.18249375227828
10.460521403622508	32.26813755346589
10.470521403622508	32.353815465844534
10.480521403622507	32.43952733251596
10.490521403622507	32.525273039255424
10.500521403622507	32.61105249388757
10.510521403622507	32.696865777120976
10.520521403622507	32.78271268017134
10.530521403622506	32.86859326411257
10.540521403622506	32.95450743120338
10.550521403622506	33.04045507410061
10.560521403622506	33.12643613104611
10.570521403622505	33.21245047875809
10.580521403622505	33.298497938652325
10.590521403622505	33.38457838971085
10.600521403622505	33.47069191955157
10.610521403622505	33.55683826590588
10.620521403622504	33.643017284863596
10.630521403622504	33.729229075760394
10.640521403622504	33.81547357677994
10.650521403622504	33.90175077169984
10.660521403622504	33.9880605837661
10.670521403622503	34.07440278292851
10.680521403622503	34.16077715292279
10.690521403622503	34.247183780241926
10.700521403622503	34.33362262109263
10.710521403622502	34.420093607466455
10.720521403622502	34.50659674226321
10.730521403622502	34.59313185545138
10.740521403622502	34.67969882168856
10.750521403622502	34.76629758495174
10.760521403622501	34.85292810597259
10.770521403622501	34.939590133239726
10.780521403622501	35.02628352005227
10.7905214036225	35.11300830813885
10.8005214036225	35.199764365820734
10.8105214036225	35.28655169856279
10.8205214036225	35.373370166993304
10.8305214036225	35.46021975024837
10.8405214036225	35.547100329807066
10.8505214036225	35.634011999961466
10.8605214036225	35.720954427210636
10.870521403622499	35.807927639209915
10.880521403622499	35.89493163234233
10.890521403622499	35.98196626394774
10.900521403622498	36.06903142403158
10.910521403622498	36.15612703865553
10.920521403622498	36.243253039097546
10.930521403622498	36.33040926345269
10.940521403622498	36.417595693653375
10.950521403622497	36.50481216315592
10.960521403622497	36.59205863768575
10.970521403622497	36.67933514711514
10.980521403622497	36.766641552419095
10.990521403622497	36.85397766862267
11.000521403622496	36.941343487897434
11.010521403622496	37.028738944536876
11.020521403622496	37.11616401699987
11.030521403622496	37.20361863610361
11.040521403622495	37.291102684799604
11.050521403622495	37.37861594871901
11.060521403622495	37.466158302253696
11.070521403622495	37.55372972826563
11.080521403622495	37.64133023500695
11.090521403622494	37.72895961982298
11.100521403622494	37.816617686101345
11.110521403622494	37.90430467752516
11.120521403622494	37.992020310876505
11.130521403622494	38.07976453499442
11.140521403622493	38.167537241343304
11.150521403622493	38.255338426001565
11.160521403622493	38.343167936667
11.170521403622493	38.43102574211875
11.180521403622492	38.51891169301893
11.190521403622492	38.6068256385157
11.200521403622492	38.69476769727282
11.210521403622492	38.78273763486003
11.220521403622492	38.8707354030684
11.230521403622491	38.958760925318494
11.240521403622491	39.04681407014827
11.250521403622491	39.13489476994547
11.26052140362249	39.223002976052754
11.27052140362249	39.311138455771626
11.28052140362249	39.3993012684528
11.29052140362249	39.48749132781736
11.30052140362249	39.575708565479324
11.31052140362249	39.663952863998716
11.32052140362249	39.752224197234945
11.33052140362249	39.84052230792803
11.340521403622489	39.92884719748406
11.350521403622489	40.01719871746273
11.360521403622489	40.105576840657974
11.370521403622488	40.193981325608796
11.380521403622488	40.28241233119183
11.390521403622488	40.37086964770036
11.400521403622488	40.459353256015675
11.410521403622488	40.547863091765144
11.420521403622487	40.63639908662756
11.430521403622487	40.72496099521926
11.440521403622487	40.81354874983536
11.450521403622487	40.90216231743569
11.460521403622487	40.99080143519707
11.470521403622486	41.07946615697306
11.480521403622486	41.16815645678375
11.490521403622486	41.256872042206986
11.500521403622486	41.345612964527795
11.510521403622485	41.434379074321924
11.520521403622485	41.523170309831464
11.530521403622485	41.61198648613465
11.540521403622485	41.70082748970987
11.550521403622485	41.789693397682804
11.560521403622484	41.87858384119441
11.570521403622484	41.967498788035556
11.580521403622484	42.0564384001599
11.590521403622484	42.14540241324474
11.600521403622484	42.234390629098385
11.610521403622483	42.3234031803398
11.620521403622483	42.41243984749509
11.630521403622483	42.50150041022166
11.640521403622483	42.59058510815508
11.650521403622482	42.67969367724878
11.660521403622482	42.768825905605965
11.670521403622482	42.857981643229515
11.680521403622482	42.94716068068205
11.690521403622482	43.036362946970705
11.700521403622481	43.125588442178866
11.710521403622481	43.21483709341145
11.720521403622481	43.30410876071959
11.73052140362248	43.3934033694379
11.74052140362248	43.48272086136991
11.75052140362248	43.572060965286404
11.76052140362248	43.661423784623196
11.77052140362248	43.7508090296278
11.78052140362248	43.84021635481857
11.79052140362248	43.92964588683236
11.80052140362248	44.01909741982665
11.810521403622479	44.10857087985192
11.820521403622479	44.19806618022927
11.830521403622479	44.28758324874958
11.840521403622478	44.37712207545488
11.850521403622478	44.46668249108819
11.860521403622478	44.55626407431261
11.870521403622478	44.645866898458316
11.880521403622478	44.73549060871389
11.890521403622477	44.82513525074435
11.900521403622477	44.9148005881153
11.910521403622477	45.00448659397634
11.920521403622477	45.09419327550749
11.930521403622476	45.183920364725786
11.940521403622476	45.273667934574
11.950521403622476	45.36343561758462
11.960521403622476	45.453223308111966
11.970521403622476	45.54303076665511
11.980521403622475	45.63285776878968
11.990521403622475	45.72270421816231
12.000521403622475	45.81256985269504
12.010521403622475	45.902454834326065
12.020521403622475	45.9923590078231
12.030521403622474	46.08228219748968
12.040521403622474	46.17222413648017
12.050521403622474	46.262184788747824
12.060521403622474	46.35216386393599
12.070521403622473	46.44216108438285
12.080521403622473	46.53217621132375
12.090521403622473	46.62220916928569
12.100521403622473	46.7122601017903
12.110521403622473	46.80232853241012
12.120521403622472	46.892414234297036
12.130521403622472	46.9825170158292
12.140521403622472	47.07263699755489
12.150521403622472	47.162773756435875
12.160521403622472	47.25292717608353
12.170521403622471	47.34309690883118
12.180521403622471	47.433282799667985
12.190521403622471	47.52348444517857
12.20052140362247	47.613701699675254
12.21052140362247	47.70393443450356
12.22052140362247	47.79418256511509
12.23052140362247	47.88444571775954
12.24052140362247	47.974723666357264
12.25052140362247	48.065016278898945
12.26052140362247	48.15532292714115
12.27052140362247	48.24564385822419
12.280521403622469	48.335978882721875
12.290521403622469	48.42632694768827
12.300521403622469	48.51668872305356
12.310521403622468	48.60706352461987
12.320521403622468	48.69745060589415
12.330521403622468	48.787849994984704
12.340521403622468	48.87826146685233
12.350521403622468	48.96868476724523
12.360521403622467	49.05911947011484
12.370521403622467	49.14956536257094
12.380521403622467	49.24002195243862
12.390521403622467	49.33048894599335
12.400521403622466	49.4209658785051
12.410521403622466	49.51145251429471
12.420521403622466	49.601948167418456
12.430521403622466	49.692453040640515
12.440521403622466	49.782965758751466
12.450521403622465	49.87348633684643
12.460521403622465	49.96401481077527
12.470521403622465	50.054549953036364
12.480521403622465	50.14509169304361
12.490521403622465	50.23563932724851
12.500521403622464	50.32619226634707
12.510521403622464	50.41675015568655
12.520521403622464	50.507311993477344
12.530521403622464	50.597877407419
12.540521403622463	50.68844575310475
12.550521403622463	50.779015894046594
12.560521403622463	50.86958729733566
12.570521403622463	50.9601590300471
12.580521403622463	51.05073030190757
12.590521403622462	51.141300187975204
12.600521403622462	51.2318676547624
12.610521403622462	51.32243164750303
12.620521403622462	51.41299137669158
12.630521403622462	51.50354515450141
12.640521403622461	51.59409209577437
12.650521403622461	51.68463075342658
12.660521403622461	51.77515948831091
12.67052140362246	51.86567745856902
12.68052140362246	51.95618252704026
12.69052140362246	52.02865203356981
12.697950069451926	52.037443730972655
1000012.6979500694	52.037443730972655
