-100000	0
0	0
0.0033333333333333335	0.032980105686287
0.008333333333333333	0.08335965238205212
0.01583333333333333	0.15993328881147964
0.02708333333333333	0.2761610568632536
0.043958333333333335	0.45257627917153287
0.06927083333333334	0.7205138354330105
0.10723958333333333	1.1278564174739303
0.16419270833333333	1.7478381850374511
0.24962239583333334	2.692365742116146
0.3496223958333333	3.813677674280816
0.4496223958333333	4.946723314790908
0.5496223958333333	6.087803337839681
0.6496223958333333	7.234388457772984
0.7496223958333332	8.3849384267644
0.8496223958333332	9.538922470701186
0.9496223958333332	10.696873543017032
1.0496223958333333	11.860455636277768
1.1496223958333334	13.031697406187524
1.2496223958333335	14.206064425484083
1.3496223958333335	15.38043195586105
1.4496223958333336	16.55479999730097
1.5496223958333337	17.729168549786614
1.6496223958333338	18.90353761330044
1.749622395833334	20.077907187825172
1.849622395833334	21.252277273343285
1.949622395833334	22.426647869837584
2.049622395833334	23.60101897729052
2.149622395833334	24.775390595684822
2.249622395833334	25.94976272500312
2.349622395833334	27.124135365227954
2.4496223958333343	28.298508516342032
2.5496223958333344	29.472882178327833
2.6496223958333345	30.64725635116813
2.7496223958333346	31.821631034845424
2.8496223958333347	32.99600622934243
2.9496223958333347	34.17038193464166
3.049622395833335	35.3447581507259
3.149622395833335	36.51913487757755
3.249622395833335	37.69351211517965
3.349622395833335	38.86788986351405
3.449622395833335	40.04226812256413
3.5496223958333353	41.21664689231212
3.6496223958333354	42.39102617274073
3.7496223958333355	43.56540526699465
3.8496223958333355	44.739788338832255
3.9496223958333356	45.914168293545515
4.049622395833335	47.08854824825881
4.149622395833335	48.262928202972155
4.249622395833335	49.437308157685315
4.349622395833334	50.61168811239851
4.449622395833334	51.78606806711183
4.5496223958333335	52.96044802182506
4.649622395833333	54.134827976538254
4.749622395833333	55.30920793125174
4.849622395833332	56.48358788596477
4.949622395833332	57.65796784067809
5.049622395833332	58.832347795391314
5.149622395833331	60.00672775010451
5.249622395833331	61.18110770481764
5.349622395833331	62.35548765953078
5.44962239583333	63.52986761424417
5.54962239583333	64.70424756895731
5.64962239583333	65.87862752367069
5.749622395833329	67.05300747838379
5.849622395833329	68.22738743309696
5.9496223958333285	69.40176738781024
6.049622395833328	70.57614734252341
6.149622395833328	71.7505272972362
6.2496223958333275	72.92490725194969
6.349622395833327	74.09928720666277
6.449622395833327	75.27366716137578
6.549622395833326	76.44804711608906
6.649622395833326	77.62242707080199
6.749622395833326	78.7968070255154
6.849622395833325	79.97118698022838
6.949622395833325	81.14556693494181
7.049622395833325	82.31994688965466
7.149622395833324	83.49432684436809
7.249622395833324	84.66870679908111
7.3496223958333236	85.84308675379388
7.449622395833323	87.01746670850737
7.549622395833323	88.19184666322049
7.6496223958333225	89.36622661793348
7.749622395833322	90.54060657264691
7.849622395833322	91.71498652735977
7.949622395833321	92.88936834707533
8.049622395833321	94.06374832500582
8.14962239583332	95.23812830293676
8.24962239583332	96.41250828086743
8.34962239583332	97.58688825879824
8.44962239583332	98.76126823672915
8.54962239583332	99.93564821466009
8.649622395833319	101.11002819259092
8.749622395833319	102.28440817052156
8.849622395833318	103.45878814845246
8.949622395833318	104.63316812638303
9.049622395833318	105.80754810431434
9.149622395833317	106.98192808224525
9.249622395833317	108.15630806017576
9.349622395833316	109.3306880381069
9.449622395833316	110.50506775190888
9.549622395833316	111.67944770197967
9.649622395833315	112.85382765205009
9.749622395833315	114.02820709694952
9.849622395833315	115.202587073858
9.949622395833314	116.37696705076641
10.049622395833314	117.55134702767467
10.149622395833314	118.725726762048
10.249622395833313	119.90010673311421
10.349622395833313	121.07448670417975
10.449622395833313	122.24886660499878
10.549622395833312	123.4232465749178
10.649622395833312	124.59762654483725
10.749622395833311	125.77200651475583
10.849622395833311	126.94638648467485
10.94962239583331	128.1207664545944
11.04962239583331	129.29514642451366
11.14962239583331	130.46952639443313
11.24962239583331	131.47473346973004
11.34962239583331	132.45153343755183
11.449622395833309	133.42833340537453
11.549622395833309	134.40513337319683
11.649622395833308	135.38193334101894
11.749622395833308	136.3587333088413
11.849622395833308	137.33553327666394
11.949622395833307	138.31233324448604
11.950000000000001	138.31602394872309
1000011.95	138.31602394872309
