-100000	0
0	0
0.0033333333333333335	0.032980498708919025
0.008333333333333333	0.08335874517664572
0.01583333333333333	0.15997247822006558
0.02708333333333333	0.27623280133318945
0.043958333333333335	0.452698305851247
0.06927083333333334	0.7206862482043497
0.10723958333333333	1.1280764055698804
0.16419270833333333	1.748106716060907
0.24962239583333334	2.6926056123774313
0.3496223958333333	3.8137894916748816
0.4496223958333333	4.946614142824842
0.5496223958333333	6.087381535989721
0.6496223958333333	7.233560799525143
0.7496223958333332	8.383622161286402
0.8496223958333332	9.537064362911021
0.9496223958333332	10.69448854099928
1.0496223958333333	11.857675411690355
1.1496223958333334	13.028694422517452
1.2496223958333335	14.203059774719566
1.3496223958333335	15.377425707418547
1.4496223958333336	16.55179222062862
1.5496223958333337	17.72615931436402
1.6496223958333338	18.900526988638777
1.749622395833334	20.074895243467143
1.849622395833334	21.249264078863394
1.949622395833334	22.423633494841642
2.049622395833334	23.598003491416044
2.149622395833334	24.772374068600804
2.249622395833334	25.946745226410236
2.349622395833334	27.121116964858288
2.4496223958333343	28.29548928395932
2.5496223958333344	29.469862183727503
2.6496223958333345	30.644235664176954
2.7496223958333346	31.818609725321753
2.8496223958333347	32.99298436717644
2.9496223958333347	34.167359589754994
3.049622395833335	35.34173539307138
3.149622395833335	36.51611177714024
3.249622395833335	37.690488741975386
3.349622395833335	38.86486628759114
3.449622395833335	40.03924441400174
3.5496223958333353	41.21362312122127
3.6496223958333354	42.38800573267959
3.7496223958333355	43.56238555388544
3.8496223958333355	44.736765490000174
3.9496223958333356	45.911145426114906
4.049622395833335	47.085525362229674
4.149622395833335	48.25990529834465
4.249622395833335	49.434285234459324
4.349622395833334	50.60866517057423
4.449622395833334	51.78304510668909
4.5496223958333335	52.95742504280368
4.649622395833333	54.13180497891854
4.749622395833333	55.306184915033306
4.849622395833332	56.48056485114827
4.949622395833332	57.65494478726288
5.049622395833332	58.82932472337784
5.149622395833331	60.00370465949252
5.249622395833331	61.178084595607096
5.349622395833331	62.352464531722084
5.44962239583333	63.52684446783683
5.54962239583333	64.70122440395136
5.64962239583333	65.87560434006635
5.749622395833329	67.04998427618115
5.849622395833329	68.22436421229558
5.9496223958333285	69.39874414841046
6.049622395833328	70.57312408452513
6.149622395833328	71.74750402063978
6.2496223958333275	72.92188395675444
6.349622395833327	74.09626389286905
6.449622395833327	75.27064382898394
6.549622395833326	76.44502376509857
6.649622395833326	77.61940370121349
6.749622395833326	78.79378363732808
6.849622395833325	79.9681635734426
6.949622395833325	81.14254350955724
7.049622395833325	82.31692344567206
7.149622395833324	83.49130338178678
7.249622395833324	84.6656833179014
7.3496223958333236	85.84006325401604
7.449622395833323	87.01444319013076
7.549622395833323	88.18882312624548
7.6496223958333225	89.36320306236016
7.749622395833322	90.53758299847459
7.849622395833322	91.71196293458951
7.949622395833321	92.8863453663218
8.049622395833321	94.06072534076793
8.14962239583332	95.23510531521474
8.24962239583332	96.40948528966109
8.34962239583332	97.58386526410807
8.44962239583332	98.75824523855437
8.54962239583332	99.93262521300124
8.649622395833319	101.10700518744777
8.749622395833319	102.28138516189445
8.849622395833318	103.45576513634069
8.949622395833318	104.63014511078772
9.049622395833318	105.80452508523443
9.149622395833317	106.97890505968097
9.249622395833317	108.15328503412778
9.349622395833316	109.32766500857436
9.449622395833316	110.50204460319405
9.549622395833316	111.67642459893212
9.649622395833315	112.85080459467119
9.749622395833315	114.02518386534382
9.849622395833315	115.19956382682017
9.949622395833314	116.37394378829553
10.049622395833314	117.54832374977197
10.149622395833314	118.72270343324777
10.249622395833313	119.89708339752977
10.349622395833313	121.07146336181192
10.449622395833313	122.2458432727989
10.549622395833312	123.42022312264969
10.649622395833312	124.59460308640196
10.749622395833311	125.76898305015368
10.849622395833311	126.9433630139065
10.94962239583331	128.11774297765874
11.04962239583331	129.2921229414113
11.14962239583331	130.4665029051631
11.24962239583331	131.47170985599686
11.34962239583331	132.44850983481058
11.449622395833309	133.42530981362523
11.549622395833309	134.40210979243932
11.649622395833308	135.37890977125406
11.749622395833308	136.3557097500684
11.849622395833308	137.33250972888243
11.949622395833307	138.30930970769697
11.950000000000001	138.31300112930276
1000011.95	138.31300112930276
