-100000	0
0	0
0.0033333333333333335	0.03297810369612027
0.008333333333333333	0.08341304305110105
0.01583333333333333	0.16008975512480766
0.02708333333333333	0.27646172868181856
0.043958333333333335	0.4530585682447315
0.06927083333333334	0.7212034558180571
0.10723958333333333	1.128747610331662
0.16419270833333333	1.7488535336421258
0.24962239583333334	2.693276614963253
0.3496223958333333	3.814116062442049
0.4496223958333333	4.946348441865143
0.5496223958333333	6.086276027485342
0.6496223958333333	7.2313636966262544
0.7496223958333332	8.380102870460453
0.8496223958333332	9.532072956960073
0.9496223958333332	10.688057024522214
1.0496223958333333	11.85015824260246
1.1496223958333334	13.021123335202844
1.2496223958333335	14.195496822742081
1.3496223958333335	15.369870607684414
1.4496223958333336	16.544244690022822
1.5496223958333337	17.718619069750236
1.6496223958333338	18.89299374685982
1.749622395833334	20.06736872134457
1.849622395833334	21.241743993197268
1.949622395833334	22.41611956241119
2.049622395833334	23.59049542897932
2.149622395833334	24.764871592894508
2.249622395833334	25.939248054149832
2.349622395833334	27.113624812738315
2.4496223958333343	28.288001868653197
2.5496223958333344	29.46237922188707
2.6496223958333345	30.63675687243323
2.7496223958333346	31.811134820284657
2.8496223958333347	32.98551306543422
2.9496223958333347	34.159891607875025
3.049622395833335	35.334270447600204
3.149622395833335	36.50864958460258
3.249622395833335	37.683029018875295
3.349622395833335	38.85740925701639
3.449622395833335	40.03179055146507
3.5496223958333353	41.2061705214297
3.6496223958333354	42.38055049139458
3.7496223958333355	43.554930461359206
3.8496223958333355	44.72931043132391
3.9496223958333356	45.90369040128866
4.049622395833335	47.07807037125319
4.149622395833335	48.252450341218115
4.249622395833335	49.42683031118295
4.349622395833334	50.60121028114779
4.449622395833334	51.77559025111237
4.5496223958333335	52.94997022107713
4.649622395833333	54.12435019104189
4.749622395833333	55.298730161006546
4.849622395833332	56.47311013097121
4.949622395833332	57.64749010093585
5.049622395833332	58.82187007090057
5.149622395833331	59.99625004086547
5.249622395833331	61.17063001083001
5.349622395833331	62.34500998079489
5.44962239583333	63.51938995075915
5.54962239583333	64.69376992072411
5.64962239583333	65.8681498906886
5.749622395833329	67.04252986065354
5.849622395833329	68.21690983061825
5.9496223958333285	69.39128980058278
6.049622395833328	70.56566977054727
6.149622395833328	71.74004974051199
6.2496223958333275	72.9144297104766
6.349622395833327	74.08880968044126
6.449622395833327	75.26318965040598
6.549622395833326	76.43756962037058
6.649622395833326	77.6119495903353
6.749622395833326	78.78632956030022
6.849622395833325	79.96070953026482
6.949622395833325	81.13508950022913
7.049622395833325	82.30946947019369
7.149622395833324	83.48384944015847
7.249622395833324	84.65822941012307
7.3496223958333236	85.83260938008753
7.449622395833323	87.0069893500525
7.549622395833323	88.18136932001697
7.6496223958333225	89.35574928998182
7.749622395833322	90.53012925994616
7.849622395833322	91.70450922991041
7.949622395833321	92.8788902715853
8.049622395833321	94.05327025697788
8.14962239583332	95.22765024237098
8.24962239583332	96.4020302277638
8.34962239583332	97.5764102131561
8.44962239583332	98.75079019854904
8.54962239583332	99.92517018394176
8.649622395833319	101.09955016933417
8.749622395833319	102.2739301547272
8.849622395833318	103.44831014012014
8.949622395833318	104.62269012551275
9.049622395833318	105.79707011090525
9.149622395833317	106.97145009629828
9.249622395833317	108.14583008169117
9.349622395833316	109.32021006708385
9.449622395833316	110.49458988721082
9.549622395833316	111.66896986786931
9.649622395833315	112.8433498485277
9.749622395833315	114.01772954715106
9.849622395833315	115.19210953003393
9.949622395833314	116.36648951291728
10.049622395833314	117.54086932248927
10.149622395833314	118.7152493037911
10.249622395833313	119.88962928509294
10.349622395833313	121.06400926639469
10.449622395833313	122.23838924769642
10.549622395833312	123.41276917707303
10.649622395833312	124.58714915770982
10.749622395833311	125.76152913834603
10.849622395833311	126.93590911898144
10.94962239583331	128.1102890996175
11.04962239583331	129.28466908025308
11.14962239583331	130.45904906088936
11.24962239583331	131.46425634447849
11.34962239583331	132.44105618096597
11.449622395833309	133.4178561641345
11.549622395833309	134.394656147303
11.649622395833308	135.37145613047159
11.749622395833308	136.3482561136403
11.849622395833308	137.32505609680794
11.949622395833307	138.30185607997726
11.950000000000001	138.30554613558903
1000011.95	138.30554613558903
