-100000	0
0	0
0.0003333333333333333	0.0032615950787585183
0.0008333333333333333	0.008169275803555432
0.0015833333333333333	0.015566472173314586
0.0027083333333333334	0.02673804432678968
0.004395833333333333	0.04362698123687497
0.006927083333333334	0.06916228966722857
0.010723958333333335	0.10776951863822046
0.016419270833333336	0.16615243160423127
0.024962239583333337	0.2544832368372404
0.03496223958333334	0.3587403942304452
0.04496223958333334	0.4637317521035124
0.05496223958333334	0.5693358056826537
0.06496223958333334	0.675471843316937
0.07496223958333334	0.7820809088920911
0.08496223958333333	0.8891180994877483
0.09496223958333333	0.9965473468155918
0.10496223958333332	1.1043389482213861
0.11496223958333332	1.2124679318986755
0.12496223958333331	1.320912549750362
0.1349622395833333	1.429654021008459
0.14496223958333332	1.53867572834954
0.15496223958333333	1.647962692467909
0.16496223958333334	1.7575015390060762
0.17496223958333335	1.8672800261094051
0.18496223958333335	1.9772867974906274
0.19496223958333336	2.0875115598636924
0.20496223958333337	2.197944675381107
0.21496223958333338	2.308576984489084
0.2249622395833334	2.419400232711116
0.2349622395833334	2.5304066397309684
0.2449622395833334	2.6415886420641783
0.2549622395833334	2.752939346296806
0.2649622395833334	2.8644520327954073
0.27496223958333343	2.9761203369104243
0.28496223958333344	3.0879381838922355
0.29496223958333345	3.1998999459917594
0.30496223958333346	3.3119999742269077
0.31496223958333347	3.424233087836467
0.3249622395833335	3.5365941948109954
0.3349622395833335	3.649078331259484
0.3449622395833335	3.7616809412467873
0.3549622395833335	3.8743974253629996
0.3649622395833335	3.987223482690086
0.3749622395833335	4.100154975345586
0.38496223958333353	4.213187832455043
0.39496223958333354	4.326318183319209
0.40496223958333355	4.439542242987863
0.41496223958333356	4.552856369919278
0.42496223958333357	4.666257094295286
0.4349622395833336	4.7797410347669285
0.4449622395833336	4.893304904176656
0.4549622395833336	5.006945555238416
0.4649622395833336	5.1206598813356825
0.4749622395833336	5.234445038790972
0.4849622395833336	5.348298125662182
0.49496223958333363	5.462216440494906
0.5049622395833336	5.576197390510415
0.5149622395833336	5.6902384882404045
0.5249622395833337	5.80433725622525
0.5349622395833337	5.918491367188317
0.5449622395833337	6.032698592840339
0.5549622395833337	6.146956823272056
0.5649622395833337	6.26126402287159
0.5749622395833337	6.375618270565957
0.5849622395833337	6.49001781492412
0.5949622395833337	6.604460895363485
0.6049622395833337	6.718945935476035
0.6149622395833337	6.833471448206621
0.6249622395833337	6.948035926555771
0.6349622395833338	7.062638097988681
0.6449622395833338	7.177276724172026
0.6549622395833338	7.2919507993128185
0.6649622395833338	7.406659325182099
0.6749622395833338	7.5214013534863104
0.6849622395833338	7.636176127328873
0.6949622395833338	7.750983101923473
0.7049622395833338	7.865821712573338
0.7149622395833338	7.980691478783113
0.7249622395833338	8.095592182076983
0.7349622395833338	8.210523757426403
0.7449622395833339	8.32548614945287
0.7549622395833339	8.44047939537732
0.7649622395833339	8.555503595674901
0.7749622395833339	8.6705589666204
0.7849622395833339	8.785645953865679
0.7949622395833339	8.90076512866669
0.8049622395833339	9.015917204435441
0.8149622395833339	9.131103005351976
0.8249622395833339	9.246323413613661
0.8349622395833339	9.36157970263805
0.8449622395833339	9.476872987063162
0.854962239583334	9.592204640693199
0.864962239583334	9.707576128065321
0.874962239583334	9.82298919523933
0.884962239583334	9.938445516100169
0.894962239583334	10.053946954701807
0.904962239583334	10.169495710044917
0.914962239583334	10.285094190160864
0.924962239583334	10.400744514277761
0.934962239583334	10.516449131415008
0.944962239583334	10.632210704059082
0.954962239583334	10.748031959049065
0.964962239583334	10.863915817986198
0.9749622395833341	10.979865269889146
0.9849622395833341	11.095883592852854
0.9949622395833341	11.211973959321446
1.004962239583334	11.32813983367682
1.014962239583334	11.444384802618666
1.024962239583334	11.560712637000245
1.034962239583334	11.677127011632235
1.044962239583334	11.793631996676721
1.054962239583334	11.910231635228211
1.064962239583334	12.026930066034039
1.074962239583334	12.143731600966511
1.084962239583334	12.26064067843484
1.094962239583334	12.377661738486564
1.104962239583334	12.494799240780983
1.114962239583334	12.612057984121778
1.124962239583334	12.729196542631882
1.134962239583334	12.846634019299607
1.144962239583334	12.964071498288133
1.154962239583334	13.081508979597572
1.1649622395833341	13.198946463227884
1.1749622395833341	13.3163839491791
1.1849622395833341	13.43382143745118
1.1949622395833341	13.551258928044321
1.2049622395833341	13.66869642095838
1.2149622395833342	13.786133916193268
1.2249622395833342	13.903571413749239
1.2349622395833342	14.021008913626126
1.2449622395833342	14.13844641582405
1.2549622395833342	14.255883920342853
1.2649622395833342	14.373321427182805
1.2749622395833342	14.490758936343731
1.2849622395833342	14.608196447825641
1.2949622395833342	14.725633961628613
1.3049622395833342	14.843071477752645
1.3149622395833342	14.960508996197813
1.3249622395833343	15.077946516963934
1.3349622395833343	15.19538404005112
1.3449622395833343	15.31282156545949
1.3549622395833343	15.430259093189004
1.3649622395833343	15.547696623239517
1.3749622395833343	15.665134155611268
1.3849622395833343	15.782571690304056
1.3949622395833343	15.90000922731804
1.4049622395833343	16.01744676665321
1.4149622395833343	16.13488430830958
1.4249622395833343	16.252321852287125
1.4349622395833344	16.36975939858576
1.4449622395833344	16.487196947205753
1.4549622395833344	16.60463449814691
1.4649622395833344	16.72207205140931
1.4749622395833344	16.83950960699294
1.4849622395833344	16.956947164897745
1.4949622395833344	17.07438472512394
1.5049622395833344	17.1918222876714
1.5149622395833344	17.309259852540045
1.5249622395833344	17.426697419730043
1.5349622395833344	17.54413498924135
1.5449622395833345	17.661572561073935
1.5549622395833345	17.77901013522792
1.5649622395833345	17.896447711703257
1.5749622395833345	18.013885290499896
1.5849622395833345	18.131322871617886
1.5949622395833345	18.24876045505735
1.6049622395833345	18.366198040818016
1.6149622395833345	18.48363562890023
1.6249622395833345	18.60107321930384
1.6349622395833345	18.718510812028832
1.6449622395833345	18.83594840707525
1.6549622395833345	18.953386004443182
1.6649622395833346	19.070823604132556
1.6749622395833346	19.18826120614333
1.6849622395833346	19.30569881047558
1.6949622395833346	19.423136417129392
1.7049622395833346	19.540574026104608
1.7149622395833346	19.65801163740142
1.7249622395833346	19.775449251019676
1.7349622395833346	19.892886866959564
1.7449622395833346	20.010324485220885
1.7549622395833346	20.127762105803825
1.7649622395833346	20.245199728708357
1.7749622395833347	20.362637353934435
1.7849622395833347	20.48007498148207
1.7949622395833347	20.597512611351387
1.8049622395833347	20.714950243542237
1.8149622395833347	20.83238787805467
1.8249622395833347	20.949825514888833
1.8349622395833347	21.067263154044515
1.8449622395833347	21.184700795522044
1.8549622395833347	21.30213843932116
1.8649622395833347	21.41957608544189
1.8749622395833347	21.53701373388431
1.8849622395833348	21.654451384648475
1.8949622395833348	21.771889037734397
1.9049622395833348	21.88932669314189
1.9149622395833348	22.006764350871304
1.9249622395833348	22.12420201092236
1.9349622395833348	22.24163967329513
1.9449622395833348	22.359077337989735
1.9549622395833348	22.47651500500613
1.9649622395833348	22.593952674344255
1.9749622395833348	22.711390346004233
1.9849622395833348	22.828828019985977
1.9949622395833349	22.94626569628962
2.004962239583335	23.063703374915008
2.0149622395833346	23.18114105586223
2.0249622395833344	23.298578739131433
2.034962239583334	23.416016424722415
2.044962239583334	23.533454112635326
2.054962239583334	23.650891802870007
2.0649622395833336	23.76832949542675
2.0749622395833334	23.885767190305337
2.084962239583333	24.0032048875058
2.094962239583333	24.120642587028165
2.1049622395833327	24.2380802888726
2.1149622395833325	24.355517993038937
2.1249622395833323	24.472955699527304
2.134962239583332	24.59039340833749
2.144962239583332	24.70783111946974
2.1549622395833317	24.825268832924056
2.1649622395833314	24.94270654870031
2.1749622395833312	25.060144266798748
2.184962239583331	25.177581987219078
2.194962239583331	25.29501970996146
2.2049622395833306	25.41245743502583
2.2149622395833304	25.52989516241234
2.22496223958333	25.647332892120957
2.23496223958333	25.764770624151616
2.2449622395833297	25.88220835850444
2.2549622395833295	25.999646095179394
2.2649622395833293	26.11708383417647
2.274962239583329	26.234521575495666
2.284962239583329	26.351959319136903
2.2949622395833287	26.469397065100395
2.3049622395833285	26.58683481338608
2.3149622395833283	26.70427256399391
2.324962239583328	26.82171031692391
2.334962239583328	26.939148072176113
2.3449622395833276	27.056585829750556
2.3549622395833274	27.17402358964724
2.364962239583327	27.29146135186599
2.374962239583327	27.40889911640709
2.3849622395833268	27.526336883270726
2.3949622395833265	27.6437746524563
2.4049622395833263	27.761212423964203
2.414962239583326	27.878650197794503
2.424962239583326	27.996087973947095
2.4349622395833257	28.11352575242191
2.4449622395833255	28.230963533219107
2.4549622395833253	28.348401316338656
2.464962239583325	28.46583910178047
2.474962239583325	28.583276889544702
2.4849622395833246	28.700714679631357
2.4949622395833244	28.818152472040328
2.504962239583324	28.93559026677173
2.514962239583324	29.053028063825348
2.5249622395833238	29.170465863201574
2.5349622395833236	29.287903664900174
2.5449622395833233	29.40534146892133
2.554962239583323	29.522779275264675
2.564962239583323	29.640217083930782
2.5749622395833227	29.757654894919217
2.5849622395833225	29.875092708230127
2.5949622395833223	29.992530523863568
2.604962239583322	30.109968341819556
2.614962239583322	30.227406162097846
2.6249622395833216	30.34484398469887
2.6349622395833214	30.46228180962235
2.644962239583321	30.57971963686847
2.654962239583321	30.697157466436995
2.664962239583321	30.814595298328204
2.6749622395833206	30.93203313254192
2.6849622395833204	31.049470969078335
2.69496223958332	31.16690880793707
2.70496223958332	31.284346649118845
2.7149622395833197	31.40178449262303
2.7249622395833195	31.519222338449797
2.7349622395833193	31.63666018659938
2.744962239583319	31.75409803707153
2.754962239583319	31.871535889866355
2.7649622395833187	31.98897374498379
2.7749622395833184	32.106411602424025
2.7849622395833182	32.22384946218703
2.794962239583318	32.341287324272656
2.804962239583318	32.458725188681065
2.8149622395833176	32.576163055412216
2.8249622395833174	32.69360092446597
2.834962239583317	32.81103879584245
2.844962239583317	32.928476669541766
2.8549622395833167	33.04591454556393
2.8649622395833165	33.16335242390907
2.8749622395833163	33.2807903045768
2.884962239583316	33.39822818756722
2.894962239583316	33.51566607288088
2.9049622395833157	33.63310396051702
2.9149622395833155	33.75054185047608
2.9249622395833152	33.86797974275805
2.934962239583315	33.98541763736299
2.944962239583315	34.102855534290626
2.9549622395833146	34.22029343354116
2.9649622395833144	34.337731335114725
2.974962239583314	34.45516923901125
2.984962239583314	34.57260714523059
2.9949622395833138	34.6900450537729
3.0049622395833135	34.80748296463804
3.0149622395833133	34.92492087782637
3.024962239583313	35.04235879333754
3.034962239583313	35.15979671117154
3.0449622395833127	35.27723463132878
3.0549622395833125	35.39467255380904
3.0649622395833123	35.51211047861224
3.074962239583312	35.629548405738625
3.084962239583312	35.74698633518776
3.0949622395833116	35.86442426696007
3.1049622395833114	35.98186220105546
3.114962239583311	36.099300137474046
3.124962239583311	36.216738076215485
3.1349622395833108	36.334176017280086
3.1449622395833106	36.45161396066788
3.1549622395833103	36.56905190637873
3.16496223958331	36.686489854412756
3.17496223958331	36.803927804769955
3.1849622395833097	36.921365757450204
3.1949622395833095	37.03880371245377
3.2049622395833093	37.15624166978033
3.214962239583309	37.273679629430156
3.224962239583309	37.39111759140316
3.2349622395833086	37.508555555699466
3.2449622395833084	37.62599352231881
3.254962239583308	37.743432506803245
3.264962239583308	37.86087048239037
3.274962239583308	37.97830846027859
3.2849622395833076	38.09574644046782
3.2949622395833074	38.21318442295746
3.304962239583307	38.33062240774748
3.314962239583307	38.44806039483757
3.3249622395833067	38.56549838422752
3.3349622395833065	38.68293637591686
3.3449622395833063	38.800374497732726
3.354962239583306	38.91781249232359
3.364962239583306	39.035250486914734
3.3749622395833057	39.15268848150571
3.3849622395833054	39.27012647609676
3.3949622395833052	39.38756447068788
3.404962239583305	39.5050024652787
3.414962239583305	39.6224404598699
3.4249622395833046	39.739878454460865
3.4349622395833044	39.85731644905181
3.444962239583304	39.974754443642944
3.454962239583304	40.092192438233916
3.4649622395833037	40.20963043282502
3.4749622395833035	40.327068427415846
3.4849622395833033	40.44450642200701
3.494962239583303	40.56194441659798
3.504962239583303	40.67938241118903
3.5149622395833027	40.79682040578013
3.5249622395833025	40.914258400371224
3.5349622395833022	41.03169639496191
3.544962239583302	41.149134389552955
3.554962239583302	41.26657238414416
3.5649622395833016	41.384010378735205
3.5749622395833014	41.50144837332594
3.584962239583301	41.618886367917135
3.594962239583301	41.73632436250799
3.6049622395833008	41.853762357099264
3.6149622395833005	41.97120035168994
3.6249622395833003	42.08863834628119
3.6349622395833	42.20607634087224
3.6449622395833	42.3235143354632
3.6549622395832997	42.44095233005407
3.6649622395832995	42.558390324645195
3.6749622395832993	42.67582831923623
3.684962239583299	42.79326631382731
3.694962239583299	42.910704308418275
3.7049622395832986	43.02814230300907
3.7149622395832984	43.145580297600326
3.724962239583298	43.2630182921914
3.734962239583298	43.38045628678231
3.7449622395832978	43.49789428137329
3.7549622395832976	43.615332275964306
3.7649622395832973	43.73277027055536
3.774962239583297	43.85020826514648
3.784962239583297	43.967646259737414
3.7949622395832967	44.08508425432834
3.8049622395832965	44.20252224891932
3.8149622395832963	44.31996024351046
3.824962239583296	44.437398238101416
3.834962239583296	44.55483623269237
3.8449622395832956	44.67227422728342
3.8549622395832954	44.78971222187448
3.864962239583295	44.9071502164655
3.874962239583295	45.02458821105659
3.884962239583295	45.142026205647625
3.8949622395832946	45.25946420023854
3.9049622395832944	45.37690219482948
3.914962239583294	45.49434018942071
3.924962239583294	45.61177818401158
3.9349622395832937	45.729216178602634
3.9449622395832935	45.84665417319373
3.9549622395832933	45.96409216778459
3.964962239583293	46.0815301623757
3.974962239583293	46.19896815696665
3.9849622395832927	46.31640615155782
3.9949622395832924	46.43384414614855
4.004962239583293	46.551282140739616
4.0149622395832925	46.668720135330574
4.024962239583292	46.78615812992187
4.034962239583292	46.903596124512745
4.044962239583292	47.021034119103746
4.054962239583292	47.13847211369488
4.064962239583291	47.25591010828582
4.074962239583291	47.37334810287691
4.084962239583291	47.49078609746785
4.094962239583291	47.60822409205872
4.1049622395832905	47.7256620866498
4.11496223958329	47.84310008124078
4.12496223958329	47.960538075831764
4.13496223958329	48.07797607042287
4.14496223958329	48.195414065013736
4.1549622395832895	48.312852059604914
4.164962239583289	48.430290054195844
4.174962239583289	48.547728048787064
4.184962239583289	48.66516604337777
4.194962239583289	48.782604037968945
4.204962239583288	48.9000420325599
4.214962239583288	49.01748002715114
4.224962239583288	49.134918021741996
4.234962239583288	49.25235601633285
4.2449622395832876	49.3697940109238
4.254962239583287	49.48723200551498
4.264962239583287	49.60467000010592
4.274962239583287	49.72210799469702
4.284962239583287	49.83954598928799
4.2949622395832865	49.95698398387907
4.304962239583286	50.07442197846991
4.314962239583286	50.191859973061305
4.324962239583286	50.309297967652206
4.334962239583286	50.426735962242965
4.344962239583285	50.54417395683409
4.354962239583285	50.6616119514251
4.364962239583285	50.77904994601613
4.374962239583285	50.89648794060704
4.384962239583285	51.013925935198216
4.394962239583284	51.13136392978913
4.404962239583284	51.24880192438014
4.414962239583284	51.36623991897127
4.424962239583284	51.483677913562275
4.4349622395832835	51.601115908153204
4.444962239583283	51.7185539027441
4.454962239583283	51.83599189733514
4.464962239583283	51.95342989192629
4.474962239583283	52.07086788651733
4.484962239583282	52.188305881108164
4.494962239583282	52.30574387569923
4.504962239583282	52.423181870290264
4.514962239583282	52.54061986488112
4.524962239583282	52.65805785947243
4.534962239583281	52.775495854063344
4.544962239583281	52.892933848654486
4.554962239583281	53.01037184324533
4.564962239583281	53.1278098378364
4.5749622395832805	53.24524783242746
4.58496223958328	53.362685827018176
4.59496223958328	53.4801238216093
4.60496223958328	53.59756181620048
4.61496223958328	53.71499981079135
4.6249622395832795	53.83243780538247
4.634962239583279	53.949875799973626
4.644962239583279	54.0673137945645
4.654962239583279	54.184751789155484
4.664962239583279	54.30218978374652
4.674962239583278	54.41962777833732
4.684962239583278	54.537065772928486
4.694962239583278	54.65450376751938
4.704962239583278	54.77194176211042
4.7149622395832775	54.889379756701466
4.724962239583277	55.006817751292495
4.734962239583277	55.12425574588359
4.744962239583277	55.241693740474695
4.754962239583277	55.359131735065596
4.7649622395832765	55.47656972965678
4.774962239583276	55.59400772424767
4.784962239583276	55.711445718838554
4.794962239583276	55.82888371342952
4.804962239583276	55.94632170802063
4.814962239583275	56.06375970261172
4.824962239583275	56.181197697202506
4.834962239583275	56.29863569179361
4.844962239583275	56.41607368638476
4.8549622395832746	56.533511680975714
4.864962239583274	56.65094967556677
4.874962239583274	56.7683876701575
4.884962239583274	56.885825664748744
4.894962239583274	57.003263659339716
4.9049622395832735	57.12070165393075
4.914962239583273	57.23813964852187
4.924962239583273	57.35557764311277
4.934962239583273	57.47301563770372
4.944962239583273	57.59045363229463
4.954962239583272	57.707891626885825
4.964962239583272	57.82532962147654
4.974962239583272	57.942767616067734
4.984962239583272	58.06020561065866
4.994962239583272	58.17764360524969
5.004962239583271	58.29508159984077
5.014962239583271	58.41251959443179
5.024962239583271	58.52995758902283
5.034962239583271	58.6473955836138
5.0449622395832705	58.76483357820469
5.05496223958327	58.882271572795894
5.06496223958327	58.99970956738674
5.07496223958327	59.117147561977774
5.08496223958327	59.234585556568945
5.094962239583269	59.35202355115989
5.104962239583269	59.46946154575093
5.114962239583269	59.58689954034181
5.124962239583269	59.70433753493291
5.134962239583269	59.82177552952376
5.144962239583268	59.93921352411498
5.154962239583268	60.05665151870602
5.164962239583268	60.17408951329685
5.174962239583268	60.2915275078879
5.1849622395832675	60.40896550247882
5.194962239583267	60.52640349707009
5.204962239583267	60.643841491660986
5.214962239583267	60.76127948625192
5.224962239583267	60.87871748084301
5.2349622395832665	60.9961554754341
5.244962239583266	61.11359347002497
5.254962239583266	61.231031464615995
5.264962239583266	61.34846945920711
5.274962239583266	61.46590745379796
5.284962239583265	61.58334544838901
5.294962239583265	61.70078344297998
5.304962239583265	61.81822143757094
5.314962239583265	61.935659432162076
5.3249622395832645	62.05309742675305
5.334962239583264	62.170535421344134
5.344962239583264	62.287973415935
5.354962239583264	62.40541141052605
5.364962239583264	62.522849405117135
5.3749622395832635	62.64028739970815
5.384962239583263	62.75772539429903
5.394962239583263	62.87516338889032
5.404962239583263	62.992601383481336
5.414962239583263	63.110039378072045
5.424962239583262	63.22747737266326
5.434962239583262	63.34491536725406
5.444962239583262	63.46235336184531
5.454962239583262	63.57979135643629
5.4649622395832615	63.69722935102707
5.474962239583261	63.81466734561809
5.484962239583261	63.93210534020922
5.494962239583261	64.04954333480022
5.504962239583261	64.16698132939136
5.5149622395832605	64.28441932398201
5.52496223958326	64.40185731857302
5.53496223958326	64.51929531316425
5.54496223958326	64.63673330775534
5.55496223958326	64.75417130234615
5.564962239583259	64.87160929693735
5.574962239583259	64.98904729152841
5.584962239583259	65.10648528611928
5.594962239583259	65.22392328071021
5.604962239583259	65.34136127530127
5.614962239583258	65.4587992698923
5.624962239583258	65.57623726448328
5.634962239583258	65.6936752590744
5.644962239583258	65.81111325366531
5.6549622395832575	65.92855124825633
5.664962239583257	66.04598924284714
5.674962239583257	66.16342723743823
5.684962239583257	66.28086523202933
5.694962239583257	66.39830322662013
5.704962239583256	66.51574122121146
5.714962239583256	66.6331792158024
5.724962239583256	66.75061721039347
5.734962239583256	66.86805520498439
5.744962239583256	66.98549319957536
5.754962239583255	67.10293119416643
5.764962239583255	67.22036918875735
5.774962239583255	67.33780718334863
5.784962239583255	67.45524517793942
5.7949622395832545	67.57268317253015
5.804962239583254	67.69012116712142
5.814962239583254	67.8075591617125
5.824962239583254	67.92499715630359
5.834962239583254	68.04243515089426
5.8449622395832534	68.15987314548568
5.854962239583253	68.27731114007624
5.864962239583253	68.39474913466731
5.874962239583253	68.51218712925863
5.884962239583253	68.62962512384956
5.894962239583252	68.74706311844066
5.904962239583252	68.8645011130315
5.914962239583252	68.98193910762247
5.924962239583252	69.09937710221354
5.9349622395832515	69.21681509680454
5.944962239583251	69.33425309139554
5.954962239583251	69.45169108598652
5.964962239583251	69.56912908057737
5.974962239583251	69.6865670751683
5.9849622395832505	69.80400506975916
5.99496223958325	69.92144306435036
6.00496223958325	70.03888105894144
6.01496223958325	70.15631905353226
6.02496223958325	70.27375704812341
6.034962239583249	70.39119504271447
6.044962239583249	70.50863303730547
6.054962239583249	70.62607103189652
6.064962239583249	70.74350902648726
6.0749622395832485	70.86094702107837
6.084962239583248	70.97838501566942
6.094962239583248	71.0958230102606
6.104962239583248	71.21326100485147
6.114962239583248	71.33069899944259
6.1249622395832475	71.44813699403355
6.134962239583247	71.56557498862433
6.144962239583247	71.6830129832156
6.154962239583247	71.80045097780649
6.164962239583247	71.9178889723974
6.174962239583246	72.03532696698839
6.184962239583246	72.15276496157948
6.194962239583246	72.2702029561705
6.204962239583246	72.38764095076151
6.214962239583246	72.5050789453525
6.224962239583245	72.62251693994365
6.234962239583245	72.73995493453432
6.244962239583245	72.85739292912547
6.254962239583245	72.9748309237167
6.2649622395832445	73.09226891830778
6.274962239583244	73.20970691289841
6.284962239583244	73.32714490748944
6.294962239583244	73.44458290208051
6.304962239583244	73.56202089667137
6.314962239583243	73.67945889126266
6.324962239583243	73.79689688585333
6.334962239583243	73.9143348804447
6.344962239583243	74.03177287503543
6.354962239583243	74.14921086962653
6.364962239583242	74.2666488642175
6.374962239583242	74.3840868588085
6.384962239583242	74.50152485339963
6.394962239583242	74.61896284799082
6.4049622395832415	74.73640084258133
6.414962239583241	74.85383883717267
6.424962239583241	74.97127683176363
6.434962239583241	75.08871482635449
6.444962239583241	75.20615282094563
6.4549622395832404	75.32359081553666
6.46496223958324	75.44102881012766
6.47496223958324	75.55846680471853
6.48496223958324	75.67590479930954
6.49496223958324	75.79334279390059
6.504962239583239	75.91078078849154
6.514962239583239	76.02821878308258
6.524962239583239	76.14565677767354
6.534962239583239	76.26309477226471
6.5449622395832385	76.38053276685561
6.554962239583238	76.49797076144657
6.564962239583238	76.61540875603764
6.574962239583238	76.73284675062872
6.584962239583238	76.85028474521971
6.5949622395832375	76.96772273981067
6.604962239583237	77.08516073440168
6.614962239583237	77.20259872899275
6.624962239583237	77.32003672358378
6.634962239583237	77.4374747181746
6.644962239583236	77.55491271276566
6.654962239583236	77.67235070735681
6.664962239583236	77.78978870194784
6.674962239583236	77.90722669653883
6.6849622395832355	78.02466469112987
6.694962239583235	78.14210268572059
6.704962239583235	78.25954068031163
6.714962239583235	78.37697867490256
6.724962239583235	78.49441666949382
6.7349622395832345	78.6118546640845
6.744962239583234	78.72929265867587
6.754962239583234	78.84673065326672
6.764962239583234	78.9641686478576
6.774962239583234	79.08160664244875
6.784962239583233	79.19904463703962
6.794962239583233	79.31648263163055
6.804962239583233	79.43392062622168
6.814962239583233	79.55135862081258
6.824962239583233	79.66879661540365
6.834962239583232	79.78623460999462
6.844962239583232	79.90367260458572
6.854962239583232	80.02111059917677
6.864962239583232	80.13854859376781
6.8749622395832315	80.25598658835882
6.884962239583231	80.37342458294968
6.894962239583231	80.49086257754077
6.904962239583231	80.6083005721319
6.914962239583231	80.72573856672257
6.92496223958323	80.84317656131373
6.93496223958323	80.96061455590483
6.94496223958323	81.07805255049549
6.95496223958323	81.19549054508677
6.96496223958323	81.31292853967787
6.974962239583229	81.4303665342686
6.984962239583229	81.54780452885973
6.994962239583229	81.66524252345074
7.004962239583229	81.7826805180419
7.0149622395832285	81.90011851263277
7.024962239583228	82.0175565072237
7.034962239583228	82.13499450181483
7.044962239583228	82.25243249640567
7.054962239583228	82.36987049099666
7.064962239583227	82.48730848558773
7.074962239583227	82.60474648017897
7.084962239583227	82.7221844747696
7.094962239583227	82.8396224693603
7.104962239583227	82.95706046395192
7.114962239583226	83.07449845854245
7.124962239583226	83.19193645313376
7.134962239583226	83.30937444772475
7.144962239583226	83.42681244231562
7.1549622395832255	83.54425043690671
7.164962239583225	83.6616884314977
7.174962239583225	83.77912642608871
7.184962239583225	83.89656442067984
7.194962239583225	84.01400241527091
7.2049622395832245	84.1314404098616
7.214962239583224	84.24887840445287
7.224962239583224	84.36631639904358
7.234962239583224	84.48375439363475
7.244962239583224	84.6011923882257
7.254962239583223	84.71863038281684
7.264962239583223	84.83606837740788
7.274962239583223	84.95350637199886
7.284962239583223	85.07094436658956
7.2949622395832225	85.18838236118073
7.304962239583222	85.30582035577187
7.314962239583222	85.42325835036279
7.324962239583222	85.54069634495396
7.334962239583222	85.6581343395447
7.3449622395832215	85.77557233413556
7.354962239583221	85.8930103287268
7.364962239583221	86.01044832331779
7.374962239583221	86.12788631790873
7.384962239583221	86.24532431249983
7.39496223958322	86.36276230709076
7.40496223958322	86.4802003016816
7.41496223958322	86.5976382962728
7.42496223958322	86.71507629086368
7.43496223958322	86.83251428545452
7.444962239583219	86.94995228004612
7.454962239583219	87.06739027463672
7.464962239583219	87.18482826922782
7.474962239583219	87.30226626381908
7.4849622395832185	87.41970425840977
7.494962239583218	87.53714225300074
7.504962239583218	87.65458024759172
7.514962239583218	87.77201824218272
7.524962239583218	87.88945623677344
7.534962239583217	88.00689423136484
7.544962239583217	88.12433222595571
7.554962239583217	88.24177022054685
7.564962239583217	88.3592082151378
7.574962239583217	88.47664620972878
7.584962239583216	88.59408420431977
7.594962239583216	88.7115221989108
7.604962239583216	88.82896019350176
7.614962239583216	88.94639818809276
7.6249622395832155	89.06383618268366
7.634962239583215	89.18127417727487
7.644962239583215	89.29871217186597
7.654962239583215	89.4161501664567
7.664962239583215	89.53358816104772
7.674962239583214	89.65102615563859
7.684962239583214	89.76846415022959
7.694962239583214	89.88590214482082
7.704962239583214	90.00334013941172
7.714962239583214	90.12077813400262
7.724962239583213	90.23821612859366
7.734962239583213	90.35565412318483
7.744962239583213	90.47309211777556
7.754962239583213	90.59053011236696
7.7649622395832125	90.70796810695768
7.774962239583212	90.82540610154885
7.784962239583212	90.94284409613986
7.794962239583212	91.06028209073087
7.804962239583212	91.17772008532175
7.8149622395832115	91.29515807991265
7.824962239583211	91.41259607450404
7.834962239583211	91.53003406909465
7.844962239583211	91.64747206368574
7.854962239583211	91.76491005827657
7.86496223958321	91.88234805286785
7.87496223958321	91.99978604745867
7.88496223958321	92.11722404204991
7.89496223958321	92.23466203664097
7.9049622395832095	92.35210003123173
7.914962239583209	92.46953802582233
7.924962239583209	92.58697602041353
7.934962239583209	92.70441401500459
7.944962239583209	92.82185459373542
7.9549622395832085	92.93929259178185
7.964962239583208	93.05673058982767
7.974962239583208	93.17416858787377
7.984962239583208	93.29160658591994
7.994962239583208	93.40904458396597
8.004962239583207	93.5264825820118
8.014962239583207	93.6439205800582
8.024962239583207	93.76135857810424
8.034962239583207	93.87879657615012
8.044962239583207	93.99623457419649
8.054962239583206	94.11367257224244
8.064962239583206	94.23111057028852
8.074962239583206	94.34854856833513
8.084962239583206	94.4659865663808
8.094962239583205	94.58342456442692
8.104962239583205	94.70086256247251
8.114962239583205	94.81830056051892
8.124962239583205	94.93573855856502
8.134962239583205	95.05317655661108
8.144962239583204	95.17061455465739
8.154962239583204	95.28805255270338
8.164962239583204	95.40549055074942
8.174962239583204	95.52292854879579
8.184962239583204	95.64036654684158
8.194962239583203	95.75780454488799
8.204962239583203	95.875242542934
8.214962239583203	95.99268054097965
8.224962239583203	96.1101185390263
8.234962239583203	96.2275565370724
8.244962239583202	96.34499453511823
8.254962239583202	96.46243253316406
8.264962239583202	96.57987053121043
8.274962239583202	96.69730852925659
8.284962239583201	96.81474652730265
8.294962239583201	96.93218452534853
8.304962239583201	97.04962252339445
8.3149622395832	97.16706052144058
8.3249622395832	97.2844985194869
8.3349622395832	97.40193651753295
8.3449622395832	97.51937451557895
8.3549622395832	97.63681251362556
8.3649622395832	97.75425051167129
8.3749622395832	97.87168850971759
8.3849622395832	97.98912650776312
8.394962239583199	98.10656450580943
8.404962239583199	98.22400250385553
8.414962239583199	98.34144050190187
8.424962239583198	98.4588784999477
8.434962239583198	98.5763164979938
8.444962239583198	98.69375449604003
8.454962239583198	98.81119249408657
8.464962239583198	98.9286304921319
8.474962239583197	99.04606849017834
8.484962239583197	99.16350648822426
8.494962239583197	99.2809444862704
8.504962239583197	99.39838248431674
8.514962239583197	99.51582048236239
8.524962239583196	99.6332584804087
8.534962239583196	99.75069647845471
8.544962239583196	99.86813447650091
8.554962239583196	99.98557247454708
8.564962239583195	100.10301047259297
8.574962239583195	100.2204484706394
8.584962239583195	100.3378864686856
8.594962239583195	100.45532446673114
8.604962239583195	100.57276246477778
8.614962239583194	100.69020046282343
8.624962239583194	100.80763846086985
8.634962239583194	100.925076458916
8.644962239583194	101.04251445696171
8.654962239583194	101.15995245500767
8.664962239583193	101.27739045305401
8.674962239583193	101.39482845109998
8.684962239583193	101.5122664491461
8.694962239583193	101.62970444719221
8.704962239583192	101.74714244523831
8.714962239583192	101.86458044328444
8.724962239583192	101.98201844133065
8.734962239583192	102.09945643937667
8.744962239583192	102.21689443742257
8.754962239583191	102.33433243546894
8.764962239583191	102.451770433515
8.774962239583191	102.56920843156102
8.78496223958319	102.6866464296072
8.79496223958319	102.80408442765301
8.80496223958319	102.92152242569922
8.81496223958319	103.03896042374551
8.82496223958319	103.1563984217915
8.83496223958319	103.27383641983775
8.84496223958319	103.39127441788365
8.85496223958319	103.50871241592988
8.864962239583189	103.62615041397592
8.874962239583189	103.74358841202195
8.884962239583189	103.86102641006791
8.894962239583188	103.97846440811419
8.904962239583188	104.09590240616048
8.914962239583188	104.21334040420625
8.924962239583188	104.33077840225224
8.934962239583188	104.44821640029868
8.944962239583187	104.5656543983446
8.954962239583187	104.68309239639102
8.964962239583187	104.8005303944371
8.974962239583187	104.91796839248315
8.984962239583187	105.03540639052909
8.994962239583186	105.15284438857552
9.004962239583186	105.2702823866214
9.014962239583186	105.38772038466749
9.024962239583186	105.50515838271323
9.034962239583185	105.62259638075945
9.044962239583185	105.7400343788059
9.054962239583185	105.85747237685197
9.064962239583185	105.97491037489772
9.074962239583185	106.09234837294409
9.084962239583184	106.20978637098976
9.094962239583184	106.32722436903617
9.104962239583184	106.44466236708253
9.114962239583184	106.56210036512837
9.124962239583184	106.67953836317497
9.134962239583183	106.79697636122108
9.144962239583183	106.91441435926703
9.154962239583183	107.03185235731287
9.164962239583183	107.14929035535884
9.174962239583182	107.26672835340499
9.184962239583182	107.38416635145109
9.194962239583182	107.50160434949717
9.204962239583182	107.61904234754348
9.214962239583182	107.73648034558964
9.224962239583181	107.85391834363548
9.234962239583181	107.97135634168167
9.244962239583181	108.08879433972821
9.25496223958318	108.20623233777383
9.26496223958318	108.32367033582003
9.27496223958318	108.44110833386657
9.28496223958318	108.558546331912
9.29496223958318	108.67598432995845
9.30496223958318	108.7934223280041
9.31496223958318	108.91086032605001
9.32496223958318	109.02829832409682
9.334962239583179	109.14573632214227
9.344962239583179	109.26317432018878
9.354962239583179	109.38061231823474
9.364962239583178	109.4980503162808
9.374962239583178	109.61548831432678
9.384962239583178	109.73292631237317
9.394962239583178	109.85036431041937
9.404962239583178	109.96780230846528
9.414962239583177	110.08524030651165
9.424962239583177	110.20267830455755
9.434962239583177	110.32011619178148
9.444962239583177	110.43755407630725
9.454962239583176	110.55499207491178
9.464962239583176	110.67243007351738
9.474962239583176	110.78986807212236
9.484962239583176	110.90730607072756
9.494962239583176	111.02474406933226
9.504962239583175	111.14218206793736
9.514962239583175	111.25962006654294
9.524962239583175	111.37705806514784
9.534962239583175	111.49449606375305
9.544962239583175	111.61193406235819
9.554962239583174	111.72937206096266
9.564962239583174	111.84681005956827
9.574962239583174	111.96424805817328
9.584962239583174	112.08168605677807
9.594962239583174	112.19912405538355
9.604962239583173	112.31656205398876
9.614962239583173	112.43400005259377
9.624962239583173	112.55143805119833
9.634962239583173	112.66887604980387
9.644962239583172	112.78631404840877
9.654962239583172	112.9037516201345
9.664962239583172	113.02118961749908
9.674962239583172	113.13862761486273
9.684962239583172	113.25606561222722
9.694962239583171	113.37350360959095
9.704962239583171	113.4909416069556
9.714962239583171	113.60837960431951
9.72496223958317	113.72581760168428
9.73496223958317	113.84325559904804
9.74496223958317	113.96069359641231
9.75496223958317	114.07813159377659
9.76496223958317	114.19556959114068
9.77496223958317	114.31300758850459
9.78496223958317	114.43044558586897
9.79496223958317	114.54788358323287
9.804962239583169	114.66532158059739
9.814962239583169	114.78275957796141
9.824962239583169	114.90019757532548
9.834962239583168	115.01763557268978
9.844962239583168	115.13507357005447
9.854962239583168	115.2525115674183
9.864962239583168	115.36994956478246
9.874962239583168	115.48738756214686
9.884962239583167	115.60482555951067
9.894962239583167	115.72226355687481
9.904962239583167	115.83970155423906
9.914962239583167	115.95713955160343
9.924962239583166	116.0745775489676
9.934962239583166	116.19201554633187
9.944962239583166	116.3094535436963
9.954962239583166	116.42689154106023
9.964962239583166	116.54432953842421
9.974962239583165	116.6617675357884
9.984962239583165	116.77920553315272
9.994962239583165	116.89664353051691
10.004962239583165	117.01408152788123
10.014962239583165	117.13151943180686
10.024962239583164	117.24895737004199
10.034962239583164	117.36639536738649
10.044962239583164	117.48383336473034
10.054962239583164	117.60127136207453
10.064962239583163	117.71870935941847
10.074962239583163	117.83614735676215
10.084962239583163	117.95358535410656
10.094962239583163	118.07102335145022
10.104962239583163	118.18846134879442
10.114962239583162	118.30589934613856
10.124962239583162	118.42333734348244
10.134962239583162	118.54077534082634
10.144962239583162	118.65821333817073
10.154962239583162	118.77565133551498
10.164962239583161	118.89308933285889
10.174962239583161	119.01052733020242
10.184962239583161	119.12796532754672
10.19496223958316	119.24540332489077
10.20496223958316	119.3628413222349
10.21496223958316	119.4802793195786
10.22496223958316	119.59771731692295
10.23496223958316	119.71515531426694
10.24496223958316	119.83259331161072
10.25496223958316	119.95003130895513
10.26496223958316	120.06746930629895
10.274962239583159	120.1849073036431
10.284962239583159	120.30234530098714
10.294962239583159	120.41978329833087
10.304962239583158	120.53722129567497
10.314962239583158	120.65465929301986
10.324962239583158	120.77209729036353
10.334962239583158	120.88953528770722
10.344962239583158	121.00697328505147
10.354962239583157	121.12441128239605
10.364962239583157	121.24184927973985
10.374962239583157	121.3592872770838
10.384962239583157	121.47672527442732
10.394962239583156	121.59416327177162
10.404962239583156	121.7116012691156
10.414962239583156	121.82903926645952
10.424962239583156	121.94647726380383
10.434962239583156	122.06391526114763
10.444962239583155	122.18135325849195
10.454962239583155	122.2987912558356
10.464962239583155	122.41622925317942
10.474962239583155	122.53366725052392
10.484962239583155	122.65110524786792
10.494962239583154	122.76854324521184
10.504962239583154	122.88598119031585
10.514962239583154	123.00341911788244
10.524962239583154	123.12085711522205
10.534962239583153	123.23829511256184
10.544962239583153	123.35573310990176
10.554962239583153	123.47317110724111
10.564962239583153	123.59060910458122
10.574962239583153	123.70804710192085
10.584962239583152	123.82548509926121
10.594962239583152	123.94292309660003
10.604962239583152	124.06036109394036
10.614962239583152	124.17779909127944
10.624962239583152	124.29523708861963
10.634962239583151	124.41267508595935
10.644962239583151	124.53011308329945
10.654962239583151	124.64755108063937
10.66496223958315	124.764989077979
10.67496223958315	124.88242707531816
10.68496223958315	124.99986507265817
10.69496223958315	125.11730306999763
10.70496223958315	125.23474106733755
10.71496223958315	125.35217906467751
10.72496223958315	125.46961706201698
10.73496223958315	125.58705505935706
10.744962239583149	125.70449305669656
10.754962239583149	125.8219310540364
10.764962239583149	125.93936905137588
10.774962239583148	126.05680704871575
10.784962239583148	126.17424504605579
10.794962239583148	126.2916830433952
10.804962239583148	126.40912104073513
10.814962239583148	126.52655903807465
10.824962239583147	126.64399703541454
10.834962239583147	126.76143503275418
10.844962239583147	126.87887303009416
10.854962239583147	126.99631102743407
10.864962239583146	127.1137490247736
10.874962239583146	127.23118702211343
10.884962239583146	127.34862501945277
10.894962239583146	127.46606301679252
10.904962239583146	127.5835010141328
10.914962239583145	127.70093901147222
10.924962239583145	127.81837700881191
10.934962239583145	127.93581500615201
10.944962239583145	128.05325300349148
10.954962239583145	128.17069100083117
10.964962239583144	128.28812899817135
10.974962239583144	128.40556699551038
10.984962239583144	128.52300499285033
10.994962239583144	128.6404429901898
11.004962239583143	128.75788098752994
11.014962239583143	128.87531898486958
11.024962239583143	128.9927569822095
11.034962239583143	129.11019497954914
11.044962239583143	129.22763297688869
11.054962239583142	129.3450709742287
11.064962239583142	129.46250897156824
11.074962239583142	129.57994696890827
11.084962239583142	129.69738496624788
11.094962239583142	129.81482296358777
11.104962239583141	129.93226096092704
11.114962239583141	130.04969895826696
11.124962239583141	130.16713695560645
11.13496223958314	130.28457495294592
11.14496223958314	130.40201295028626
11.15496223958314	130.51945094762624
11.16496223958314	130.63498780315643
11.17496223958314	130.73266780240783
11.18496223958314	130.83034780165863
11.19496223958314	130.92802780091006
11.20496223958314	131.02570780016097
11.214962239583139	131.12338779941214
11.224962239583139	131.22106779866292
11.234962239583139	131.318747797914
11.244962239583138	131.41642779716489
11.254962239583138	131.51410779641586
11.264962239583138	131.61178779566683
11.274962239583138	131.70946779491743
11.284962239583137	131.807147700442
11.294962239583137	131.90482768734338
11.304962239583137	132.00250755922767
11.314962239583137	132.10018755726145
11.324962239583137	132.19786755529697
11.334962239583136	132.2955475533319
11.344962239583136	132.39322755136612
11.354962239583136	132.49090754939968
11.364962239583136	132.58858754743434
11.374962239583136	132.68626754546858
11.384962239583135	132.78394754350253
11.394962239583135	132.88162754153774
11.404962239583135	132.97930753957198
11.414962239583135	133.0769875376064
11.424962239583135	133.17466753564122
11.434962239583134	133.27234753367554
11.444962239583134	133.37002753170918
11.454962239583134	133.46770752974444
11.464962239583134	133.5653875277782
11.474962239583133	133.66306752581312
11.484962239583133	133.76074752384753
11.494962239583133	133.85842752188168
11.504962239583133	133.9561075199159
11.514962239583133	134.05378751795067
11.524962239583132	134.15146751598485
11.534962239583132	134.24914751402008
11.544962239583132	134.3468275120539
11.554962239583132	134.4445075100883
11.564962239583132	134.5421875081225
11.574962239583131	134.6398675061569
11.584962239583131	134.73754750419118
11.59496223958313	134.83522750222608
11.60496223958313	134.93290750026065
11.61496223958313	135.0305874982947
11.62496223958313	135.12826749632896
11.63496223958313	135.2259474943632
11.64496223958313	135.32362749239775
11.65496223958313	135.4213074904323
11.66496223958313	135.51898748846713
11.67496223958313	135.61666748650126
11.684962239583129	135.7143474845353
11.694962239583129	135.81202748256996
11.704962239583129	135.90970748060462
11.714962239583128	136.00738747863906
11.724962239583128	136.1050674766733
11.734962239583128	136.2027474747075
11.744962239583128	136.30042747274206
11.754962239583127	136.39810747077667
11.764962239583127	136.49578746881068
11.774962239583127	136.59346746684548
11.784962239583127	136.69114746487958
11.794962239583127	136.78882746291382
11.804962239583126	136.8865074609486
11.814962239583126	136.98418745898272
11.824962239583126	137.0818674570174
11.834962239583126	137.17954745505153
11.844962239583126	137.27722745308628
11.854962239583125	137.37490745112035
11.864962239583125	137.47258744915524
11.874962239583125	137.57026744718925
11.884962239583125	137.66794744522397
11.894962239583124	137.76562744325818
11.904962239583124	137.8633074412926
11.914962239583124	137.9609874393274
11.924962239583124	138.05866743736127
11.934962239583124	138.156347435396
11.944962239583123	138.25402743342988
11.950000000000001	138.3032384725653
1000011.95	138.3032384725653
