-100000	0
0	0
0.0033333333333333335	0.032978149731295016
0.008333333333333333	0.08347870569659328
0.01583333333333333	0.16024415272622455
0.02708333333333333	0.2767707894123351
0.043958333333333335	0.45353326340326217
0.06927083333333334	0.721860600233268
0.10723958333333333	1.1295710644845458
0.16419270833333333	1.7497581485472598
0.24962239583333334	2.6940448590808814
0.3496223958333333	3.8144174717264767
0.4496223958333333	4.945894072725174
0.5496223958333333	6.084776162295531
0.6496223958333333	7.228524049130187
0.7496223958333332	8.375638087226159
0.8496223958333332	9.525775869279368
0.9496223958333332	10.679932986668037
1.0496223958333333	11.840616841653343
1.1496223958333334	13.011126569885672
1.2496223958333335	14.18550199948325
1.3496223958333335	15.359877692865107
1.4496223958333336	16.534253650046004
1.5496223958333337	17.708629871040582
1.6496223958333338	18.883006355863667
1.749622395833334	20.057383104529656
1.849622395833334	21.231760117053675
1.949622395833334	22.406137393449836
2.049622395833334	23.580514933733397
2.149622395833334	24.754892737918873
2.249622395833334	25.929270806020845
2.349622395833334	27.10364913805418
2.4496223958333343	28.278027734033493
2.5496223958333344	29.452406593973336
2.6496223958333345	30.62678571788852
2.7496223958333346	31.801165105793725
2.8496223958333347	32.97554587899952
2.9496223958333347	34.149926358809246
3.049622395833335	35.324306291990396
3.149622395833335	36.49868622517138
3.249622395833335	37.673066158352725
3.349622395833335	38.847446091533946
3.449622395833335	40.02182602471518
3.5496223958333353	41.19620595789625
3.6496223958333354	42.37058589107733
3.7496223958333355	43.54496582425849
3.8496223958333355	44.71934575743978
3.9496223958333356	45.893725690620784
4.049622395833335	47.0681056238019
4.149622395833335	48.242485556982956
4.249622395833335	49.416865490164284
4.349622395833334	50.59124542334522
4.449622395833334	51.76562535652651
4.5496223958333335	52.94000528970749
4.649622395833333	54.11438522288872
4.749622395833333	55.28876515606972
4.849622395833332	56.463145089251064
4.949622395833332	57.63752502243191
5.049622395833332	58.811904955613066
5.149622395833331	59.98628488879426
5.249622395833331	61.16066482197517
5.349622395833331	62.33504475515627
5.44962239583333	63.50942468833736
5.54962239583333	64.68380462151846
5.64962239583333	65.8581845546996
5.749622395833329	67.03256448788072
5.849622395833329	68.20694442106173
5.9496223958333285	69.38132435424265
6.049622395833328	70.55570428742399
6.149622395833328	71.73008422060498
6.2496223958333275	72.90446415378607
6.349622395833327	74.07884408696735
6.449622395833327	75.25322402014798
6.549622395833326	76.42760395332895
6.649622395833326	77.60198388651031
6.749622395833326	78.77636381969131
6.849622395833325	79.95074375287226
6.949622395833325	81.1251236860532
7.049622395833325	82.29950361923449
7.149622395833324	83.47388355241564
7.249622395833324	84.64826348559647
7.3496223958333236	85.82264341877753
7.449622395833323	86.99702335195845
7.549622395833323	88.17140328513936
7.6496223958333225	89.34578321832066
7.749622395833322	90.52016315150158
7.849622395833322	91.69454308468293
7.949622395833321	92.86892512612386
8.049622395833321	94.04330508921043
8.14962239583332	95.2176850522965
8.24962239583332	96.39206501538315
8.34962239583332	97.56644497847022
8.44962239583332	98.74082494155631
8.54962239583332	99.91520490464274
8.649622395833319	101.08958486772909
8.749622395833319	102.26396483081564
8.849622395833318	103.4383447939024
8.949622395833318	104.61272475698917
9.049622395833318	105.78710472007549
9.149622395833317	106.96148468316203
9.249622395833317	108.13586464624882
9.349622395833316	109.31024460933486
9.449622395833316	110.484624572422
9.549622395833316	111.65900427951043
9.649622395833315	112.83338424639425
9.749622395833315	114.00776386089
9.849622395833315	115.1821438182392
9.949622395833314	116.35652343670387
10.049622395833314	117.5309033928595
10.149622395833314	118.70528334901506
10.249622395833313	119.87966330517102
10.349622395833313	121.05404326132698
10.449622395833313	122.22842321748263
10.549622395833312	123.40280317363869
10.649622395833312	124.57718302429193
10.749622395833311	125.75156298007957
10.849622395833311	126.9259429358677
10.94962239583331	128.10032289165554
11.04962239583331	129.27470284744342
11.14962239583331	130.4490828032311
11.24962239583331	131.45429008838127
11.34962239583331	132.4310900551255
11.449622395833309	133.40788976955236
11.549622395833309	134.38468973207517
11.649622395833308	135.36148969459705
11.749622395833308	136.33828965712
11.849622395833308	137.31508961964246
11.949622395833307	138.29188958216477
11.950000000000001	138.29558225418089
1000011.95	138.29558225418089
