-100000	0
0	0
0.0033333333333333335	0.03297604834384965
0.008333333333333333	0.08348176627818366
0.01583333333333333	0.160275579822512
0.02708333333333333	0.2767990940032802
0.043958333333333335	0.453575386607437
0.06927083333333334	0.7219133315298792
0.10723958333333333	1.12962866937397
0.16419270833333333	1.7498109017721364
0.24962239583333334	2.6940670654840533
0.3496223958333333	3.814391266831888
0.4496223958333333	4.945808596878476
0.5496223958333333	6.084623444220286
0.6496223958333333	7.2282918710026856
0.7496223958333332	8.37531490930335
0.8496223958333332	9.52534503656036
0.9496223958333332	10.67937956804997
1.0496223958333333	11.839958393108535
1.1496223958333334	13.010439092145385
1.2496223958333335	14.184818426501169
1.3496223958333335	15.359197800356853
1.4496223958333336	16.533577213709865
1.5496223958333337	17.707956666558594
1.6496223958333338	18.882336158900504
1.749622395833334	20.056715690733235
1.849622395833334	21.231095262054858
1.949622395833334	22.405474872863056
2.049622395833334	23.579854523155685
2.149622395833334	24.75423421293067
2.249622395833334	25.928613942185635
2.349622395833334	27.102993710918458
2.4496223958333343	28.277373519126865
2.5496223958333344	29.4517533668087
2.6496223958333345	30.626133772933894
2.7496223958333346	31.800514283259286
2.8496223958333347	32.97489422404556
2.9496223958333347	34.14927416483202
3.049622395833335	35.32365410561844
3.149622395833335	36.49803404640482
3.249622395833335	37.67241398719116
3.349622395833335	38.84679392797756
3.449622395833335	40.02117386876396
3.5496223958333353	41.195553809550326
3.6496223958333354	42.36993375033657
3.7496223958333355	43.54431369112299
3.8496223958333355	44.71869363190945
3.9496223958333356	45.89307357269578
4.049622395833335	47.06745351348214
4.149622395833335	48.2418334542684
4.249622395833335	49.41621339505474
4.349622395833334	50.59059333584104
4.449622395833334	51.764973276627515
4.5496223958333335	52.93935321741397
4.649622395833333	54.11373315820026
4.749622395833333	55.288113098986564
4.849622395833332	56.462493039772866
4.949622395833332	57.63687298055928
5.049622395833332	58.81125292134579
5.149622395833331	59.98563286213181
5.249622395833331	61.1600128029181
5.349622395833331	62.33439274370431
5.44962239583333	63.508772684490786
5.54962239583333	64.6831526252773
5.64962239583333	65.85753256606324
5.749622395833329	67.0319125068497
5.849622395833329	68.20629244763595
5.9496223958333285	69.38067238842228
6.049622395833328	70.55505232920845
6.149622395833328	71.72943226999503
6.2496223958333275	72.90381221078123
6.349622395833327	74.07819215156766
6.449622395833327	75.25257209235404
6.549622395833326	76.42695203314001
6.649622395833326	77.60133197392634
6.749622395833326	78.77571191471277
6.849622395833325	79.95009185549874
6.949622395833325	81.12447179628515
7.049622395833325	82.29885173707132
7.149622395833324	83.47323167785746
7.249622395833324	84.64761161864409
7.3496223958333236	85.82199155943016
7.449622395833323	86.99637150021609
7.549622395833323	88.17075144100241
7.6496223958333225	89.34513138178905
7.749622395833322	90.51951132257531
7.849622395833322	91.6938912633613
7.949622395833321	92.8682730881971
8.049622395833321	94.04265305435776
8.14962239583332	95.21703302051841
8.24962239583332	96.39141298667934
8.34962239583332	97.56579295284008
8.44962239583332	98.74017291900026
8.54962239583332	99.9145528851615
8.649622395833319	101.08893285132223
8.749622395833319	102.26331281748266
8.849622395833318	103.43769278364387
8.949622395833318	104.61207274980453
9.049622395833318	105.78645271596532
9.149622395833317	106.9608326821259
9.249622395833317	108.13521264828736
9.349622395833316	109.30959261444801
9.449622395833316	110.48397258060879
9.549622395833316	111.65835235304145
9.649622395833315	112.83273231495136
9.749622395833315	114.00711200603321
9.849622395833315	115.1814919695721
9.949622395833314	116.35587168600767
10.049622395833314	117.53025164670561
10.149622395833314	118.70463160740336
10.249622395833313	119.8790115681013
10.349622395833313	121.05339152879861
10.449622395833313	122.22777148949677
10.549622395833312	123.40215145019431
10.649622395833312	124.57653132676418
10.749622395833311	125.75091128686498
10.849622395833311	126.9252912469652
10.94962239583331	128.09967120706554
11.04962239583331	129.27405116716645
11.14962239583331	130.4484311272668
11.24962239583331	131.4536384083131
11.34962239583331	132.430438371779
11.449622395833309	133.4072381536028
11.549622395833309	134.38403811743456
11.649622395833308	135.360838081266
11.749622395833308	136.33763804509738
11.849622395833308	137.3144380089293
11.949622395833307	138.29123797276094
11.950000000000001	138.29493021888683
1000011.95	138.29493021888683
