-100000	0
0	0
0.0033333333333333335	0.032974955077151764
0.008333333333333333	0.0834729298928062
0.01583333333333333	0.16025552759334605
0.02708333333333333	0.2767590016688439
0.043958333333333335	0.45352552217176423
0.06927083333333334	0.7218340776618257
0.10723958333333333	1.129496661590612
0.16419270833333333	1.749653434716217
0.24962239583333334	2.6938793364090285
0.3496223958333333	3.814212775500763
0.4496223958333333	4.945679448622051
0.5496223958333333	6.084609468036211
0.6496223958333333	7.228439655264513
0.7496223958333332	8.37567066864363
0.8496223958333332	9.52593862528655
0.9496223958333332	10.680188215383396
1.0496223958333333	11.840914891835451
1.1496223958333334	13.011434582902398
1.2496223958333335	14.185810866055903
1.3496223958333335	15.360187433446564
1.4496223958333336	16.534564285077487
1.5496223958333337	17.70894142095165
1.6496223958333338	18.88331884107175
1.749622395833334	20.05769654544094
1.849622395833334	21.232074534062154
1.949622395833334	22.406452806938198
2.049622395833334	23.580831364071972
2.149622395833334	24.755210205466827
2.249622395833334	25.929589331125253
2.349622395833334	27.10396874105046
2.4496223958333343	28.278348202322864
2.5496223958333344	29.45272916081361
2.6496223958333345	30.627109094614582
2.7496223958333346	31.80148902841556
2.8496223958333347	32.97586896221644
2.9496223958333347	34.15024889601738
3.049622395833335	35.32462882981835
3.149622395833335	36.49900876361925
3.249622395833335	37.673388697420236
3.349622395833335	38.84776863122117
3.449622395833335	40.022148565022135
3.5496223958333353	41.19652849882311
3.6496223958333354	42.37090843262403
3.7496223958333355	43.54528836642497
3.8496223958333355	44.71966830022578
3.9496223958333356	45.894048234026855
4.049622395833335	47.068428167827875
4.149622395833335	48.242808101628675
4.249622395833335	49.41718803542954
4.349622395833334	50.591567969230454
4.449622395833334	51.765947903031446
4.5496223958333335	52.940327836832516
4.649622395833333	54.11470777063334
4.749622395833333	55.28908770443451
4.849622395833332	56.46346763823523
4.949622395833332	57.63784757203599
5.049622395833332	58.81222750583685
5.149622395833331	59.98660743963796
5.249622395833331	61.16098737343888
5.349622395833331	62.33536730723961
5.44962239583333	63.50974724104038
5.54962239583333	64.68412717484154
5.64962239583333	65.85850710864214
5.749622395833329	67.03288704244335
5.849622395833329	68.20726697624409
5.9496223958333285	69.3816469100451
6.049622395833328	70.55602684384577
6.149622395833328	71.73040677764666
6.2496223958333275	72.90478671144744
6.349622395833327	74.07916664524815
6.449622395833327	75.25354657904906
6.549622395833326	76.42792651284994
6.649622395833326	77.60230644665073
6.749622395833326	78.77668638045186
6.849622395833325	79.95106631425224
6.949622395833325	81.12544624805301
7.049622395833325	82.29982618185386
7.149622395833324	83.4742061156549
7.249622395833324	84.64858604945567
7.3496223958333236	85.82296598325638
7.449622395833323	86.99734591705725
7.549622395833323	88.17172585085791
7.6496223958333225	89.34610578465893
7.749622395833322	90.52048571845967
7.849622395833322	91.69486565226059
7.949622395833321	92.86924760403275
8.049622395833321	94.04362756404657
8.14962239583332	95.21800752406085
8.24962239583332	96.39238748407445
8.34962239583332	97.56676744408827
8.44962239583332	98.74114740410292
8.54962239583332	99.91552736411705
8.649622395833319	101.08990732413058
8.749622395833319	102.26428728414443
8.849622395833318	103.43866724415835
8.949622395833318	104.61304720417249
9.049622395833318	105.78742716418682
9.149622395833317	106.96180712420069
9.249622395833317	108.13618708421468
9.349622395833316	109.31056704422885
9.449622395833316	110.4849470042427
9.549622395833316	111.65932685008237
9.649622395833315	112.83370678886686
9.749622395833315	114.00808647901556
9.849622395833315	115.18246644220865
9.949622395833314	116.35684614011807
10.049622395833314	117.53122609579954
10.149622395833314	118.70560605148158
10.249622395833313	119.87998600716357
10.349622395833313	121.05436596284483
10.449622395833313	122.22874591852681
10.549622395833312	123.40312587420884
10.649622395833312	124.57750575252786
10.749622395833311	125.75188570656172
10.849622395833311	126.9262656605948
10.94962239583331	128.10064561462838
11.04962239583331	129.27502556866142
11.14962239583331	130.44940552269543
11.24962239583331	131.454612805304
11.34962239583331	132.43141275528293
11.449622395833309	133.4082125419151
11.549622395833309	134.3850124966743
11.649622395833308	135.36181245143402
11.749622395833308	136.33861240619413
11.849622395833308	137.31541236095396
11.949622395833307	138.2922123157143
11.950000000000001	138.29590504621638
1000011.95	138.29590504621638
