-100000	0
0	0
0.0003333333333333333	0.003261177813483419
0.0008333333333333333	0.00816728606344263
0.0015833333333333333	0.015561889312140422
0.0027083333333333334	0.02673312876866393
0.004395833333333333	0.043630319390453934
0.006927083333333334	0.06918499054667167
0.010723958333333335	0.10782255949996725
0.016419270833333336	0.1662471227554056
0.024962239583333337	0.2546296140898
0.03496223958333334	0.3589344942940566
0.04496223958333334	0.4639628925776467
0.05496223958333334	0.5695956249671664
0.06496223958333334	0.6757535087909267
0.07496223958333334	0.7823789943540862
0.08496223958333333	0.889427819176179
0.09496223958333333	0.9968647515687222
0.10496223958333332	1.1046603265971704
0.11496223958333332	1.212789980812665
0.12496223958333331	1.3212325543796115
0.1349622395833333	1.429969550112848
0.14496223958333332	1.5389845288966393
0.15496223958333333	1.6482626982123847
0.16496223958333334	1.7577907069068321
0.17496223958333335	1.867556413099939
0.18496223958333335	1.9775484814332651
0.19496223958333336	2.0877571486659336
0.20496223958333337	2.1981728568928127
0.21496223958333338	2.3087865963792127
0.2249622395833334	2.4195900741410172
0.2349622395833334	2.5305754969946372
0.2449622395833334	2.6417354113613287
0.2549622395833334	2.7530628707539635
0.2649622395833334	2.8645511631335925
0.27496223958333343	2.976194308627855
0.28496223958333344	3.087985936910619
0.29496223958333345	3.199920552723208
0.30496223958333346	3.311992679803433
0.31496223958333347	3.424196971997204
0.3249622395833335	3.5365284670082033
0.3349622395833335	3.648982284101644
0.3449622395833335	3.7615538679750338
0.3549622395833335	3.874238576249871
0.3649622395833335	3.987032171703976
0.3749622395833335	4.0999304554026414
0.38496223958333353	4.212929406696259
0.39496223958333354	4.326025300314284
0.40496223958333355	4.439214125448993
0.41496223958333356	4.552492460879277
0.42496223958333357	4.665856716182709
0.4349622395833336	4.779303560681222
0.4449622395833336	4.892829730580536
0.4549622395833336	5.006432161077268
0.4649622395833336	5.120107549444646
0.4749622395833336	5.233853176183255
0.4849622395833336	5.347666165071669
0.49496223958333363	5.461543636768518
0.5049622395833336	5.5754831733926435
0.5149622395833336	5.689482226404742
0.5249622395833337	5.8035383091512
0.5349622395833337	5.917649088581696
0.5449622395833337	6.031812392131047
0.5549622395833337	6.146026011702114
0.5649622395833337	6.260287989170188
0.5749622395833337	6.374596279542807
0.5849622395833337	6.488949191599644
0.5949622395833337	6.60334483982888
0.6049622395833337	6.717781771592467
0.6149622395833337	6.832258490611828
0.6249622395833337	6.94677332172526
0.6349622395833338	7.0613250696162115
0.6449622395833338	7.175912571281954
0.6549622395833338	7.290534677461076
0.6649622395833338	7.405190297907735
0.6749622395833338	7.519878551169268
0.6849622395833338	7.634598661891796
0.6949622395833338	7.749350067446554
0.7049622395833338	7.864132306820408
0.7149622395833338	7.978944833713926
0.7249622395833338	8.093787407156617
0.7349622395833338	8.208659836595366
0.7449622395833339	8.323562087149062
0.7549622395833339	8.438494230822497
0.7649622395833339	8.55345637274004
0.7749622395833339	8.668448798394337
0.7849622395833339	8.783472209482255
0.7949622395833339	8.898527717521425
0.8049622395833339	9.013615167300832
0.8149622395833339	9.128735491874684
0.8249622395833339	9.243889614835158
0.8349622395833339	9.359078728475525
0.8449622395833339	9.474304173406363
0.854962239583334	9.589567226363929
0.864962239583334	9.704869662579162
0.874962239583334	9.820213085546452
0.884962239583334	9.935599341182353
0.894962239583334	10.051030581096057
0.904962239583334	10.16650886808008
0.914962239583334	10.282036640604566
0.924962239583334	10.397616442466722
0.934962239583334	10.513250712360467
0.944962239583334	10.628942345096164
0.954962239583334	10.744694354404198
0.964962239583334	10.86050983899908
0.9749622395833341	10.97639232605605
0.9849622395833341	11.092345309130229
0.9949622395833341	11.208372041495952
1.004962239583334	11.324476340252339
1.014962239583334	11.440662127134853
1.024962239583334	11.556933419608427
1.034962239583334	11.673294515526331
1.044962239583334	11.789749605330469
1.054962239583334	11.906303410400819
1.064962239583334	12.022960441933956
1.074962239583334	12.139725572370645
1.084962239583334	12.256603728597675
1.094962239583334	12.37359991751041
1.104962239583334	12.490719381569484
1.114962239583334	12.607967093447034
1.124962239583334	12.725192043283013
1.134962239583334	12.842629684453978
1.144962239583334	12.960067328672991
1.154962239583334	13.077504975940156
1.1649622395833341	13.19494262625546
1.1749622395833341	13.312380279618917
1.1849622395833341	13.42981793603047
1.1949622395833341	13.547255595490148
1.2049622395833341	13.664693257998069
1.2149622395833342	13.782130923554
1.2249622395833342	13.899568592158182
1.2349622395833342	14.017006263810492
1.2449622395833342	14.134443938510891
1.2549622395833342	14.251881616259528
1.2649622395833342	14.369319297056302
1.2749622395833342	14.486756980901237
1.2849622395833342	14.604194667794403
1.2949622395833342	14.721632357735592
1.3049622395833342	14.839070050725033
1.3149622395833342	14.956507746762728
1.3249622395833343	15.073945445848588
1.3349622395833343	15.191383147982481
1.3449622395833343	15.308820853164677
1.3549622395833343	15.426258561395098
1.3649622395833343	15.543696272673568
1.3749622395833343	15.66113398700037
1.3849622395833343	15.778571704375347
1.3949622395833343	15.896009424798429
1.4049622395833343	16.013447148269904
1.4149622395833343	16.130884874789462
1.4249622395833343	16.248322604357217
1.4349622395833344	16.36576033697327
1.4449622395833344	16.483198072637546
1.4549622395833344	16.600635811350006
1.4649622395833344	16.71807355311066
1.4749622395833344	16.83551129791961
1.4849622395833344	16.952949045776748
1.4949622395833344	17.07038679668216
1.5049622395833344	17.1878245506358
1.5149622395833344	17.30526230763766
1.5249622395833344	17.42270006768784
1.5349622395833344	17.54013783078622
1.5449622395833345	17.65757559693286
1.5549622395833345	17.77501336612777
1.5649622395833345	17.8924511383709
1.5749622395833345	18.009888913662298
1.5849622395833345	18.12732669200209
1.5949622395833345	18.244764473390017
1.6049622395833345	18.362202257826265
1.6149622395833345	18.47964004531077
1.6249622395833345	18.597077835843503
1.6349622395833345	18.714515629424643
1.6449622395833345	18.831953426054007
1.6549622395833345	18.949391225731684
1.6649622395833346	19.066829028457544
1.6749622395833346	19.184266834231963
1.6849622395833346	19.301704643054393
1.6949622395833346	19.419142454925232
1.7049622395833346	19.53658026984446
1.7149622395833346	19.65401808781194
1.7249622395833346	19.771455908827747
1.7349622395833346	19.888893732891887
1.7449622395833346	20.00633156000425
1.7549622395833346	20.123769390165013
1.7649622395833346	20.241207223374087
1.7749622395833347	20.358645059631506
1.7849622395833347	20.47608289893731
1.7949622395833347	20.59352074129134
1.8049622395833347	20.710958586693753
1.8149622395833347	20.828396435144626
1.8249622395833347	20.945834286643706
1.8349622395833347	21.063272141191273
1.8449622395833347	21.180709998786952
1.8549622395833347	21.29814785943123
1.8649622395833347	21.415585723123776
1.8749622395833347	21.53302358986478
1.8849622395833348	21.650461459653986
1.8949622395833348	21.767899332491616
1.9049622395833348	21.885337208377702
1.9149622395833348	22.002775087312138
1.9249622395833348	22.120212969294847
1.9349622395833348	22.23765085432611
1.9449622395833348	22.35508874240565
1.9549622395833348	22.472526633533537
1.9649622395833348	22.58996452770999
1.9749622395833348	22.70740242493469
1.9849622395833348	22.82484032520778
1.9949622395833349	22.942278228529425
2.004962239583335	23.059716134899453
2.0149622395833346	23.17715404431783
2.0249622395833344	23.29459195678454
2.034962239583334	23.412029872299886
2.044962239583334	23.529467790863354
2.054962239583334	23.646905712475352
2.0649622395833336	23.764343637135948
2.0749622395833334	23.88178156484483
2.084962239583333	23.999219495602162
2.094962239583333	24.11665742940782
2.1049622395833327	24.23409536626219
2.1149622395833325	24.351533306164846
2.1249622395833323	24.46897124911593
2.134962239583332	24.586409195115607
2.144962239583332	24.70384714416371
2.1549622395833317	24.82128509625999
2.1649622395833314	24.938723051405006
2.1749622395833312	25.056161009598455
2.184962239583331	25.17359897084035
2.194962239583331	25.291036935130737
2.2049622395833306	25.40847490246953
2.2149622395833304	25.525912872856754
2.22496223958333	25.64335084629271
2.23496223958333	25.760788880852242
2.2449622395833297	25.878226859770567
2.2549622395833295	25.995664840432124
2.2649622395833293	26.11310282283629
2.274962239583329	26.230540806983388
2.284962239583329	26.347978792873015
2.2949622395833287	26.46541678050504
2.3049622395833285	26.58285476987931
2.3149622395833283	26.70029276099593
2.324962239583328	26.817731112713947
2.334962239583328	26.935169108250026
2.3449622395833276	27.052607103786208
2.3549622395833274	27.170045099322163
2.364962239583327	27.28748309485822
2.374962239583327	27.40492109039439
2.3849622395833268	27.522359085930493
2.3949622395833265	27.63979708146661
2.4049622395833263	27.75723507700286
2.414962239583326	27.874673072538783
2.424962239583326	27.992111068074948
2.4349622395833257	28.109549063610988
2.4449622395833255	28.22698705914712
2.4549622395833253	28.344425054683242
2.464962239583325	28.46186305021929
2.474962239583325	28.5793010457554
2.4849622395833246	28.696739041291547
2.4949622395833244	28.81417703682764
2.504962239583324	28.931615032363773
2.514962239583324	29.049053027899788
2.5249622395833238	29.166491023435924
2.5349622395833236	29.283929018972053
2.5449622395833233	29.401367014508196
2.554962239583323	29.518805010044197
2.564962239583323	29.6362430055806
2.5749622395833227	29.75368100111646
2.5849622395833225	29.871118996652516
2.5949622395833223	29.988556992188727
2.604962239583322	30.105994987724824
2.614962239583322	30.223432983260917
2.6249622395833216	30.340870978796904
2.6349622395833214	30.458308974332994
2.644962239583321	30.57574696986924
2.654962239583321	30.693184965405262
2.664962239583321	30.810622960941423
2.6749622395833206	30.92806095647753
2.6849622395833204	31.045498952013702
2.69496223958332	31.1629369475497
2.70496223958332	31.280374943085793
2.7149622395833197	31.397812938621904
2.7249622395833195	31.515250934158097
2.7349622395833193	31.63268892969411
2.744962239583319	31.750126925230255
2.754962239583319	31.867564920766352
2.7649622395833187	31.98500291630248
2.7749622395833184	32.10244091183859
2.7849622395833182	32.219878907374614
2.794962239583318	32.3373169029107
2.804962239583318	32.454754898446836
2.8149622395833176	32.57219289398285
2.8249622395833174	32.689630889519044
2.834962239583317	32.807068885055145
2.844962239583317	32.92450688059127
2.8549622395833167	33.041944876127424
2.8649622395833165	33.15938287166345
2.8749622395833163	33.27682086719956
2.884962239583316	33.39425886273574
2.894962239583316	33.511696858271826
2.9049622395833157	33.62913485380778
2.9149622395833155	33.74657284934394
2.9249622395833152	33.86401084488011
2.934962239583315	33.98144884041618
2.944962239583315	34.09888683595218
2.9549622395833146	34.21632483148829
2.9649622395833144	34.33376282702453
2.974962239583314	34.45120082256052
2.984962239583314	34.56863881809669
2.9949622395833138	34.686076813632795
3.0049622395833135	34.803514809168874
3.0149622395833133	34.92095280470489
3.024962239583313	35.038390800241
3.034962239583313	35.15582879577719
3.0449622395833127	35.27326679131332
3.0549622395833125	35.39070478684939
3.0649622395833123	35.508142782385576
3.074962239583312	35.625580777921584
3.084962239583312	35.74301877345761
3.0949622395833116	35.860456768993785
3.1049622395833114	35.977894764529914
3.114962239583311	36.09533276006598
3.124962239583311	36.21277075560214
3.1349622395833108	36.33020875113819
3.1449622395833106	36.44764674667429
3.1549622395833103	36.56508474221039
3.16496223958331	36.68252273774644
3.17496223958331	36.79996073328257
3.1849622395833097	36.9173987288187
3.1949622395833095	37.034836724354875
3.2049622395833093	37.15227471989088
3.214962239583309	37.26971271542699
3.224962239583309	37.387150710963056
3.2349622395833086	37.504588706499305
3.2449622395833084	37.6220267020352
3.254962239583308	37.739464697571414
3.264962239583308	37.85690269310749
3.274962239583308	37.97434068864357
3.2849622395833076	38.09177868417971
3.2949622395833074	38.20921667971577
3.304962239583307	38.32665467525179
3.314962239583307	38.444092670788045
3.3249622395833067	38.56153066632417
3.3349622395833065	38.6789686618602
3.3449622395833063	38.79640665739622
3.354962239583306	38.91384465293236
3.364962239583306	39.031282648468604
3.3749622395833057	39.14872064400473
3.3849622395833054	39.266158639540734
3.3949622395833052	39.38359663507686
3.404962239583305	39.50103463061291
3.414962239583305	39.61847262614907
3.4249622395833046	39.73591062168514
3.4349622395833044	39.85334861722125
3.444962239583304	39.97078661275738
3.454962239583304	40.08822460829336
3.4649622395833037	40.20566260382961
3.4749622395833035	40.32310059936551
3.4849622395833033	40.44053859490159
3.494962239583303	40.557976590437825
3.504962239583303	40.67541458597386
3.5149622395833027	40.79285258151
3.5249622395833025	40.910290577046155
3.5349622395833022	41.0277285725823
3.544962239583302	41.14516656811831
3.554962239583302	41.26260456365448
3.5649622395833016	41.380042559190414
3.5749622395833014	41.497480554726614
3.584962239583301	41.61491855026268
3.594962239583301	41.732356545798886
3.6049622395833008	41.849794541334944
3.6149622395833005	41.96723253687104
3.6249622395833003	42.08467053240722
3.6349622395833	42.20210852794315
3.6449622395833	42.319546523479296
3.6549622395832997	42.436984519015446
3.6649622395832995	42.55442251455143
3.6749622395832993	42.67186051008763
3.684962239583299	42.78929850562361
3.694962239583299	42.90673650115979
3.7049622395832986	43.02417449669578
3.7149622395832984	43.141612492231836
3.724962239583298	43.2590504877682
3.734962239583298	43.376488483304186
3.7449622395832978	43.493926478840194
3.7549622395832976	43.611364474376366
3.7649622395832973	43.72880246991255
3.774962239583297	43.8462404654486
3.784962239583297	43.96367846098482
3.7949622395832967	44.08111645652093
3.8049622395832965	44.19855445205667
3.8149622395832963	44.3159924475931
3.824962239583296	44.433430443129176
3.834962239583296	44.55086843866522
3.8449622395832956	44.668306434201384
3.8549622395832954	44.78574442973737
3.864962239583295	44.9031824252735
3.874962239583295	45.02062042080958
3.884962239583295	45.13805841634584
3.8949622395832946	45.2554964118818
3.9049622395832944	45.372934407417894
3.914962239583294	45.49037240295406
3.924962239583294	45.60781039849011
3.9349622395832937	45.725248394026245
3.9449622395832935	45.84268638956232
3.9549622395832933	45.96012438509827
3.964962239583293	46.077562380634504
3.974962239583293	46.19500037617057
3.9849622395832927	46.31243837170665
3.9949622395832924	46.4298763672428
4.004962239583293	46.547314362778785
4.0149622395832925	46.664752358314956
4.024962239583292	46.782190353851064
4.034962239583292	46.89962834938724
4.044962239583292	47.01706634492328
4.054962239583292	47.134504340459365
4.064962239583291	47.25194233599551
4.074962239583291	47.369380331531595
4.084962239583291	47.48681832706773
4.094962239583291	47.60425632260363
4.1049622395832905	47.721694318139946
4.11496223958329	47.839132313676
4.12496223958329	47.95657030921198
4.13496223958329	48.07400830474816
4.14496223958329	48.191446300284206
4.1549622395832895	48.30888429582039
4.164962239583289	48.42632229135648
4.174962239583289	48.54376028689268
4.184962239583289	48.661198282428536
4.194962239583289	48.7786362779647
4.204962239583288	48.896074273500815
4.214962239583288	49.013512269036866
4.224962239583288	49.13095026457302
4.234962239583288	49.24838826010919
4.2449622395832876	49.36582625564533
4.254962239583287	49.48326425118127
4.264962239583287	49.60070224671733
4.274962239583287	49.71814024225338
4.284962239583287	49.835578237789555
4.2949622395832865	49.95301623332563
4.304962239583286	50.07045422886192
4.314962239583286	50.18789222439793
4.324962239583286	50.30533021993392
4.334962239583286	50.42276821547022
4.344962239583285	50.540206211006215
4.354962239583285	50.65764420654225
4.364962239583285	50.775082202078366
4.374962239583285	50.89252019761448
4.384962239583285	51.00995819315064
4.394962239583284	51.12739618868683
4.404962239583284	51.24483418422288
4.414962239583284	51.36227217975896
4.424962239583284	51.47971017529501
4.4349622395832835	51.59714817083124
4.444962239583283	51.71458616636733
4.454962239583283	51.83202416190334
4.464962239583283	51.949462157439434
4.474962239583283	52.0669001529755
4.484962239583282	52.18433814851163
4.494962239583282	52.301776144047665
4.504962239583282	52.41921413958379
4.514962239583282	52.53665213511983
4.524962239583282	52.654090130655945
4.534962239583281	52.7715281261921
4.544962239583281	52.888966121728096
4.554962239583281	53.00640411726439
4.564962239583281	53.12384211280038
4.5749622395832805	53.24128010833644
4.58496223958328	53.358718103872526
4.59496223958328	53.476156099408634
4.60496223958328	53.59359409494486
4.61496223958328	53.71103209048092
4.6249622395832795	53.828470086017084
4.634962239583279	53.94590808155306
4.644962239583279	54.063346077089314
4.654962239583279	54.18078407262525
4.664962239583279	54.29822206816143
4.674962239583278	54.415660063697445
4.684962239583278	54.53309805923359
4.694962239583278	54.650536054769944
4.704962239583278	54.76797405030585
4.7149622395832775	54.885412045841676
4.724962239583277	55.0028500413779
4.734962239583277	55.12028803691401
4.744962239583277	55.23772603244995
4.754962239583277	55.35516402798616
4.7649622395832765	55.47260202352214
4.774962239583276	55.59004001905847
4.784962239583276	55.707478014594464
4.794962239583276	55.82491601013062
4.804962239583276	55.94235400566655
4.814962239583275	56.05979200120267
4.824962239583275	56.17722999673891
4.834962239583275	56.29466799227497
4.844962239583275	56.41210598781102
4.8549622395832746	56.529543983347274
4.864962239583274	56.64698197888321
4.874962239583274	56.76441997441944
4.884962239583274	56.88185796995553
4.894962239583274	56.99929596549156
4.9049622395832735	57.11673396102781
4.914962239583273	57.23417195656375
4.924962239583273	57.35160995209996
4.934962239583273	57.46904794763594
4.944962239583273	57.58648594317197
4.954962239583272	57.70392393870817
4.964962239583272	57.8213619342443
4.974962239583272	57.93879992978036
4.984962239583272	58.05623792531648
4.994962239583272	58.173675920852446
5.004962239583271	58.291113916388795
5.014962239583271	58.40855191192482
5.024962239583271	58.52598990746082
5.034962239583271	58.64342790299706
5.0449622395832705	58.760865898532984
5.05496223958327	58.878303894069134
5.06496223958327	58.99574188960514
5.07496223958327	59.11317988514112
5.08496223958327	59.230617880677535
5.094962239583269	59.348055876213465
5.104962239583269	59.46549387174962
5.114962239583269	59.582931867285495
5.124962239583269	59.70036986282175
5.134962239583269	59.81780785835789
5.144962239583268	59.93524585389403
5.154962239583268	60.05268384943013
5.164962239583268	60.170121844966154
5.174962239583268	60.287559840502176
5.1849622395832675	60.40499783603829
5.194962239583267	60.52243583157428
5.204962239583267	60.639873827110456
5.214962239583267	60.75731182264659
5.224962239583267	60.87474981818277
5.2349622395832665	60.99218781371865
5.244962239583266	61.10962580925462
5.254962239583266	61.227063804791186
5.264962239583266	61.34450180032709
5.274962239583266	61.46193979586329
5.284962239583265	61.57937779139933
5.294962239583265	61.696815786935424
5.304962239583265	61.81425378247135
5.314962239583265	61.93169177800756
5.3249622395832645	62.04912977354367
5.334962239583264	62.16656776907998
5.344962239583264	62.28400576461582
5.354962239583264	62.40144376015193
5.364962239583264	62.51888175568808
5.3749622395832635	62.63631975122414
5.384962239583263	62.753757746760144
5.394962239583263	62.87119574229633
5.404962239583263	62.98863373783241
5.414962239583263	63.10607173336851
5.424962239583262	63.223509728904666
5.434962239583262	63.340947724440724
5.444962239583262	63.45838571997684
5.454962239583262	63.57582371551288
5.4649622395832615	63.69326171104889
5.474962239583261	63.81069970658488
5.484962239583261	63.928137702121134
5.494962239583261	64.04557569765751
5.504962239583261	64.1630136931934
5.5149622395832605	64.28045168872949
5.52496223958326	64.3978896842658
5.53496223958326	64.51532767980162
5.54496223958326	64.63276567533771
5.55496223958326	64.75020367087387
5.564962239583259	64.86764166640981
5.574962239583259	64.98507966194627
5.584962239583259	65.10251765748198
5.594962239583259	65.21995565301819
5.604962239583259	65.33739364855444
5.614962239583258	65.45483164409032
5.624962239583258	65.57226963962654
5.634962239583258	65.68970763516263
5.644962239583258	65.80714563069847
5.6549622395832575	65.92458362623469
5.664962239583257	66.04202162177074
5.674962239583257	66.15945961730695
5.684962239583257	66.27689761284297
5.694962239583257	66.39433560837912
5.704962239583256	66.511773603915
5.714962239583256	66.62921159945132
5.724962239583256	66.74664959498735
5.734962239583256	66.86408759052335
5.744962239583256	66.98152558605955
5.754962239583255	67.09896358159575
5.764962239583255	67.21640157713172
5.774962239583255	67.333839572668
5.784962239583255	67.45127756820384
5.7949622395832545	67.56871556374006
5.804962239583254	67.68615355927618
5.814962239583254	67.80359155481221
5.824962239583254	67.92102955034831
5.834962239583254	68.03846754588447
5.8449622395832534	68.15590554142074
5.854962239583253	68.27334353695669
5.864962239583253	68.39078153249274
5.874962239583253	68.50821952802895
5.884962239583253	68.62565752356487
5.894962239583252	68.74309551910106
5.904962239583252	68.86053351463697
5.914962239583252	68.97797151017323
5.924962239583252	69.0954095057093
5.9349622395832515	69.21284750124543
5.944962239583251	69.33028549678143
5.954962239583251	69.4477234923174
5.964962239583251	69.56516148785367
5.974962239583251	69.68259948338961
5.9849622395832505	69.8000374789253
5.99496223958325	69.91747547446178
6.00496223958325	70.03491346999789
6.01496223958325	70.15235146553403
6.02496223958325	70.26978946107005
6.034962239583249	70.38722745660631
6.044962239583249	70.50466545214235
6.054962239583249	70.6221034476784
6.064962239583249	70.7395414432144
6.0749622395832485	70.85697943875049
6.084962239583248	70.97441743428665
6.094962239583248	71.09185542982286
6.104962239583248	71.20929342535875
6.114962239583248	71.32673142089497
6.1249622395832475	71.444169416431
6.134962239583247	71.5616074119672
6.144962239583247	71.67904540750317
6.154962239583247	71.79648340303922
6.164962239583247	71.91392139857531
6.174962239583246	72.03135939411153
6.184962239583246	72.14879738964777
6.194962239583246	72.26623538518369
6.204962239583246	72.38367338071974
6.214962239583246	72.501111376256
6.224962239583245	72.61854937179194
6.234962239583245	72.73598736732805
6.244962239583245	72.85342536286402
6.254962239583245	72.97086335840024
6.2649622395832445	73.08830135393625
6.274962239583244	73.20573934947232
6.284962239583244	73.32317734500866
6.294962239583244	73.44061534054462
6.304962239583244	73.55805333608092
6.314962239583243	73.67549133161677
6.324962239583243	73.79292932715296
6.334962239583243	73.91036732268908
6.344962239583243	74.02780531822488
6.354962239583243	74.14524331376111
6.364962239583242	74.26268130929728
6.374962239583242	74.38011930483337
6.384962239583242	74.49755730036941
6.394962239583242	74.61499529590535
6.4049622395832415	74.73243329144194
6.414962239583241	74.84987128697772
6.424962239583241	74.96730928251365
6.434962239583241	75.08474727804997
6.444962239583241	75.20218527358603
6.4549622395832404	75.31962326912202
6.46496223958324	75.43706126465814
6.47496223958324	75.55449926019404
6.48496223958324	75.6719372557305
6.49496223958324	75.78937525126611
6.504962239583239	75.90681324680243
6.514962239583239	76.02425124233874
6.524962239583239	76.14168923787473
6.534962239583239	76.25912723341074
6.5449622395832385	76.37656522894693
6.554962239583238	76.49400322448288
6.564962239583238	76.61144122001919
6.574962239583238	76.72887921555495
6.584962239583238	76.84631721109105
6.5949622395832375	76.9637552066272
6.604962239583237	77.08119320216326
6.614962239583237	77.19863119769944
6.624962239583237	77.31606919323563
6.634962239583237	77.43350718877184
6.644962239583236	77.55094518430776
6.654962239583236	77.66838317984384
6.664962239583236	77.78582117537991
6.674962239583236	77.90325917091614
6.6849622395832355	78.02069716645212
6.694962239583235	78.13813516198805
6.704962239583235	78.25557315752434
6.714962239583235	78.37301115306039
6.724962239583235	78.49044914859677
6.7349622395832345	78.60788714413269
6.744962239583234	78.72532513966861
6.754962239583234	78.84276313520469
6.764962239583234	78.96020113074077
6.774962239583234	79.07763912627664
6.784962239583233	79.19507712181303
6.794962239583233	79.31251511734918
6.804962239583233	79.4299531128854
6.814962239583233	79.5473911084213
6.824962239583233	79.66482910395732
6.834962239583232	79.78226709949331
6.844962239583232	79.89970509502928
6.854962239583232	80.0171430905657
6.864962239583232	80.13458108610185
6.8749622395832315	80.2520190816378
6.884962239583231	80.36945707717396
6.894962239583231	80.48689507271018
6.904962239583231	80.60433306824618
6.914962239583231	80.72177106378231
6.92496223958323	80.83920905931836
6.93496223958323	80.9566470548545
6.94496223958323	81.0740850503905
6.95496223958323	81.19152304592656
6.96496223958323	81.3089610414625
6.974962239583229	81.4263990369986
6.984962239583229	81.54383703253436
6.994962239583229	81.66127502807083
7.004962239583229	81.77871302360707
7.0149622395832285	81.89615101914289
7.024962239583228	82.01358901467925
7.034962239583228	82.13102701021542
7.044962239583228	82.24846500575111
7.054962239583228	82.36590300128763
7.064962239583227	82.48334099682356
7.074962239583227	82.60077899235978
7.084962239583227	82.71821698789557
7.094962239583227	82.83565498343182
7.104962239583227	82.95309297896804
7.114962239583226	83.07053097450402
7.124962239583226	83.18796897004029
7.134962239583226	83.30540696557615
7.144962239583226	83.42284496111242
7.1549622395832255	83.5402829566483
7.164962239583225	83.65772095218435
7.174962239583225	83.7751589477204
7.184962239583225	83.8925969432565
7.194962239583225	84.01003493879267
7.2049622395832245	84.12747293432855
7.214962239583224	84.24491092986506
7.224962239583224	84.36234892540104
7.234962239583224	84.47978692093723
7.244962239583224	84.59722491647317
7.254962239583223	84.71466291200936
7.264962239583223	84.8321009075453
7.274962239583223	84.94953890308133
7.284962239583223	85.06697689861733
7.2949622395832225	85.18441489415359
7.304962239583222	85.30185288968973
7.314962239583222	85.41929088522565
7.324962239583222	85.53672888076174
7.334962239583222	85.65416687629795
7.3449622395832215	85.77160487183401
7.354962239583221	85.8890428673701
7.364962239583221	86.00648086290599
7.374962239583221	86.12391885844234
7.384962239583221	86.24135685397847
7.39496223958322	86.35879484951423
7.40496223958322	86.47623284505038
7.41496223958322	86.59367084058692
7.42496223958322	86.71110883612295
7.43496223958322	86.82854683165881
7.444962239583219	86.9459848271948
7.454962239583219	87.06342282273116
7.464962239583219	87.18086081826736
7.474962239583219	87.29829881380321
7.4849622395832185	87.41573680933931
7.494962239583218	87.5331748048754
7.504962239583218	87.65061280041138
7.514962239583218	87.76805079594737
7.524962239583218	87.88548879148372
7.534962239583217	88.00292678701952
7.544962239583217	88.12036478255584
7.554962239583217	88.23780277809196
7.564962239583217	88.35524077362798
7.574962239583217	88.47267876916393
7.584962239583216	88.59011676470023
7.594962239583216	88.70755476023642
7.604962239583216	88.82499275577254
7.614962239583216	88.94243075130865
7.6249622395832155	89.05986874684461
7.634962239583215	89.17730674238032
7.644962239583215	89.29474473791673
7.654962239583215	89.41218273345291
7.664962239583215	89.52962072898886
7.674962239583214	89.64705872452502
7.684962239583214	89.76449672006093
7.694962239583214	89.88193471559707
7.704962239583214	89.99937271113288
7.714962239583214	90.11681070666923
7.724962239583213	90.23424870220542
7.734962239583213	90.35168669774133
7.744962239583213	90.46912469327759
7.754962239583213	90.58656268881364
7.7649622395832125	90.7040006843497
7.774962239583212	90.82143867988569
7.784962239583212	90.9388766754218
7.794962239583212	91.05631467095795
7.804962239583212	91.17375266649435
7.8149622395832115	91.29119066202989
7.824962239583211	91.40862865756621
7.834962239583211	91.52606665310222
7.844962239583211	91.6435046486386
7.854962239583211	91.76094264417449
7.86496223958321	91.87838063971056
7.87496223958321	91.99581863524688
7.88496223958321	92.11325663078262
7.89496223958321	92.23069462631861
7.9049622395832095	92.34813262185494
7.914962239583209	92.46557061739087
7.924962239583209	92.58300861292739
7.934962239583209	92.70044660846338
7.944962239583209	92.81788597682227
7.9549622395832085	92.93532397415905
7.964962239583208	93.05276197149638
7.974962239583208	93.1701999688334
7.984962239583208	93.28763796617093
7.994962239583208	93.40507596350824
8.004962239583207	93.52251396084512
8.014962239583207	93.6399519581821
8.024962239583207	93.75738995551976
8.034962239583207	93.87482795285638
8.044962239583207	93.99226595019358
8.054962239583206	94.10970394753042
8.064962239583206	94.22714194486812
8.074962239583206	94.34457994220571
8.084962239583206	94.46201793954293
8.094962239583205	94.57945593687961
8.104962239583205	94.69689393421652
8.114962239583205	94.81433193155394
8.124962239583205	94.93176992889144
8.134962239583205	95.04920792622879
8.144962239583204	95.16664592356533
8.154962239583204	95.28408392090309
8.164962239583204	95.4015219182398
8.174962239583204	95.51895991557724
8.184962239583204	95.63639791291422
8.194962239583203	95.75383591025161
8.204962239583203	95.8712739075887
8.214962239583203	95.98871190492602
8.224962239583203	96.10614990226257
8.234962239583203	96.22358789960002
8.244962239583202	96.34102589693704
8.254962239583202	96.45846389427402
8.264962239583202	96.5759018916115
8.274962239583202	96.69333988894894
8.284962239583201	96.81077788628576
8.294962239583201	96.9282158836232
8.304962239583201	97.0456538809606
8.3149622395832	97.16309187829744
8.3249622395832	97.28052987563487
8.3349622395832	97.39796787297178
8.3449622395832	97.51540587030928
8.3549622395832	97.63284386764651
8.3649622395832	97.75028186498362
8.3749622395832	97.86771986232033
8.3849622395832	97.9851578596574
8.394962239583199	98.10259585699502
8.404962239583199	98.22003385433233
8.414962239583199	98.33747185166956
8.424962239583198	98.45490984900646
8.434962239583198	98.57234784634345
8.444962239583198	98.68978584368078
8.454962239583198	98.80722384101827
8.464962239583198	98.92466183835536
8.474962239583197	99.04209983569258
8.484962239583197	99.15953783302943
8.494962239583197	99.2769758303665
8.504962239583197	99.39441382770414
8.514962239583197	99.51185182504129
8.524962239583196	99.62928982237797
8.534962239583196	99.74672781971545
8.544962239583196	99.86416581705295
8.554962239583196	99.98160381438979
8.564962239583195	100.09904181172729
8.574962239583195	100.21647980906417
8.584962239583195	100.33391780640133
8.594962239583195	100.45135580373832
8.604962239583195	100.56879380107607
8.614962239583194	100.68623179841295
8.624962239583194	100.80366979575017
8.634962239583194	100.9211077930871
8.644962239583194	101.03854579042405
8.654962239583194	101.15598378776153
8.664962239583193	101.27342178509873
8.674962239583193	101.39085978243604
8.684962239583193	101.50829777977323
8.694962239583193	101.62573577711015
8.704962239583192	101.74317377444765
8.714962239583192	101.86061177178493
8.724962239583192	101.9780497691219
8.734962239583192	102.0954877664592
8.744962239583192	102.21292576379625
8.754962239583191	102.33036376113357
8.764962239583191	102.44780175847059
8.774962239583191	102.56523975580764
8.78496223958319	102.68267775314501
8.79496223958319	102.80011575048222
8.80496223958319	102.9175537478191
8.81496223958319	103.03499174515652
8.82496223958319	103.15242974249368
8.83496223958319	103.26986773983107
8.84496223958319	103.38730573716798
8.85496223958319	103.50474373450535
8.864962239583189	103.62218173184247
8.874962239583189	103.73961972917962
8.884962239583189	103.85705772651659
8.894962239583188	103.97449572385355
8.904962239583188	104.09193372119071
8.914962239583188	104.20937171852827
8.924962239583188	104.32680971586551
8.934962239583188	104.44424771320261
8.944962239583187	104.5616857105398
8.954962239583187	104.679123707877
8.964962239583187	104.79656170521406
8.974962239583187	104.91399970255151
8.984962239583187	105.03143769988844
8.994962239583186	105.14887569722556
9.004962239583186	105.26631369456268
9.014962239583186	105.3837516919
9.024962239583186	105.50118968923726
9.034962239583185	105.61862768657444
9.044962239583185	105.73606568391145
9.054962239583185	105.85350368124875
9.064962239583185	105.97094167858594
9.074962239583185	106.08837967592356
9.084962239583184	106.2058176732601
9.094962239583184	106.32325567059743
9.104962239583184	106.44069366793428
9.114962239583184	106.55813166527172
9.124962239583184	106.67556966260928
9.134962239583183	106.79300765994653
9.144962239583183	106.91044565728389
9.154962239583183	107.02788365462077
9.164962239583183	107.14532165195797
9.174962239583182	107.26275964929499
9.184962239583182	107.38019764663221
9.194962239583182	107.49763564396933
9.204962239583182	107.615073641307
9.214962239583182	107.73251163864384
9.224962239583181	107.84994963598108
9.234962239583181	107.96738763331821
9.244962239583181	108.08482563065539
9.25496223958318	108.20226362799255
9.26496223958318	108.31970162532978
9.27496223958318	108.43713962266641
9.28496223958318	108.55457762000421
9.29496223958318	108.67201561734129
9.30496223958318	108.7894536146786
9.31496223958318	108.90689161201519
9.32496223958318	109.02432960935293
9.334962239583179	109.1417676066903
9.344962239583179	109.25920560402697
9.354962239583179	109.37664360136455
9.364962239583178	109.49408159870127
9.374962239583178	109.61151959603858
9.384962239583178	109.72895759337602
9.394962239583178	109.84639559071344
9.404962239583178	109.96383358805018
9.414962239583177	110.08127158538775
9.424962239583177	110.19870958272496
9.434962239583177	110.31614758006168
9.444962239583177	110.4335855773991
9.454962239583176	110.55102357473616
9.464962239583176	110.66846157207313
9.474962239583176	110.78589956941074
9.484962239583176	110.90333756674792
9.494962239583176	111.0207755640848
9.504962239583175	111.13821356142262
9.514962239583175	111.255651558759
9.524962239583175	111.3730895560964
9.534962239583175	111.49052756406637
9.544962239583175	111.60796560755644
9.554962239583174	111.72540360444164
9.564962239583174	111.84284160132708
9.574962239583174	111.96027959821247
9.584962239583174	112.07771759509794
9.594962239583174	112.19515559198324
9.604962239583173	112.31259358886847
9.614962239583173	112.43003158575375
9.624962239583173	112.54746958263912
9.634962239583173	112.66490757952519
9.644962239583172	112.78234557641056
9.654962239583172	112.8997833950295
9.664962239583172	113.0172213925112
9.674962239583172	113.13465938999313
9.684962239583172	113.25209738747438
9.694962239583171	113.369535384956
9.704962239583171	113.48697338243744
9.714962239583171	113.60441137991872
9.72496223958317	113.72184937740076
9.73496223958317	113.83928737488253
9.74496223958317	113.95672537236341
9.75496223958317	114.07416336984534
9.76496223958317	114.19160136732724
9.77496223958317	114.30903936480803
9.78496223958317	114.4264773622901
9.79496223958317	114.54391535977194
9.804962239583169	114.66135335725352
9.814962239583169	114.77879135473462
9.824962239583169	114.89622935221617
9.834962239583168	115.01366734969751
9.844962239583168	115.13110528609661
9.854962239583168	115.24854320307108
9.864962239583168	115.36598120025765
9.874962239583168	115.48341919744462
9.884962239583167	115.60085719463191
9.894962239583167	115.71829519181864
9.904962239583167	115.83573318900544
9.914962239583167	115.95317118619212
9.924962239583166	116.07060918337909
9.934962239583166	116.18804718056612
9.944962239583166	116.30548517775313
9.954962239583166	116.42292317494008
9.964962239583166	116.54036117212674
9.974962239583165	116.65779916931332
9.984962239583165	116.77523716649992
9.994962239583165	116.89267516368726
10.004962239583165	117.01011316087427
10.014962239583165	117.12755115806046
10.024962239583164	117.24498915524758
10.034962239583164	117.36242715243455
10.044962239583164	117.47986514962139
10.054962239583164	117.59730314680864
10.064962239583163	117.71474114399534
10.074962239583163	117.83217914118183
10.084962239583163	117.94961713836902
10.094962239583163	118.06705513555579
10.104962239583163	118.18449313274294
10.114962239583162	118.30193112992956
10.124962239583162	118.41936912711634
10.134962239583162	118.53680712430295
10.144962239583162	118.65424512148964
10.154962239583162	118.77168311867673
10.164962239583161	118.88912111586404
10.174962239583161	119.00655911305039
10.184962239583161	119.12399711023771
10.19496223958316	119.24143510742446
10.20496223958316	119.35887310461067
10.21496223958316	119.47631110179805
10.22496223958316	119.59374909898503
10.23496223958316	119.7111870961721
10.24496223958316	119.82862509335877
10.25496223958316	119.946063090545
10.26496223958316	120.06350108773218
10.274962239583159	120.18093908491953
10.284962239583159	120.29837708210613
10.294962239583159	120.4158150792932
10.304962239583158	120.53325307648025
10.314962239583158	120.65069107366642
10.324962239583158	120.76812907085414
10.334962239583158	120.88556706804044
10.344962239583158	121.00300506522757
10.354962239583157	121.12044306241431
10.364962239583157	121.23788105960055
10.374962239583157	121.35531905678806
10.384962239583157	121.47275705397513
10.394962239583156	121.59019505116186
10.404962239583156	121.7076330483488
10.414962239583156	121.82507104553544
10.424962239583156	121.942509042722
10.434962239583156	122.05994703990896
10.444962239583155	122.17738503709614
10.454962239583155	122.29482303428307
10.464962239583155	122.41226103147005
10.474962239583155	122.52969902865617
10.484962239583155	122.6471370258438
10.494962239583154	122.76457502303013
10.504962239583154	122.88201302021695
10.514962239583154	122.99945101740408
10.524962239583154	123.11688901459077
10.534962239583153	123.23432701177832
10.544962239583153	123.3517650089644
10.554962239583153	123.46920300615189
10.564962239583153	123.58664100333854
10.574962239583153	123.70407900052514
10.584962239583152	123.82151699771275
10.594962239583152	123.93895499489909
10.604962239583152	124.05639299208573
10.614962239583152	124.17383098927222
10.624962239583152	124.29126898645993
10.634962239583151	124.40870698364627
10.644962239583151	124.52614498083292
10.654962239583151	124.6435829449001
10.66496223958315	124.76102094437131
10.67496223958315	124.87845891557087
10.68496223958315	124.99589691270383
10.69496223958315	125.1133349098363
10.70496223958315	125.23077290696932
10.71496223958315	125.34821090410162
10.72496223958315	125.46564890123412
10.73496223958315	125.58308689836667
10.744962239583149	125.70052489550011
10.754962239583149	125.81796289263204
10.764962239583149	125.93540088976442
10.774962239583148	126.05283888689783
10.784962239583148	126.17027688403086
10.794962239583148	126.28771488116364
10.804962239583148	126.40515287829577
10.814962239583148	126.52259087542838
10.824962239583147	126.64002887256146
10.834962239583147	126.75746686969254
10.844962239583147	126.87490486682611
10.854962239583147	126.99234286395881
10.864962239583146	127.10978086109182
10.874962239583146	127.22721885822472
10.884962239583146	127.34465685535764
10.894962239583146	127.46209485248987
10.904962239583146	127.57953284962242
10.914962239583145	127.69697084675505
10.924962239583145	127.81440884388826
10.934962239583145	127.93184684102016
10.944962239583145	128.04928483815328
10.954962239583145	128.16672283528564
10.964962239583144	128.28416083241817
10.974962239583144	128.40159882955106
10.984962239583144	128.5190368266837
10.994962239583144	128.63647482381668
11.004962239583143	128.75391282094827
11.014962239583143	128.87135081808145
11.024962239583143	128.98878881521438
11.034962239583143	129.10622681234676
11.044962239583143	129.22366480947912
11.054962239583142	129.34110280661213
11.064962239583142	129.4585408037448
11.074962239583142	129.5759788008781
11.084962239583142	129.6934167980102
11.094962239583142	129.81085479514266
11.104962239583141	129.92829279227573
11.114962239583141	130.04573078940786
11.124962239583141	130.1631687865407
11.13496223958314	130.28060678367353
11.14496223958314	130.39804478080623
11.15496223958314	130.51548277793867
11.16496223958314	130.6310196164221
11.17496223958314	130.7286996136951
11.18496223958314	130.82637961096938
11.19496223958314	130.92405960824257
11.20496223958314	131.02173960551605
11.214962239583139	131.11941960278946
11.224962239583139	131.2170996000622
11.234962239583139	131.31477959733584
11.244962239583138	131.4124595946095
11.254962239583138	131.51013959188322
11.264962239583138	131.60781958915643
11.274962239583138	131.70549958642945
11.284962239583137	131.8031795837029
11.294962239583137	131.9008595809773
11.304962239583137	131.99853957825107
11.314962239583137	132.0962195755247
11.324962239583137	132.19389957279682
11.334962239583136	132.29157957007138
11.344962239583136	132.3892595673442
11.354962239583136	132.48693956461747
11.364962239583136	132.58461956189183
11.374962239583136	132.68229955916544
11.384962239583135	132.77997955643903
11.394962239583135	132.8776595537114
11.404962239583135	132.97533955098527
11.414962239583135	133.07301954825866
11.424962239583135	133.17069954553145
11.434962239583134	133.26837954280552
11.444962239583134	133.3660595400793
11.454962239583134	133.46373947569782
11.464962239583134	133.56141942249207
11.474962239583133	133.65909941980826
11.484962239583133	133.75677941712587
11.494962239583133	133.8544594144422
11.504962239583133	133.95213941175922
11.514962239583133	134.04981940907504
11.524962239583132	134.147499406392
11.534962239583132	134.24517940370833
11.544962239583132	134.3428594010255
11.554962239583132	134.44053939834185
11.564962239583132	134.5382193956577
11.574962239583131	134.63589939297404
11.584962239583131	134.73357939029103
11.59496223958313	134.83125938760847
11.60496223958313	134.92893938492492
11.61496223958313	135.02661938224182
11.62496223958313	135.12429937955795
11.63496223958313	135.2219793768742
11.64496223958313	135.31965937419093
11.65496223958313	135.4173393715077
11.66496223958313	135.51501936882389
11.67496223958313	135.61269936614138
11.684962239583129	135.7103793634568
11.694962239583129	135.8080593607742
11.704962239583129	135.90573935809084
11.714962239583128	136.00341935540723
11.724962239583128	136.10109935272362
11.734962239583128	136.198779350041
11.744962239583128	136.29645934735737
11.754962239583127	136.39413934467404
11.764962239583127	136.49181934199032
11.774962239583127	136.58949933930757
11.784962239583127	136.68717933662248
11.794962239583127	136.78485933394072
11.804962239583126	136.88253933125708
11.814962239583126	136.98021932857333
11.824962239583126	137.07789932589012
11.834962239583126	137.17557932320682
11.844962239583126	137.27325932052332
11.854962239583125	137.3709393178394
11.864962239583125	137.46861931515653
11.874962239583125	137.5662993124737
11.884962239583125	137.66397930978954
11.894962239583124	137.76165930710658
11.904962239583124	137.85933930442258
11.914962239583124	137.9570193017395
11.924962239583124	138.05469929905624
11.934962239583124	138.1523792963727
11.944962239583123	138.2500592936894
11.950000000000001	138.2992708524954
1000011.95	138.2992708524954
