-100000	0
0	0
0.0003333333333333333	0.0032611728197483843
0.0008333333333333333	0.00816753223989006
0.0015833333333333333	0.015562638581195623
0.0027083333333333334	0.026733849151857773
0.004395833333333333	0.04362799204597686
0.006927083333333334	0.06917547653816998
0.010723958333333335	0.10780131633913835
0.016419270833333336	0.1662080840660581
0.024962239583333337	0.25456577208139464
0.03496223958333334	0.3588443260550896
0.04496223958333334	0.463849224181334
0.05496223958333334	0.5694611370293923
0.06496223958333334	0.6756002977448604
0.07496223958333334	0.7822090705994605
0.08496223958333333	0.8892430564621027
0.09496223958333333	0.9966667100335126
0.10496223958333332	1.104450685668761
0.11496223958333332	1.2125702958930418
0.12496223958333331	1.321004176079749
0.1349622395833333	1.4297337876937573
0.14496223958333332	1.5387425351492905
0.15496223958333333	1.6480156546420792
0.16496223958333334	1.7575399188668068
0.17496223958333335	1.8673029868979403
0.18496223958333335	1.9772938337092734
0.19496223958333336	2.087502003295509
0.20496223958333337	2.1979182536392776
0.21496223958333338	2.3085335141722467
0.2249622395833334	2.4193394671899275
0.2349622395833334	2.5303282533780274
0.2449622395833334	2.64149251284647
0.2549622395833334	2.752825247090581
0.2649622395833334	2.8643198461301758
0.27496223958333343	2.9759700247494516
0.28496223958333344	3.0877697463817424
0.29496223958333345	3.1997132196918168
0.30496223958333346	3.3117951155043306
0.31496223958333347	3.4240101010875796
0.3249622395833335	3.536353115250509
0.3349622395833335	3.6488193942418374
0.3449622395833335	3.76140424215976
0.3549622395833335	3.874103138600309
0.3649622395833335	3.9869117425706833
0.3749622395833335	4.099825944071869
0.38496223958333353	4.212841704790014
0.39496223958333354	4.3259551752934025
0.40496223958333355	4.439162555699692
0.41496223958333356	4.552460236726026
0.42496223958333357	4.665844749168308
0.4349622395833336	4.779312715463927
0.4449622395833336	4.892860795694288
0.4549622395833336	5.006486017489472
0.4649622395833336	5.120185089195007
0.4749622395833336	5.233955324607642
0.4849622395833336	5.347793732614049
0.49496223958333363	5.46169757988429
0.5049622395833336	5.575664363882899
0.5149622395833336	5.689691538564008
0.5249622395833337	5.803776590980937
0.5349622395833337	5.917917371335403
0.5449622395833337	6.032111510903606
0.5549622395833337	6.146356827746173
0.5649622395833337	6.260651496028339
0.5749622395833337	6.3749933311574205
0.5849622395833337	6.489380689950138
0.5949622395833337	6.603811744153514
0.6049622395833337	6.718284932359459
0.6149622395833337	6.832798612060688
0.6249622395833337	6.947351467019312
0.6349622395833338	7.061942080312732
0.6449622395833338	7.176569348359158
0.6549622395833338	7.291232089066407
0.6649622395833338	7.4059292369676974
0.6749622395833338	7.520659907876901
0.6849622395833338	7.635423246897623
0.6949622395833338	7.750218609572413
0.7049622395833338	7.865045429846866
0.7149622395833338	7.9799032766676365
0.7249622395833338	8.094791739403814
0.7349622395833338	8.20971071810958
0.7449622395833339	8.324660130374243
0.7549622395833339	8.439640065739967
0.7649622395833339	8.554650574517606
0.7749622395833339	8.669691763993107
0.7849622395833339	8.784764232534963
0.7949622395833339	8.899869070346863
0.8049622395833339	9.015006194959554
0.8149622395833339	9.130176420800371
0.8249622395833339	9.245380698384128
0.8349622395833339	9.360620156650231
0.8449622395833339	9.475895857003465
0.854962239583334	9.591209157513255
0.864962239583334	9.706561450056222
0.874962239583334	9.821954543360137
0.884962239583334	9.937390078161533
0.894962239583334	10.052870070639361
0.904962239583334	10.168396671125931
0.914962239583334	10.283972168453351
0.924962239583334	10.39959909744145
0.934962239583334	10.51527962694108
0.944962239583334	10.631016497363957
0.954962239583334	10.746812564696283
0.964962239583334	10.862670832542106
0.9749622395833341	10.978594513929906
0.9849622395833341	11.09458705634875
0.9949622395833341	11.210651682591799
1.004962239583334	11.326791852704721
1.014962239583334	11.443011511203864
1.024962239583334	11.559314576985063
1.034962239583334	11.675705008982082
1.044962239583334	11.7921870031806
1.054962239583334	11.908765055747441
1.064962239583334	12.025443475527439
1.074962239583334	12.142226992849583
1.084962239583334	12.259120403911108
1.094962239583334	12.376128550709524
1.104962239583334	12.493256472339409
1.114962239583334	12.610509286856093
1.124962239583334	12.727669058517904
1.134962239583334	12.845106777488528
1.144962239583334	12.9625444990437
1.154962239583334	13.079982223183023
1.1649622395833341	13.197419949906745
1.1749622395833341	13.314857679214938
1.1849622395833341	13.432295411107418
1.1949622395833341	13.549733145584325
1.2049622395833341	13.66717088264549
1.2149622395833342	13.784608622291032
1.2249622395833342	13.902046364520915
1.2349622395833342	14.019484109335195
1.2449622395833342	14.136921856733816
1.2549622395833342	14.254359606716843
1.2649622395833342	14.371797359284288
1.2749622395833342	14.489235114435916
1.2849622395833342	14.606672872172112
1.2949622395833342	14.724110632492433
1.3049622395833342	14.84154839539725
1.3149622395833342	14.95898616088639
1.3249622395833343	15.07642392895992
1.3349622395833343	15.193861699617816
1.3449622395833343	15.311299472860085
1.3549622395833343	15.428737248686575
1.3649622395833343	15.546175027097599
1.3749622395833343	15.663612808092864
1.3849622395833343	15.781050591672555
1.3949622395833343	15.898488377836586
1.4049622395833343	16.015926166584936
1.4149622395833343	16.133363957917716
1.4249622395833343	16.250801751834835
1.4349622395833344	16.36823954833634
1.4449622395833344	16.485677347422076
1.4549622395833344	16.6031151490923
1.4649622395833344	16.72055295334684
1.4749622395833344	16.837990760185757
1.4849622395833344	16.95542856960904
1.4949622395833344	17.07286638161663
1.5049622395833344	17.190304196208658
1.5149622395833344	17.30774201338497
1.5249622395833344	17.425179833145695
1.5349622395833344	17.54261765549074
1.5449622395833345	17.66005548042016
1.5549622395833345	17.777493307933938
1.5649622395833345	17.89493113803204
1.5749622395833345	18.012368970714586
1.5849622395833345	18.129806805981424
1.5949622395833345	18.24724464383271
1.6049622395833345	18.364682484268247
1.6149622395833345	18.482120327288197
1.6249622395833345	18.599558172892436
1.6349622395833345	18.716996021081215
1.6449622395833345	18.834433871854174
1.6549622395833345	18.95187172521155
1.6649622395833346	19.069309581153256
1.6749622395833346	19.186747439679383
1.6849622395833346	19.304185300789868
1.6949622395833346	19.421623164484682
1.7049622395833346	19.53906103076391
1.7149622395833346	19.656498899627376
1.7249622395833346	19.773936771075387
1.7349622395833346	19.891374645107536
1.7449622395833346	20.0088125217243
1.7549622395833346	20.12625040092517
1.7649622395833346	20.243688282710544
1.7749622395833347	20.36112616708019
1.7849622395833347	20.478564054034383
1.7949622395833347	20.59600194357278
1.8049622395833347	20.71343983569558
1.8149622395833347	20.830877730402676
1.8249622395833347	20.94831562769421
1.8349622395833347	21.06575352757012
1.8449622395833347	21.183191430030288
1.8549622395833347	21.30062933507497
1.8649622395833347	21.418067242703916
1.8749622395833347	21.535505152917267
1.8849622395833348	21.652943065714958
1.8949622395833348	21.770380981096878
1.9049622395833348	21.887818899063397
1.9149622395833348	22.005256819614107
1.9249622395833348	22.122694742749264
1.9349622395833348	22.240132668468625
1.9449622395833348	22.357570596772497
1.9549622395833348	22.475008527660677
1.9649622395833348	22.59244646113336
1.9749622395833348	22.7098843971903
1.9849622395833348	22.827322335831536
1.9949622395833349	22.944760277057306
2.004962239583335	23.06219822086721
2.0149622395833346	23.179636167261698
2.0249622395833344	23.29707411624044
2.034962239583334	23.414512067803475
2.044962239583334	23.531950021950912
2.054962239583334	23.64938797868289
2.0649622395833336	23.76682593799902
2.0749622395833334	23.884263899899544
2.084962239583333	24.001701864384472
2.094962239583333	24.11913983145369
2.1049622395833327	24.236577801107305
2.1149622395833325	24.354015773345303
2.1249622395833323	24.471453748167725
2.134962239583332	24.588891725574385
2.144962239583332	24.70633013240191
2.1549622395833317	24.823768116202384
2.1649622395833314	24.941206101197107
2.1749622395833312	25.058644087385137
2.184962239583331	25.17608207476721
2.194962239583331	25.293520063342868
2.2049622395833306	25.41095805311211
2.2149622395833304	25.528396044074537
2.22496223958333	25.645834036230298
2.23496223958333	25.7632720918738
2.2449622395833297	25.880710085825733
2.2549622395833295	25.99814807977758
2.2649622395833293	26.115586073729478
2.274962239583329	26.23302406768134
2.284962239583329	26.350462061633216
2.2949622395833287	26.46790005558514
2.3049622395833285	26.58533804953706
2.3149622395833283	26.702776043489077
2.324962239583328	26.820214037440902
2.334962239583328	26.937652031392677
2.3449622395833276	27.05509002534476
2.3549622395833274	27.172528019296546
2.364962239583327	27.28996601324844
2.374962239583327	27.407404007200334
2.3849622395833268	27.524842001152198
2.3949622395833265	27.64227999510407
2.4049622395833263	27.75971798905584
2.414962239583326	27.877155983007906
2.424962239583326	27.99459397695971
2.4349622395833257	28.112031970911644
2.4449622395833255	28.229469964863668
2.4549622395833253	28.34690795881549
2.464962239583325	28.464345952767477
2.474962239583325	28.581783946719092
2.4849622395833246	28.69922194067107
2.4949622395833244	28.816659934623072
2.504962239583324	28.934097928574797
2.514962239583324	29.051535922526767
2.5249622395833238	29.168973916478798
2.5349622395833236	29.286411910430633
2.5449622395833233	29.403849904382476
2.554962239583323	29.52128789833422
2.564962239583323	29.63872589228621
2.5749622395833227	29.756163886238156
2.5849622395833225	29.873601880190158
2.5949622395833223	29.991039874141972
2.604962239583322	30.108477868093782
2.614962239583322	30.22591586204585
2.6249622395833216	30.343353855997716
2.6349622395833214	30.460791849949562
2.644962239583321	30.5782298439015
2.654962239583321	30.695667837853208
2.664962239583321	30.813105831805235
2.6749622395833206	30.930543825757088
2.6849622395833204	31.047981819709044
2.69496223958332	31.165419813660908
2.70496223958332	31.282857807612814
2.7149622395833197	31.400295801564678
2.7249622395833195	31.517733795516598
2.7349622395833193	31.63517178946844
2.744962239583319	31.752609783420446
2.754962239583319	31.870047777372083
2.7649622395833187	31.987485771324124
2.7749622395833184	32.10492376527598
2.7849622395833182	32.22236175922791
2.794962239583318	32.33979975317991
2.804962239583318	32.457237747131785
2.8149622395833176	32.574675741083645
2.8249622395833174	32.69211373503547
2.834962239583317	32.80955172898757
2.844962239583317	32.92698972293932
2.8549622395833167	33.04442771689117
2.8649622395833165	33.16186571084297
2.8749622395833163	33.27930370479497
2.884962239583316	33.39674169874689
2.894962239583316	33.514179692698804
2.9049622395833157	33.63161768665055
2.9149622395833155	33.74905568060254
2.9249622395833152	33.866493674554405
2.934962239583315	33.98393166850631
2.944962239583315	34.10136966245825
2.9549622395833146	34.21880765641016
2.9649622395833144	34.336245650362095
2.974962239583314	34.45368364431381
2.984962239583314	34.57112163826593
2.9949622395833138	34.68855963221761
3.0049622395833135	34.80599762616959
3.0149622395833133	34.923435620121474
3.024962239583313	35.04087361407327
3.034962239583313	35.15831160802512
3.0449622395833127	35.27574960197703
3.0549622395833125	35.39318759592882
3.0649622395833123	35.51062558988098
3.074962239583312	35.628063583832756
3.084962239583312	35.74550157778468
3.0949622395833116	35.86293957173659
3.1049622395833114	35.9803775656884
3.114962239583311	36.0978155596403
3.124962239583311	36.21525355359236
3.1349622395833108	36.332691547544144
3.1449622395833106	36.450129541496096
3.1549622395833103	36.567567535447914
3.16496223958331	36.6850055293998
3.17496223958331	36.8024435233516
3.1849622395833097	36.9198815173035
3.1949622395833095	37.03731951125545
3.2049622395833093	37.154757505207435
3.214962239583309	37.272195499159224
3.224962239583309	37.38963349311117
3.2349622395833086	37.50707148706308
3.2449622395833084	37.624509481014925
3.254962239583308	37.741947474966835
3.264962239583308	37.8593854689187
3.274962239583308	37.97682346287061
3.2849622395833076	38.09426145682256
3.2949622395833074	38.21169945077438
3.304962239583307	38.3291374447264
3.314962239583307	38.44657543867815
3.3249622395833067	38.564013432629984
3.3349622395833065	38.68145142658184
3.3449622395833063	38.79888942053376
3.354962239583306	38.91632741448578
3.364962239583306	39.0337654084375
3.3749622395833057	39.15120340238945
3.3849622395833054	39.26864139634132
3.3949622395833052	39.386079390293396
3.404962239583305	39.50351738424517
3.414962239583305	39.62095537819704
3.4249622395833046	39.738393372148934
3.4349622395833044	39.855831366100745
3.444962239583304	39.97326936005278
3.454962239583304	40.09070735400469
3.4649622395833037	40.208145347956496
3.4749622395833035	40.32558334190825
3.4849622395833033	40.44302133586026
3.494962239583303	40.5604593298122
3.504962239583303	40.67789732376418
3.5149622395833027	40.795335317716024
3.5249622395833025	40.91277331166792
3.5349622395833022	41.03021130561982
3.544962239583302	41.14764929957158
3.554962239583302	41.265087293523536
3.5649622395833016	41.38252528747545
3.5749622395833014	41.499963281427554
3.584962239583301	41.617401275379315
3.594962239583301	41.73483926933104
3.6049622395833008	41.85227726328288
3.6149622395833005	41.969715257235016
3.6249622395833003	42.08715325118681
3.6349622395833	42.2045912451387
3.6449622395833	42.322029239090654
3.6549622395832997	42.4394672330427
3.6649622395832995	42.556905226994424
3.6749622395832993	42.67434322094604
3.684962239583299	42.791781214897966
3.694962239583299	42.90921920884992
3.7049622395832986	43.026657202801886
3.7149622395832984	43.14409519675382
3.724962239583298	43.261533190705634
3.734962239583298	43.37897118465764
3.7449622395832978	43.49640917860977
3.7549622395832976	43.61384717256136
3.7649622395832973	43.731285166513224
3.774962239583297	43.84872316046511
3.784962239583297	43.96616115441701
3.7949622395832967	44.08359914836884
3.8049622395832965	44.201037142320686
3.8149622395832963	44.318475136272596
3.824962239583296	44.43591313022437
3.834962239583296	44.553351124176544
3.8449622395832956	44.67078911812827
3.8549622395832954	44.78822711208016
3.864962239583295	44.905665106032
3.874962239583295	45.02310309998386
3.884962239583295	45.140541093935994
3.8949622395832946	45.257979087887804
3.9049622395832944	45.375417081839686
3.914962239583294	45.4928550757915
3.924962239583294	45.610293069743506
3.9349622395832937	45.727731063695316
3.9449622395832935	45.84516905764725
3.9549622395832933	45.96260705159923
3.964962239583293	46.08004504555106
3.974962239583293	46.197483039502934
3.9849622395832927	46.314921033454794
3.9949622395832924	46.43235902740656
4.004962239583293	46.54979702135845
4.0149622395832925	46.66723501531056
4.024962239583292	46.78467300926252
4.034962239583292	46.90211100321434
4.044962239583292	47.019548997166154
4.054962239583292	47.13698699111792
4.064962239583291	47.2544249850699
4.074962239583291	47.37186297902193
4.084962239583291	47.48930097297379
4.094962239583291	47.606738966925505
4.1049622395832905	47.72417696087768
4.11496223958329	47.841614954829545
4.12496223958329	47.95905294878126
4.13496223958329	48.0764909427331
4.14496223958329	48.193928936684976
4.1549622395832895	48.31136693063686
4.164962239583289	48.428804924588675
4.174962239583289	48.54624291854064
4.184962239583289	48.663680912492524
4.194962239583289	48.781118906444576
4.204962239583288	48.89855690039632
4.214962239583288	49.01599489434836
4.224962239583288	49.133432888300185
4.234962239583288	49.25087088225191
4.2449622395832876	49.368308876203926
4.254962239583287	49.48574687015575
4.264962239583287	49.603184864107526
4.274962239583287	49.720622858059464
4.284962239583287	49.83806085201155
4.2949622395832865	49.9554988459631
4.304962239583286	50.072936839915364
4.314962239583286	50.190374833867196
4.324962239583286	50.30781282781907
4.334962239583286	50.42525082177088
4.344962239583285	50.542688815722684
4.354962239583285	50.66012680967462
4.364962239583285	50.77756480362662
4.374962239583285	50.8950027975783
4.384962239583285	51.01244079153041
4.394962239583284	51.12987878548227
4.404962239583284	51.24731677943399
4.414962239583284	51.36475477338603
4.424962239583284	51.482192767337764
4.4349622395832835	51.59963076128973
4.444962239583283	51.7170687552417
4.454962239583283	51.834506749193736
4.464962239583283	51.951944743145255
4.474962239583283	52.06938273709718
4.484962239583282	52.186820731049195
4.494962239583282	52.304258725001134
4.504962239583282	52.42169671895306
4.514962239583282	52.539134712904946
4.524962239583282	52.65657270685677
4.534962239583281	52.7740107008088
4.544962239583281	52.891448694760605
4.554962239583281	53.008886688712614
4.564962239583281	53.12632468266428
4.5749622395832805	53.24376267661607
4.58496223958328	53.361200670568095
4.59496223958328	53.47863866452001
4.60496223958328	53.59607665847173
4.61496223958328	53.71351465242387
4.6249622395832795	53.83095264637555
4.634962239583279	53.94839064032757
4.644962239583279	54.06582863427943
4.654962239583279	54.183266628231124
4.664962239583279	54.300704622183204
4.674962239583278	54.41814261613519
4.684962239583278	54.53558061008715
4.694962239583278	54.653018604038785
4.704962239583278	54.77045659799065
4.7149622395832775	54.88789459194238
4.724962239583277	55.005332585894585
4.734962239583277	55.12277057984637
4.744962239583277	55.24020857379822
4.754962239583277	55.35764656775019
4.7649622395832765	55.47508456170199
4.774962239583276	55.592522555653886
4.784962239583276	55.70996054960559
4.794962239583276	55.827398543557635
4.804962239583276	55.94483653750945
4.814962239583275	56.06227453146141
4.824962239583275	56.17971252541339
4.834962239583275	56.2971505193652
4.844962239583275	56.414588513317064
4.8549622395832746	56.53202650726888
4.864962239583274	56.64946450122083
4.874962239583274	56.76690249517244
4.884962239583274	56.88434048912468
4.894962239583274	57.00177848307662
4.9049622395832735	57.119216477028274
4.914962239583273	57.236654470980284
4.924962239583273	57.35409246493215
4.934962239583273	57.47153045888402
4.944962239583273	57.588968452835914
4.954962239583272	57.706406446787845
4.964962239583272	57.823844440739855
4.974962239583272	57.941282434691544
4.984962239583272	58.05872042864357
4.994962239583272	58.17615842259525
5.004962239583271	58.29359641654726
5.014962239583271	58.411034410498864
5.024962239583271	58.52847240445122
5.034962239583271	58.64591039840294
5.0449622395832705	58.763348392354686
5.05496223958327	58.88078638630668
5.06496223958327	58.99822438025862
5.07496223958327	59.115662374210515
5.08496223958327	59.23310036816233
5.094962239583269	59.350538362113994
5.104962239583269	59.46797635606593
5.114962239583269	59.58541435001797
5.124962239583269	59.70285234396992
5.134962239583269	59.820290337922025
5.144962239583268	59.93772833187337
5.154962239583268	60.05516632582534
5.164962239583268	60.17260431977746
5.174962239583268	60.290042313729316
5.1849622395832675	60.40748030768137
5.194962239583267	60.52491830163293
5.204962239583267	60.642356295584854
5.214962239583267	60.7597942895367
5.224962239583267	60.87723228348862
5.2349622395832665	60.99467027744085
5.244962239583266	61.112108271392465
5.254962239583266	61.229546265344354
5.264962239583266	61.34698425929614
5.274962239583266	61.46442225324803
5.284962239583265	61.5818602471999
5.294962239583265	61.69929824115178
5.304962239583265	61.81673623510362
5.314962239583265	61.934174229055714
5.3249622395832645	62.051612223007545
5.334962239583264	62.16905021695942
5.344962239583264	62.2864882109111
5.354962239583264	62.40392620486339
5.364962239583264	62.521364198815
5.3749622395832635	62.63880219276668
5.384962239583263	62.75624018671878
5.394962239583263	62.873678180670815
5.404962239583263	62.99111617462252
5.414962239583263	63.10855416857447
5.424962239583262	63.22599216252639
5.434962239583262	63.3434301564782
5.444962239583262	63.46086815043024
5.454962239583262	63.57830614438187
5.4649622395832615	63.69574413833382
5.474962239583261	63.81318213228591
5.484962239583261	63.9306201262375
5.494962239583261	64.04805812018961
5.504962239583261	64.16549611414153
5.5149622395832605	64.2829341080933
5.52496223958326	64.40037210204514
5.53496223958326	64.51781009599677
5.54496223958326	64.63524808994906
5.55496223958326	64.7526860839011
5.564962239583259	64.87012407785286
5.574962239583259	64.98756207180452
5.584962239583259	65.10500006575673
5.594962239583259	65.22243805970825
5.604962239583259	65.33987605366038
5.614962239583258	65.45731404761226
5.624962239583258	65.57475204156384
5.634962239583258	65.69219003551589
5.644962239583258	65.80962802946772
5.6549622395832575	65.92706602341964
5.664962239583257	66.04450401737152
5.674962239583257	66.16194201132348
5.684962239583257	66.27938000527533
5.694962239583257	66.39681799922698
5.704962239583256	66.51425599317932
5.714962239583256	66.63169398713116
5.724962239583256	66.74913198108291
5.734962239583256	66.86656997503489
5.744962239583256	66.9840079689866
5.754962239583255	67.1014459629383
5.764962239583255	67.21888395689054
5.774962239583255	67.33632195084229
5.784962239583255	67.45375994479414
5.7949622395832545	67.57119793874608
5.804962239583254	67.68863593269802
5.814962239583254	67.80607392664992
5.824962239583254	67.92351192060192
5.834962239583254	68.04094991455369
5.8449622395832534	68.1583879085051
5.854962239583253	68.27582590245754
5.864962239583253	68.39326389640932
5.874962239583253	68.51070189036095
5.884962239583253	68.62813988431296
5.894962239583252	68.74557787826491
5.904962239583252	68.86301587221661
5.914962239583252	68.98045386616882
5.924962239583252	69.09789186012058
5.9349622395832515	69.21532985407256
5.944962239583251	69.33276784802402
5.954962239583251	69.45020584197616
5.964962239583251	69.56764383592784
5.974962239583251	69.68508182987988
5.9849622395832505	69.80251982383153
5.99496223958325	69.91995781778363
6.00496223958325	70.03739581173558
6.01496223958325	70.15483380568718
6.02496223958325	70.27227179963944
6.034962239583249	70.38970979359094
6.044962239583249	70.50714778754295
6.054962239583249	70.62458578149509
6.064962239583249	70.74202377544651
6.0749622395832485	70.85946176939848
6.084962239583248	70.97689976335054
6.094962239583248	71.09433775730233
6.104962239583248	71.21177575125422
6.114962239583248	71.32921374520645
6.1249622395832475	71.44665173915809
6.134962239583247	71.56408973311005
6.144962239583247	71.68152772706192
6.154962239583247	71.79896572101373
6.164962239583247	71.91640371496557
6.174962239583246	72.03384170891745
6.184962239583246	72.15127970286957
6.194962239583246	72.26871769682126
6.204962239583246	72.38615569077302
6.214962239583246	72.50359368472489
6.224962239583245	72.62103167867717
6.234962239583245	72.73846967262874
6.244962239583245	72.85590766658083
6.254962239583245	72.97334566053253
6.2649622395832445	73.09078365448467
6.274962239583244	73.20822164843636
6.284962239583244	73.3256596423884
6.294962239583244	73.44309763634006
6.304962239583244	73.56053563029207
6.314962239583243	73.67797362424383
6.324962239583243	73.79541161819571
6.334962239583243	73.91284961214765
6.344962239583243	74.03028760609953
6.354962239583243	74.14772560005116
6.364962239583242	74.26516359400352
6.374962239583242	74.3826015879551
6.384962239583242	74.500039581907
6.394962239583242	74.617477575859
6.4049622395832415	74.73491556981078
6.414962239583241	74.8523535637625
6.424962239583241	74.96979155771467
6.434962239583241	75.08722955166633
6.444962239583241	75.20466754561812
6.4549622395832404	75.32210553957005
6.46496223958324	75.439543533522
6.47496223958324	75.55698152747408
6.48496223958324	75.67441952142588
6.49496223958324	75.79185751537769
6.504962239583239	75.90929550932957
6.514962239583239	76.02673350328156
6.524962239583239	76.14417149723322
6.534962239583239	76.26160949118518
6.5449622395832385	76.37904748513724
6.554962239583238	76.496485479089
6.564962239583238	76.6139234730412
6.574962239583238	76.7313614669927
6.584962239583238	76.84879946094455
6.5949622395832375	76.9662374548967
6.604962239583237	77.08367544884884
6.614962239583237	77.20111344280008
6.624962239583237	77.31855143675237
6.634962239583237	77.43598943070431
6.644962239583236	77.55342742465592
6.654962239583236	77.67086541860803
6.664962239583236	77.7883034125596
6.674962239583236	77.90574140651147
6.6849622395832355	78.02317940046339
6.694962239583235	78.14061739441519
6.704962239583235	78.2580553883671
6.714962239583235	78.37549338231898
6.724962239583235	78.49293137627113
6.7349622395832345	78.61036937022298
6.744962239583234	78.72780736417468
6.754962239583234	78.84524535812648
6.764962239583234	78.96268335207846
6.774962239583234	79.08012134603027
6.784962239583233	79.19755933998216
6.794962239583233	79.31499733393404
6.804962239583233	79.43243532788571
6.814962239583233	79.54987332183802
6.824962239583233	79.66731131578993
6.834962239583232	79.78474930974137
6.844962239583232	79.90218730369344
6.854962239583232	80.01962529764548
6.864962239583232	80.1370632915973
6.8749622395832315	80.2545012855492
6.884962239583231	80.37193927950113
6.894962239583231	80.48937727345306
6.904962239583231	80.60681526740464
6.914962239583231	80.72425326135648
6.92496223958323	80.8416912553085
6.93496223958323	80.95912924926046
6.94496223958323	81.07656724321245
6.95496223958323	81.19400523716392
6.96496223958323	81.31144323111607
6.974962239583229	81.42888122506794
6.984962239583229	81.54631921902012
6.994962239583229	81.66375721297177
7.004962239583229	81.7811952069235
7.0149622395832285	81.89863320087538
7.024962239583228	82.01607119482738
7.034962239583228	82.1335091887792
7.044962239583228	82.250947182731
7.054962239583228	82.36838517668286
7.064962239583227	82.48582317063479
7.074962239583227	82.60326116458695
7.084962239583227	82.7206991585388
7.094962239583227	82.83813715249065
7.104962239583227	82.95557514644211
7.114962239583226	83.07301314039395
7.124962239583226	83.19045113434616
7.134962239583226	83.30788912829803
7.144962239583226	83.42532712225002
7.1549622395832255	83.54276511620175
7.164962239583225	83.66020311015356
7.174962239583225	83.77764110410533
7.184962239583225	83.8950790980573
7.194962239583225	84.0125170920093
7.2049622395832245	84.12995508596092
7.214962239583224	84.24739307991301
7.224962239583224	84.36483107386488
7.234962239583224	84.4822690678167
7.244962239583224	84.59970706176857
7.254962239583223	84.71714505572065
7.264962239583223	84.8345830496725
7.274962239583223	84.95202104362427
7.284962239583223	85.06945903757591
7.2949622395832225	85.18689703152819
7.304962239583222	85.30433502547992
7.314962239583222	85.42177301943188
7.324962239583222	85.53921101338354
7.334962239583222	85.65664900733542
7.3449622395832215	85.77408700128755
7.354962239583221	85.8915249952395
7.364962239583221	86.00896298919099
7.374962239583221	86.12640098314299
7.384962239583221	86.2438389770948
7.39496223958322	86.36127697104705
7.40496223958322	86.47871496499886
7.41496223958322	86.59615295895038
7.42496223958322	86.71359095290249
7.43496223958322	86.83102894685447
7.444962239583219	86.94846694080626
7.454962239583219	87.06590493475818
7.464962239583219	87.18334292871005
7.474962239583219	87.30078092266156
7.4849622395832185	87.41821891661375
7.494962239583218	87.53565691056585
7.504962239583218	87.65309490451743
7.514962239583218	87.77053289846944
7.524962239583218	87.8879708924212
7.534962239583217	88.00540888637302
7.544962239583217	88.12284688032501
7.554962239583217	88.24028487427712
7.564962239583217	88.35772286822845
7.574962239583217	88.47516086218057
7.584962239583216	88.59259885613228
7.594962239583216	88.71003685008432
7.604962239583216	88.82747484403606
7.614962239583216	88.94491283798808
7.6249622395832155	89.06235083193992
7.634962239583215	89.1797888258917
7.644962239583215	89.29722681984359
7.654962239583215	89.4146648137956
7.664962239583215	89.53210280774753
7.674962239583214	89.6495408016995
7.684962239583214	89.76697879565153
7.694962239583214	89.8844167896034
7.704962239583214	90.00185478355506
7.714962239583214	90.11929277750683
7.724962239583213	90.23673077145853
7.734962239583213	90.35416876541073
7.744962239583213	90.47160675936261
7.754962239583213	90.58904475331431
7.7649622395832125	90.70648274726655
7.774962239583212	90.82392074121829
7.784962239583212	90.94135873517001
7.794962239583212	91.05879672912201
7.804962239583212	91.17623472307403
7.8149622395832115	91.29367271702561
7.824962239583211	91.41111071097791
7.834962239583211	91.52854870492914
7.844962239583211	91.64598669888126
7.854962239583211	91.76342469283306
7.86496223958321	91.8808626867851
7.87496223958321	91.9983006807367
7.88496223958321	92.1157386746892
7.89496223958321	92.23317666864105
7.9049622395832095	92.35061466259289
7.914962239583209	92.46805265654444
7.924962239583209	92.58549065049618
7.934962239583209	92.70292864444804
7.944962239583209	92.82036838866726
7.9549622395832085	92.93780638499109
7.964962239583208	93.05524438131485
7.974962239583208	93.1726823776387
7.984962239583208	93.29012037396235
7.994962239583208	93.40755837028648
8.004962239583207	93.52499636661044
8.014962239583207	93.64243436293422
8.024962239583207	93.75987235925774
8.034962239583207	93.87731035558235
8.044962239583207	93.99474835190541
8.054962239583206	94.11218634822961
8.064962239583206	94.22962434455367
8.074962239583206	94.3470623408775
8.084962239583206	94.46450033720153
8.094962239583205	94.58193833352541
8.104962239583205	94.69937632984926
8.114962239583205	94.81681432617282
8.124962239583205	94.93425232249666
8.134962239583205	95.05169031882075
8.144962239583204	95.16912831514476
8.154962239583204	95.28656631146883
8.164962239583204	95.40400430779232
8.174962239583204	95.52144230411623
8.184962239583204	95.63888030044018
8.194962239583203	95.75631829676415
8.204962239583203	95.87375629308768
8.214962239583203	95.99119428941188
8.224962239583203	96.10863228573567
8.234962239583203	96.22607028205907
8.244962239583202	96.34350827838287
8.254962239583202	96.4609462747073
8.264962239583202	96.57838427103155
8.274962239583202	96.69582226735525
8.284962239583201	96.81326026367897
8.294962239583201	96.93069826000249
8.304962239583201	97.0481362563265
8.3149622395832	97.1655742526505
8.3249622395832	97.28301224897506
8.3349622395832	97.40045024529871
8.3449622395832	97.51788824162232
8.3549622395832	97.63532623794629
8.3649622395832	97.75276423427037
8.3749622395832	97.87020223059366
8.3849622395832	97.98764022691795
8.394962239583199	98.10507822324207
8.404962239583199	98.22251621956583
8.414962239583199	98.3399542158895
8.424962239583198	98.45739221221316
8.434962239583198	98.5748302085369
8.444962239583198	98.69226820486088
8.454962239583198	98.80970620118485
8.464962239583198	98.92714419750882
8.474962239583197	99.04458219383237
8.484962239583197	99.16202019015664
8.494962239583197	99.27945818648038
8.504962239583197	99.39689618280433
8.514962239583197	99.51433417912831
8.524962239583196	99.63177217545213
8.534962239583196	99.74921017177586
8.544962239583196	99.86664816810034
8.554962239583196	99.98408616442367
8.564962239583195	100.10152416074752
8.574962239583195	100.21896215707167
8.584962239583195	100.33640015339518
8.594962239583195	100.45383814971933
8.604962239583195	100.57127614604343
8.614962239583194	100.688714142367
8.624962239583194	100.80615213869083
8.634962239583194	100.92359013501526
8.644962239583194	101.04102813133849
8.654962239583194	101.15846612766255
8.664962239583193	101.27590412398648
8.674962239583193	101.39334212031025
8.684962239583193	101.5107801166344
8.694962239583193	101.62821811295828
8.704962239583192	101.7456561092819
8.714962239583192	101.86309410560611
8.724962239583192	101.9805321019298
8.734962239583192	102.09797009825354
8.744962239583192	102.21540809457727
8.754962239583191	102.33284609090128
8.764962239583191	102.4502840872253
8.774962239583191	102.56772208354916
8.78496223958319	102.68516007987307
8.79496223958319	102.80259807619721
8.80496223958319	102.92003607252072
8.81496223958319	103.0374740688446
8.82496223958319	103.15491206516853
8.83496223958319	103.27235006149247
8.84496223958319	103.38978805781652
8.85496223958319	103.50722605414023
8.864962239583189	103.62466405046406
8.874962239583189	103.74210204678795
8.884962239583189	103.85954004311216
8.894962239583188	103.97697803943586
8.904962239583188	104.09441603575999
8.914962239583188	104.21185403208388
8.924962239583188	104.32929202840751
8.934962239583188	104.4467300247315
8.944962239583187	104.56416802105589
8.954962239583187	104.68160601737927
8.964962239583187	104.79904401370351
8.974962239583187	104.91648201002656
8.984962239583187	105.03392000635074
8.994962239583186	105.15135800267443
9.004962239583186	105.26879599899844
9.014962239583186	105.38623399532253
9.024962239583186	105.50367199164661
9.034962239583185	105.62110998797034
9.044962239583185	105.738547984294
9.054962239583185	105.85598598061834
9.064962239583185	105.97342397694226
9.074962239583185	106.0908619732657
9.084962239583184	106.20829996958994
9.094962239583184	106.3257379659132
9.104962239583184	106.44317596223765
9.114962239583184	106.56061395856145
9.124962239583184	106.67805195488525
9.134962239583183	106.79548995120889
9.144962239583183	106.91292794753257
9.154962239583183	107.03036594385682
9.164962239583183	107.14780394018067
9.174962239583182	107.26524193650523
9.184962239583182	107.38267993282828
9.194962239583182	107.50011792915228
9.204962239583182	107.61755592547664
9.214962239583182	107.73499392180005
9.224962239583181	107.85243191812364
9.234962239583181	107.96986991444811
9.244962239583181	108.08730791077194
9.25496223958318	108.2047459070957
9.26496223958318	108.32218390341957
9.27496223958318	108.43962189974336
9.28496223958318	108.55705989606784
9.29496223958318	108.67449789239177
9.30496223958318	108.79193588871506
9.31496223958318	108.90937388503887
9.32496223958318	109.02681188136287
9.334962239583179	109.14424987768736
9.344962239583179	109.26168787401036
9.354962239583179	109.37912587033487
9.364962239583178	109.4965638666586
9.374962239583178	109.61400186298242
9.384962239583178	109.73143985930653
9.394962239583178	109.84887785563025
9.404962239583178	109.96631585195423
9.414962239583177	110.08375384827777
9.424962239583177	110.20119184460165
9.434962239583177	110.318629840926
9.444962239583177	110.43606783724985
9.454962239583176	110.5535058335738
9.464962239583176	110.67094382989758
9.474962239583176	110.78838182622113
9.484962239583176	110.90581982254541
9.494962239583176	111.0232578188689
9.504962239583175	111.14069581519297
9.514962239583175	111.25813381151742
9.524962239583175	111.37557180784067
9.534962239583175	111.49300980416467
9.544962239583175	111.61044783457034
9.554962239583174	111.72788593855934
9.564962239583174	111.84532393611914
9.574962239583174	111.9627619336792
9.584962239583174	112.0801999312385
9.594962239583174	112.19763792879844
9.604962239583173	112.31507592635872
9.614962239583173	112.43251392391726
9.624962239583173	112.54995192147736
9.634962239583173	112.66738991903674
9.644962239583172	112.78482791659701
9.654962239583172	112.90226566883636
9.664962239583172	113.01970366493565
9.674962239583172	113.13714166103505
9.684962239583172	113.25457965713501
9.694962239583171	113.3720176532342
9.704962239583171	113.4894556493334
9.714962239583171	113.60689364543254
9.72496223958317	113.72433164153242
9.73496223958317	113.84176963763147
9.74496223958317	113.95920763373135
9.75496223958317	114.07664562983106
9.76496223958317	114.19408362593036
9.77496223958317	114.31152162202946
9.78496223958317	114.428959618129
9.79496223958317	114.54639761422858
9.804962239583169	114.66383561032805
9.814962239583169	114.78127360642682
9.824962239583169	114.89871148735644
9.834962239583168	115.01614948698465
9.844962239583168	115.13358739863509
9.854962239583168	115.25102539481135
9.864962239583168	115.36846339098778
9.874962239583168	115.48590138716416
9.884962239583167	115.60333938334027
9.894962239583167	115.72077737951685
9.904962239583167	115.8382153756937
9.914962239583167	115.95565337186993
9.924962239583166	116.07309136804663
9.934962239583166	116.19052936422311
9.944962239583166	116.30796736039984
9.954962239583166	116.42540535657517
9.964962239583166	116.54284335275248
9.974962239583165	116.66028134892893
9.984962239583165	116.77771934510528
9.994962239583165	116.89515734128172
10.004962239583165	117.012595337458
10.014962239583165	117.13003333363481
10.024962239583164	117.24747132981123
10.034962239583164	117.36490932598763
10.044962239583164	117.48234732216416
10.054962239583164	117.59978531834076
10.064962239583163	117.71722331451681
10.074962239583163	117.83466131069335
10.084962239583163	117.95209930687005
10.094962239583163	118.06953730304673
10.104962239583163	118.1869752992233
10.114962239583162	118.30441329539947
10.124962239583162	118.42185129157589
10.134962239583162	118.53928928775245
10.144962239583162	118.65672728392879
10.154962239583162	118.77416528010517
10.164962239583161	118.89160327628211
10.174962239583161	119.00904127245836
10.184962239583161	119.1264792686348
10.19496223958316	119.24391726481113
10.20496223958316	119.36135526098771
10.21496223958316	119.47879325716502
10.22496223958316	119.5962312533407
10.23496223958316	119.71366924951721
10.24496223958316	119.83110724569305
10.25496223958316	119.94854524187036
10.26496223958316	120.0659832380465
10.274962239583159	120.18342123422285
10.284962239583159	120.30085923039957
10.294962239583159	120.4182972265757
10.304962239583158	120.5357352227522
10.314962239583158	120.65317321892888
10.324962239583158	120.77061121510567
10.334962239583158	120.8880492112817
10.344962239583158	121.00548720745836
10.354962239583157	121.12292520363465
10.364962239583157	121.24036319981106
10.374962239583157	121.35780119598797
10.384962239583157	121.47523919216381
10.394962239583156	121.59267718834035
10.404962239583156	121.71011518451752
10.414962239583156	121.82755318069329
10.424962239583156	121.94499117687052
10.434962239583156	122.06242917304665
10.444962239583155	122.17986716922267
10.454962239583155	122.29730516539951
10.464962239583155	122.41474316157566
10.474962239583155	122.53218115775198
10.484962239583155	122.64961915392823
10.494962239583154	122.7670571501053
10.504962239583154	122.88449514628202
10.514962239583154	123.00193314245813
10.524962239583154	123.11937113863493
10.534962239583153	123.23680913481145
10.544962239583153	123.3542471309877
10.554962239583153	123.47168512716424
10.564962239583153	123.58912312334054
10.574962239583153	123.70656111951708
10.584962239583152	123.82399911569291
10.594962239583152	123.94143711186953
10.604962239583152	124.05887510804634
10.614962239583152	124.17631310422328
10.624962239583152	124.2937511003996
10.634962239583151	124.41118909657565
10.644962239583151	124.52862709275244
10.654962239583151	124.64606508892884
10.66496223958315	124.76350308510561
10.67496223958315	124.880941045863
10.68496223958315	124.9983789955744
10.69496223958315	125.1158169917735
10.70496223958315	125.23325498797244
10.71496223958315	125.35069298417187
10.72496223958315	125.46813098037114
10.73496223958315	125.58556897657022
10.744962239583149	125.70300697276991
10.754962239583149	125.82044496896945
10.764962239583149	125.93788296516772
10.774962239583148	126.05532096136744
10.784962239583148	126.17275895756637
10.794962239583148	126.2901969537655
10.804962239583148	126.4076349499648
10.814962239583148	126.52507294616443
10.824962239583147	126.64251094236329
10.834962239583147	126.7599489385633
10.844962239583147	126.87738693476176
10.854962239583147	126.99482493096093
10.864962239583146	127.11226292716066
10.874962239583146	127.22970092335918
10.884962239583146	127.3471389195591
10.894962239583146	127.46457691575797
10.904962239583146	127.58201491195744
10.914962239583145	127.69945290815602
10.924962239583145	127.81689090435545
10.934962239583145	127.9343289005556
10.944962239583145	128.05176689675412
10.954962239583145	128.16920489295347
10.964962239583144	128.28664288915255
10.974962239583144	128.40408088535162
10.984962239583144	128.5215188815516
10.994962239583144	128.63895687775
11.004962239583143	128.7563948739501
11.014962239583143	128.8738328701493
11.024962239583143	128.99127086634832
11.034962239583143	129.10870886254733
11.044962239583143	129.22614685874663
11.054962239583142	129.34358485494548
11.064962239583142	129.46102285114483
11.074962239583142	129.57846084734464
11.084962239583142	129.69589884354377
11.094962239583142	129.813336839743
11.104962239583141	129.93077483594215
11.114962239583141	130.04821283214127
11.124962239583141	130.16565082833992
11.13496223958314	130.28308882453973
11.14496223958314	130.40052682073917
11.15496223958314	130.51796481693822
11.16496223958314	130.63350165504932
11.17496223958314	130.7311816519703
11.18496223958314	130.82886164889103
11.19496223958314	130.92654164581256
11.20496223958314	131.02422164273335
11.214962239583139	131.12190163965502
11.224962239583139	131.2195816365759
11.234962239583139	131.31726163349768
11.244962239583138	131.41494163041844
11.254962239583138	131.51262162734028
11.264962239583138	131.61030162426167
11.274962239583138	131.70798162118132
11.284962239583137	131.80566161810322
11.294962239583137	131.9033416150242
11.304962239583137	132.00102161194573
11.314962239583137	132.09870160886666
11.324962239583137	132.19638160578816
11.334962239583136	132.294061602709
11.344962239583136	132.39174159963045
11.354962239583136	132.48942159655073
11.364962239583136	132.5871015934728
11.374962239583136	132.6847815903931
11.384962239583135	132.78246158731503
11.394962239583135	132.88014158423596
11.404962239583135	132.9778215811573
11.414962239583135	133.07550157807884
11.424962239583135	133.17318157499955
11.434962239583134	133.27086157192147
11.444962239583134	133.36854156884212
11.454962239583134	133.46622156576325
11.464962239583134	133.56390148918388
11.474962239583133	133.66158147874012
11.484962239583133	133.75926138406302
11.494962239583133	133.8569413807814
11.504962239583133	133.95462137749945
11.514962239583133	134.05230137421785
11.524962239583132	134.1499813709364
11.534962239583132	134.2476613676539
11.544962239583132	134.34534136437293
11.554962239583132	134.44302136109098
11.564962239583132	134.54070135780984
11.574962239583131	134.63838135452795
11.584962239583131	134.7360613512466
11.59496223958313	134.833741347965
11.60496223958313	134.93142134468246
11.61496223958313	135.0291013414009
11.62496223958313	135.12678133811926
11.63496223958313	135.22446133483808
11.64496223958313	135.3221413315553
11.65496223958313	135.4198213282746
11.66496223958313	135.5175013249927
11.67496223958313	135.61518132171074
11.684962239583129	135.7128613184292
11.694962239583129	135.81054131514637
11.704962239583129	135.90822131186601
11.714962239583128	136.00590130858276
11.724962239583128	136.1035813053023
11.734962239583128	136.20126130202087
11.744962239583128	136.298941298739
11.754962239583127	136.39662129545766
11.764962239583127	136.49430129217538
11.774962239583127	136.59198128889372
11.784962239583127	136.68966128561183
11.794962239583127	136.7873412823294
11.804962239583126	136.88502127904795
11.814962239583126	136.9827012757671
11.824962239583126	137.08038127248548
11.834962239583126	137.17806126920385
11.844962239583126	137.27574126592194
11.854962239583125	137.37342126264005
11.864962239583125	137.47110125935805
11.874962239583125	137.568781256077
11.884962239583125	137.6664612527947
11.894962239583124	137.76414124951344
11.904962239583124	137.86182124623159
11.914962239583124	137.95950124294987
11.924962239583124	138.05718123966884
11.934962239583124	138.15486123638698
11.944962239583123	138.252541233105
11.950000000000001	138.30175388945324
1000011.95	138.30175388945324
