-100000	0
0	0
0.0003333333333333333	0.003261229505172729
0.0008333333333333333	0.008167983033400857
0.0015833333333333333	0.015563801079757108
0.0027083333333333334	0.026734328825448527
0.004395833333333333	0.043624273761806595
0.006927083333333334	0.06916261673270913
0.010723958333333335	0.10777254065144559
0.016419270833333336	0.1661559668402518
0.024962239583333337	0.25448109943677755
0.03496223958333334	0.3587258125678846
0.04496223958333334	0.4637007814767472
0.05496223958333334	0.5692859580622345
0.06496223958333334	0.6754013107696452
0.07496223958333334	0.7819888976816394
0.08496223958333333	0.8890042117627688
0.09496223958333333	0.996411352248237
0.10496223958333332	1.1041809118579706
0.11496223958333332	1.212288132907147
0.12496223958333331	1.3207113236235744
0.1349622395833333	1.4294318400105808
0.14496223958333332	1.5384333755965707
0.15496223958333333	1.647700853176088
0.16496223958333334	1.7572209755199106
0.17496223958333335	1.866981478462179
0.18496223958333335	1.9769711674567867
0.19496223958333336	2.0871794789211213
0.20496223958333337	2.1975970492612737
0.21496223958333338	2.3082150349365125
0.2249622395833334	2.4190249483572512
0.2349622395833334	2.53001884037061
0.2449622395833334	2.6411894173993025
0.2549622395833334	2.7525296554355823
0.2649622395833334	2.8640329136662457
0.27496223958333343	2.975692898277209
0.28496223958333344	3.087503581192284
0.29496223958333345	3.1994591635192817
0.30496223958333346	3.3115541705949534
0.31496223958333347	3.4237834401795073
0.3249622395833335	3.5361417748432062
0.3349622395833335	3.6486243822544693
0.3449622395833335	3.7612266908794014
0.3549622395833335	3.8739442141930533
0.3649622395833335	3.986772517477462
0.3749622395833335	4.099707466281134
0.38496223958333353	4.212745117874998
0.39496223958333354	4.325881441109084
0.40496223958333355	4.43911285290919
0.41496223958333356	4.552435713168763
0.42496223958333357	4.665846455469587
0.4349622395833336	4.779341725218316
0.4449622395833336	4.892918333825342
0.4549622395833336	5.006573111684791
0.4649622395833336	5.120303050192782
0.4749622395833336	5.234105183014609
0.4849622395833336	5.347976703134214
0.49496223958333363	5.461914906097173
0.5049622395833336	5.5759170932679
0.5149622395833336	5.689980818049076
0.5249622395833337	5.8041036406529205
0.5349622395833337	5.918283207167285
0.5449622395833337	6.03251728788305
0.5549622395833337	6.146803692138764
0.5649622395833337	6.261140486502702
0.5749622395833337	6.375525786435164
0.5849622395833337	6.489957629360778
0.5949622395833337	6.604434306249081
0.6049622395833337	6.718954276032699
0.6149622395833337	6.833515815013779
0.6249622395833337	6.948117582274283
0.6349622395833338	7.0627582497348245
0.6449622395833338	7.177436595653347
0.6549622395833338	7.292151445837427
0.6649622395833338	7.406901749736624
0.6749622395833338	7.521686481214797
0.6849622395833338	7.636504884861501
0.6949622395833338	7.751356219980464
0.7049622395833338	7.8662398832044635
0.7149622395833338	7.981155468847641
0.7249622395833338	8.096102638517387
0.7349622395833338	8.211081077125664
0.7449622395833339	8.326090702228932
0.7549622395833339	8.44113149193109
0.7649622395833339	8.556203495347653
0.7749622395833339	8.671306892224825
0.7849622395833339	8.786441977321628
0.7949622395833339	8.90160909628999
0.8049622395833339	9.016808841740529
0.8149622395833339	9.132041934016017
0.8249622395833339	9.247309239116943
0.8349622395833339	9.362611733929802
0.8449622395833339	9.477950438813608
0.854962239583334	9.593326708374336
0.864962239583334	9.708741868209042
0.874962239583334	9.824197501982232
0.884962239583334	9.939695266629451
0.894962239583334	10.055236930730217
0.904962239583334	10.17082444155519
0.914962239583334	10.286460033422054
0.924962239583334	10.402146004778146
0.934962239583334	10.517884494672915
0.944962239583334	10.633678066525997
0.954962239583334	10.749529503837746
0.964962239583334	10.865441530822327
0.9749622395833341	10.981417145852463
0.9849622395833341	11.097459536669767
0.9949622395833341	11.213572117898176
1.004962239583334	11.329758221723754
1.014962239583334	11.446021392767129
1.024962239583334	11.562365047864441
1.034962239583334	11.678792878680836
1.044962239583334	11.795309197677469
1.054962239583334	11.911918222974602
1.064962239583334	12.028624179420351
1.074962239583334	12.145431491874675
1.084962239583334	12.262344822062065
1.094962239583334	12.37936865618775
1.104962239583334	12.496507855490405
1.114962239583334	12.613767382716004
1.124962239583334	12.731021824258342
1.134962239583334	12.848459654847437
1.144962239583334	12.965897487081937
1.154962239583334	13.083335320962107
1.1649622395833341	13.200773156487777
1.1749622395833341	13.318210993659003
1.1849622395833341	13.435648832475994
1.1949622395833341	13.553086672938406
1.2049622395833341	13.670524515046475
1.2149622395833342	13.78796235880028
1.2249622395833342	13.905400204199628
1.2349622395833342	14.022838051244639
1.2449622395833342	14.140275899935327
1.2549622395833342	14.257713750271678
1.2649622395833342	14.375151602253693
1.2749622395833342	14.492589455881284
1.2849622395833342	14.610027311154681
1.2949622395833342	14.727465168073763
1.3049622395833342	14.844903026638628
1.3149622395833342	14.962340886849091
1.3249622395833343	15.07977874870541
1.3349622395833343	15.197216612207354
1.3449622395833343	15.314654477355193
1.3549622395833343	15.43209234414869
1.3649622395833343	15.549530212587937
1.3749622395833343	15.666968082673062
1.3849622395833343	15.784405954403931
1.3949622395833343	15.901843827780638
1.4049622395833343	16.019281702803095
1.4149622395833343	16.13671957947139
1.4249622395833343	16.254157457785585
1.4349622395833344	16.371595337745582
1.4449622395833344	16.489033219351413
1.4549622395833344	16.60647110260312
1.4649622395833344	16.72390898750067
1.4749622395833344	16.84134687404419
1.4849622395833344	16.958784762233513
1.4949622395833344	17.07622265206887
1.5049622395833344	17.19366054354996
1.5149622395833344	17.3110984366772
1.5249622395833344	17.42853633145018
1.5349622395833344	17.545974227869205
1.5449622395833345	17.663412125934133
1.5549622395833345	17.78085002564504
1.5649622395833345	17.89828792700191
1.5749622395833345	18.015725830004744
1.5849622395833345	18.133163734653582
1.5949622395833345	18.250601640948453
1.6049622395833345	18.36803954888934
1.6149622395833345	18.485477458476197
1.6249622395833345	18.602915369709144
1.6349622395833345	18.72035328258811
1.6449622395833345	18.83779119711315
1.6549622395833345	18.955229113284215
1.6649622395833346	19.072667031101382
1.6749622395833346	19.190104950564734
1.6849622395833346	19.307542871674006
1.6949622395833346	19.424980794429448
1.7049622395833346	19.542418718830948
1.7149622395833346	19.659856644878662
1.7249622395833346	19.777294572572565
1.7349622395833346	19.894732501912475
1.7449622395833346	20.01217043289854
1.7549622395833346	20.129608365530853
1.7649622395833346	20.247046299809252
1.7749622395833347	20.364484235734
1.7849622395833347	20.48192217330469
1.7949622395833347	20.599360112521865
1.8049622395833347	20.716798053384984
1.8149622395833347	20.834235995894485
1.8249622395833347	20.951673940050153
1.8349622395833347	21.069111885852166
1.8449622395833347	21.1865498333003
1.8549622395833347	21.303987782394696
1.8649622395833347	21.42142573313545
1.8749622395833347	21.538863685522525
1.8849622395833348	21.65630163955585
1.8949622395833348	21.773739595235423
1.9049622395833348	21.891177552561405
1.9149622395833348	22.00861551153361
1.9249622395833348	22.1260534721522
1.9349622395833348	22.243491434417123
1.9449622395833348	22.360929398328306
1.9549622395833348	22.47836736388598
1.9649622395833348	22.59580533109
1.9749622395833348	22.713243299940224
1.9849622395833348	22.83068127043719
1.9949622395833349	22.948119242580393
2.004962239583335	23.065557216369932
2.0149622395833346	23.182995191805972
2.0249622395833344	23.30043316888849
2.034962239583334	23.417871147617337
2.044962239583334	23.53530912799261
2.054962239583334	23.652747343452486
2.0649622395833336	23.770185328352486
2.0749622395833334	23.887623314573535
2.084962239583333	24.005061302115454
2.094962239583333	24.12249929097811
2.1049622395833327	24.239937281161378
2.1149622395833325	24.35737527266515
2.1249622395833323	24.474813265489153
2.134962239583332	24.59225125963356
2.144962239583332	24.709689287488573
2.1549622395833317	24.827127283197136
2.1649622395833314	24.94456527890572
2.1749622395833312	25.06200327461421
2.184962239583331	25.17944127032275
2.194962239583331	25.296879266031404
2.2049622395833306	25.414317261739917
2.2149622395833304	25.531755257448527
2.22496223958333	25.64919325315703
2.23496223958333	25.766631248865593
2.2449622395833297	25.88406924457417
2.2549622395833295	26.00150724028268
2.2649622395833293	26.11894523599117
2.274962239583329	26.23638323169972
2.284962239583329	26.35382122740834
2.2949622395833287	26.471259223116927
2.3049622395833285	26.588697218825548
2.3149622395833283	26.70613521453402
2.324962239583328	26.823573210242596
2.334962239583328	26.941011205951032
2.3449622395833276	27.058449201659755
2.3549622395833274	27.17588719736829
2.364962239583327	27.293325193076775
2.374962239583327	27.410763188785307
2.3849622395833268	27.528201184493756
2.3949622395833265	27.64563918020239
2.4049622395833263	27.763077175911068
2.414962239583326	27.88051517161949
2.424962239583326	27.99795316732796
2.4349622395833257	28.115391163036538
2.4449622395833255	28.232829158745243
2.4549622395833253	28.350267154453608
2.464962239583325	28.467705150162356
2.474962239583325	28.58514314587079
2.4849622395833246	28.702581141579383
2.4949622395833244	28.820019137287908
2.504962239583324	28.937457132996492
2.514962239583324	29.05489512870494
2.5249622395833238	29.17233312441361
2.5349622395833236	29.289771120122108
2.5449622395833233	29.407209115830717
2.554962239583323	29.524647111539334
2.564962239583323	29.642085107247727
2.5749622395833227	29.75952310295624
2.5849622395833225	29.876961098664847
2.5949622395833223	29.994399094373506
2.604962239583322	30.111837090081917
2.614962239583322	30.229275085790512
2.6249622395833216	30.346713081498986
2.6349622395833214	30.464151077207667
2.644962239583321	30.581589072916184
2.654962239583321	30.699027068624634
2.664962239583321	30.8164650643333
2.6749622395833206	30.93390306004192
2.6849622395833204	31.051341055750395
2.69496223958332	31.16877905145895
2.70496223958332	31.286217047167558
2.7149622395833197	31.40365504287605
2.7249622395833195	31.521093038584677
2.7349622395833193	31.638531034293017
2.744962239583319	31.75596903000172
2.754962239583319	31.873407025710403
2.7649622395833187	31.990845021418906
2.7749622395833184	32.10828301712732
2.7849622395833182	32.22572101283584
2.794962239583318	32.343159008544596
2.804962239583318	32.46059700425299
2.8149622395833176	32.5780349999615
2.8249622395833174	32.69547299567012
2.834962239583317	32.81291099137861
2.844962239583317	32.93034898708729
2.8549622395833167	33.047786982795756
2.8649622395833165	33.165224978504256
2.8749622395833163	33.282662974212734
2.884962239583316	33.400100969921475
2.894962239583316	33.517538965629896
2.9049622395833157	33.634976961338374
2.9149622395833155	33.752414957047
2.9249622395833152	33.869852952755636
2.934962239583315	33.987290948464114
2.944962239583315	34.10472894417272
2.9549622395833146	34.22216693988129
2.9649622395833144	34.33960493558993
2.974962239583314	34.457042931298425
2.984962239583314	34.574480927006995
2.9949622395833138	34.691918922715516
3.0049622395833135	34.80935691842409
3.0149622395833133	34.926794914132614
3.024962239583313	35.044232909841114
3.034962239583313	35.16167090554974
3.0449622395833127	35.27910890125819
3.0549622395833125	35.39654689696679
3.0649622395833123	35.5139848926753
3.074962239583312	35.6314228883839
3.084962239583312	35.74886088409236
3.0949622395833116	35.866298879800944
3.1049622395833114	35.983736875509365
3.114962239583311	36.10117487121797
3.124962239583311	36.21861286692665
3.1349622395833108	36.33605086263512
3.1449622395833106	36.453488858343796
3.1549622395833103	36.57092685405226
3.16496223958331	36.6883648497608
3.17496223958331	36.80580284546936
3.1849622395833097	36.92324084117788
3.1949622395833095	37.04067883688641
3.2049622395833093	37.15811683259512
3.214962239583309	37.27555482830351
3.224962239583309	37.39299282401209
3.2349622395833086	37.510430819720675
3.2449622395833084	37.62786881542926
3.254962239583308	37.745306811137795
3.264962239583308	37.862744806846315
3.274962239583308	37.980182802554985
3.2849622395833076	38.097620798263485
3.2949622395833074	38.215058793971934
3.304962239583307	38.3324967896807
3.314962239583307	38.449934785388876
3.3249622395833067	38.56737278109762
3.3349622395833065	38.68481077680618
3.3449622395833063	38.80224877251458
3.354962239583306	38.91968676822335
3.364962239583306	39.037124763931786
3.3749622395833057	39.15456275964027
3.3849622395833054	39.27200075534884
3.3949622395833052	39.38943875105735
3.404962239583305	39.50687674676596
3.414962239583305	39.62431474247455
3.4249622395833046	39.74175273818305
3.4349622395833044	39.85919073389171
3.444962239583304	39.976628729600115
3.454962239583304	40.0940667253087
3.4649622395833037	40.21150472101724
3.4749622395833035	40.32894271672578
3.4849622395833033	40.44638071243438
3.494962239583303	40.563818708142975
3.504962239583303	40.68125670385145
3.5149622395833027	40.79869469955993
3.5249622395833025	40.916132695268736
3.5349622395833022	41.03357069097713
3.544962239583302	41.15100868668576
3.554962239583302	41.26844668239424
3.5649622395833016	41.38588467810276
3.5749622395833014	41.50332267381131
3.584962239583301	41.620760669519846
3.594962239583301	41.738198665228396
3.6049622395833008	41.855636660937
3.6149622395833005	41.973074656645544
3.6249622395833003	42.09051265235404
3.6349622395833	42.20795064806269
3.6449622395833	42.325388643771056
3.6549622395832997	42.44282663947982
3.6649622395832995	42.560264635188275
3.6749622395832993	42.67770263089674
3.684962239583299	42.79514062660553
3.694962239583299	42.91257862231379
3.7049622395832986	43.03001661802236
3.7149622395832984	43.14745461373108
3.724962239583298	43.26489260943947
3.734962239583298	43.382330605148034
3.7449622395832978	43.49976860085664
3.7549622395832976	43.617206596565175
3.7649622395832973	43.734644592273746
3.774962239583297	43.852082587982274
3.784962239583297	43.969520583690915
3.7949622395832967	44.08695857939939
3.8049622395832965	44.2043965751081
3.8149622395832963	44.32183457081647
3.824962239583296	44.439272566525105
3.834962239583296	44.55671056223343
3.8449622395832956	44.67414855794218
3.8549622395832954	44.79158655365059
3.864962239583295	44.90902454935921
3.874962239583295	45.026462545067794
3.884962239583295	45.143900540776265
3.8949622395832946	45.261338536484956
3.9049622395832944	45.37877653219326
3.914962239583294	45.49621452790201
3.924962239583294	45.613652523610476
3.9349622395832937	45.73109051931913
3.9449622395832935	45.848528515027645
3.9549622395832933	45.96596651073632
3.964962239583293	46.08340450644475
3.974962239583293	46.200842502153186
3.9849622395832927	46.318280497861736
3.9949622395832924	46.43571849357028
4.004962239583293	46.55315648927893
4.0149622395832925	46.670594484987575
4.024962239583292	46.78803248069591
4.034962239583292	46.90547047640439
4.044962239583292	47.02290847211311
4.054962239583292	47.14034646782174
4.064962239583291	47.25778446353027
4.074962239583291	47.37522245923891
4.084962239583291	47.49266045494738
4.094962239583291	47.610098450655805
4.1049622395832905	47.72753644636448
4.11496223958329	47.84497444207301
4.12496223958329	47.96241243778142
4.13496223958329	48.079850433489945
4.14496223958329	48.197288429198615
4.1549622395832895	48.31472642490711
4.164962239583289	48.432164420615564
4.174962239583289	48.54960241632418
4.184962239583289	48.66704041203285
4.194962239583289	48.78447840774146
4.204962239583288	48.90191640344988
4.214962239583288	49.01935439915828
4.224962239583288	49.136792394866816
4.234962239583288	49.25423039057554
4.2449622395832876	49.37166838628398
4.254962239583287	49.48910638199268
4.264962239583287	49.60654437770109
4.274962239583287	49.72398237340968
4.284962239583287	49.84142036911833
4.2949622395832865	49.95885836482668
4.304962239583286	50.07629636053535
4.314962239583286	50.19373435624378
4.324962239583286	50.31117235195224
4.334962239583286	50.42861034766094
4.344962239583285	50.54604834336951
4.354962239583285	50.663486339078105
4.364962239583285	50.780924334786604
4.374962239583285	50.89836233049526
4.384962239583285	51.0158003262036
4.394962239583284	51.13323832191208
4.404962239583284	51.250676317620794
4.414962239583284	51.36811431332925
4.424962239583284	51.485552309037814
4.4349622395832835	51.60299030474632
4.444962239583283	51.72042830045497
4.454962239583283	51.837866296163355
4.464962239583283	51.95530429187207
4.474962239583283	52.07274228758071
4.484962239583282	52.19018028328898
4.494962239583282	52.30761827899768
4.504962239583282	52.42505627470614
4.514962239583282	52.542494270414814
4.524962239583282	52.65993226612328
4.534962239583281	52.77737026183185
4.544962239583281	52.8948082575403
4.554962239583281	53.01224625324889
4.564962239583281	53.129684248957425
4.5749622395832805	53.24712224466603
4.58496223958328	53.36456024037453
4.59496223958328	53.481998236083015
4.60496223958328	53.59943623179163
4.61496223958328	53.716874227500014
4.6249622395832795	53.83431222320863
4.634962239583279	53.95175021891725
4.644962239583279	54.06918821462603
4.654962239583279	54.18662621033446
4.664962239583279	54.304064206042966
4.674962239583278	54.42150220175171
4.684962239583278	54.53894019745978
4.694962239583278	54.65637819316876
4.704962239583278	54.77381618887705
4.7149622395832775	54.89125418458579
4.724962239583277	55.00869218029416
4.734962239583277	55.12613017600284
4.744962239583277	55.243568171711416
4.754962239583277	55.36100616741974
4.7649622395832765	55.47844416312843
4.774962239583276	55.59588215883691
4.784962239583276	55.71332015454553
4.794962239583276	55.830758150254006
4.804962239583276	55.94819614596267
4.814962239583275	56.06563414167126
4.824962239583275	56.18307213737979
4.834962239583275	56.30051013308818
4.844962239583275	56.41794812879694
4.8549622395832746	56.53538612450542
4.864962239583274	56.65282412021387
4.874962239583274	56.77026211592224
4.884962239583274	56.887700111630934
4.894962239583274	57.00513810733948
4.9049622395832735	57.12257610304812
4.914962239583273	57.24001409875656
4.924962239583273	57.35745209446532
4.934962239583273	57.47489009017358
4.944962239583273	57.592328085882464
4.954962239583272	57.70976608159078
4.964962239583272	57.82720407729919
4.974962239583272	57.944642073007934
4.984962239583272	58.06208006871637
4.994962239583272	58.179518064425054
5.004962239583271	58.296956060133475
5.014962239583271	58.41439405584197
5.024962239583271	58.53183205155051
5.034962239583271	58.649270047259115
5.0449622395832705	58.766708042967686
5.05496223958327	58.88414603867634
5.06496223958327	59.00158403438486
5.07496223958327	59.11902203009326
5.08496223958327	59.23646002580197
5.094962239583269	59.353898021510375
5.104962239583269	59.47133601721891
5.114962239583269	59.588774012927466
5.124962239583269	59.70621200863612
5.134962239583269	59.82365000434452
5.144962239583268	59.94108800005324
5.154962239583268	60.05852599576149
5.164962239583268	60.17596399147018
5.174962239583268	60.293401987178754
5.1849622395832675	60.410839982887374
5.194962239583267	60.528277978595845
5.204962239583267	60.64571597430426
5.214962239583267	60.76315397001295
5.224962239583267	60.88059196572167
5.2349622395832665	60.99802996143019
5.244962239583266	61.11546795713853
5.254962239583266	61.232905952847176
5.264962239583266	61.350343948555434
5.274962239583266	61.46778194426425
5.284962239583265	61.58521993997281
5.294962239583265	61.70265793568138
5.304962239583265	61.82009593139002
5.314962239583265	61.937533927098336
5.3249622395832645	62.05497192280692
5.334962239583264	62.17240991851529
5.344962239583264	62.289847914224005
5.354962239583264	62.407285909932476
5.364962239583264	62.524723905640926
5.3749622395832635	62.64216190134968
5.384962239583263	62.759599897058195
5.394962239583263	62.87703789276661
5.404962239583263	62.994475888475414
5.414962239583263	63.1119138841838
5.424962239583262	63.22935187989226
5.434962239583262	63.3467898756009
5.444962239583262	63.46422787130932
5.454962239583262	63.58166586701794
5.4649622395832615	63.699103862726716
5.474962239583261	63.81654185843487
5.484962239583261	63.93397985414354
5.494962239583261	64.05141784985209
5.504962239583261	64.16885584556043
5.5149622395832605	64.2862938412692
5.52496223958326	64.40373183697783
5.53496223958326	64.52116983268634
5.54496223958326	64.63860782839483
5.55496223958326	64.75604582410344
5.564962239583259	64.87348381981187
5.574962239583259	64.99092181552047
5.584962239583259	65.10835981122895
5.594962239583259	65.2257978069375
5.604962239583259	65.34323580264608
5.614962239583258	65.46067379835465
5.624962239583258	65.57811179406315
5.634962239583258	65.69554978977187
5.644962239583258	65.81298778548039
5.6549622395832575	65.93042578118914
5.664962239583257	66.04786377689733
5.674962239583257	66.1653017726059
5.684962239583257	66.28273976831468
5.694962239583257	66.40017776402301
5.704962239583256	66.51761575973171
5.714962239583256	66.63505375544021
5.724962239583256	66.75249175114854
5.734962239583256	66.86992974685712
5.744962239583256	66.98736774256554
5.754962239583255	67.10480573827425
5.764962239583255	67.22224373398285
5.774962239583255	67.3396817296915
5.784962239583255	67.45711972539972
5.7949622395832545	67.5745577211084
5.804962239583254	67.69199571681693
5.814962239583254	67.80943371252569
5.824962239583254	67.926871708234
5.834962239583254	68.04430970394262
5.8449622395832534	68.16174769965083
5.854962239583253	68.27918569535974
5.864962239583253	68.39662369106827
5.874962239583253	68.51406168677677
5.884962239583253	68.63149968248547
5.894962239583252	68.74893767819388
5.904962239583252	68.8663756739024
5.914962239583252	68.98381366961095
5.924962239583252	69.10125166531955
5.9349622395832515	69.21868966102798
5.944962239583251	69.33612765673682
5.954962239583251	69.45356565244515
5.964962239583251	69.57100364815342
5.974962239583251	69.68844164386219
5.9849622395832505	69.80587963957082
5.99496223958325	69.92331763527922
6.00496223958325	70.04075563098779
6.01496223958325	70.15819362669629
6.02496223958325	70.27563162240483
6.034962239583249	70.39306961811342
6.044962239583249	70.51050761382197
6.054962239583249	70.62794560953017
6.064962239583249	70.74538360523908
6.0749622395832485	70.86282160094777
6.084962239583248	70.98025959665615
6.094962239583248	71.09769759236451
6.104962239583248	71.21513558807318
6.114962239583248	71.33257358378165
6.1249622395832475	71.45001157949041
6.134962239583247	71.56744957519857
6.144962239583247	71.68488757090749
6.154962239583247	71.80232556661609
6.164962239583247	71.91976356232449
6.174962239583246	72.03720155803296
6.184962239583246	72.15463955374146
6.194962239583246	72.27207754945026
6.204962239583246	72.38951554515855
6.214962239583246	72.50695354086716
6.224962239583245	72.62439153657564
6.234962239583245	72.7418295322841
6.244962239583245	72.85926752799281
6.254962239583245	72.97670552370123
6.2649622395832445	73.09414351940974
6.274962239583244	73.21158151511817
6.284962239583244	73.32901951082681
6.294962239583244	73.44645750653554
6.304962239583244	73.56389550224394
6.314962239583243	73.68133349795258
6.324962239583243	73.79877149366112
6.334962239583243	73.91620948936975
6.344962239583243	74.03364748507806
6.354962239583243	74.15108548078666
6.364962239583242	74.26852347649515
6.374962239583242	74.38596147220376
6.384962239583242	74.5033994679123
6.394962239583242	74.6208374636209
6.4049622395832415	74.73827545932932
6.414962239583241	74.85571345503773
6.424962239583241	74.97315145074654
6.434962239583241	75.0905894464549
6.444962239583241	75.20802744216365
6.4549622395832404	75.3254654378721
6.46496223958324	75.44290343358074
6.47496223958324	75.56034142928925
6.48496223958324	75.67777942499751
6.49496223958324	75.79521742070612
6.504962239583239	75.91265541641488
6.514962239583239	76.03009341212308
6.524962239583239	76.14753140783189
6.534962239583239	76.26496940354026
6.5449622395832385	76.38240739924905
6.554962239583238	76.49984539495748
6.564962239583238	76.61728339066606
6.574962239583238	76.73472138637439
6.584962239583238	76.85215938208316
6.5949622395832375	76.96959737779184
6.604962239583237	77.08703537350007
6.614962239583237	77.20447336920856
6.624962239583237	77.32191136491723
6.634962239583237	77.43934936062577
6.644962239583236	77.55678735633455
6.654962239583236	77.6742253520431
6.664962239583236	77.79166334775122
6.674962239583236	77.90910134346
6.6849622395832355	78.02653933916882
6.694962239583235	78.14397733487704
6.704962239583235	78.26141533058536
6.714962239583235	78.37885332629428
6.724962239583235	78.49629132200269
6.7349622395832345	78.61372931771126
6.744962239583234	78.73116731341986
6.754962239583234	78.84860530912837
6.764962239583234	78.9660433048366
6.774962239583234	79.08348130054539
6.784962239583233	79.20091929625387
6.794962239583233	79.31835729196254
6.804962239583233	79.43579528767121
6.814962239583233	79.55323328337963
6.824962239583233	79.67067127908788
6.834962239583232	79.78810927479662
6.844962239583232	79.90554727050501
6.854962239583232	80.02298526621371
6.864962239583232	80.14042326192241
6.8749622395832315	80.25786125763082
6.884962239583231	80.37529925333938
6.894962239583231	80.49273724904755
6.904962239583231	80.61017524475616
6.914962239583231	80.72761324046492
6.92496223958323	80.84505123617356
6.93496223958323	80.96248923188207
6.94496223958323	81.07992722759063
6.95496223958323	81.19736522329927
6.96496223958323	81.31480321900771
6.974962239583229	81.43224121471603
6.984962239583229	81.54967921042493
6.994962239583229	81.66711720613296
7.004962239583229	81.7845552018417
7.0149622395832285	81.90199319755011
7.024962239583228	82.01943119325907
7.034962239583228	82.1368691889675
7.044962239583228	82.25430718467594
7.054962239583228	82.37174518038442
7.064962239583227	82.48918317609309
7.074962239583227	82.60662117180145
7.084962239583227	82.72405916750999
7.094962239583227	82.84149716321858
7.104962239583227	82.95893515892675
7.114962239583226	83.07637315463552
7.124962239583226	83.19381115034408
7.134962239583226	83.31124914605294
7.144962239583226	83.42868714176106
7.1549622395832255	83.54612513746959
7.164962239583225	83.66356313317866
7.174962239583225	83.78100112888671
7.184962239583225	83.89843912459538
7.194962239583225	84.01587712030374
7.2049622395832245	84.13331511601253
7.214962239583224	84.25075311172108
7.224962239583224	84.36819110742958
7.234962239583224	84.48562910313818
7.244962239583224	84.60306709884654
7.254962239583223	84.72050509455538
7.264962239583223	84.83794309026376
7.274962239583223	84.95538108597215
7.284962239583223	85.07281908168089
7.2949622395832225	85.19025707738926
7.304962239583222	85.30769507309789
7.314962239583222	85.42513306880637
7.324962239583222	85.54257106451477
7.334962239583222	85.66000906022346
7.3449622395832215	85.77744705593193
7.354962239583221	85.8948850516405
7.364962239583221	86.012323047349
7.374962239583221	86.12976104305743
7.384962239583221	86.24719903876654
7.39496223958322	86.36463703447464
7.40496223958322	86.48207503018315
7.41496223958322	86.59951302589216
7.42496223958322	86.71695102160007
7.43496223958322	86.8343890173088
7.444962239583219	86.95182701301731
7.454962239583219	87.0692650087259
7.464962239583219	87.18670300443429
7.474962239583219	87.30414100014316
7.4849622395832185	87.42157899585136
7.494962239583218	87.53901699156022
7.504962239583218	87.65645498726855
7.514962239583218	87.77389298297689
7.524962239583218	87.89133097868576
7.534962239583217	88.00876897439427
7.544962239583217	88.12620697010266
7.554962239583217	88.24364496581131
7.564962239583217	88.36108296151991
7.574962239583217	88.47852095722818
7.584962239583216	88.59595895293667
7.594962239583216	88.71339694864525
7.604962239583216	88.83083494435415
7.614962239583216	88.94827294006251
7.6249622395832155	89.06571093577138
7.634962239583215	89.18314893147952
7.644962239583215	89.30058692718843
7.654962239583215	89.41802492289675
7.664962239583215	89.53546291860532
7.674962239583214	89.65290091431376
7.684962239583214	89.77033891002252
7.694962239583214	89.88777690573059
7.704962239583214	90.00521490143963
7.714962239583214	90.12265289714828
7.724962239583213	90.24009089285651
7.734962239583213	90.35752888856511
7.744962239583213	90.47496688427354
7.754962239583213	90.59240487998215
7.7649622395832125	90.70984287569028
7.774962239583212	90.82728087139911
7.784962239583212	90.94471886710775
7.794962239583212	91.06215686281594
7.804962239583212	91.17959485852504
7.8149622395832115	91.29703285423327
7.824962239583211	91.41447084994176
7.834962239583211	91.5319088456502
7.844962239583211	91.64934684135906
7.854962239583211	91.76678483706714
7.86496223958321	91.88422283277625
7.87496223958321	92.00166082848453
7.88496223958321	92.11909882419306
7.89496223958321	92.23653681990162
7.9049622395832095	92.35397481561041
7.914962239583209	92.47141281131883
7.924962239583209	92.58885080702757
7.934962239583209	92.7062888027355
7.944962239583209	92.82372801091653
7.9549622395832085	92.94116600828568
7.964962239583208	93.0586040056538
7.974962239583208	93.17604200302253
7.984962239583208	93.29348000039087
7.994962239583208	93.41091799775927
8.004962239583207	93.52835599512761
8.014962239583207	93.64579399249602
8.024962239583207	93.76323198986486
8.034962239583207	93.8806699872332
8.044962239583207	93.99810798460173
8.054962239583206	94.11554598196997
8.064962239583206	94.2329839793386
8.074962239583206	94.35042197670687
8.084962239583206	94.46785997407596
8.094962239583205	94.58529797144394
8.104962239583205	94.70273596881266
8.114962239583205	94.820173966181
8.124962239583205	94.93761196354957
8.134962239583205	95.05504996091824
8.144962239583204	95.17248795828648
8.154962239583204	95.28992595565472
8.164962239583204	95.40736395302385
8.174962239583204	95.5248019503919
8.184962239583204	95.64223994776032
8.194962239583203	95.75967794512866
8.204962239583203	95.87711594249717
8.214962239583203	95.99455393986592
8.224962239583203	96.11199193723428
8.234962239583203	96.22942993460259
8.244962239583202	96.34686793197135
8.254962239583202	96.46430592933994
8.264962239583202	96.58174392670828
8.274962239583202	96.6991819240769
8.284962239583201	96.81661992144524
8.294962239583201	96.93405791881376
8.304962239583201	97.05149591618218
8.3149622395832	97.16893391355055
8.3249622395832	97.28637191091889
8.3349622395832	97.40380990828749
8.3449622395832	97.52124790565611
8.3549622395832	97.63868590302458
8.3649622395832	97.75612390039251
8.3749622395832	97.87356189776112
8.3849622395832	97.99099989512987
8.394962239583199	98.10843789249817
8.404962239583199	98.22587588986647
8.414962239583199	98.34331388723547
8.424962239583198	98.46075188460398
8.434962239583198	98.57818988197212
8.444962239583198	98.69562787934076
8.454962239583198	98.81306587670915
8.464962239583198	98.93050387407742
8.474962239583197	99.04794187144613
8.484962239583197	99.16537986881453
8.494962239583197	99.28281786618332
8.504962239583197	99.40025586355135
8.514962239583197	99.5176938609196
8.524962239583196	99.63513185828883
8.534962239583196	99.75256985565699
8.544962239583196	99.8700078530256
8.554962239583196	99.98744585039418
8.564962239583195	100.10488384776261
8.574962239583195	100.22232184513115
8.584962239583195	100.33975984249989
8.594962239583195	100.45719783986813
8.604962239583195	100.57463583723654
8.614962239583194	100.69207383460473
8.624962239583194	100.80951183197331
8.634962239583194	100.92694982934161
8.644962239583194	101.04438782671059
8.654962239583194	101.16182582407909
8.664962239583193	101.27926382144729
8.674962239583193	101.39670181881618
8.684962239583193	101.51413981618418
8.694962239583193	101.63157781355237
8.704962239583192	101.74901581092134
8.714962239583192	101.86645380828986
8.724962239583192	101.98389180565796
8.734962239583192	102.10132980302676
8.744962239583192	102.21876780039528
8.754962239583191	102.33620579776368
8.764962239583191	102.45364379513182
8.774962239583191	102.57108179250086
8.78496223958319	102.68851978986872
8.79496223958319	102.80595778723716
8.80496223958319	102.92339578460644
8.81496223958319	103.0408337819747
8.82496223958319	103.15827177934284
8.83496223958319	103.27570977671134
8.84496223958319	103.39314777407996
8.85496223958319	103.51058577144856
8.864962239583189	103.62802376881713
8.874962239583189	103.74546176618576
8.884962239583189	103.86289976355422
8.894962239583188	103.98033776092251
8.904962239583188	104.09777575829064
8.914962239583188	104.21521375565936
8.924962239583188	104.33265175302813
8.934962239583188	104.45008975039646
8.944962239583187	104.56752774776488
8.954962239583187	104.6849657451334
8.964962239583187	104.8024037425021
8.974962239583187	104.9198417398699
8.984962239583187	105.03727973723865
8.994962239583186	105.15471773460716
9.004962239583186	105.27215573197535
9.014962239583186	105.38959372934401
9.024962239583186	105.5070317267127
9.034962239583185	105.62446972408094
9.044962239583185	105.74190772144944
9.054962239583185	105.85934571881809
9.064962239583185	105.97678371618646
9.074962239583185	106.09422171355507
9.084962239583184	106.21165971092366
9.094962239583184	106.32909770829217
9.104962239583184	106.44653570566045
9.114962239583184	106.56397370302929
9.124962239583184	106.68141170039726
9.134962239583183	106.79884969776596
9.144962239583183	106.916287695134
9.154962239583183	107.03372569250318
9.164962239583183	107.15116368987168
9.174962239583182	107.26860168723972
9.184962239583182	107.38603968460814
9.194962239583182	107.50347768197703
9.204962239583182	107.62091567934556
9.214962239583182	107.73835367671352
9.224962239583181	107.85579167408238
9.234962239583181	107.9732296714508
9.244962239583181	108.09066766881979
9.25496223958318	108.20810566618728
9.26496223958318	108.32554366355613
9.27496223958318	108.44298166092462
9.28496223958318	108.5604196582935
9.29496223958318	108.67785765566221
9.30496223958318	108.79529565303035
9.31496223958318	108.9127336503986
9.32496223958318	109.03017164776708
9.334962239583179	109.14760964513577
9.344962239583179	109.265047642504
9.354962239583179	109.38248563987298
9.364962239583178	109.4999236372412
9.374962239583178	109.61736163460968
9.384962239583178	109.73479963197849
9.394962239583178	109.85223762934628
9.404962239583178	109.96967562671489
9.414962239583177	110.08711362408334
9.424962239583177	110.2045516214522
9.434962239583177	110.32198961882098
9.444962239583177	110.43942761618923
9.454962239583176	110.55686561355725
9.464962239583176	110.67430361092639
9.474962239583176	110.79174160829444
9.484962239583176	110.90917960566325
9.494962239583176	111.02661760303154
9.504962239583175	111.14405560039962
9.514962239583175	111.26149359776849
9.524962239583175	111.37893159513713
9.534962239583175	111.49636959250545
9.544962239583175	111.61380758987377
9.554962239583174	111.73124561849485
9.564962239583174	111.84868372432454
9.574962239583174	111.96612172257501
9.584962239583174	112.0835597208262
9.594962239583174	112.20099771907648
9.604962239583173	112.31843571732745
9.614962239583173	112.43587371557842
9.624962239583173	112.55331171382878
9.634962239583173	112.67074971207951
9.644962239583172	112.78818771033023
9.654962239583172	112.90562554060712
9.664962239583172	113.0230635378703
9.674962239583172	113.14050153513354
9.684962239583172	113.25793953239697
9.694962239583171	113.3753775296611
9.704962239583171	113.49281552692379
9.714962239583171	113.61025352418802
9.72496223958317	113.7276915214511
9.73496223958317	113.84512951871459
9.74496223958317	113.96256751597748
9.75496223958317	114.08000551324126
9.76496223958317	114.19744351050437
9.77496223958317	114.31488150776812
9.78496223958317	114.43231950503156
9.79496223958317	114.54975750229485
9.804962239583169	114.66719549955819
9.814962239583169	114.78463342213068
9.824962239583169	114.90207136319566
9.834962239583168	115.01950936050886
9.844962239583168	115.13694735782148
9.854962239583168	115.25438535513315
9.864962239583168	115.37182335244572
9.874962239583168	115.48926134975828
9.884962239583167	115.60669934707047
9.894962239583167	115.72413734438305
9.904962239583167	115.84157534169596
9.914962239583167	115.95901333900837
9.924962239583166	116.07645133632
9.934962239583166	116.19388933363284
9.944962239583166	116.31132733094526
9.954962239583166	116.42876532825761
9.964962239583166	116.54620332556966
9.974962239583165	116.66364132288237
9.984962239583165	116.78107932019472
9.994962239583165	116.89851731750682
10.004962239583165	117.01595531481964
10.014962239583165	117.13339331213189
10.024962239583164	117.25083130944432
10.034962239583164	117.36826930675626
10.044962239583164	117.48570730406949
10.054962239583164	117.60314530138176
10.064962239583163	117.720583298694
10.074962239583163	117.838021296006
10.084962239583163	117.95545929331934
10.094962239583163	118.07289729063093
10.104962239583163	118.19033528794385
10.114962239583162	118.3077732852558
10.124962239583162	118.42521128256841
10.134962239583162	118.54264927988098
10.144962239583162	118.66008727719277
10.154962239583162	118.77752527450565
10.164962239583161	118.89496327181809
10.174962239583161	119.01240126913052
10.184962239583161	119.12983926644294
10.19496223958316	119.24727726375471
10.20496223958316	119.3647152610677
10.21496223958316	119.48215325837988
10.22496223958316	119.59959125569247
10.23496223958316	119.71702925300487
10.24496223958316	119.83446725031756
10.25496223958316	119.95190524762933
10.26496223958316	120.0693432449418
10.274962239583159	120.18678124225461
10.284962239583159	120.30421923956634
10.294962239583159	120.4216572368791
10.304962239583158	120.53909523419146
10.314962239583158	120.65653323150391
10.324962239583158	120.77397122881646
10.334962239583158	120.8914092261286
10.344962239583158	121.0088472234413
10.354962239583157	121.12628522075406
10.364962239583157	121.2437232180661
10.374962239583157	121.36116121537825
10.384962239583157	121.47859921269085
10.394962239583156	121.59603721000325
10.404962239583156	121.71347520731588
10.414962239583156	121.83091320462816
10.424962239583156	121.9483512019401
10.434962239583156	122.06578919925269
10.444962239583155	122.18322719656562
10.454962239583155	122.30066519387766
10.464962239583155	122.41810319118981
10.474962239583155	122.5355411885018
10.484962239583155	122.65297918581503
10.494962239583154	122.77041718312722
10.504962239583154	122.88785518043953
10.514962239583154	123.00529317775214
10.524962239583154	123.12273117506395
10.534962239583153	123.24016917237674
10.544962239583153	123.35760716968873
10.554962239583153	123.47504516700181
10.564962239583153	123.59248316431412
10.574962239583153	123.70992116162614
10.584962239583152	123.82735915893842
10.594962239583152	123.94479715625106
10.604962239583152	124.0622351535639
10.614962239583152	124.17967315087625
10.624962239583152	124.29711114818804
10.634962239583151	124.41454914550077
10.644962239583151	124.53198714281257
10.654962239583151	124.64942514012562
10.66496223958315	124.76686313743772
10.67496223958315	124.8843011347504
10.68496223958315	125.00173910819086
10.69496223958315	125.11917710322606
10.70496223958315	125.23661507031105
10.71496223958315	125.35405306763836
10.72496223958315	125.47149106496494
10.73496223958315	125.58892906229207
10.744962239583149	125.70636705961954
10.754962239583149	125.8238050569462
10.764962239583149	125.94124305427331
10.774962239583148	126.05868105160035
10.784962239583148	126.17611904892735
10.794962239583148	126.29355704625459
10.804962239583148	126.41099504358151
10.814962239583148	126.52843304090872
10.824962239583147	126.6458710382355
10.834962239583147	126.76330903556293
10.844962239583147	126.88074703289
10.854962239583147	126.99818503021709
10.864962239583146	127.11562302754429
10.874962239583146	127.23306102487084
10.884962239583146	127.35049902219802
10.894962239583146	127.46793701952501
10.904962239583146	127.58537501685261
10.914962239583145	127.70281301417943
10.924962239583145	127.82025101150688
10.934962239583145	127.93768900883403
10.944962239583145	128.05512700616052
10.954962239583145	128.1725650034876
10.964962239583144	128.29000300081492
10.974962239583144	128.4074409981421
10.984962239583144	128.52487899546904
10.994962239583144	128.64231699279617
11.004962239583143	128.75975499012335
11.014962239583143	128.8771929874503
11.024962239583143	128.99463098477835
11.034962239583143	129.11206898210457
11.044962239583143	129.22950697943165
11.054962239583142	129.34694497675883
11.064962239583142	129.46438297408605
11.074962239583142	129.58182097141227
11.084962239583142	129.69925896873997
11.094962239583142	129.81669696606704
11.104962239583141	129.93413496339394
11.114962239583141	130.05157296072127
11.124962239583141	130.16901095804863
11.13496223958314	130.28644895537556
11.14496223958314	130.40388695270235
11.15496223958314	130.52132495002968
11.16496223958314	130.63686177893115
11.17496223958314	130.7345417767229
11.18496223958314	130.83222177451435
11.19496223958314	130.92990177230539
11.20496223958314	131.0275817700974
11.214962239583139	131.1252617678882
11.224962239583139	131.22294176568016
11.234962239583139	131.32062176347117
11.244962239583138	131.41830176126192
11.254962239583138	131.51598175905445
11.264962239583138	131.61366175684557
11.274962239583138	131.71134175463715
11.284962239583137	131.80902175242827
11.294962239583137	131.90670175021944
11.304962239583137	132.0043817480111
11.314962239583137	132.1020617458027
11.324962239583137	132.19974174359433
11.334962239583136	132.297421741385
11.344962239583136	132.39510173917625
11.354962239583136	132.49278173696788
11.364962239583136	132.59046173476014
11.374962239583136	132.68814173255083
11.384962239583135	132.78582173034212
11.394962239583135	132.88350172813355
11.404962239583135	132.9811817259253
11.414962239583135	133.0788617237164
11.424962239583135	133.17654172150816
11.434962239583134	133.27422171929942
11.444962239583134	133.37190171709113
11.454962239583134	133.46958171488274
11.464962239583134	133.56726171267454
11.474962239583133	133.66494171046483
11.484962239583133	133.76262165524642
11.494962239583133	133.8603015891836
11.504962239583133	133.95798158686048
11.514962239583133	134.0556615845367
11.524962239583132	134.15334158221316
11.534962239583132	134.25102157988923
11.544962239583132	134.34870157756598
11.554962239583132	134.44638157524184
11.564962239583132	134.54406157291857
11.574962239583131	134.64174157059426
11.584962239583131	134.73942156827098
11.59496223958313	134.83710156594725
11.60496223958313	134.93478156362343
11.61496223958313	135.03246156129998
11.62496223958313	135.13014155897648
11.63496223958313	135.22782155665303
11.64496223958313	135.32550155432963
11.65496223958313	135.42318155200607
11.66496223958313	135.52086154968254
11.67496223958313	135.6185415473582
11.684962239583129	135.71622154503459
11.694962239583129	135.813901542711
11.704962239583129	135.91158154038766
11.714962239583128	136.00926153806398
11.724962239583128	136.10694153573985
11.734962239583128	136.20462153341668
11.744962239583128	136.30230153109292
11.754962239583127	136.39998152876998
11.764962239583127	136.49766152644594
11.774962239583127	136.59534152412155
11.784962239583127	136.69302152179822
11.794962239583127	136.79070151947388
11.804962239583126	136.88838151715098
11.814962239583126	136.9860615148273
11.824962239583126	137.0837415125039
11.834962239583126	137.18142151017992
11.844962239583126	137.2791015078565
11.854962239583125	137.37678150553302
11.864962239583125	137.47446150321005
11.874962239583125	137.57214150088515
11.884962239583125	137.66982149856193
11.894962239583124	137.7675014962375
11.904962239583124	137.86518149391492
11.914962239583124	137.96286149159113
11.924962239583124	138.06054148926768
11.934962239583124	138.15822148694357
11.944962239583123	138.25590148461984
11.950000000000001	138.30511296758328
1000011.95	138.30511296758328
