-100000	0
0.42662658691406286	0
0.4269599202473962	0.0000000034959673061122678
0.4274599202473962	0.000000026102101337486186
0.4282099202473962	0.00000011518763201073384
0.42933492024739617	0.00000042685453933947703
0.4310224202473962	0.0000014607266936657666
0.43355367024739616	0.000004793431737466386
0.43735054524739614	0.000015266086286642568
0.44304585774739613	0.000047481141556878505
0.4515888264973961	0.00014452531802440453
0.46158882649739613	0.00035105034449518536
0.47158882649739614	0.0006768898326058078
0.48158882649739615	0.001138346373722589
0.49158882649739616	0.0017487485484019905
0.5015888264973961	0.0025194808768657802
0.5115888264973961	0.0034603822562295013
0.5215888264973961	0.004579906981914709
0.5315888264973961	0.005885372925113774
0.5415888264973961	0.00738324999236028
0.5515888264973962	0.009079277056730454
0.5615888264973962	0.010978507586621326
0.5715888264973962	0.013085213302829494
0.5815888264973962	0.015403464074574129
0.5915888264973962	0.01793664233969658
0.6015888264973962	0.020687890604445487
0.6115888264973962	0.02365976954071849
0.6215888264973962	0.02685453243520667
0.6315888264973962	0.030274274776261063
0.6415888264973962	0.03392072203500695
0.6515888264973962	0.037795473913269304
0.6615888264973963	0.041899623768976414
0.6715888264973963	0.04622943047428947
0.6815888264973963	0.05077232338975559
0.6915888264973963	0.05551694933256511
0.7015888264973963	0.06045309460809889
0.7115888264973963	0.06557164179797502
0.7215888264973963	0.07086417534977386
0.7315888264973963	0.07632306233229084
0.7415888264973963	0.08194115518269722
0.7515888264973963	0.08771193257973627
0.7615888264973963	0.09362929517758385
0.7715888264973964	0.0996874514076106
0.7815888264973964	0.1058810090867418
0.7915888264973964	0.11220493879167366
0.8015888264973964	0.11865439082023128
0.8115888264973964	0.12522498472036633
0.8215888264973964	0.13191237740741957
0.8315888264973964	0.13871251280170271
0.8415888264973964	0.1456214177360508
0.8515888264973964	0.1526354093217961
0.8615888264973964	0.15975105485339625
0.8715888264973964	0.1669649045658511
0.8815888264973964	0.17427369809589344
0.8915888264973965	0.18167434493539675
0.9015888264973965	0.18916386663124488
0.9115888264973965	0.19673940988395824
0.9215888264973965	0.20439820251519283
0.9315888264973965	0.21213753622502576
0.9415888264973965	0.21995482713941014
0.9515888264973965	0.22784761279581967
0.9615888264973965	0.23581347611777814
0.9715888264973965	0.24385014502593208
0.9815888264973965	0.25195528460472894
0.9915888264973965	0.2601267900129051
1.0015888264973964	0.2683625306173812
1.0115888264973965	0.2766604945328186
1.0215888264973965	0.2850186475061165
1.0315888264973965	0.29343510596631206
1.0415888264973965	0.3019079891595511
1.0515888264973965	0.31043546648645287
1.0615888264973965	0.3190157456485459
1.0715888264973965	0.3276470964249216
1.0815888264973965	0.3363278184810187
1.0915888264973965	0.3450562922769774
1.1015888264973965	0.3538309427589876
1.1115888264973965	0.3626501953804369
1.1215888264973966	0.3715124818416618
1.1315888264973966	0.380416331531683
1.1415888264973966	0.3893603358923097
1.1515888264973966	0.3983430357296635
1.1615888264973966	0.4073630604372539
1.1715888264973966	0.4164190182845578
1.1815888264973966	0.42550961358068573
1.1915888264973966	0.4346335446077004
1.2015888264973966	0.44378950503044223
1.2115888264973966	0.45297625655654733
1.2215888264973966	0.462192527281721
1.2315888264973966	0.4714371545412269
1.2415888264973967	0.4807089130361274
1.2515888264973967	0.4900010222988018
1.2615888264973967	0.49932363646858113
1.2715888264973967	0.508669967786193
1.2815888264973967	0.5180389402738825
1.2915888264973967	0.527429492578655
1.3015888264973967	0.5368405383238303
1.3115888264973967	0.5462710551495414
1.3215888264973967	0.5557200108135055
1.3315888264973967	0.5651863570035933
1.3415888264973967	0.5746690976852075
1.3515888264973968	0.5841672572424528
1.3615888264973968	0.5936798913680824
1.3715888264973968	0.6032060585993284
1.3815888264973968	0.6127447624781925
1.3915888264973968	0.6222951085672832
1.4015888264973968	0.6318562149199733
1.4115888264973968	0.6414271990230462
1.4215888264973968	0.6510071535943248
1.4315888264973968	0.6605951963431818
1.4415888264973968	0.670190438463441
1.4515888264973968	0.679792029658873
1.4615888264973969	0.6893991720350362
1.4715888264973969	0.6990110709510959
1.4815888264973969	0.708626892148293
1.4915888264973969	0.7182458338707537
1.501588826497397	0.7278670834649823
1.511588826497397	0.737489886941162
1.521588826497397	0.7471134597347499
1.531588826497397	0.7567370414117593
1.541588826497397	0.7663598575739121
1.551588826497397	0.7759811634572645
1.561588826497397	0.7856002593620178
1.571588826497397	0.7952164097109593
1.581588826497397	0.804828927136765
1.591588826497397	0.8144370716248199
1.601588826497397	0.8240401540399214
1.611588826497397	0.8336375165166631
1.621588826497397	0.8432284922155432
1.631588826497397	0.8528123685239466
1.641588826497397	0.862388476026918
1.651588826497397	0.8719562001358738
1.661588826497397	0.8815148972712427
1.671588826497397	0.8910639279825238
1.681588826497397	0.9006026444091925
1.691588826497397	0.9101304157234503
1.701588826497397	0.9196466775510239
1.711588826497397	0.9291507781686726
1.721588826497397	0.93864214575861
1.731588826497397	0.948120228642357
1.741588826497397	0.9575844353751916
1.7515888264973971	0.9670342120213785
1.7615888264973971	0.9764689698972863
1.7715888264973971	0.9858881612205825
1.7815888264973971	0.9952912693086992
1.7915888264973971	1.0046777459412195
1.8015888264973972	1.014047040013297
1.8115888264973972	1.0233986421728696
1.8215888264973972	1.0327320343847417
1.8315888264973972	1.0420467199241694
1.8415888264973972	1.0513421955182751
1.8515888264973972	1.0606179701869847
1.8615888264973972	1.0698736142443772
1.8715888264973972	1.0791086261765375
1.8815888264973972	1.0883225324410182
1.8915888264973972	1.0975148868256765
1.9015888264973972	1.1066852042888755
1.9115888264973973	1.1158330703646058
1.9215888264973973	1.124958082828405
1.9315888264973973	1.1340597750093369
1.9415888264973973	1.1431377070745083
1.9515888264973973	1.15219146665006
1.9615888264973973	1.1612206886536016
1.9715888264973973	1.1702250069567235
1.9815888264973973	1.1792040068952188
1.9915888264973973	1.1881572908182765
2.001588826497397	1.197084490758909
2.011588826497397	1.2059852410356748
2.0215888264973967	1.2148592019035602
2.0315888264973965	1.223706001321179
2.0415888264973963	1.2325252906752917
2.051588826497396	1.2413167349233527
2.061588826497396	1.2500800081406596
2.0715888264973956	1.258814768298417
2.0815888264973954	1.2675207095253884
2.091588826497395	1.2761975245782968
2.101588826497395	1.284844895345099
2.1115888264973948	1.2934625196414735
2.1215888264973946	1.3020501141846128
2.1315888264973943	1.310607403308725
2.141588826497394	1.3191341013128925
2.151588826497394	1.3276299435379217
2.1615888264973937	1.3360946411311339
2.1715888264973935	1.3445279346751158
2.1815888264973933	1.3529295776880217
2.191588826497393	1.3612993502961048
2.201588826497393	1.369637001763751
2.2115888264973926	1.3779422569523854
2.2215888264973924	1.3862148881405756
2.231588826497392	1.3944546963820814
2.241588826497392	1.4026614772237
2.251588826497392	1.4108349885381033
2.2615888264973916	1.4189750065521054
2.2715888264973914	1.4270813478681572
2.281588826497391	1.4351538267952442
2.291588826497391	1.443192252653067
2.3015888264973907	1.4511964132134865
2.3115888264973905	1.4591661444226847
2.3215888264973903	1.4671012718208618
2.33158882649739	1.4750016213820343
2.34158882649739	1.482867034659817
2.3515888264973897	1.4906973266564463
2.3615888264973894	1.498492365837244
2.3715888264973892	1.5062519967528998
2.381588826497389	1.513976082853977
2.391588826497389	1.5216644701888142
2.4015888264973886	1.5293170146185258
2.4115888264973884	1.5369336046470015
2.421588826497388	1.5445140993367672
2.431588826497388	1.5520583810481285
2.4415888264973877	1.559566315691734
2.4515888264973875	1.567037798254374
2.4615888264973873	1.5744727381452395
2.471588826497387	1.5818710286872675
2.481588826497387	1.5892325768542914
2.4915888264973867	1.59655727538386
2.5015888264973865	1.6038450352463933
2.5115888264973862	1.6110957776034658
2.521588826497386	1.6183094080607792
2.531588826497386	1.625485870027451
2.5415888264973856	1.632625076210765
2.5515888264973854	1.6397269699673127
2.561588826497385	1.6467914743736054
2.571588826497385	1.6538185510184593
2.5815888264973847	1.6608081456173958
2.5915888264973845	1.6677601879525632
2.6015888264973843	1.6746746528366805
2.611588826497384	1.681551473227394
2.621588826497384	1.6883906545973721
2.6315888264973837	1.6951921512591648
2.6415888264973835	1.7019559116143188
2.6515888264973833	1.7086819106462048
2.661588826497383	1.7153701237890462
2.671588826497383	1.7220205748593136
2.6815888264973826	1.7286332043916892
2.6915888264973824	1.7352080674158976
2.701588826497382	1.7417451277778324
2.711588826497382	1.74824436989316
2.7215888264973818	1.754705820292414
2.7315888264973816	1.7611294909914579
2.7415888264973813	1.7675153822219392
2.751588826497381	1.7738634873854635
2.761588826497381	1.780173902602858
2.7715888264973807	1.786446607874621
2.7815888264973805	1.7926816165773254
2.7915888264973803	1.7988789570377686
2.80158882649738	1.805038688681949
2.81158882649738	1.811160881901457
2.8215888264973796	1.8172455386458037
2.8315888264973794	1.8232927364473108
2.841588826497379	1.8293024898617034
2.851588826497379	1.8352748968452595
2.861588826497379	1.84120999948285
2.8715888264973786	1.8471078618391845
2.8815888264973784	1.8529685784529801
2.891588826497378	1.8587921651221637
2.901588826497378	1.864578721668422
2.9115888264973777	1.8703283386582323
2.9215888264973775	1.8760411189884663
2.9315888264973773	1.8817171521207579
2.941588826497377	1.8873564992490028
2.951588826497377	1.892959274027444
2.9615888264973766	1.8985255497205098
2.9715888264973764	1.9040554657695203
2.981588826497376	1.9095491022320408
2.991588826497376	1.9150065654508788
3.001588826497376	1.9204279722514648
3.0115888264973756	1.9258134132905553
3.0215888264973754	1.9311631096623072
3.031588826497375	1.936477126814188
3.041588826497375	1.9417556127990268
3.0515888264973747	1.946998681403902
3.0615888264973745	1.9522064553792322
3.0715888264973743	1.957379097886969
3.081588826497374	1.9625167171531208
3.091588826497374	1.9676195384710367
3.1015888264973737	1.9726876418330086
3.1115888264973735	1.977721223089788
3.1215888264973732	1.982720435766304
3.131588826497373	1.9876854570822964
3.141588826497373	1.9926164646299973
3.1515888264973726	1.9975136056819223
3.1615888264973724	2.002377078404774
3.171588826497372	2.007207041520486
3.181588826497372	2.0120037107531927
3.1915888264973717	2.0167672817978883
3.2015888264973715	2.021497926187201
3.2115888264973713	2.026195873878248
3.221588826497371	2.0308613121092045
3.231588826497371	2.0354944611737893
3.2415888264973707	2.0400955186487093
3.2515888264973705	2.0446647269750393
3.2615888264973703	2.0492023208591803
3.27158882649737	2.0537085216640625
3.28158882649737	2.0581835611767976
3.2915888264973696	2.062627631519332
3.3015888264973694	2.0670410435273143
3.311588826497369	2.0714240299479085
3.321588826497369	2.075776850063313
3.3315888264973688	2.0800996557062925
3.3415888264973685	2.0843929382208004
3.3515888264973683	2.088656851765682
3.361588826497368	2.092891668836001
3.371588826497368	2.0970977060355143
3.3815888264973677	2.1012752462397977
3.3915888264973675	2.1054246140712256
3.4015888264973673	2.1095461284599493
3.411588826497367	2.113640043927466
3.421588826497367	2.1177066839831777
3.4315888264973666	2.12174641232712
3.4415888264973664	2.1257595733532613
3.451588826497366	2.129746506072889
3.461588826497366	2.1337075502827183
3.4715888264973658	2.1376430990113664
3.4815888264973656	2.141553450550464
3.4915888264973653	2.1454389740394344
3.501588826497365	2.1493001170019608
3.511588826497365	2.1531372605006722
3.5215888264973647	2.1569507705197526
3.5315888264973645	2.1607410394705964
3.5415888264973643	2.164508523094714
3.551588826497364	2.1682536382134883
3.561588826497364	2.1719767883679233
3.5715888264973636	2.1756784496804453
3.5815888264973634	2.1793590927476747
3.591588826497363	2.183019173878859
3.601588826497363	2.1866591061005254
3.611588826497363	2.1902793919647756
3.6215888264973626	2.1938805122042626
3.6315888264973624	2.1974629843699622
3.641588826497362	2.2010273319012947
3.651588826497362	2.2045739880031956
3.6615888264973617	2.2081035340383224
3.6715888264973615	2.211616519339488
3.6815888264973613	2.2151134820282166
3.691588826497361	2.218594975777729
3.701588826497361	2.2220615568921342
3.7115888264973607	2.2255138208361673
3.7215888264973604	2.2289523472959307
3.7315888264973602	2.2323777673872764
3.74158882649736	2.2357906647711245
3.75158882649736	2.239191620311632
3.7615888264973596	2.2425812675018815
3.7715888264973594	2.2459602843032944
3.781588826497359	2.2493293328895434
3.791588826497359	2.252689066415806
3.8015888264973587	2.2560400874657933
3.8115888264973585	2.25938310654339
3.8215888264973583	2.2627188514900958
3.831588826497358	2.2660480162229684
3.841588826497358	2.2693713296231226
3.8515888264973577	2.2726894902561643
3.8615888264973575	2.2760032515022672
3.8715888264973572	2.279313322566458
3.881588826497357	2.2826204652688564
3.891588826497357	2.2859254807577156
3.9015888264973566	2.2892291104137943
3.9115888264973564	2.2925321753576653
3.921588826497356	2.2958354312924922
3.931588826497356	2.2991396820517203
3.9415888264973558	2.3024457538273664
3.9515888264973555	2.3057544654688846
3.9615888264973553	2.309066691922402
3.971588826497355	2.312383218314568
3.981588826497355	2.31570494692948
3.9915888264973547	2.3190327279430583
4.001588826497355	2.322367407380837
4.011588826497355	2.325709902170128
4.0215888264973545	2.329061042237821
4.031588826497354	2.3324218254384377
4.041588826497354	2.3357931117904096
4.051588826497354	2.339175852359585
4.061588826497354	2.3425709883867243
4.071588826497353	2.345979410600308
4.081588826497353	2.349402115263269
4.091588826497353	2.352840008186645
4.101588826497353	2.3562941619348723
4.111588826497353	2.3597654080786663
4.121588826497352	2.3632548820422814
4.131588826497352	2.3667634553076646
4.141588826497352	2.370292243604343
4.151588826497352	2.373842191183141
4.1615888264973515	2.3774143661056915
4.171588826497351	2.3810097418302396
4.181588826497351	2.3846295106976254
4.191588826497351	2.3882745837551766
4.201588826497351	2.391946206633343
4.2115888264973504	2.395645082381486
4.22158882649735	2.3993726553190546
4.23158882649735	2.4031299735241363
4.24158882649735	2.4069180793677454
4.25158882649735	2.410738099742935
4.261588826497349	2.4145913348763166
4.271588826497349	2.4184786192102132
4.281588826497349	2.4224012171736997
4.291588826497349	2.4263604647117405
4.3015888264973485	2.430357376855363
4.311588826497348	2.4343932547146454
4.321588826497348	2.4384692458678163
4.331588826497348	2.442586576526356
4.341588826497348	2.4467465224933185
4.3515888264973475	2.45095030400241
4.361588826497347	2.455199160317934
4.371588826497347	2.4594943982267243
4.381588826497347	2.4638373146343153
4.391588826497347	2.4682291640394984
4.401588826497346	2.4726713451048954
4.411588826497346	2.477165178279845
4.421588826497346	2.4817120309274596
4.431588826497346	2.486313163551683
4.4415888264973455	2.490970083992758
4.451588826497345	2.495684152701996
4.461588826497345	2.500456756522936
4.471588826497345	2.505289481996715
4.481588826497345	2.5101837243672063
4.4915888264973445	2.5151409748860183
4.501588826497344	2.520162729554745
4.511588826497344	2.5252505011453987
4.521588826497344	2.530405829167339
4.531588826497344	2.535630351317755
4.541588826497343	2.5409256234669915
4.551588826497343	2.5462932713027677
4.561588826497343	2.551734919470693
4.571588826497343	2.557252195705461
4.581588826497343	2.5628467958400605
4.591588826497342	2.568520425005259
4.601588826497342	2.5742749016616706
4.611588826497342	2.580111831776685
4.621588826497342	2.586033194359615
4.6315888264973415	2.5920405646158544
4.641588826497341	2.598136031117329
4.651588826497341	2.6043212247292553
4.661588826497341	2.610598203734332
4.671588826497341	2.6169687755301254
4.68158882649734	2.6234348915786514
4.69158882649734	2.6299986432605422
4.70158882649734	2.6366618275947036
4.71158882649734	2.6434266957525097
4.72158882649734	2.6502951235877825
4.731588826497339	2.6572693197138237
4.741588826497339	2.664351219209242
4.751588826497339	2.671543341658231
4.761588826497339	2.678847585334678
4.7715888264973385	2.6862661855347176
4.781588826497338	2.693801501050025
4.791588826497338	2.7014555950912795
4.801588826497338	2.709231064833562
4.811588826497338	2.7171299420154087
4.821588826497337	2.725154674982754
4.831588826497337	2.733307797859671
4.841588826497337	2.7415916241261984
4.851588826497337	2.750008701842255
4.861588826497337	2.7585614432649104
4.871588826497336	2.7672523548548575
4.881588826497336	2.7760841022457363
4.891588826497336	2.785059214967627
4.901588826497336	2.7941803874612416
4.9115888264973355	2.803450157649085
4.921588826497335	2.8128713319271643
4.931588826497335	2.8224466294022097
4.941588826497335	2.8321789146880856
4.951588826497335	2.8420708702658
4.9615888264973345	2.852125458544547
4.971588826497334	2.862345620823994
4.981588826497334	2.872734284841225
4.991588826497334	2.883294233115309
5.001588826497334	2.894028871840384
5.011588826497333	2.9049408367700282
5.021588826497333	2.9160334841280924
5.031588826497333	2.9273101698380435
5.041588826497333	2.938773693390322
5.0515888264973325	2.950428338082469
5.061588826497332	2.9622768987285637
5.071588826497332	2.974322533364783
5.081588826497332	2.986569489835772
5.091588826497332	2.9990118034989335
5.1015888264973315	3.0116702727478226
5.111588826497331	3.024542591090749
5.121588826497331	3.037631165871761
5.131588826497331	3.0509403949187437
5.141588826497331	3.064473788967826
5.15158882649733	3.078235998322159
5.16158882649733	3.0922316898033815
5.17158882649733	3.1064645163513163
5.18158882649733	3.120939795392876
5.19158882649733	3.1356625099813544
5.201588826497329	3.1506367907474746
5.211588826497329	3.1658682840759953
5.221588826497329	3.181362422417911
5.231588826497329	3.197124216357408
5.2415888264973285	3.213158992079197
5.251588826497328	3.229472449087146
5.261588826497328	3.2460700479765436
5.271588826497328	3.262957528032245
5.281588826497328	3.2801407084731986
5.291588826497327	3.297625293693254
5.301588826497327	3.3154170477029585
5.311588826497327	3.3335215994751146
5.321588826497327	3.351944596292632
5.331588826497327	3.370691065110634
5.341588826497326	3.3897663643965643
5.351588826497326	3.409175077507366
5.361588826497326	3.428921622039563
5.371588826497326	3.449010062876813
5.3815888264973255	3.4694445910065395
5.391588826497325	3.4902317839555326
5.401588826497325	3.5113839279968606
5.411588826497325	3.5329161636186384
5.421588826497325	3.5548331808572446
5.431588826497324	3.5771345468160125
5.441588826497324	3.5998193988549465
5.451588826497324	3.6228863900726433
5.461588826497324	3.646333614204323
5.471588826497324	3.6701582693765418
5.481588826497323	3.694357604140118
5.491588826497323	3.7189287674939537
5.501588826497323	3.7438685307643818
5.511588826497323	3.769173357138399
5.5215888264973225	3.7948393576771773
5.531588826497322	3.8208627343441646
5.541588826497322	3.847239835904402
5.551588826497322	3.87396691715116
5.561588826497322	3.9010405957995498
5.5715888264973215	3.9284573519399424
5.581588826497321	3.9562139338580855
5.591588826497321	3.984307151664591
5.601588826497321	4.012733952340175
5.611588826497321	4.041491429298347
5.62158882649732	4.070576697746065
5.63158882649732	4.099987237089332
5.64158882649732	4.1297209320106525
5.65158882649732	4.159775418483086
5.6615888264973195	4.190148549596871
5.671588826497319	4.220838103989706
5.681588826497319	4.251842453158399
5.691588826497319	4.283159925065266
5.701588826497319	4.314788618830875
5.7115888264973185	4.34672719436404
5.721588826497318	4.37897397933972
5.731588826497318	4.411527242186544
5.741588826497318	4.444385890630071
5.751588826497318	4.477548791354784
5.761588826497317	4.511014764649812
5.771588826497317	4.544782932668083
5.781588826497317	4.578851877614099
5.791588826497317	4.613219886284125
5.8015888264973166	4.647885704678783
5.811588826497316	4.682848398283265
5.821588826497316	4.718106692245092
5.831588826497316	4.753659219322727
5.841588826497316	4.789504902557529
5.8515888264973155	4.825642326414446
5.861588826497315	4.862069739819525
5.871588826497315	4.898785817420891
5.881588826497315	4.935789463549616
5.891588826497315	4.973079140589545
5.901588826497314	5.01065339554197
5.911588826497314	5.048510733203064
5.921588826497314	5.0866495519880965
5.931588826497314	5.125068338963819
5.941588826497314	5.163765547047351
5.951588826497313	5.202739521688782
5.961588826497313	5.241988632317139
5.971588826497313	5.281511249894427
5.981588826497313	5.321305630260512
5.9915888264973125	5.3613702977829965
6.001588826497312	5.401703436479416
6.011588826497312	5.442303307961772
6.021588826497312	5.483168662385557
6.031588826497312	5.524297442190383
6.041588826497311	5.5656880797126815
6.051588826497311	5.607339358550154
6.061588826497311	5.649249827777807
6.071588826497311	5.691417599307545
6.081588826497311	5.733841013860043
6.09158882649731	5.77651832461669
6.10158882649731	5.819448113393137
6.11158882649731	5.862628742418104
6.12158882649731	5.906059050247903
6.1315888264973095	5.949737392475629
6.141588826497309	5.993662436378019
6.151588826497309	6.0378325167511475
6.161588826497309	6.082246072447929
6.171588826497309	6.126901820885899
6.1815888264973085	6.171798488522396
6.191588826497308	6.216934506597476
6.201588826497308	6.2623089460926
6.211588826497308	6.307920056832005
6.221588826497308	6.353766553414675
6.231588826497307	6.3998474301864245
6.241588826497307	6.446161289413042
6.251588826497307	6.492706868267674
6.261588826497307	6.539482941951887
6.2715888264973065	6.586488137958559
6.281588826497306	6.633721429330652
6.291588826497306	6.681181622471066
6.301588826497306	6.728867381102221
6.311588826497306	6.77677778321031
6.3215888264973055	6.82491138987335
6.331588826497305	6.8732671300115395
6.341588826497305	6.921844065600356
6.351588826497305	6.97064063015309
6.361588826497305	7.019656114259474
6.371588826497304	7.068889108517903
6.381588826497304	7.118338662109031
6.391588826497304	7.168003617945212
6.401588826497304	7.217882933635317
6.4115888264973036	7.267975543908495
6.421588826497303	7.318280322793048
6.431588826497303	7.368796287800501
6.441588826497303	7.4195222771157905
6.451588826497303	7.470457233939404
6.4615888264973025	7.521599926880176
6.471588826497302	7.57294959834658
6.481588826497302	7.624505040215755
6.491588826497302	7.676265196438086
6.501588826497302	7.728229032981963
6.511588826497301	7.7803954800818245
6.521588826497301	7.832763614149361
6.531588826497301	7.885332262763668
6.541588826497301	7.938100484902575
6.551588826497301	7.991067338718247
6.5615888264973	8.04423175005544
6.5715888264973	8.097592813734078
6.5815888264973	8.151149545268135
6.5915888264973	8.204900915389965
6.6015888264972995	8.258845875654144
6.611588826497299	8.312983446566284
6.621588826497299	8.367312723457225
6.631588826497299	8.42183248049736
6.641588826497299	8.476541669066675
6.651588826497298	8.531439619872076
6.661588826497298	8.586525579415312
6.671588826497298	8.641798495276925
6.681588826497298	8.697257092743216
6.691588826497298	8.7529006098009
6.701588826497297	8.808728478405461
6.711588826497297	8.864739823168387
6.721588826497297	8.920933440704488
6.731588826497297	8.977308458174088
6.7415888264972965	9.033863859738746
6.751588826497296	9.090598876363002
6.761588826497296	9.147512570854353
6.771588826497296	9.20460399627495
6.781588826497296	9.26187246910106
6.7915888264972955	9.319316850434118
6.801588826497295	9.376936531801233
6.811588826497295	9.434730659757491
6.821588826497295	9.49269820226489
6.831588826497295	9.550838446608942
6.841588826497294	9.609150416518911
6.851588826497294	9.667633419869937
6.861588826497294	9.72628676998213
6.871588826497294	9.785109456691629
6.8815888264972935	9.844100689631219
6.891588826497293	9.903259544683442
6.901588826497293	9.962585430919221
6.911588826497293	10.022077646644751
6.921588826497293	10.081735188903986
6.9315888264972925	10.141557426806271
6.941588826497292	10.201543411214123
6.951588826497292	10.261692420229554
6.961588826497292	10.322003841975944
6.971588826497292	10.38247670710342
6.981588826497291	10.443110379228933
6.991588826497291	10.503904226809771
7.001588826497291	10.564857313976415
7.011588826497291	10.625968997302236
7.0215888264972905	10.687238527089184
7.03158882649729	10.748665173456997
7.04158882649729	10.810248236965881
7.05158882649729	10.871986959403515
7.06158882649729	10.933880630550554
7.0715888264972895	10.995928603894834
7.081588826497289	11.058130065980698
7.091588826497289	11.120484367963254
7.101588826497289	11.182990905921887
7.111588826497289	11.24564881157215
7.121588826497288	11.308457526783961
7.131588826497288	11.371416329643816
7.141588826497288	11.434524433291886
7.151588826497288	11.497781244804477
7.161588826497288	11.561186245525276
7.171588826497287	11.624738672728204
7.181588826497287	11.688437688651218
7.191588826497287	11.752282781246002
7.201588826497287	11.816273497124216
7.2115888264972865	11.880408873799816
7.221588826497286	11.944688316529739
7.231588826497286	12.009111335078233
7.241588826497286	12.07367728957201
7.251588826497286	12.138385371448964
7.261588826497285	12.203235028213948
7.271588826497285	12.268225768992636
7.281588826497285	12.333356858272767
7.291588826497285	12.398627548182219
7.301588826497285	12.46403732383838
7.311588826497284	12.529585627605277
7.321588826497284	12.595271858551587
7.331588826497284	12.661095278505762
7.341588826497284	12.727055359567721
7.3515888264972835	12.793151592764989
7.361588826497283	12.859383347305865
7.371588826497283	12.925749834268576
7.381588826497283	12.992250523142165
7.391588826497283	13.058885034566034
7.4015888264972824	13.125652789841249
7.411588826497282	13.192553024915506
7.421588826497282	13.259585061830913
7.431588826497282	13.326748443908727
7.441588826497282	13.394042744270328
7.451588826497281	13.461467507169576
7.461588826497281	13.5290218414551
7.471588826497281	13.596705251135408
7.481588826497281	13.664517359512283
7.4915888264972805	13.732457524114901
7.50158882649728	13.800524992830315
7.51158882649728	13.868719355731368
7.52158882649728	13.93704028494844
7.53158882649728	14.005486946793093
7.5415888264972795	14.074058781506912
7.551588826497279	14.142755427932078
7.561588826497279	14.211576293294849
7.571588826497279	14.280520776528617
7.581588826497279	14.349588371662723
7.591588826497278	14.418778695252833
7.601588826497278	14.488091091078319
7.611588826497278	14.55752498760711
7.621588826497278	14.627079937624917
7.6315888264972775	14.696755487101557
7.641588826497277	14.766551085528866
7.651588826497277	14.836466194306293
7.661588826497277	14.90650032121763
7.671588826497277	14.97665296470926
7.6815888264972765	15.046923782473579
7.691588826497276	15.117312053152101
7.701588826497276	15.187817238666328
7.711588826497276	15.258438963929091
7.721588826497276	15.329176823162971
7.731588826497275	15.400030321943975
7.741588826497275	15.470998778911843
7.751588826497275	15.542081766322454
7.761588826497275	15.613278900533297
7.771588826497275	15.684589789238832
7.781588826497274	15.756013746293718
7.791588826497274	15.827550347638683
7.801588826497274	15.899199172707926
7.811588826497274	15.970959877700846
7.8215888264972735	16.042831867313662
7.831588826497273	16.114814588506253
7.841588826497273	16.186907649756467
7.851588826497273	16.259110827414688
7.861588826497273	16.331423490399104
7.871588826497272	16.403845104453538
7.881588826497272	16.476375253573817
7.891588826497272	16.54901363221261
7.901588826497272	16.62175964796131
7.911588826497272	16.694612812516898
7.921588826497271	16.76757277420034
7.931588826497271	16.840639137765766
7.941588826497271	16.913811271339174
7.951588826497271	16.987088795442816
7.9615888264972705	17.060471342354298
7.97158882649727	17.133958611598782
7.98158882649727	17.207550095826768
7.99158882649727	17.28124529965052
8.00158882649727	17.355043724144814
8.01158882649727	17.42894500127207
8.02158882649727	17.502948932185078
8.03158882649727	17.57705495508792
8.04158882649727	17.65126260691035
8.05158882649727	17.72557140830332
8.06158882649727	17.799981059991417
8.071588826497269	17.874491187606747
8.081588826497269	17.949101353751626
8.091588826497269	18.023811005680557
8.101588826497268	18.098619853317416
8.111588826497268	18.173527461345106
8.121588826497268	18.24853368147989
8.131588826497268	18.32363798931522
8.141588826497268	18.39883984219728
8.151588826497267	18.474138885599746
8.161588826497267	18.549534857278942
8.171588826497267	18.625027218930725
8.181588826497267	18.700615563112738
8.191588826497266	18.776299629942837
8.201588826497266	18.852078989379283
8.211588826497266	18.927953176422967
8.221588826497266	19.003921824308954
8.231588826497266	19.07998463504803
8.241588826497265	19.156141213205917
8.251588826497265	19.232391165418598
8.261588826497265	19.308734122038633
8.271588826497265	19.38516973525773
8.281588826497265	19.461697522829482
8.291588826497264	19.53831724536622
8.301588826497264	19.615028498053434
8.311588826497264	19.691830876390693
8.321588826497264	19.76872395736687
8.331588826497264	19.845707502704062
8.341588826497263	19.922781153047097
8.351588826497263	19.999944439599236
8.361588826497263	20.077196988228174
8.371588826497263	20.15453853564129
8.381588826497262	20.231968792323105
8.391588826497262	20.3094872553527
8.401588826497262	20.38709364284474
8.411588826497262	20.46478762984245
8.421588826497262	20.54256890772784
8.431588826497261	20.62043703501834
8.441588826497261	20.698391651849096
8.451588826497261	20.7764323991106
8.46158882649726	20.854558986131487
8.47158882649726	20.932771105045543
8.48158882649726	21.011068342188743
8.49158882649726	21.089450438591943
8.50158882649726	21.167917035760077
8.51158882649726	21.246467759566016
8.52158882649726	21.325102275824925
8.53158882649726	21.403820373526287
8.541588826497259	21.482621628128925
8.551588826497259	21.561505616312274
8.561588826497259	21.64047210525255
8.571588826497258	21.71952085561763
8.581588826497258	21.798651429511686
8.591588826497258	21.87786348454868
8.601588826497258	21.957156702576693
8.611588826497258	22.036530802693367
8.621588826497257	22.1159853169541
8.631588826497257	22.19552011198782
8.641588826497257	22.275134879487766
8.651588826497257	22.354829270299472
8.661588826497256	22.434602969451333
8.671588826497256	22.514455621029
8.681588826497256	22.594386885466957
8.691588826497256	22.67439652933242
8.701588826497256	22.75448435725339
8.711588826497255	22.834650056047746
8.721588826497255	22.914893173064744
8.731588826497255	22.995213382465444
8.741588826497255	23.075610409610892
8.751588826497255	23.156084048616563
8.761588826497254	23.23663394311881
8.771588826497254	23.317259722227462
8.781588826497254	23.397961092706883
8.791588826497254	23.478737873505445
8.801588826497253	23.559589743370218
8.811588826497253	23.64051629942468
8.821588826497253	23.721517309191075
8.831588826497253	23.802592514489465
8.841588826497253	23.883741584706435
8.851588826497252	23.964964312423998
8.861588826497252	24.046260342798497
8.871588826497252	24.12762927920677
8.881588826497252	24.20907095367674
8.891588826497252	24.290585067493772
8.901588826497251	24.37217132662045
8.911588826497251	24.453829436680586
8.921588826497251	24.535559230120512
8.93158882649725	24.617360350293982
8.94158882649725	24.699232550888084
8.95158882649725	24.781175404018963
8.96158882649725	24.86318877093578
8.97158882649725	24.945272277899196
8.98158882649725	25.02742586155602
8.99158882649725	25.109648977233547
9.00158882649725	25.19194159551009
9.011588826497249	25.274303257165833
9.021588826497249	25.356733739609577
9.031588826497249	25.439232791342636
9.041588826497248	25.521800163144565
9.051588826497248	25.604435574428575
9.061588826497248	25.68713871068508
9.071588826497248	25.76990947864908
9.081588826497248	25.85274751535321
9.091588826497247	25.935652577107984
9.101588826497247	26.018624344796073
9.111588826497247	26.101662495718106
9.121588826497247	26.184766927409274
9.131588826497246	26.26793726708255
9.141588826497246	26.351173209624246
9.151588826497246	26.434474656843932
9.161588826497246	26.517841410483243
9.171588826497246	26.601272982531704
9.181588826497245	26.68476917369706
9.191588826497245	26.768329760952266
9.201588826497245	26.851954596670392
9.211588826497245	26.93564349141357
9.221588826497245	27.019395959879212
9.231588826497244	27.103211813858533
9.241588826497244	27.187090789105945
9.251588826497244	27.27103271945174
9.261588826497244	27.355037503206088
9.271588826497243	27.439104644359908
9.281588826497243	27.52323404776732
9.291588826497243	27.607425361944117
9.301588826497243	27.691678363438392
9.311588826497243	27.775992966425076
9.321588826497242	27.860368749998738
9.331588826497242	27.94480565031587
9.341588826497242	28.029303325603564
9.351588826497242	28.113861522245696
9.361588826497242	28.198479958971685
9.371588826497241	28.28315844415593
9.381588826497241	28.367896875990812
9.391588826497241	28.45269484614534
9.40158882649724	28.537552237768917
9.41158882649724	28.622468709733354
9.42158882649724	28.707444107912625
9.43158882649724	28.792478191253753
9.44158882649724	28.87757072440141
9.45158882649724	28.962721509001522
9.46158882649724	29.047930344018546
9.47158882649724	29.133196942662938
9.481588826497239	29.21852110966987
9.491588826497239	29.303902638059103
9.501588826497239	29.3893412680714
9.511588826497238	29.474836751620206
9.521588826497238	29.560388995278164
9.531588826497238	29.645997597589815
9.541588826497238	29.73166253189199
9.551588826497238	29.81738362836249
9.561588826497237	29.90316050113911
9.571588826497237	29.9889927293572
9.581588826497237	30.07488040801089
9.591588826497237	30.160823202263252
9.601588826497236	30.246821103617886
9.611588826497236	30.33287367106522
9.621588826497236	30.418980587229456
9.631588826497236	30.505141735272453
9.641588826497236	30.59135692867313
9.651588826497235	30.67762592942978
9.661588826497235	30.76393533455719
9.671588826497235	30.85027763856376
9.681588826497235	30.936652769332685
9.691588826497235	31.023060698513785
9.701588826497234	31.1095013658303
9.711588826497234	31.1959745979273
9.721588826497234	31.282480479850236
9.731588826497234	31.369018943063914
9.741588826497233	31.455589694138023
9.751588826497233	31.542192850481726
9.761588826497233	31.62882823502424
9.771588826497233	31.715495779017424
9.781588826497233	31.802195500616946
9.791588826497232	31.88892731094876
9.801588826497232	31.975691056510428
9.811588826497232	32.06248674238013
9.821588826497232	32.14931430511667
9.831588826497232	32.236173628333404
9.841588826497231	32.32306462685989
9.851588826497231	32.409987240221774
9.861588826497231	32.49694136939107
9.87158882649723	32.58392696375288
9.88158882649723	32.67094387745638
9.89158882649723	32.75799212949211
9.90158882649723	32.845071710037885
9.91158882649723	32.932182377985114
9.92158882649723	33.01932390996207
9.93158882649723	33.10649660539044
9.94158882649723	33.19370019535652
9.951588826497229	33.28093467537382
9.961588826497229	33.36819982907782
9.971588826497229	33.45549559047184
9.981588826497228	33.54282201620736
9.991588826497228	33.63017901536259
10.001588826497228	33.717566373724736
10.011588826497228	33.80498392637004
10.021588826497227	33.89243186225481
10.031588826497227	33.97991001729887
10.041588826497227	34.067418266946994
10.051588826497227	34.15495650358568
10.061588826497227	34.24252459362779
10.071588826497226	34.330122645452704
10.081588826497226	34.417750599832374
10.091588826497226	34.50540816250945
10.101588826497226	34.593095145537184
10.111588826497226	34.68081188373562
10.121588826497225	34.76855814721527
10.131588826497225	34.85633375781055
10.141588826497225	34.94413868107363
10.151588826497225	35.031972850199054
10.161588826497225	35.119836252934334
10.171588826497224	35.20772873672249
10.181588826497224	35.29565008819513
10.191588826497224	35.38360043508121
10.201588826497224	35.47157964713794
10.211588826497223	35.559587649990156
10.221588826497223	35.64762438579563
10.231588826497223	35.735689681783946
10.241588826497223	35.82378371645624
10.251588826497223	35.911906165734656
10.261588826497222	36.00005709400188
10.271588826497222	36.088236339439604
10.281588826497222	36.17644386004107
10.291588826497222	36.264679712205265
10.301588826497222	36.35294359695951
10.311588826497221	36.44123545117659
10.321588826497221	36.5295553373864
10.33158882649722	36.617903123265926
10.34158882649722	36.70627876018299
10.35158882649722	36.79468218294052
10.36158882649722	36.88311327846932
10.37158882649722	36.97157198627466
10.38158882649722	37.06005823727831
10.39158882649722	37.14857203113367
10.40158882649722	37.23711324873849
10.41158882649722	37.325681832480875
10.421588826497219	37.414277728118414
10.431588826497219	37.50290094826442
10.441588826497219	37.59155137728745
10.451588826497218	37.680228787361365
10.461588826497218	37.76893326207082
10.471588826497218	37.857664677808856
10.481588826497218	37.94642311184694
10.491588826497217	38.03520826015585
10.501588826497217	38.12402017905359
10.511588826497217	38.21285872570149
10.521588826497217	38.301724156287314
10.531588826497217	38.39061615819461
10.541588826497216	38.47953466877243
10.551588826497216	38.56847974882696
10.561588826497216	38.65745123495812
10.571588826497216	38.74644899168789
10.581588826497216	38.83547299562119
10.591588826497215	38.92452329579475
10.601588826497215	39.01359969730102
10.611588826497215	39.10270209002992
10.621588826497215	39.19183040802346
10.631588826497214	39.28098471540852
10.641588826497214	39.370164761713745
10.651588826497214	39.45937076938364
10.661588826497214	39.5486026296922
10.671588826497214	39.63785997368195
10.681588826497213	39.72714289102174
10.691588826497213	39.816451288491045
10.701588826497213	39.90578521696937
10.711588826497213	39.995144533973594
10.721588826497213	40.08452932791959
10.731588826497212	40.17393937451834
10.741588826497212	40.263374537045884
10.751588826497212	40.3528350093407
10.761588826497212	40.44232048634518
10.771588826497211	40.53183092180979
10.781588826497211	40.62136612779441
10.791588826497211	40.710926029443854
10.80158882649721	40.800510708888
10.81158882649721	40.89012011426835
10.82158882649721	40.979754238687974
10.83158882649721	41.0694129492443
10.84158882649721	41.15909621089359
10.85158882649721	41.24880401622849
10.86158882649721	41.3385362233063
10.87158882649721	41.42829270621948
10.88158882649721	41.518073369369276
10.891588826497209	41.60787809809519
10.901588826497209	41.69770706417546
10.911588826497209	41.78756011108607
10.921588826497208	41.87743717092145
10.931588826497208	41.967337959932934
10.941588826497208	42.057262599805625
10.951588826497208	42.1472110685271
10.961588826497207	42.2371832282055
10.971588826497207	42.327178639917065
10.981588826497207	42.41719797438366
10.991588826497207	42.507240839148814
11.001588826497207	42.597307061065706
11.011588826497206	42.687396657419775
11.021588826497206	42.77750956836334
11.031588826497206	42.86764577673739
11.041588826497206	42.95780535672868
11.051588826497206	43.04798771914051
11.061588826497205	43.1381929190698
11.071588826497205	43.22842116944466
11.081588826497205	43.31867223368579
11.091588826497205	43.4089460913172
11.101588826497204	43.499242722906814
11.111588826497204	43.58956195762498
11.121588826497204	43.67990383869822
11.131588826497204	43.77026821957326
11.141588826497204	43.86065486625541
11.151588826497203	43.95106400008687
11.161588826497203	44.04149554059652
11.171588826497203	44.13194928867241
11.181588826497203	44.222425107215706
11.191588826497203	44.31292305276627
11.201588826497202	44.40344293671891
11.211588826497202	44.49398496618959
11.221588826497202	44.584548653242095
11.231588826497202	44.675134226826344
11.241588826497201	44.765741536976975
11.251588826497201	44.85637062375063
11.261588826497201	44.9470211732101
11.2715888264972	45.03769329210604
11.2815888264972	45.12838692876877
11.2915888264972	45.219101835882654
11.3015888264972	45.30983808962259
11.3115888264972	45.4005957069548
11.3215888264972	45.49137423706709
11.3315888264972	45.58217392727061
11.3415888264972	45.67299460828849
11.3515888264972	45.763836237786016
11.361588826497199	45.85469859785914
11.371588826497199	45.94558186075819
11.381588826497198	46.03648579728368
11.391588826497198	46.12741029621808
11.401588826497198	46.21835543349049
11.411588826497198	46.30932086616802
11.421588826497198	46.40030693675495
11.431588826497197	46.491313259336295
11.441588826497197	46.58233987721994
11.451588826497197	46.67338660376065
11.461588826497197	46.76445339298126
11.471588826497197	46.855540252358246
11.481588826497196	46.946646952182476
11.491588826497196	47.03777350121673
11.501588826497196	47.12891991448888
11.511588826497196	47.2200858479673
11.521588826497196	47.31127146528212
11.531588826497195	47.40247649307742
11.541588826497195	47.49370098648038
11.551588826497195	47.584944635394194
11.561588826497195	47.67620765493196
11.571588826497194	47.76748985417452
11.581588826497194	47.85879107855748
11.591588826497194	47.95011148045057
11.601588826497194	48.041450608243906
11.611588826497194	48.132808831843825
11.621588826497193	48.224185666585036
11.631588826497193	48.31558128369713
11.641588826497193	48.40699532054203
11.651588826497193	48.49842785336133
11.661588826497193	48.589878787013795
11.671588826497192	48.68134795382637
11.681588826497192	48.772835409493176
11.691588826497192	48.86434115800344
11.701588826497192	48.95586475045678
11.711588826497191	49.04740639680478
11.721588826497191	49.13896574174341
11.731588826497191	49.23054291774486
11.74158882649719	49.322137599568805
11.75158882649719	49.413749657041784
11.76158882649719	49.50537935521067
11.77158882649719	49.597026361034274
11.78158882649719	49.68869083648608
11.79158882649719	49.78037227749392
11.80158882649719	49.87207089913867
11.81158882649719	49.963786534182546
11.82158882649719	50.055518969684854
11.831588826497189	50.14726829020397
11.841588826497189	50.239034234522784
11.851588826497188	50.330816880857505
11.861588826497188	50.42261580210901
11.871588826497188	50.514430861277994
11.881588826497188	50.60626218525324
11.891588826497188	50.69810941930921
11.901588826497187	50.789972751211
11.911588826497187	50.881851943793365
11.921588826497187	50.97374690174529
11.931588826497187	51.06565750392494
11.941588826497187	51.157583757341555
11.951588826497186	51.24952522034889
11.961588826497186	51.34148198198033
11.971588826497186	51.43345374338309
11.981588826497186	51.52544050554329
11.991588826497185	51.61744200023488
12.001588826497185	51.709458437907124
12.011588826497185	51.80148935340743
12.021588826497185	51.893534871879005
12.031588826497185	51.98559487676644
12.041588826497184	52.0776690432314
12.051588826497184	52.169757230228015
12.061588826497184	52.26185923786385
12.071588826497184	52.35397502634034
12.081588826497184	52.44610422859765
12.091588826497183	52.53824688571432
12.101588826497183	52.63040276438489
12.111588826497183	52.72257194248993
12.121588826497183	52.81475401533069
12.131588826497183	52.90694897535083
12.141588826497182	52.99915662721894
12.151588826497182	53.0913771376567
12.161588826497182	53.183609671311096
12.171588826497182	53.27585421400867
12.181588826497181	53.36811052924609
12.191588826497181	53.46037844703511
12.201588826497181	53.55265808966689
12.21158882649718	53.644949269418355
12.22158882649718	53.73725162050426
12.23158882649718	53.82956500535797
12.24158882649718	53.92188874622614
12.25158882649718	54.014223088170006
12.26158882649718	54.106567821176405
12.27158882649718	54.19892262427349
12.28158882649718	54.29128721679502
12.291588826497179	54.383661474200956
12.301588826497179	54.47604543799358
12.311588826497179	54.56843798938727
12.321588826497178	54.66083946913137
12.331588826497178	54.75324976383479
12.341588826497178	54.845668379833555
12.351588826497178	54.93809478266985
12.361588826497178	55.030529199513865
12.371588826497177	55.12297097462341
12.381588826497177	55.21541961203537
12.391588826497177	55.30787539864657
12.401588826497177	55.400337352945265
12.411588826497177	55.492805282228396
12.421588826497176	55.585279372907024
12.431588826497176	55.677758231024335
12.441588826497176	55.77024232068086
12.451588826497176	55.862731204313945
12.461588826497175	55.95522387613745
12.471588826497175	56.04772038155848
12.481588826497175	56.14022008742727
12.491588826497175	56.23272239023043
12.501588826497175	56.32522696949075
12.511588826497174	56.41773298924969
12.521588826497174	56.51024018868096
12.531588826497174	56.60274760758903
12.541588826497174	56.69525462761619
12.551588826497174	56.78776083141632
12.561588826497173	56.880265368249894
12.571588826497173	56.97276667150906
12.581588826497173	57.065264835596004
12.591588826497173	57.15775893901167
12.601588826497172	57.25024762562757
12.611588826497172	57.34273037890587
12.621588826497172	57.43520562506677
12.631588826497172	57.52767247304348
12.641588826497172	57.62012991564452
12.651588826497171	57.712576368312504
12.661588826497171	57.80501050352844
12.671588826497171	57.889533637428556
12.68158882649717	57.910600795251526
12.681773637368531	57.9106020026171
1000012.6817736374	57.9106020026171
