-100000	0
0	0
0.0033333333333333335	0.032976092749927334
0.008333333333333333	0.08323231005627721
0.01583333333333333	0.15962864744764796
0.02708333333333333	0.27554002927123605
0.043958333333333335	0.45154939355297213
0.06927083333333334	0.7189603281339771
0.10723958333333333	1.1257250698027237
0.16419270833333333	1.7452361915202919
0.24962239583333334	2.6897842316380216
0.3496223958333333	3.8120738290211387
0.4496223958333333	4.947074440056691
0.5496223958333333	6.091090183459206
0.6496223958333333	7.241554254483211
0.7496223958333332	8.39675460427422
0.8496223958333332	9.5557620458747
0.9496223958333332	10.718408698689913
1.0496223958333333	11.885341499059464
1.1496223958333334	13.057704774368613
1.2496223958333335	14.232084523720657
1.3496223958333335	15.406464338838488
1.4496223958333336	16.580844219722255
1.5496223958333337	17.755224188859987
1.6496223958333338	18.92960420991285
1.749622395833334	20.10398418863055
1.849622395833334	21.278364167348236
1.949622395833334	22.452744146066006
2.049622395833334	23.627124124783723
2.149622395833334	24.801504103501436
2.249622395833334	25.97588408221912
2.349622395833334	27.15026406093685
2.4496223958333343	28.32464403965463
2.5496223958333344	29.49902401837227
2.6496223958333345	30.673403997089952
2.7496223958333346	31.847783975807644
2.8496223958333347	33.02216395452562
2.9496223958333347	34.19654393324306
3.049622395833335	35.37092391196085
3.149622395833335	36.5453038906785
3.249622395833335	37.71968386939623
3.349622395833335	38.894063848113866
3.449622395833335	40.06844382683154
3.5496223958333353	41.242823805549264
3.6496223958333354	42.41720378426695
3.7496223958333355	43.59158376298466
3.8496223958333355	44.76596374170226
3.9496223958333356	45.940343720419946
4.049622395833335	47.11472369913763
4.149622395833335	48.28910367785544
4.249622395833335	49.46348365657298
4.349622395833334	50.63786363529057
4.449622395833334	51.812243614008345
4.5496223958333335	52.986623592725806
4.649622395833333	54.161003571443544
4.749622395833333	55.335383550161154
4.849622395833332	56.509763528878814
4.949622395833332	57.68414350759641
5.049622395833332	58.85852348631437
5.149622395833331	60.0329034650316
5.249622395833331	61.20728344374948
5.349622395833331	62.38166342246706
5.44962239583333	63.556043401184546
5.54962239583333	64.7304233799025
5.64962239583333	65.90480335861999
5.749622395833329	67.07918333733761
5.849622395833329	68.25356331605525
5.9496223958333285	69.4279432947728
6.049622395833328	70.6023232734903
6.149622395833328	71.77670325220788
6.2496223958333275	72.95108323092545
6.349622395833327	74.12546320964302
6.449622395833327	75.29984318836054
6.549622395833326	76.47422316707826
6.649622395833326	77.6486031457959
6.749622395833326	78.8229831245136
6.849622395833325	79.99736310323134
6.949622395833325	81.17174308194855
7.049622395833325	82.3461230606662
7.149622395833324	83.5205030393839
7.249622395833324	84.69488301810135
7.3496223958333236	85.86926299681903
7.449622395833323	87.04364297553666
7.549622395833323	88.2180229542541
7.6496223958333225	89.39240293297179
7.749622395833322	90.56678291168916
7.849622395833322	91.74116289040676
7.949622395833321	92.9155433468461
8.049622395833321	94.08992333230435
8.14962239583332	95.26430331776285
8.24962239583332	96.43868330322087
8.34962239583332	97.61306328867933
8.44962239583332	98.787443274137
8.54962239583332	99.96182325959528
8.649622395833319	101.13620324505345
8.749622395833319	102.31058323051158
8.849622395833318	103.48496321597015
8.949622395833318	104.65934320142802
9.049622395833318	105.83372318688626
9.149622395833317	107.00810317234468
9.249622395833317	108.18248315780288
9.349622395833316	109.35686314326131
9.449622395833316	110.53124312871928
9.549622395833316	111.70562311417798
9.649622395833315	112.8800031648281
9.749622395833315	114.05438298660675
9.849622395833315	115.22876297175627
9.949622395833314	116.40314295690524
10.049622395833314	117.57752294205457
10.149622395833314	118.75190292720436
10.249622395833313	119.92628291235388
10.349622395833313	121.10066289750242
10.449622395833313	122.27504288265138
10.549622395833312	123.44942286780122
10.649622395833312	124.6238028529502
10.749622395833311	125.7981828381001
10.849622395833311	126.97256280023755
10.94962239583331	128.14694278521802
11.04962239583331	129.32132277019804
11.14962239583331	130.49570275517928
11.24962239583331	131.50091002394186
11.34962239583331	132.47771001053317
11.449622395833309	133.4545099971243
11.549622395833309	134.43130998371637
11.649622395833308	135.40810991192205
11.749622395833308	136.38490989825863
11.849622395833308	137.3617098845955
11.949622395833307	138.3385098709303
11.950000000000001	138.3421998590225
1000011.95	138.3421998590225
