-100000	0
0	0
0.0033333333333333335	0.03297721905152556
0.008333333333333333	0.08318393569677905
0.01583333333333333	0.1594017800813483
0.02708333333333333	0.2750764101892609
0.043958333333333335	0.450730801342271
0.06927083333333334	0.7177253856201635
0.10723958333333333	1.12406189149762
0.16419270833333333	1.743286774282899
0.24962239583333334	2.688023228656052
0.3496223958333333	3.811296395132766
0.4496223958333333	4.9480201384344
0.5496223958333333	6.094467812439934
0.6496223958333333	7.248022821786266
0.7496223958333332	8.406838467843542
0.8496223958333332	9.569696579591833
0.9496223958333332	10.735950408664824
1.0496223958333333	11.905513278245468
1.1496223958333334	13.078650023698373
1.2496223958333335	14.253029908798743
1.3496223958333335	15.427409869003354
1.4496223958333336	16.601789868215846
1.5496223958333337	17.776169857446607
1.6496223958333338	18.950549846677294
1.749622395833334	20.124929835908095
1.849622395833334	21.299309825138753
1.949622395833334	22.473689814369397
2.049622395833334	23.648069803600222
2.149622395833334	24.822449792830877
2.249622395833334	25.996829782061614
2.349622395833334	27.171209771292375
2.4496223958333343	28.345589760523026
2.5496223958333344	29.519969749753717
2.6496223958333345	30.69434973898445
2.7496223958333346	31.868729728215115
2.8496223958333347	33.043109717445816
2.9496223958333347	34.217489706676574
3.049622395833335	35.39186969590727
3.149622395833335	36.56624968513791
3.249622395833335	37.74062967436854
3.349622395833335	38.915009663599264
3.449622395833335	40.08938965283002
3.5496223958333353	41.2637696420606
3.6496223958333354	42.438149631291246
3.7496223958333355	43.61252962052201
3.8496223958333355	44.78690960975268
3.9496223958333356	45.961289598983235
4.049622395833335	47.13566958821378
4.149622395833335	48.31004957744457
4.249622395833335	49.48442956667526
4.349622395833334	50.658809555905975
4.449622395833334	51.83318954513654
4.5496223958333335	53.00756953436733
4.649622395833333	54.18194952359782
4.749622395833333	55.356329512828495
4.849622395833332	56.53070950205922
4.949622395833332	57.70508949128975
5.049622395833332	58.879469480520605
5.149622395833331	60.05384946975101
5.249622395833331	61.22822945898179
5.349622395833331	62.40260944821232
5.44962239583333	63.576989437442975
5.54962239583333	64.75136942667352
5.64962239583333	65.92574941590436
5.749622395833329	67.10012940513484
5.849622395833329	68.27450939436532
5.9496223958333285	69.448889383596
6.049622395833328	70.62326937282658
6.149622395833328	71.79764936205703
6.2496223958333275	72.97202935128787
6.349622395833327	74.14640934051825
6.449622395833327	75.32078932974893
6.549622395833326	76.49516931897946
6.649622395833326	77.66954930821005
6.749622395833326	78.84392929744077
6.849622395833325	80.01830928667118
6.949622395833325	81.19268927590178
7.049622395833325	82.3670692651325
7.149622395833324	83.54144925436319
7.249622395833324	84.71582924359369
7.3496223958333236	85.89020923282388
7.449622395833323	87.06458922205474
7.549622395833323	88.23896921128518
7.6496223958333225	89.4133492005159
7.749622395833322	90.5877291897465
7.849622395833322	91.76210917897686
7.949622395833321	92.9364895005027
8.049622395833321	94.11086949403494
8.14962239583332	95.28524948756727
8.24962239583332	96.45962948109992
8.34962239583332	97.63400947463231
8.44962239583332	98.80838946816502
8.54962239583332	99.9827694616971
8.649622395833319	101.15714945522993
8.749622395833319	102.33152944876244
8.849622395833318	103.50590944229504
8.949622395833318	104.68028943582779
9.049622395833318	105.85466942935999
9.149622395833317	107.02904942289268
9.249622395833317	108.20342941642507
9.349622395833316	109.37780940995789
9.449622395833316	110.55218940349032
9.549622395833316	111.72656939702318
9.649622395833315	112.90094940091164
9.749622395833315	114.07532932485853
9.849622395833315	115.24970931802171
9.949622395833314	116.42408931118534
10.049622395833314	117.59846930434799
10.149622395833314	118.77284929751119
10.249622395833313	119.9472292906744
10.349622395833313	121.12160928383724
10.449622395833313	122.29598927700016
10.549622395833312	123.47036927016362
10.649622395833312	124.64474926332674
10.749622395833311	125.81912925648984
10.849622395833311	126.99350923543489
10.94962239583331	128.1678892285619
11.04962239583331	129.34226922168938
11.14962239583331	130.5166492148172
11.24962239583331	131.52185648609614
11.34962239583331	132.49865647994548
11.449622395833309	133.47545647379496
11.549622395833309	134.4522564676435
11.649622395833308	135.42905643475078
11.749622395833308	136.40585642848578
11.849622395833308	137.38265642222086
11.949622395833307	138.35945641595578
11.950000000000001	138.3631455217595
1000011.95	138.3631455217595
