-100000	0
0	0
0.0003333333333333333	0.003266142128169228
0.0008333333333333333	0.008186773941446564
0.0015833333333333333	0.015597290251295871
0.0027083333333333334	0.026760120042666567
0.004395833333333333	0.04358393776630779
0.006927083333333334	0.06895720082570998
0.010723958333333335	0.10725805252300176
0.016419270833333336	0.16513252293047653
0.024962239583333337	0.25268759075894465
0.03496223958333334	0.35607855801857297
0.04496223958333334	0.46027054139731466
0.05496223958333334	0.565147036755866
0.06496223958333334	0.6706260467269136
0.07496223958333334	0.7766461129333151
0.08496223958333333	0.8831585498435639
0.09496223958333333	0.990124201357003
0.10496223958333332	1.0975099501792944
0.11496223958333332	1.2052877863714084
0.12496223958333331	1.3134334782627026
0.1349622395833333	1.421925540958834
0.14496223958333332	1.5307454379692447
0.15496223958333333	1.6398759829405694
0.16496223958333334	1.7493018528170188
0.17496223958333335	1.8590093108828878
0.18496223958333335	1.9689855924898991
0.19496223958333336	2.0792192471616118
0.20496223958333337	2.1896992925714134
0.21496223958333338	2.300415909823649
0.2249622395833334	2.4113597571148015
0.2349622395833334	2.522522134647122
0.2449622395833334	2.633894804643594
0.2549622395833334	2.7454701658934626
0.2649622395833334	2.85724103052455
0.27496223958333343	2.9692005325157598
0.28496223958333344	3.081342185501256
0.29496223958333345	3.1936598714608473
0.30496223958333346	3.3061477073144165
0.31496223958333347	3.418800196860149
0.3249622395833335	3.5316119122533656
0.3349622395833335	3.6445778311725987
0.3449622395833335	3.7576930884151367
0.3549622395833335	3.8709532015467993
0.3649622395833335	3.9843534275472896
0.3749622395833335	4.09788974147602
0.38496223958333353	4.211557905000157
0.39496223958333354	4.325354020492685
0.40496223958333355	4.439274200649987
0.41496223958333356	4.5533148413685725
0.42496223958333357	4.667472312170321
0.4349622395833336	4.781743192269005
0.4449622395833336	4.896124099227152
0.4549622395833336	5.01061191143067
0.4649622395833336	5.125203482020367
0.4749622395833336	5.239895788161821
0.4849622395833336	5.3546858482262945
0.49496223958333363	5.469570894441651
0.5049622395833336	5.584548146103856
0.5149622395833336	5.699614839790385
0.5249622395833337	5.814768526770443
0.5349622395833337	5.930006607146013
0.5449622395833337	6.045326645449507
0.5549622395833337	6.160726281844997
0.5649622395833337	6.276203202998429
0.5749622395833337	6.391755088245017
0.5849622395833337	6.50737976534652
0.5949622395833337	6.62307509970689
0.6049622395833337	6.738839029032468
0.6149622395833337	6.854669478833925
0.6249622395833337	6.970564526966495
0.6349622395833338	7.086522235462873
0.6449622395833338	7.202540773981509
0.6549622395833338	7.318618177691946
0.6649622395833338	7.4347527108058475
0.6749622395833338	7.550942537533883
0.6849622395833338	7.667186062869394
0.6949622395833338	7.783481711010878
0.7049622395833338	7.899827668593352
0.7149622395833338	8.016222229281954
0.7249622395833338	8.13266367927224
0.7349622395833338	8.249150479797827
0.7449622395833339	8.365681466159574
0.7549622395833339	8.48225547399713
0.7649622395833339	8.598871167092526
0.7749622395833339	8.715526745849896
0.7849622395833339	8.83222121803115
0.7949622395833339	8.948953532424294
0.8049622395833339	9.065722615277378
0.8149622395833339	9.182527127144017
0.8249622395833339	9.299365685011525
0.8349622395833339	9.41623702373796
0.8449622395833339	9.533139924397016
0.854962239583334	9.65007327187423
0.864962239583334	9.767036023761639
0.874962239583334	9.88402708063205
0.884962239583334	10.001045409743076
0.894962239583334	10.118089954972557
0.904962239583334	10.235159828758555
0.914962239583334	10.352254123237781
0.924962239583334	10.469371867233908
0.934962239583334	10.586512105986005
0.944962239583334	10.703674011776739
0.954962239583334	10.820856837181726
0.964962239583334	10.938059708058226
0.9749622395833341	11.055281881190208
0.9849622395833341	11.172522496053206
0.9949622395833341	11.289780827318404
1.004962239583334	11.407056178292837
1.014962239583334	11.524347901411778
1.024962239583334	11.641655305316522
1.034962239583334	11.758977809019587
1.044962239583334	11.876314805383792
1.054962239583334	11.993665714017155
1.064962239583334	12.111029874666755
1.074962239583334	12.228406814123044
1.084962239583334	12.34579600811547
1.094962239583334	12.463196945869829
1.104962239583334	12.580609247402744
1.114962239583334	12.698032541276264
1.124962239583334	12.815440364058157
1.134962239583334	12.932878360501613
1.144962239583334	13.050316357328636
1.154962239583334	13.167754354539301
1.1649622395833341	13.285192352133567
1.1749622395833341	13.402630350111265
1.1849622395833341	13.520068348472414
1.1949622395833341	13.637506347216952
1.2049622395833341	13.75494434634481
1.2149622395833342	13.872382345855943
1.2249622395833342	13.989820347503002
1.2349622395833342	14.107258347287848
1.2449622395833342	14.224696347072584
1.2549622395833342	14.342134346857359
1.2649622395833342	14.459572346642124
1.2749622395833342	14.577010346426919
1.2849622395833342	14.69444834621167
1.2949622395833342	14.811886345996447
1.3049622395833342	14.929324345781215
1.3149622395833342	15.046762345566037
1.3249622395833343	15.164200345350803
1.3349622395833343	15.281638345135592
1.3449622395833343	15.399076344920378
1.3549622395833343	15.516514344705083
1.3649622395833343	15.633952344489884
1.3749622395833343	15.751390344274634
1.3849622395833343	15.868828344059454
1.3949622395833343	15.98626634384426
1.4049622395833343	16.103704343629044
1.4149622395833343	16.221142343413774
1.4249622395833343	16.338580343198586
1.4349622395833344	16.456018342983327
1.4449622395833344	16.57345634276814
1.4549622395833344	16.690894342552905
1.4649622395833344	16.808332342337707
1.4749622395833344	16.925770342122508
1.4849622395833344	17.043208341907178
1.4949622395833344	17.16064634169203
1.5049622395833344	17.278084341476823
1.5149622395833344	17.395522341261582
1.5249622395833344	17.512960341046355
1.5349622395833344	17.630398340831153
1.5449622395833345	17.74783634061588
1.5549622395833345	17.865274340400717
1.5649622395833345	17.982712340185415
1.5749622395833345	18.100150339970256
1.5849622395833345	18.217588339754982
1.5949622395833345	18.335026339539763
1.6049622395833345	18.452464339324543
1.6149622395833345	18.569902339109397
1.6249622395833345	18.687340338894114
1.6349622395833345	18.804778338678926
1.6449622395833345	18.92221633846364
1.6549622395833345	19.039654338248457
1.6649622395833346	19.157092338033205
1.6749622395833346	19.274530337818007
1.6849622395833346	19.391968337602805
1.6949622395833346	19.509406337387567
1.7049622395833346	19.626844337172322
1.7149622395833346	19.74428233695703
1.7249622395833346	19.861720336741904
1.7349622395833346	19.979158336526588
1.7449622395833346	20.09659633631145
1.7549622395833346	20.21403433609621
1.7649622395833346	20.331472335880928
1.7749622395833347	20.448910335665815
1.7849622395833347	20.566348335450556
1.7949622395833347	20.683786335235276
1.8049622395833347	20.801224335020112
1.8149622395833347	20.918662334804925
1.8249622395833347	21.03610033458963
1.8349622395833347	21.153538334374403
1.8449622395833347	21.270976334159183
1.8549622395833347	21.388414333944045
1.8649622395833347	21.505852333728747
1.8749622395833347	21.623290333513555
1.8849622395833348	21.74072833329827
1.8949622395833348	21.858166333083055
1.9049622395833348	21.975604332867807
1.9149622395833348	22.093042332652576
1.9249622395833348	22.2104803324374
1.9349622395833348	22.32791833222215
1.9449622395833348	22.445356332006988
1.9549622395833348	22.56279433179179
1.9649622395833348	22.68023233157656
1.9749622395833348	22.797670331361346
1.9849622395833348	22.915108331146076
1.9949622395833349	23.032546330930913
2.004962239583335	23.149984330715625
2.0149622395833346	23.267422330500462
2.0249622395833344	23.384860330285157
2.034962239583334	23.502298330069976
2.044962239583334	23.619736329854717
2.054962239583334	23.737174329639604
2.0649622395833336	23.85461232942423
2.0749622395833334	23.97205032920909
2.084962239583333	24.089488328993802
2.094962239583333	24.206926328778607
2.1049622395833327	24.324364328563398
2.1149622395833325	24.441802328348146
2.1249622395833323	24.559240328132933
2.134962239583332	24.67667832791772
2.144962239583332	24.794116327702515
2.1549622395833317	24.911554327487206
2.1649622395833314	25.02899232727205
2.1749622395833312	25.146430327056805
2.184962239583331	25.26386832684156
2.194962239583331	25.381306326626316
2.2049622395833306	25.498744326411067
2.2149622395833304	25.616182326195766
2.22496223958333	25.733620325980606
2.23496223958333	25.851058325765354
2.2449622395833297	25.968496325550216
2.2549622395833295	26.085934325335018
2.2649622395833293	26.20337232511978
2.274962239583329	26.32081032490447
2.284962239583329	26.438248324689226
2.2949622395833287	26.555686324474017
2.3049622395833285	26.67312432425884
2.3149622395833283	26.79056232404357
2.324962239583328	26.90800032382835
2.334962239583328	27.025438323613095
2.3449622395833276	27.14287632339789
2.3549622395833274	27.260314323182644
2.364962239583327	27.377752322967503
2.374962239583327	27.495190322752283
2.3849622395833268	27.612628322537034
2.3949622395833265	27.730066322321722
2.4049622395833263	27.84750432210651
2.414962239583326	27.964942321891325
2.424962239583326	28.082380321676094
2.4349622395833257	28.19981832146089
2.4449622395833255	28.317256321245658
2.4549622395833253	28.434694321030488
2.464962239583325	28.552132320815193
2.474962239583325	28.669570320600002
2.4849622395833246	28.787008320384775
2.4949622395833244	28.904446320169495
2.504962239583324	29.02188431995426
2.514962239583324	29.139322319738987
2.5249622395833238	29.256760319523824
2.5349622395833236	29.374198319308626
2.5449622395833233	29.491636319093438
2.554962239583323	29.60907431887817
2.564962239583323	29.72651231866284
2.5749622395833227	29.84395031844768
2.5849622395833225	29.961388318232498
2.5949622395833223	30.078826318017253
2.604962239583322	30.196264317802033
2.614962239583322	30.31370231758675
2.6249622395833216	30.43114031737163
2.6349622395833214	30.548578317156334
2.644962239583321	30.666016316941025
2.654962239583321	30.783454316725845
2.664962239583321	30.90089231651064
2.6749622395833206	31.018330316295376
2.6849622395833204	31.13576831608015
2.69496223958332	31.253206315864958
2.70496223958332	31.370644315649706
2.7149622395833197	31.488082315434525
2.7249622395833195	31.605520315219255
2.7349622395833193	31.7229583150041
2.744962239583319	31.84039631478882
2.754962239583319	31.957834314573628
2.7649622395833187	32.07527231435834
2.7749622395833184	32.192710314143106
2.7849622395833182	32.310148313927954
2.794962239583318	32.42758631371263
2.804962239583318	32.54502431349743
2.8149622395833176	32.66246231328228
2.8249622395833174	32.779900313066896
2.834962239583317	32.89733831285176
2.844962239583317	33.0147763126366
2.8549622395833167	33.13221431242125
2.8649622395833165	33.24965231220605
2.8749622395833163	33.36709031199089
2.884962239583316	33.484528311775634
2.894962239583316	33.601966311560396
2.9049622395833157	33.719404311345116
2.9149622395833155	33.83684231112995
2.9249622395833152	33.95428031091469
2.934962239583315	34.07171831069944
2.944962239583315	34.18915631048426
2.9549622395833146	34.306594310269006
2.9649622395833144	34.42403231005391
2.974962239583314	34.54147030983847
2.984962239583314	34.65890830962326
2.9949622395833138	34.77634630940818
3.0049622395833135	34.8937843091929
3.0149622395833133	35.01122230897766
3.024962239583313	35.128660308762356
3.034962239583313	35.24609830854709
3.0449622395833127	35.36353630833193
3.0549622395833125	35.48097430811668
3.0649622395833123	35.598412307901505
3.074962239583312	35.715850307686324
3.084962239583312	35.83328830747105
3.0949622395833116	35.950726307255906
3.1049622395833114	36.068164307040654
3.114962239583311	36.1856023068254
3.124962239583311	36.303040306610136
3.1349622395833108	36.42047830639492
3.1449622395833106	36.53791630617966
3.1549622395833103	36.65535430596437
3.16496223958331	36.77279230574924
3.17496223958331	36.89023030553407
3.1849622395833097	37.007668305318695
3.1949622395833095	37.12510630510349
3.2049622395833093	37.2425443048883
3.214962239583309	37.35998230467316
3.224962239583309	37.47742030445787
3.2349622395833086	37.594858304242706
3.2449622395833084	37.71229630402745
3.254962239583308	37.829734303812245
3.264962239583308	37.94717230359689
3.274962239583308	38.06461030338176
3.2849622395833076	38.182048303166574
3.2949622395833074	38.29948630295123
3.304962239583307	38.41692430273599
3.314962239583307	38.534362302520805
3.3249622395833067	38.651800302305595
3.3349622395833065	38.76923830209033
3.3449622395833063	38.886676301875134
3.354962239583306	39.00411430165982
3.364962239583306	39.12155230144461
3.3749622395833057	39.2389903012295
3.3849622395833054	39.35642830101418
3.3949622395833052	39.47386630079893
3.404962239583305	39.591304300583744
3.414962239583305	39.70874230036849
3.4249622395833046	39.826180300153226
3.4349622395833044	39.94361829993797
3.444962239583304	40.061056299722864
3.454962239583304	40.17849429950752
3.4649622395833037	40.29593229929235
3.4749622395833035	40.413370299077044
3.4849622395833033	40.530808298861984
3.494962239583303	40.648246298646676
3.504962239583303	40.76568429843146
3.5149622395833027	40.883122298216236
3.5249622395833025	41.00056029800093
3.5349622395833022	41.11799829778569
3.544962239583302	41.235436297570566
3.554962239583302	41.35287429735531
3.5649622395833016	41.47031229714005
3.5749622395833014	41.58775029692481
3.584962239583301	41.70518829670958
3.594962239583301	41.82262629649437
3.6049622395833008	41.94006429627909
3.6149622395833005	42.0575022960639
3.6249622395833003	42.174940295848636
3.6349622395833	42.292378295633384
3.6449622395833	42.40981629541817
3.6549622395832997	42.527254295202916
3.6649622395832995	42.64469229498783
3.6749622395832993	42.76213029477252
3.684962239583299	42.87956829455731
3.694962239583299	42.99700629434212
3.7049622395832986	43.114444294126784
3.7149622395832984	43.2318822939115
3.724962239583298	43.34932029369643
3.734962239583298	43.466758293480986
3.7449622395832978	43.58419629326591
3.7549622395832976	43.70163429305068
3.7649622395832973	43.819072292835486
3.774962239583297	43.93651029262021
3.784962239583297	44.05394829240493
3.7949622395832967	44.1713862921897
3.8049622395832965	44.288824291974585
3.8149622395832963	44.40626229175924
3.824962239583296	44.52370029154406
3.834962239583296	44.641138291328794
3.8449622395832956	44.758576291113584
3.8549622395832954	44.87601429089831
3.864962239583295	44.99345229068312
3.874962239583295	45.11089029046799
3.884962239583295	45.22832829025266
3.8949622395832946	45.345766290037425
3.9049622395832944	45.463204289822194
3.914962239583294	45.58064228960693
3.924962239583294	45.698080289391775
3.9349622395832937	45.81551828917655
3.9449622395832935	45.93295628896141
3.9549622395832933	46.05039428874599
3.964962239583293	46.16783228853084
3.974962239583293	46.28527028831567
3.9849622395832927	46.402708288100364
3.9949622395832924	46.52014628788515
4.004962239583293	46.63758428767004
4.0149622395832925	46.755022287454715
4.024962239583292	46.87246028723958
4.034962239583292	46.98989828702433
4.044962239583292	47.107336286809065
4.054962239583292	47.22477428659372
4.064962239583291	47.34221228637856
4.074962239583291	47.45965028616342
4.084962239583291	47.57708828594809
4.094962239583291	47.69452628573283
4.1049622395832905	47.81196428551765
4.11496223958329	47.92940228530251
4.12496223958329	48.04684028508711
4.13496223958329	48.164278284871884
4.14496223958329	48.28171628465664
4.1549622395832895	48.3991542844414
4.164962239583289	48.516592284226206
4.174962239583289	48.634030284010976
4.184962239583289	48.75146828379581
4.194962239583289	48.86890628358063
4.204962239583288	48.98634428336524
4.214962239583288	49.10378228315011
4.224962239583288	49.22122028293481
4.234962239583288	49.33865828271964
4.2449622395832876	49.456096282504454
4.254962239583287	49.573534282289124
4.264962239583287	49.69097228207388
4.274962239583287	49.80841028185855
4.284962239583287	49.92584828164356
4.2949622395832865	50.04328628142823
4.304962239583286	50.16072428121278
4.314962239583286	50.27816228099767
4.324962239583286	50.39560028078255
4.334962239583286	50.513038280567336
4.344962239583285	50.63047628035195
4.354962239583285	50.74791428013682
4.364962239583285	50.86535227992156
4.374962239583285	50.98279027970643
4.384962239583285	51.100228279491176
4.394962239583284	51.21766627927601
4.404962239583284	51.33510427906065
4.414962239583284	51.452542278845456
4.424962239583284	51.56998027863009
4.4349622395832835	51.68741827841477
4.444962239583283	51.8048562781997
4.454962239583283	51.92229427798449
4.464962239583283	52.03973227776924
4.474962239583283	52.15717027755401
4.484962239583282	52.27460827733895
4.494962239583282	52.392046277123704
4.504962239583282	52.509484276908374
4.514962239583282	52.62692227669305
4.524962239583282	52.74436027647791
4.534962239583281	52.86179827626255
4.544962239583281	52.979236276047416
4.554962239583281	53.09667427583213
4.564962239583281	53.21411227561705
4.5749622395832805	53.33155027540175
4.58496223958328	53.44898827518659
4.59496223958328	53.566426274971285
4.60496223958328	53.683864274756004
4.61496223958328	53.801302274540745
4.6249622395832795	53.91874027432557
4.634962239583279	54.036178274110256
4.644962239583279	54.15361627389506
4.654962239583279	54.27105427367978
4.664962239583279	54.38849227346455
4.674962239583278	54.50593027324936
4.684962239583278	54.6233682730342
4.694962239583278	54.74080627281895
4.704962239583278	54.858244272603756
4.7149622395832775	54.97568227238845
4.724962239583277	55.09312027217319
4.734962239583277	55.21055827195796
4.744962239583277	55.32799627174286
4.754962239583277	55.445434271527475
4.7649622395832765	55.56287227131222
4.774962239583276	55.68031027109704
4.784962239583276	55.79774827088178
4.794962239583276	55.91518627066668
4.804962239583276	56.03262427045137
4.814962239583275	56.150062270236184
4.824962239583275	56.2675002700209
4.834962239583275	56.38493826980563
4.844962239583275	56.50237626959052
4.8549622395832746	56.61981426937522
4.864962239583274	56.737252269160024
4.874962239583274	56.85469026894483
4.884962239583274	56.97212826872952
4.894962239583274	57.089566268514346
4.9049622395832735	57.207004268298945
4.914962239583273	57.32444226808394
4.924962239583273	57.44188026786862
4.934962239583273	57.559318267653296
4.944962239583273	57.676756267438165
4.954962239583272	57.794194267222984
4.964962239583272	57.9116322670077
4.974962239583272	58.02907026679251
4.984962239583272	58.14650826657725
4.994962239583272	58.26394626636197
5.004962239583271	58.381384266146604
5.014962239583271	58.49882226593157
5.024962239583271	58.61626026571632
5.034962239583271	58.733698265501005
5.0449622395832705	58.8511362652859
5.05496223958327	58.968574265070615
5.06496223958327	59.08601226485541
5.07496223958327	59.203450264640004
5.08496223958327	59.32088826442489
5.094962239583269	59.43832626420961
5.104962239583269	59.5557642639944
5.114962239583269	59.673202263779096
5.124962239583269	59.790640263563965
5.134962239583269	59.90807826334866
5.144962239583268	60.02551626313345
5.154962239583268	60.14295426291818
5.164962239583268	60.260392262703014
5.174962239583268	60.377830262487755
5.1849622395832675	60.495268262272354
5.194962239583267	60.61270626205728
5.204962239583267	60.730144261842085
5.214962239583267	60.847582261626805
5.224962239583267	60.965020261411524
5.2349622395832665	61.082458261196415
5.244962239583266	61.19989626098104
5.254962239583266	61.31733426076586
5.264962239583266	61.434772260550744
5.274962239583266	61.552210260335315
5.284962239583265	61.669648260120134
5.294962239583265	61.78708625990504
5.304962239583265	61.90452425968964
5.314962239583265	62.02196225947454
5.3249622395832645	62.13940025925931
5.334962239583264	62.25683825904406
5.344962239583264	62.37427625882865
5.354962239583264	62.49171425861355
5.364962239583264	62.60915225839835
5.3749622395832635	62.726590258183066
5.384962239583263	62.84402825796795
5.394962239583263	62.96146625775252
5.404962239583263	63.07890425753727
5.414962239583263	63.19634225732209
5.424962239583262	63.313780257106835
5.434962239583262	63.431218256891654
5.444962239583262	63.54865625667655
5.454962239583262	63.66609425646114
5.4649622395832615	63.78353225624608
5.474962239583261	63.90097025603079
5.484962239583261	64.01840825581556
5.494962239583261	64.13584625560014
5.504962239583261	64.2532842553851
5.5149622395832605	64.3707222551698
5.52496223958326	64.48816025495444
5.53496223958326	64.60559825473929
5.54496223958326	64.72303625452408
5.55496223958326	64.84047425430879
5.564962239583259	64.9579122540935
5.574962239583259	65.07535025387845
5.584962239583259	65.19278825366318
5.594962239583259	65.31022625344782
5.604962239583259	65.42766425323266
5.614962239583258	65.54510225301738
5.624962239583258	65.66254025280224
5.634962239583258	65.77997825258703
5.644962239583258	65.89741625237184
5.6549622395832575	66.01485425215661
5.664962239583257	66.13229225194131
5.674962239583257	66.24973025172602
5.684962239583257	66.3671682515106
5.694962239583257	66.48460625129552
5.704962239583256	66.60204425108034
5.714962239583256	66.71948225086516
5.724962239583256	66.83692025064994
5.734962239583256	66.95435825043457
5.744962239583256	67.07179625021936
5.754962239583255	67.18923425000419
5.764962239583255	67.30667224978887
5.774962239583255	67.42411024957372
5.784962239583255	67.5415482493584
5.7949622395832545	67.65898624914317
5.804962239583254	67.77642424892798
5.814962239583254	67.89386224871272
5.824962239583254	68.01130024849755
5.834962239583254	68.12873824828236
5.8449622395832534	68.24617624806694
5.854962239583253	68.36361424785186
5.864962239583253	68.48105224763644
5.874962239583253	68.59849024742144
5.884962239583253	68.71592824720614
5.894962239583252	68.83336624699086
5.904962239583252	68.95080424677568
5.914962239583252	69.06824224656042
5.924962239583252	69.18568024634523
5.9349622395832515	69.30311824612959
5.944962239583251	69.42055624591467
5.954962239583251	69.53799424569942
5.964962239583251	69.65543224548396
5.974962239583251	69.77287024526889
5.9849622395832505	69.89030824505359
5.99496223958325	70.00774624483836
6.00496223958325	70.12518424462316
6.01496223958325	70.24262224440785
6.02496223958325	70.3600602441927
6.034962239583249	70.47749824397734
6.044962239583249	70.5949362437623
6.054962239583249	70.71237424354707
6.064962239583249	70.8298122433317
6.0749622395832485	70.94725024311654
6.084962239583248	71.06468824290128
6.094962239583248	71.18212624268611
6.104962239583248	71.29956424247058
6.114962239583248	71.41700224225553
6.1249622395832475	71.53444024204049
6.134962239583247	71.65187824182507
6.144962239583247	71.7693162416098
6.154962239583247	71.88675424139451
6.164962239583247	72.00419224117924
6.174962239583246	72.12163024096415
6.184962239583246	72.23906824074895
6.194962239583246	72.3565062405336
6.204962239583246	72.47394424031857
6.214962239583246	72.5913822401031
6.224962239583245	72.70882023988806
6.234962239583245	72.82625823967268
6.244962239583245	72.9436962394575
6.254962239583245	73.06113423924234
6.2649622395832445	73.17857223902693
6.274962239583244	73.29601023881182
6.284962239583244	73.41344823859649
6.294962239583244	73.53088623838141
6.304962239583244	73.64832423816604
6.314962239583243	73.76576223795081
6.324962239583243	73.8832002377357
6.334962239583243	74.0006382375205
6.344962239583243	74.11807623730508
6.354962239583243	74.23551423708977
6.364962239583242	74.35295223687464
6.374962239583242	74.47039023665934
6.384962239583242	74.58782823644412
6.394962239583242	74.7052662362289
6.4049622395832415	74.82270423601368
6.414962239583241	74.94014223579848
6.424962239583241	75.05758023558322
6.434962239583241	75.17501823536797
6.444962239583241	75.29245623515267
6.4549622395832404	75.40989423493747
6.46496223958324	75.52733223472234
6.47496223958324	75.64477023450699
6.48496223958324	75.76220823429179
6.49496223958324	75.87964623407656
6.504962239583239	75.99708423386132
6.514962239583239	76.1145222336462
6.524962239583239	76.23196023343088
6.534962239583239	76.3493982332155
6.5449622395832385	76.46683623300024
6.554962239583238	76.58427423278502
6.564962239583238	76.70171223257006
6.574962239583238	76.8191502323548
6.584962239583238	76.9365882321395
6.5949622395832375	77.05402623192414
6.604962239583237	77.17146423170897
6.614962239583237	77.28890223149357
6.624962239583237	77.40634023127848
6.634962239583237	77.52377823106319
6.644962239583236	77.64121623084796
6.654962239583236	77.75865423063279
6.664962239583236	77.87609223041746
6.674962239583236	77.99353023020227
6.6849622395832355	78.11096822998681
6.694962239583235	78.22840622977174
6.704962239583235	78.34584422955677
6.714962239583235	78.46328222934117
6.724962239583235	78.5807202291261
6.7349622395832345	78.69815822891081
6.744962239583234	78.81559622869544
6.754962239583234	78.9330342284803
6.764962239583234	79.05047222826515
6.774962239583234	79.16791022804986
6.784962239583233	79.2853482278346
6.794962239583233	79.40278622761944
6.804962239583233	79.52022422740411
6.814962239583233	79.6376622271889
6.824962239583233	79.75510022697375
6.834962239583232	79.87253822675848
6.844962239583232	79.98997622654319
6.854962239583232	80.10741422632793
6.864962239583232	80.22485222611286
6.8749622395832315	80.34229022589768
6.884962239583231	80.45972822568237
6.894962239583231	80.57716622546694
6.904962239583231	80.69460422525181
6.914962239583231	80.81204222503638
6.92496223958323	80.92948022482119
6.93496223958323	81.04691822460606
6.94496223958323	81.16435622439081
6.95496223958323	81.28179422417553
6.96496223958323	81.39923222396031
6.974962239583229	81.5166702237449
6.984962239583229	81.6341082235298
6.994962239583229	81.75154622331473
7.004962239583229	81.86898422309947
7.0149622395832285	81.98642222288431
7.024962239583228	82.10386022266894
7.034962239583228	82.2212982224535
7.044962239583228	82.33873622223842
7.054962239583228	82.4561742220232
7.064962239583227	82.57361222180802
7.074962239583227	82.69105022159283
7.084962239583227	82.80848822137756
7.094962239583227	82.92592622116224
7.104962239583227	83.04336422094691
7.114962239583226	83.16080222073157
7.124962239583226	83.2782402205166
7.134962239583226	83.39567822030125
7.144962239583226	83.51311622008596
7.1549622395832255	83.6305542198709
7.164962239583225	83.74799221965556
7.174962239583225	83.8654302194403
7.184962239583225	83.98286821922494
7.194962239583225	84.10030621900981
7.2049622395832245	84.21774421879465
7.214962239583224	84.33518221857942
7.224962239583224	84.4526202183642
7.234962239583224	84.57005821814899
7.244962239583224	84.68749621793359
7.254962239583223	84.80493421771853
7.264962239583223	84.92237221750328
7.274962239583223	85.0398102172879
7.284962239583223	85.15724821707275
7.2949622395832225	85.27468621685746
7.304962239583222	85.3921242166421
7.314962239583222	85.50956221642707
7.324962239583222	85.62700021621167
7.334962239583222	85.7444382159966
7.3449622395832215	85.86187621578118
7.354962239583221	85.97931421556598
7.364962239583221	86.09675221535085
7.374962239583221	86.21419021513535
7.384962239583221	86.33162821492027
7.39496223958322	86.44906621470523
7.40496223958322	86.56650421448983
7.41496223958322	86.68394221427461
7.42496223958322	86.80138021405926
7.43496223958322	86.91881821384415
7.444962239583219	87.03625621362865
7.454962239583219	87.1536942134137
7.464962239583219	87.27113221319821
7.474962239583219	87.38857021298308
7.4849622395832185	87.50600821276788
7.494962239583218	87.62344621255262
7.504962239583218	87.74088421233738
7.514962239583218	87.85832221212195
7.524962239583218	87.97576021190704
7.534962239583217	88.09319821169177
7.544962239583217	88.21063621147667
7.554962239583217	88.32807421126134
7.564962239583217	88.445512211046
7.574962239583217	88.5629502108308
7.584962239583216	88.68038821061543
7.594962239583216	88.79782621040029
7.604962239583216	88.91526421018482
7.614962239583216	89.0327022099699
7.6249622395832155	89.15014020975454
7.634962239583215	89.26757820953912
7.644962239583215	89.38501620932406
7.654962239583215	89.50245420910905
7.664962239583215	89.61989220889367
7.674962239583214	89.73733020867847
7.684962239583214	89.85476820846313
7.694962239583214	89.97220620824773
7.704962239583214	90.08964420803247
7.714962239583214	90.20708220781732
7.724962239583213	90.32452020760198
7.734962239583213	90.44195820738682
7.744962239583213	90.55939620717155
7.754962239583213	90.67683420695646
7.7649622395832125	90.79427220674134
7.774962239583212	90.91171020652602
7.784962239583212	91.0291482063105
7.794962239583212	91.14658620609542
7.804962239583212	91.26402420588006
7.8149622395832115	91.38146220566493
7.824962239583211	91.49890020544957
7.834962239583211	91.61633820523448
7.844962239583211	91.73377620501924
7.854962239583211	91.85121420480428
7.86496223958321	91.96865220458893
7.87496223958321	92.08609020437366
7.88496223958321	92.20352820415819
7.89496223958321	92.32096620394294
7.9049622395832095	92.43840420372784
7.914962239583209	92.55584220351238
7.924962239583209	92.67328020329747
7.934962239583209	92.79071820308214
7.944962239583209	92.90815629903256
7.9549622395832085	93.02559429893445
7.964962239583208	93.14303229883616
7.974962239583208	93.26047029873779
7.984962239583208	93.37790829863957
7.994962239583208	93.49534629854098
8.004962239583207	93.61278429844296
8.014962239583207	93.73022229834461
8.024962239583207	93.84766029824644
8.034962239583207	93.96509829814822
8.044962239583207	94.08253629804962
8.054962239583206	94.19997429795154
8.064962239583206	94.31741229785338
8.074962239583206	94.43485029775513
8.084962239583206	94.55228829765662
8.094962239583205	94.66972629755873
8.104962239583205	94.78716429746018
8.114962239583205	94.90460229736162
8.124962239583205	95.02204029726359
8.134962239583205	95.13947829716516
8.144962239583204	95.25691629706677
8.154962239583204	95.37435429696879
8.164962239583204	95.49179229687051
8.174962239583204	95.60923029677211
8.184962239583204	95.72666829667408
8.194962239583203	95.84410629657523
8.204962239583203	95.9615442964771
8.214962239583203	96.07898229637902
8.224962239583203	96.1964202962804
8.234962239583203	96.31385829618218
8.244962239583202	96.43129629608413
8.254962239583202	96.54873429598562
8.264962239583202	96.66617229588756
8.274962239583202	96.78361029578915
8.284962239583201	96.90104829569091
8.294962239583201	97.01848629559264
8.304962239583201	97.13592429549429
8.3149622395832	97.25336229539644
8.3249622395832	97.3708002952977
8.3349622395832	97.48823829519944
8.3449622395832	97.60567629510115
8.3549622395832	97.72311429500292
8.3649622395832	97.84055229490434
8.3749622395832	97.95799029480648
8.3849622395832	98.075428294708
8.394962239583199	98.19286629460973
8.404962239583199	98.3103042945115
8.414962239583199	98.4277422944131
8.424962239583198	98.54518029431512
8.434962239583198	98.66261829421668
8.444962239583198	98.78005629411828
8.454962239583198	98.89749429402003
8.464962239583198	99.01493229392156
8.474962239583197	99.13237029382353
8.484962239583197	99.24980829372537
8.494962239583197	99.36724629362678
8.504962239583197	99.48468429352866
8.514962239583197	99.60212229343041
8.524962239583196	99.71956029333194
8.534962239583196	99.83699829323386
8.544962239583196	99.95443629313544
8.554962239583196	100.07187429303741
8.564962239583195	100.18931229293882
8.574962239583195	100.30675029284058
8.584962239583195	100.42418829274251
8.594962239583195	100.5416262926444
8.604962239583195	100.6590642925459
8.614962239583194	100.77650229244738
8.624962239583194	100.89394029234919
8.634962239583194	101.011378292251
8.644962239583194	101.12881629215242
8.654962239583194	101.24625429205439
8.664962239583193	101.363692291956
8.674962239583193	101.48113029185791
8.684962239583193	101.59856829175935
8.694962239583193	101.71600629166116
8.704962239583192	101.83344429156273
8.714962239583192	101.95088229146452
8.724962239583192	102.06832029136638
8.734962239583192	102.18575829126823
8.744962239583192	102.30319629116968
8.754962239583191	102.42063429107141
8.764962239583191	102.53807229097299
8.774962239583191	102.65551029087479
8.78496223958319	102.77294829077654
8.79496223958319	102.8903862906782
8.80496223958319	103.00782429058003
8.81496223958319	103.12526229048176
8.82496223958319	103.24270029038377
8.83496223958319	103.36013829028492
8.84496223958319	103.47757629018682
8.85496223958319	103.59501429008873
8.864962239583189	103.71245228999035
8.874962239583189	103.82989028989223
8.884962239583189	103.9473282897939
8.894962239583188	104.06476628969527
8.904962239583188	104.18220428959754
8.914962239583188	104.29964228949912
8.924962239583188	104.4170802894008
8.934962239583188	104.5345182893022
8.944962239583187	104.65195628920402
8.954962239583187	104.7693942891058
8.964962239583187	104.88683228900781
8.974962239583187	105.0042702889093
8.984962239583187	105.121708288811
8.994962239583186	105.23914628871293
9.004962239583186	105.35658428861419
9.014962239583186	105.47402228851628
9.024962239583186	105.59146028841786
9.034962239583185	105.70889828831965
9.044962239583185	105.82633628822123
9.054962239583185	105.94377428812304
9.064962239583185	106.06121228802456
9.074962239583185	106.1786502879265
9.084962239583184	106.29608828782858
9.094962239583184	106.41352628773012
9.104962239583184	106.53096428763175
9.114962239583184	106.64840228753339
9.124962239583184	106.76584028743531
9.134962239583183	106.88327828733723
9.144962239583183	107.00071628723849
9.154962239583183	107.11815428714021
9.164962239583183	107.23559228704201
9.174962239583182	107.35303028694399
9.184962239583182	107.47046828684583
9.194962239583182	107.58790628674757
9.204962239583182	107.70534428664885
9.214962239583182	107.82278228655052
9.224962239583181	107.94022028645249
9.234962239583181	108.05765828635406
9.244962239583181	108.17509628625615
9.25496223958318	108.29253428615726
9.26496223958318	108.40997228605914
9.27496223958318	108.52741028596115
9.28496223958318	108.64484828586266
9.29496223958318	108.76228628576492
9.30496223958318	108.87972428566609
9.31496223958318	108.99716228556804
9.32496223958318	109.11460028546948
9.334962239583179	109.23203828537153
9.344962239583179	109.3494762852728
9.354962239583179	109.46691428517467
9.364962239583178	109.58435228507642
9.374962239583178	109.7017902849785
9.384962239583178	109.81922828487991
9.394962239583178	109.93666628478186
9.404962239583178	110.05410428468336
9.414962239583177	110.17154228458497
9.424962239583177	110.28898028448668
9.434962239583177	110.40641828438864
9.444962239583177	110.52385628429026
9.454962239583176	110.64129428419211
9.464962239583176	110.75873228409395
9.474962239583176	110.87617028399535
9.484962239583176	110.9936082838974
9.494962239583176	111.11104628379876
9.504962239583175	111.2284842837004
9.514962239583175	111.34592228360262
9.524962239583175	111.46336028350389
9.534962239583175	111.58079828340578
9.544962239583175	111.69823628330754
9.554962239583174	111.8156742832091
9.564962239583174	111.93311228311121
9.574962239583174	112.05055028301284
9.584962239583174	112.16798828291435
9.594962239583174	112.28542628281639
9.604962239583173	112.40286428271789
9.614962239583173	112.52030228261967
9.624962239583173	112.63774028252125
9.634962239583173	112.75517828242309
9.644962239583172	112.87261628071042
9.654962239583172	112.99005427181935
9.664962239583172	113.1074922717174
9.674962239583172	113.22493027133629
9.684962239583172	113.3423682712274
9.694962239583171	113.45980627111966
9.704962239583171	113.57724427101019
9.714962239583171	113.69468227090188
9.72496223958317	113.81212027079287
9.73496223958317	113.92955827068388
9.74496223958317	114.04699627057528
9.75496223958317	114.16443427046639
9.76496223958317	114.28187227035765
9.77496223958317	114.39931027024885
9.78496223958317	114.51674827014003
9.79496223958317	114.63418627003132
9.804962239583169	114.75162426992262
9.814962239583169	114.86906226981378
9.824962239583169	114.98650026970525
9.834962239583168	115.103938269596
9.844962239583168	115.22137626948712
9.854962239583168	115.33881426937837
9.864962239583168	115.4562522692699
9.874962239583168	115.57369026916092
9.884962239583167	115.6911282690523
9.894962239583167	115.80856626894362
9.904962239583167	115.92600426883509
9.914962239583167	116.0434422687259
9.924962239583166	116.16088026861736
9.934962239583166	116.27831826850877
9.944962239583166	116.3957562684
9.954962239583166	116.51319426829104
9.964962239583166	116.63063226818248
9.974962239583165	116.74807026807342
9.984962239583165	116.86550826796494
9.994962239583165	116.98294626785614
10.004962239583165	117.10038426774729
10.014962239583165	117.21782226763827
10.024962239583164	117.33526026752972
10.034962239583164	117.45269826742073
10.044962239583164	117.57013626731204
10.054962239583164	117.68757426720323
10.064962239583163	117.80501226709494
10.074962239583163	117.92245026698578
10.084962239583163	118.03988826687754
10.094962239583163	118.15732626676876
10.104962239583163	118.27476426665979
10.114962239583162	118.39220226655095
10.124962239583162	118.50964026644209
10.134962239583162	118.62707826633336
10.144962239583162	118.74451626622454
10.154962239583162	118.86195426611607
10.164962239583161	118.97939226600707
10.174962239583161	119.09683026589862
10.184962239583161	119.21426826578936
10.19496223958316	119.33170626568074
10.20496223958316	119.44914426557202
10.21496223958316	119.56658226546361
10.22496223958316	119.68402026535475
10.23496223958316	119.80145826524554
10.24496223958316	119.91889626513704
10.25496223958316	120.0363342650283
10.26496223958316	120.15377226491944
10.274962239583159	120.2712102648104
10.284962239583159	120.38864826470191
10.294962239583159	120.5060862645936
10.304962239583158	120.6235242644845
10.314962239583158	120.74096226437524
10.324962239583158	120.85840026426685
10.334962239583158	120.97583826415799
10.344962239583158	121.09327626404955
10.354962239583157	121.21071426394072
10.364962239583157	121.32815226383178
10.374962239583157	121.44559026372309
10.384962239583157	121.5630282636143
10.394962239583156	121.68046626350572
10.404962239583156	121.79790426339679
10.414962239583156	121.9153422632881
10.424962239583156	122.03278026317957
10.434962239583156	122.15021826307056
10.444962239583155	122.26765626296198
10.454962239583155	122.38509426285285
10.464962239583155	122.50253226274424
10.474962239583155	122.61997026263543
10.484962239583155	122.73740826252671
10.494962239583154	122.85484626241788
10.504962239583154	122.9722842623093
10.514962239583154	123.0897222622006
10.524962239583154	123.20716026209145
10.534962239583153	123.32459826198335
10.544962239583153	123.44203626187458
10.554962239583153	123.5594742617654
10.564962239583153	123.6769122616568
10.574962239583153	123.79435026154789
10.584962239583152	123.9117882614392
10.594962239583152	124.02922626133042
10.604962239583152	124.14666426122142
10.614962239583152	124.26410226111294
10.624962239583152	124.38154026100396
10.634962239583151	124.49897826089517
10.644962239583151	124.61641626078672
10.654962239583151	124.73385426067777
10.66496223958315	124.851292260569
10.67496223958315	124.96873026046029
10.68496223958315	125.08616826035158
10.69496223958315	125.20360626024267
10.70496223958315	125.32104426013426
10.71496223958315	125.43848226002537
10.72496223958315	125.55592025991652
10.73496223958315	125.67335825980766
10.744962239583149	125.79079625969895
10.754962239583149	125.90823425959026
10.764962239583149	126.0256722594813
10.774962239583148	126.14311025937245
10.784962239583148	126.26054825926424
10.794962239583148	126.37798625915504
10.804962239583148	126.49542425904662
10.814962239583148	126.61286225893751
10.824962239583147	126.73030025697234
10.834962239583147	126.84773825686122
10.844962239583147	126.96517625488777
10.854962239583147	127.08261425477973
10.864962239583146	127.2000522546715
10.874962239583146	127.3174902545643
10.884962239583146	127.43492825445635
10.894962239583146	127.55236625434878
10.904962239583146	127.66980425424065
10.914962239583145	127.78724225413302
10.924962239583145	127.9046802540246
10.934962239583145	128.02211825391709
10.944962239583145	128.13955625380933
10.954962239583145	128.25699425370132
10.964962239583144	128.37443225359382
10.974962239583144	128.49187025348604
10.984962239583144	128.6093082533785
10.994962239583144	128.72674625327025
11.004962239583143	128.84418425316218
11.014962239583143	128.96162225305392
11.024962239583143	129.07906025294636
11.034962239583143	129.19649825283878
11.044962239583143	129.313936252731
11.054962239583142	129.43137425262302
11.064962239583142	129.54881225251498
11.074962239583142	129.66625025240697
11.084962239583142	129.78368825229896
11.094962239583142	129.90112625219157
11.104962239583141	130.0185642520831
11.114962239583141	130.13600225197533
11.124962239583141	130.25344025186777
11.13496223958314	130.37087825176002
11.14496223958314	130.48831625165218
11.15496223958314	130.6057542515441
11.16496223958314	130.72129105903696
11.17496223958314	130.8189710589386
11.18496223958314	130.9166510588397
11.19496223958314	131.01433105874165
11.20496223958314	131.11201105864257
11.214962239583139	131.209691058544
11.224962239583139	131.30737105844534
11.234962239583139	131.40505105834623
11.244962239583138	131.50273105824812
11.254962239583138	131.6004110581496
11.264962239583138	131.69809105805098
11.274962239583138	131.79577105795195
11.284962239583137	131.8934510578534
11.294962239583137	131.99113105775547
11.304962239583137	132.0888110576568
11.314962239583137	132.18649105755776
11.324962239583137	132.2841710574592
11.334962239583136	132.3818510573607
11.344962239583136	132.47953105726214
11.354962239583136	132.57721105716325
11.364962239583136	132.67489105706468
11.374962239583136	132.77257105696575
11.384962239583135	132.87025105686737
11.394962239583135	132.9679310567689
11.404962239583135	133.06561105667012
11.414962239583135	133.1632910565721
11.424962239583135	133.26097105647244
11.434962239583134	133.35865105637436
11.444962239583134	133.45633105627553
11.454962239583134	133.5540110561773
11.464962239583134	133.6516910560784
11.474962239583133	133.74937105598016
11.484962239583133	133.84705105588137
11.494962239583133	133.94473105578257
11.504962239583133	134.04241105568414
11.514962239583133	134.14009105558534
11.524962239583132	134.23777105548615
11.534962239583132	134.33545105538786
11.544962239583132	134.43313105528938
11.554962239583132	134.53081105519155
11.564962239583132	134.6284910550924
11.574962239583131	134.72617105499407
11.584962239583131	134.82385105489527
11.59496223958313	134.92153105479613
11.60496223958313	135.01921105469802
11.61496223958313	135.11689105459902
11.62496223958313	135.21457105228575
11.63496223958313	135.31225105218067
11.64496223958313	135.40993104984935
11.65496223958313	135.5076110497489
11.66496223958313	135.6052910496484
11.67496223958313	135.70297104954787
11.684962239583129	135.80065104944745
11.694962239583129	135.89833104934655
11.704962239583129	135.99601104924636
11.714962239583128	136.09369104914592
11.724962239583128	136.19137104904556
11.734962239583128	136.2890510489451
11.744962239583128	136.38673104884444
11.754962239583127	136.4844110487446
11.764962239583127	136.5820910486439
11.774962239583127	136.67977104854313
11.784962239583127	136.7774510484433
11.794962239583127	136.87513104834275
11.804962239583126	136.97281104824205
11.814962239583126	137.0704910481418
11.824962239583126	137.16817104804164
11.834962239583126	137.2658510479403
11.844962239583126	137.36353104784018
11.854962239583125	137.46121104773985
11.864962239583125	137.55889104763935
11.874962239583125	137.65657104753885
11.884962239583125	137.7542510474381
11.894962239583124	137.85193104733779
11.904962239583124	137.94961104723703
11.914962239583124	138.04729104713715
11.924962239583124	138.1449710470359
11.934962239583124	138.24265104693535
11.944962239583123	138.34033104683587
11.950000000000001	138.3895399832265
1000011.95	138.3895399832265
