-100000	0
0	0
0.0003333333333333333	0.003224468971213713
0.0008333333333333333	0.008077657422232
0.0015833333333333333	0.015378807528329808
0.0027083333333333334	0.026370591135767302
0.004395833333333333	0.04293048834555704
0.006927083333333334	0.06790168884373685
0.010723958333333335	0.10559529685737375
0.016419270833333336	0.16255887581914996
0.024962239583333337	0.24876502165294054
0.03496223958333334	0.35060486759464676
0.04496223958333334	0.45328703817288846
0.05496223958333334	0.5566915021181821
0.06496223958333334	0.6607361955357274
0.07496223958333334	0.7653583138071598
0.08496223958333333	0.8705076844609968
0.09496223958333333	0.9761442942143755
0.10496223958333332	1.0822336063078604
0.11496223958333332	1.1887464994805075
0.12496223958333331	1.2956572657357186
0.1349622395833333	1.4029439517854847
0.14496223958333332	1.5105868514268224
0.15496223958333333	1.6185682295761492
0.16496223958333334	1.7268718640558718
0.17496223958333335	1.8354836600292717
0.18496223958333335	1.944389892624673
0.19496223958333336	2.0535783465166193
0.20496223958333337	2.1630376777715465
0.21496223958333338	2.2727571748079973
0.2249622395833334	2.3827275570493316
0.2349622395833334	2.4929394038703068
0.2449622395833334	2.6033842483715923
0.2549622395833334	2.7140538878355285
0.2649622395833334	2.8249408807332976
0.27496223958333343	2.936037865187475
0.28496223958333344	3.0473381909603097
0.29496223958333345	3.1588353031462892
0.30496223958333346	3.270523030922452
0.31496223958333347	3.3823953743955304
0.3249622395833335	3.4944474114970583
0.3349622395833335	3.606673254359383
0.3449622395833335	3.7190680100400826
0.3549622395833335	3.831626544717501
0.3649622395833335	3.94434480663079
0.3749622395833335	4.05721757864958
0.38496223958333353	4.170240929349035
0.39496223958333354	4.283410687830235
0.40496223958333355	4.3967228447993545
0.41496223958333356	4.5101734586648785
0.42496223958333357	4.623758441253631
0.4349622395833336	4.737474805442234
0.4449622395833336	4.851319106817758
0.4549622395833336	4.965287535402434
0.4649622395833336	5.079377082635928
0.4749622395833336	5.193584299045499
0.4849622395833336	5.307906458890074
0.49496223958333363	5.4223403109155575
0.5049622395833336	5.536883137421284
0.5149622395833336	5.651531997464056
0.5249622395833337	5.766284100829559
0.5349622395833337	5.881136643595522
0.5449622395833337	5.99608719915584
0.5549622395833337	6.111133135995095
0.5649622395833337	6.226271908581059
0.5749622395833337	6.3415009779737215
0.5849622395833337	6.456818111043237
0.5949622395833337	6.572220834236694
0.6049622395833337	6.687706876100597
0.6149622395833337	6.803274071516619
0.6249622395833337	6.918920039499623
0.6349622395833338	7.034642643113768
0.6449622395833338	7.150439818871883
0.6549622395833338	7.266309111613417
0.6649622395833338	7.382248861521363
0.6749622395833338	7.498256941518512
0.6849622395833338	7.614331162379784
0.6949622395833338	7.730469514128819
0.7049622395833338	7.846669805148045
0.7149622395833338	7.962930497117001
0.7249622395833338	8.079249367030084
0.7349622395833338	8.19562460148025
0.7449622395833339	8.312054058621936
0.7549622395833339	8.428536139871392
0.7649622395833339	8.545068638289003
0.7749622395833339	8.661649995582815
0.7849622395833339	8.778278284406857
0.7949622395833339	8.894951614549539
0.8049622395833339	9.011668245692828
0.8149622395833339	9.128426234030533
0.8249622395833339	9.245224111280809
0.8349622395833339	9.362059815900016
0.8449622395833339	9.478931726804495
0.854962239583334	9.595838076060849
0.864962239583334	9.712777459004743
0.874962239583334	9.829747914817567
0.884962239583334	9.946748175537026
0.894962239583334	10.063776458662218
0.904962239583334	10.18083128849956
0.914962239583334	10.297911077422947
0.924962239583334	10.415014759773012
0.934962239583334	10.532140650739025
0.944962239583334	10.649287715344634
0.954962239583334	10.766454579059966
0.964962239583334	10.883640015915805
0.9749622395833341	11.000843060899431
0.9849622395833341	11.118062675882157
0.9949622395833341	11.235297974719721
1.004962239583334	11.352548152505427
1.014962239583334	11.469812436466766
1.024962239583334	11.587090215770337
1.034962239583334	11.704381064592509
1.044962239583334	11.82168461620602
1.054962239583334	11.939000651819006
1.064962239583334	12.056329069666273
1.074962239583334	12.173670054834712
1.084962239583334	12.291023823687254
1.094962239583334	12.408390892554046
1.104962239583334	12.525771812940313
1.114962239583334	12.643167266489485
1.124962239583334	12.76057787960333
1.134962239583334	12.877994646776576
1.144962239583334	12.995411240860802
1.154962239583334	13.112827612186283
1.1649622395833341	13.230243825440253
1.1749622395833341	13.347659872481657
1.1849622395833341	13.46507579966143
1.1949622395833341	13.58249164910178
1.2049622395833341	13.699907487018328
1.2149622395833342	13.817323336606242
1.2249622395833342	13.93473921411272
1.2349622395833342	14.052155159659847
1.2449622395833342	14.16957113170407
1.2549622395833342	14.28698719057401
1.2649622395833342	14.404403366212799
1.2749622395833342	14.521819663385836
1.2849622395833342	14.639236099539396
1.2949622395833342	14.756652669789283
1.3049622395833342	14.874069420284663
1.3149622395833342	14.991486352049716
1.3249622395833343	15.108903464146756
1.3349622395833343	15.226320755390292
1.3449622395833343	15.343738200539383
1.3549622395833343	15.46115584629824
1.3649622395833343	15.578573668682727
1.3749622395833343	15.695991670056793
1.3849622395833343	15.813409844604378
1.3949622395833343	15.930828212890745
1.4049622395833343	16.04824673238544
1.4149622395833343	16.165665421004714
1.4249622395833343	16.283084236063942
1.4349622395833344	16.400503256219526
1.4449622395833344	16.517922440312812
1.4549622395833344	16.635341792667372
1.4649622395833344	16.75276126971993
1.4749622395833344	16.870180919233736
1.4849622395833344	16.987600757817965
1.4949622395833344	17.10502063128644
1.5049622395833344	17.222440698162192
1.5149622395833344	17.33986089696254
1.5249622395833344	17.457281231817365
1.5349622395833344	17.574701677292815
1.5449622395833345	17.692122285514834
1.5549622395833345	17.809543024264304
1.5649622395833345	17.926963876444454
1.5749622395833345	18.044384868043498
1.5849622395833345	18.161805981503253
1.5949622395833345	18.27922722601971
1.6049622395833345	18.39664857501371
1.6149622395833345	18.514070012331757
1.6249622395833345	18.63149156273771
1.6349622395833345	18.748913196897377
1.6449622395833345	18.866334914389626
1.6549622395833345	18.9837567147933
1.6649622395833346	19.101178524177037
1.6749622395833346	19.21860058363215
1.6849622395833346	19.336022630607758
1.6949622395833346	19.453444758983192
1.7049622395833346	19.57086696843578
1.7149622395833346	19.688289324875683
1.7249622395833346	19.805711696451635
1.7349622395833346	19.923134148168973
1.7449622395833346	20.04055667070657
1.7549622395833346	20.157979281572903
1.7649622395833346	20.27540197161799
1.7749622395833347	20.392824740508
1.7849622395833347	20.51024758790836
1.7949622395833347	20.627670513485228
1.8049622395833347	20.74509351690426
1.8149622395833347	20.862516597831554
1.8249622395833347	20.979939755929166
1.8349622395833347	21.097363040017004
1.8449622395833347	21.21478635186241
1.8549622395833347	21.332209737096257
1.8649622395833347	21.44963319950827
1.8749622395833347	21.56705673297793
1.8849622395833348	21.684480386815437
1.8949622395833348	21.80190406335798
1.9049622395833348	21.91932781041329
1.9149622395833348	22.036751627494873
1.9249622395833348	22.15417551411632
1.9349622395833348	22.271599518303873
1.9449622395833348	22.389023543942677
1.9549622395833348	22.506447637525174
1.9649622395833348	22.623871798620986
1.9749622395833348	22.741296030188884
1.9849622395833348	22.858720324566182
1.9949622395833349	22.97614468422795
2.004962239583335	23.093569104109736
2.0149622395833346	23.210993591106217
2.0249622395833344	23.32841814044002
2.034962239583334	23.44584275119265
2.044962239583334	23.56326742654304
2.054962239583334	23.680692156916173
2.0649622395833336	23.798116946471737
2.0749622395833334	23.915541794994503
2.084962239583333	24.032966703181305
2.094962239583333	24.150391644517672
2.1049622395833327	24.267816656579168
2.1149622395833325	24.385241705159604
2.1249622395833323	24.502666798668578
2.134962239583332	24.620091947146026
2.144962239583332	24.737517142853108
2.1549622395833317	24.854942386868192
2.1649622395833314	24.97236768027011
2.1749622395833312	25.089793024137652
2.184962239583331	25.207218414809706
2.194962239583331	25.324643862651193
2.2049622395833306	25.442069364224256
2.2149622395833304	25.559494920633462
2.22496223958333	25.67692053298252
2.23496223958333	25.794346202376264
2.2449622395833297	25.911771929918636
2.2549622395833295	26.029197716713906
2.2649622395833293	26.14662356386639
2.274962239583329	26.264049472480558
2.284962239583329	26.381475443660406
2.2949622395833287	26.498901478505683
2.3049622395833285	26.616327577975596
2.3149622395833283	26.733753743273937
2.324962239583328	26.85117997487635
2.334962239583328	26.968606302859808
2.3449622395833276	27.086032669661396
2.3549622395833274	27.20345910360666
2.364962239583327	27.32088560420004
2.374962239583327	27.43831217105025
2.3849622395833268	27.555738803754227
2.3949622395833265	27.673165501852957
2.4049622395833263	27.790592265025186
2.414962239583326	27.908019092871672
2.424962239583326	28.025445984992253
2.4349622395833257	28.142872940988013
2.4449622395833255	28.260299960458585
2.4549622395833253	28.377727043005073
2.464962239583325	28.495154176324842
2.474962239583325	28.612581383808926
2.4849622395833246	28.730008653135574
2.4949622395833244	28.847435983882313
2.504962239583324	28.96486337538395
2.514962239583324	29.082290827444496
2.5249622395833238	29.199718339631566
2.5349622395833236	29.317145911510714
2.5449622395833233	29.434573542648327
2.554962239583323	29.552001232610326
2.564962239583323	29.669428974936707
2.5749622395833227	29.786856752626644
2.5849622395833225	29.904284593775696
2.5949622395833223	30.021712469777835
2.604962239583322	30.139140381043205
2.614962239583322	30.256568327982368
2.6249622395833216	30.37399631100568
2.6349622395833214	30.491424330523685
2.644962239583321	30.608852386946488
2.654962239583321	30.72628048068487
2.664962239583321	30.843708612149044
2.6749622395833206	30.961136781749214
2.6849622395833204	31.078564989896204
2.69496223958332	31.19599323699991
2.70496223958332	31.313421523471273
2.7149622395833197	31.43084984246647
2.7249622395833195	31.548278208520923
2.7349622395833193	31.665706615160303
2.744962239583319	31.783135062787046
2.754962239583319	31.900563551803902
2.7649622395833187	32.01799208261356
2.7749622395833184	32.135420655618034
2.7849622395833182	32.252849271220576
2.794962239583318	32.37027792982363
2.804962239583318	32.487706631852575
2.8149622395833176	32.60513537615038
2.8249622395833174	32.72256416390673
2.834962239583317	32.83999299455609
2.844962239583317	32.95742186787702
2.8549622395833167	33.07485078364719
2.8649622395833165	33.19227974971181
2.8749622395833163	33.309708733432515
2.884962239583316	33.427137774811264
2.894962239583316	33.54456684937789
2.9049622395833157	33.6619959733947
2.9149622395833155	33.77942515502531
2.9249622395833152	33.89685436080625
2.934962239583315	34.01428360728286
2.944962239583315	34.131712894264815
2.9549622395833146	34.24914222129933
2.9649622395833144	34.36657158793783
2.974962239583314	34.48400099441316
2.984962239583314	34.60143044050354
2.9949622395833138	34.71885992598735
3.0049622395833135	34.83628945064342
3.0149622395833133	34.95371901424972
3.024962239583313	35.071148616584715
3.034962239583313	35.188578257427146
3.0449622395833127	35.306007962040944
3.0549622395833125	35.42343768076947
3.0649622395833123	35.54086741535245
3.074962239583312	35.658297173301946
3.084962239583312	35.77572695372446
3.0949622395833116	35.893156756117506
3.1049622395833114	36.01058657997958
3.114962239583311	36.12801642513016
3.124962239583311	36.245446290587324
3.1349622395833108	36.362876165736346
3.1449622395833106	36.480306059240874
3.1549622395833103	36.59773598072229
3.16496223958331	36.71516591036642
3.17496223958331	36.83259586755971
3.1849622395833097	36.95002583099356
3.1949622395833095	37.06745582110028
3.2049622395833093	37.18488582764474
3.214962239583309	37.3023158505596
3.224962239583309	37.41974588977812
3.2349622395833086	37.537175945232995
3.2449622395833084	37.65460601685764
3.254962239583308	37.772036104584856
3.264962239583308	37.889466208347585
3.274962239583308	38.00689632803755
3.2849622395833076	38.12432653971621
3.2949622395833074	38.241756714540855
3.304962239583307	38.35918691885028
3.314962239583307	38.47661717261735
3.3249622395833067	38.59404742942575
3.3349622395833065	38.71147775277005
3.3449622395833063	38.82890811111754
3.354962239583306	38.9463385025391
3.364962239583306	39.06376892552217
3.3749622395833057	39.18119938047421
3.3849622395833054	39.2986298649276
3.3949622395833052	39.41606037761738
3.404962239583305	39.53349089518261
3.414962239583305	39.650921460902566
3.4249622395833046	39.768352053470004
3.4349622395833044	39.885782673666974
3.444962239583304	40.003213333240296
3.454962239583304	40.12064400888734
3.4649622395833037	40.23807471180988
3.4749622395833035	40.355505442324876
3.4849622395833033	40.47293620023261
3.494962239583303	40.59036698541755
3.504962239583303	40.70779779906225
3.5149622395833027	40.82522864143577
3.5249622395833025	40.94265952143297
3.5349622395833022	41.06009042663894
3.544962239583302	41.1775213718136
3.554962239583302	41.294952319883976
3.5649622395833016	41.41238332107248
3.5749622395833014	41.52981433264261
3.584962239583301	41.64724539233304
3.594962239583301	41.764676490884405
3.6049622395833008	41.88210762888132
3.6149622395833005	41.99953881338655
3.6249622395833003	42.11697003867443
3.6349622395833	42.23440130326282
3.6449622395833	42.351832605669394
3.6549622395832997	42.469263944162805
3.6649622395832995	42.58669531663914
3.6749622395832993	42.704126722455044
3.684962239583299	42.82155816011288
3.694962239583299	42.93898964197479
3.7049622395832986	43.056421139985275
3.7149622395832984	43.17385266652715
3.724962239583298	43.291284220725956
3.734962239583298	43.40871580173722
3.7449622395832978	43.52614740930115
3.7549622395832976	43.64357904250028
3.7649622395832973	43.761010701025604
3.774962239583297	43.87844238456696
3.784962239583297	43.99587407927468
3.7949622395832967	44.11330581280705
3.8049622395832965	44.23073755647438
3.8149622395832963	44.34816933867709
3.824962239583296	44.46560114483281
3.834962239583296	44.58303294833432
3.8449622395832956	44.700464801921875
3.8549622395832954	44.817896650451765
3.864962239583295	44.93532853840954
3.874962239583295	45.05276046611426
3.884962239583295	45.170192434252954
3.8949622395832946	45.287624384835624
3.9049622395832944	45.40505639165242
3.914962239583294	45.522488425666474
3.924962239583294	45.639920487430686
3.9349622395832937	45.7573525774985
3.9449622395832935	45.87478469642315
3.9549622395832933	45.99221684475703
3.964962239583293	46.109649023281776
3.974962239583293	46.22708123318968
3.9849622395832927	46.34451347418961
3.9949622395832924	46.46194570594351
4.004962239583293	46.57937798887427
4.0149622395832925	46.696810288598094
4.024962239583292	46.81424258829847
4.034962239583292	46.931674918970394
4.044962239583292	47.049107264850115
4.054962239583292	47.16653962573329
4.064962239583291	47.28397200141406
4.074962239583291	47.401404391687265
4.084962239583291	47.51883679634622
4.094962239583291	47.63626921543225
4.1049622395832905	47.75370164861095
4.11496223958329	47.87113409572531
4.12496223958329	47.98856655665766
4.13496223958329	48.10599903129037
4.14496223958329	48.22343150289832
4.1549622395832895	48.34086400473378
4.164962239583289	48.458296519951865
4.174962239583289	48.57572904845297
4.184962239583289	48.69316159001762
4.194962239583289	48.81059414422975
4.204962239583288	48.92802671140322
4.214962239583288	49.04545929142189
4.224962239583288	49.162891884170676
4.234962239583288	49.28032448953329
4.2449622395832876	49.3977571073949
4.254962239583287	49.51518973763967
4.264962239583287	49.632622379722605
4.274962239583287	49.750055033417276
4.284962239583287	49.86748769920129
4.2949622395832865	49.984920377002645
4.304962239583286	50.10235306674857
4.314962239583286	50.21978576836725
4.324962239583286	50.33721848178563
4.334962239583286	50.45465120693178
4.344962239583285	50.57208396187419
4.354962239583285	50.68951671081074
4.364962239583285	50.80694948303629
4.374962239583285	50.92438227232795
4.384962239583285	51.04181507851451
4.394962239583284	51.15924790142752
4.404962239583284	51.27668072026099
4.414962239583284	51.3941135741702
4.424962239583284	51.511546444158135
4.4349622395832835	51.62897932999416
4.444962239583283	51.74641221193066
4.454962239583283	51.86384513070678
4.464962239583283	51.98127806455284
4.474962239583283	52.09871099345176
4.484962239583282	52.21614397209193
4.494962239583282	52.33357694547296
4.504962239583282	52.45100993298651
4.514962239583282	52.56844297515353
4.524962239583282	52.68587601213838
4.534962239583281	52.80330906609915
4.544962239583281	52.92074211405284
4.554962239583281	53.03817519626559
4.564962239583281	53.15560825056258
4.5749622395832805	53.27304133813188
4.58496223958328	53.390474439488365
4.59496223958328	53.5079075545709
4.60496223958328	53.625340683319095
4.61496223958328	53.74277382567155
4.6249622395832795	53.860206981568446
4.634962239583279	53.97764015094831
4.644962239583279	54.095073333751316
4.654962239583279	54.212506529916006
4.664962239583279	54.32993973938195
4.674962239583278	54.4473729620887
4.684962239583278	54.56480619797493
4.694962239583278	54.68223936042995
4.704962239583278	54.79967262064413
4.7149622395832775	54.91710589376349
4.724962239583277	55.03453922619506
4.734962239583277	55.15197252844746
4.744962239583277	55.26940584375037
4.754962239583277	55.38683917224251
4.7649622395832765	55.50427251261963
4.774962239583276	55.621705866063756
4.784962239583276	55.73913923361201
4.794962239583276	55.85657265263549
4.804962239583276	55.97400604971525
4.814962239583275	56.09143946210681
4.824962239583275	56.20887306288194
4.834962239583275	56.32630650888202
4.844962239583275	56.44373997069559
4.8549622395832746	56.56117344830738
4.864962239583274	56.67860696491438
4.874962239583274	56.79604047509231
4.884962239583274	56.91347374486339
4.894962239583274	57.030907263094726
4.9049622395832735	57.148340750581916
4.914962239583273	57.26577427886667
4.924962239583273	57.38320787150943
4.934962239583273	57.500641481078894
4.944962239583273	57.61807510752191
4.954962239583272	57.73550875078337
4.964962239583272	57.85294241080818
4.974962239583272	57.97037608754219
4.984962239583272	58.08780978093023
4.994962239583272	58.20524349091806
5.004962239583271	58.32267721745074
5.014962239583271	58.44011096047366
5.024962239583271	58.55754471993217
5.034962239583271	58.674978495771455
5.0449622395832705	58.79241228793704
5.05496223958327	58.90984595518913
5.06496223958327	59.02727978179637
5.07496223958327	59.14471362914439
5.08496223958327	59.26214749552727
5.094962239583269	59.37958137880494
5.104962239583269	59.4970153291582
5.114962239583269	59.61444924378792
5.124962239583269	59.731883300539714
5.134962239583269	59.84931724384353
5.144962239583268	59.96675119982999
5.154962239583268	60.08418516847151
5.164962239583268	60.20161914973776
5.174962239583268	60.319053114375336
5.1849622395832675	60.43648712623221
5.194962239583267	60.55392115214224
5.204962239583267	60.67135530646226
5.214962239583267	60.78878930793341
5.224962239583267	60.90622337222038
5.2349622395832665	61.02365745229555
5.244962239583266	61.14109154808655
5.254962239583266	61.25852565952111
5.264962239583266	61.37595978652515
5.274962239583266	61.49339392902711
5.284962239583265	61.61082808695425
5.294962239583265	61.72826201303468
5.304962239583265	61.845696199999296
5.314962239583265	61.963130513564906
5.3249622395832645	62.08056473253217
5.334962239583264	62.19799896674232
5.344962239583264	62.315433189472394
5.354962239583264	62.43286745570197
5.364962239583264	62.550301737283014
5.3749622395832635	62.66773603400623
5.384962239583263	62.785170316927655
5.394962239583263	62.90260464551283
5.404962239583263	63.02003899003821
5.414962239583263	63.13747383496703
5.424962239583262	63.254909274589025
5.434962239583262	63.372344723588675
5.444962239583262	63.48978018187006
5.454962239583262	63.60721542048311
5.4649622395832615	63.724650896872376
5.474962239583261	63.84208618128866
5.484962239583261	63.95952167493944
5.494962239583261	64.07695717756269
5.504962239583261	64.19439268913275
5.5149622395832605	64.3118282096256
5.52496223958326	64.42926373901753
5.53496223958326	64.54669927728334
5.54496223958326	64.66413482439916
5.55496223958326	64.7815703803408
5.564962239583259	64.89900594508312
5.574962239583259	65.0164415186025
5.584962239583259	65.1338771008747
5.594962239583259	65.25131297772298
5.604962239583259	65.36874857768291
5.614962239583258	65.48618418632417
5.624962239583258	65.60361980362048
5.634962239583258	65.72105542954844
5.644962239583258	65.838491064084
5.6549622395832575	65.95592670720335
5.664962239583257	66.07336235888155
5.674962239583257	66.19079801909567
5.684962239583257	66.30823368782052
5.694962239583257	66.4256693650323
5.704962239583256	66.54310505070711
5.714962239583256	66.66054094538177
5.724962239583256	66.7779766482385
5.734962239583256	66.89541235948809
5.744962239583256	67.01284827968233
5.754962239583255	67.13028400795952
5.764962239583255	67.24771968240906
5.774962239583255	67.36515552613727
5.784962239583255	67.48259126415782
5.7949622395832545	67.60002712665009
5.804962239583254	67.71746294208734
5.814962239583254	67.83489882644975
5.824962239583254	67.95233473197835
5.834962239583254	68.06977053505726
5.8449622395832534	68.18720635004242
5.854962239583253	68.30464217747578
5.864962239583253	68.42207801789688
5.874962239583253	68.5395140182147
5.884962239583253	68.65694989243086
5.894962239583252	68.77438578047902
5.904962239583252	68.89182154087929
5.914962239583252	69.00925720843338
5.924962239583252	69.1266930092609
5.9349622395832515	69.24412888371901
5.944962239583251	69.3615648310167
5.954962239583251	69.47900076440779
5.964962239583251	69.59643679860429
5.974962239583251	69.71387279028431
5.9849622395832505	69.83130882511539
5.99496223958325	69.94874487437212
6.00496223958325	70.06618073611985
6.01496223958325	70.18361681372708
6.02496223958325	70.30105218262382
6.034962239583249	70.41848828722155
6.044962239583249	70.53592440588992
6.054962239583249	70.6533605384308
6.064962239583249	70.77079668464945
6.0749622395832485	70.88823284434706
6.084962239583248	71.00566901733644
6.094962239583248	71.12310520409605
6.104962239583248	71.24054140374375
6.114962239583248	71.35797749289613
6.1249622395832475	71.47541407257911
6.134962239583247	71.59285028792202
6.144962239583247	71.71028651319027
6.154962239583247	71.8277228356332
6.164962239583247	71.94515908194082
6.174962239583246	72.06259504870626
6.184962239583246	72.18003142819515
6.194962239583246	72.297467701703
6.204962239583246	72.41490421453368
6.214962239583246	72.53234050699719
6.224962239583245	72.64977680842571
6.234962239583245	72.76721311881396
6.244962239583245	72.88464943815815
6.254962239583245	73.00208576645404
6.2649622395832445	73.11952210369661
6.274962239583244	73.23695844988204
6.284962239583244	73.35439480500573
6.294962239583244	73.4718311690639
6.304962239583244	73.58926754205154
6.314962239583243	73.70670392396484
6.324962239583243	73.82414031479907
6.334962239583243	73.94157671454997
6.344962239583243	74.05901312321363
6.354962239583243	74.17644954078466
6.364962239583242	74.29388596725974
6.374962239583242	74.41132240263457
6.384962239583242	74.52875884690374
6.394962239583242	74.6461953000642
6.4049622395832415	74.76363176211066
6.414962239583241	74.88106823303958
6.424962239583241	74.99850471284594
6.434962239583241	75.11594120152544
6.444962239583241	75.2333776990742
6.4549622395832404	75.35081420548792
6.46496223958324	75.46825072076167
6.47496223958324	75.58568724489146
6.48496223958324	75.70312377787265
6.49496223958324	75.82056031970114
6.504962239583239	75.93799687037308
6.514962239583239	76.055433429884
6.524962239583239	76.17286999822888
6.534962239583239	76.29030657540325
6.5449622395832385	76.40774316140376
6.554962239583238	76.5251797562254
6.564962239583238	76.64261635986394
6.574962239583238	76.76005297231545
6.584962239583238	76.87748959357516
6.5949622395832375	76.99492622363846
6.604962239583237	77.11236286250131
6.614962239583237	77.2297995962392
6.624962239583237	77.34723625208008
6.634962239583237	77.46467271419753
6.644962239583236	77.58210950176849
6.654962239583236	77.69954618242643
6.664962239583236	77.81698289991158
6.674962239583236	77.93441971218212
6.6849622395832355	78.05185641725569
6.694962239583235	78.16929315973441
6.704962239583235	78.28672988136175
6.714962239583235	78.40416672660963
6.724962239583235	78.521603464795
6.7349622395832345	78.63904021166051
6.744962239583234	78.75647699560918
6.754962239583234	78.87391404867239
6.764962239583234	78.99135082739022
6.774962239583234	79.1087876168542
6.784962239583233	79.22622441830553
6.794962239583233	79.3436612333204
6.804962239583233	79.46109809170756
6.814962239583233	79.57853493707995
6.824962239583233	79.69597237306407
6.834962239583232	79.8134092444672
6.844962239583232	79.93084613296332
6.854962239583232	80.048283039219
6.864962239583232	80.16571996314417
6.8749622395832315	80.28315690434631
6.884962239583231	80.40059386243061
6.894962239583231	80.51803083700406
6.904962239583231	80.635467827674
6.914962239583231	80.75290463285204
6.92496223958323	80.87034165410515
6.93496223958323	80.98777869027451
6.94496223958323	81.10521574096568
6.95496223958323	81.22265280578615
6.96496223958323	81.34008988434216
6.974962239583229	81.45752697624127
6.984962239583229	81.57496408108905
6.994962239583229	81.69240145916284
7.004962239583229	81.80983859114305
7.0149622395832285	81.9272756787523
7.024962239583228	82.04471283610722
7.034962239583228	82.16215000445715
7.044962239583228	82.27958718341613
7.054962239583228	82.39702437251042
7.064962239583227	82.51446157126523
7.074962239583227	82.6318985494966
7.084962239583227	82.74933576877832
7.094962239583227	82.86677299704463
7.104962239583227	82.98421023357085
7.114962239583226	83.10164747795784
7.124962239583226	83.21908472980648
7.134962239583226	83.33652198871724
7.144962239583226	83.45395925429054
7.1549622395832255	83.5713964976747
7.164962239583225	83.68883409450521
7.174962239583225	83.8062712065119
7.184962239583225	83.92370849698732
7.194962239583225	84.04114579327401
7.2049622395832245	84.15858309534515
7.214962239583224	84.27602040317575
7.224962239583224	84.39345771673877
7.234962239583224	84.51089489162128
7.244962239583224	84.62833221584894
7.254962239583223	84.74576954572954
7.264962239583223	84.86320688123587
7.274962239583223	84.98064419231696
7.284962239583223	85.09808153669005
7.2949622395832225	85.21551888625075
7.304962239583222	85.3329562413254
7.314962239583222	85.45039360188562
7.324962239583222	85.56783102435855
7.334962239583222	85.68526839254474
7.3449622395832215	85.8027057661287
7.354962239583221	85.92014314508168
7.364962239583221	86.03758053053694
7.374962239583221	86.15501786826698
7.384962239583221	86.27245527055302
7.39496223958322	86.38989267715961
7.40496223958322	86.50733008756647
7.41496223958322	86.62476750125445
7.42496223958322	86.74220491770363
7.43496223958322	86.85964240831012
7.444962239583219	86.97707983583672
7.454962239583219	87.09451726555324
7.464962239583219	87.21195469762634
7.474962239583219	87.32939213222372
7.4849622395832185	87.44682956951158
7.494962239583218	87.564267038648
7.504962239583218	87.68170448637974
7.514962239583218	87.79914188066924
7.524962239583218	87.91657933473577
7.534962239583217	88.03401678904636
7.544962239583217	88.15145424707147
7.554962239583217	88.26889170889378
7.564962239583217	88.386329174596
7.574962239583217	88.50376664426202
7.584962239583216	88.62120411797353
7.594962239583216	88.73864165079117
7.604962239583216	88.85607909878033
7.614962239583216	88.97351657926546
7.6249622395832155	89.09095406399639
7.634962239583215	89.20839155299926
7.644962239583215	89.32582904630229
7.654962239583215	89.44326654393122
7.664962239583215	89.56070404591425
7.674962239583214	89.67814155227772
7.684962239583214	89.79557906304807
7.694962239583214	89.9130165782538
7.704962239583214	90.0304540979203
7.714962239583214	90.14789162207565
7.724962239583213	90.26532915074648
7.734962239583213	90.38276668395955
7.744962239583213	90.50020422174242
7.754962239583213	90.61764173720327
7.7649622395832125	90.73507920143307
7.774962239583212	90.85251675773614
7.784962239583212	90.96995431941306
7.794962239583212	91.0873918867726
7.804962239583212	91.20482946012415
7.8149622395832115	91.32226703977759
7.824962239583211	91.43970462604192
7.834962239583211	91.55714221922608
7.844962239583211	91.67457981964019
7.854962239583211	91.79201742759335
7.86496223958321	91.90945504339427
7.87496223958321	92.02689266735284
7.88496223958321	92.14433029977864
7.89496223958321	92.26176794098066
7.9049622395832095	92.37920559126846
7.914962239583209	92.49664326462845
7.924962239583209	92.61408093130575
7.934962239583209	92.73151857838688
7.944962239583209	92.84895629547161
7.9549622395832085	92.9663939925564
7.964962239583208	93.08383169829742
7.974962239583208	93.20126941247977
7.984962239583208	93.31870718698721
7.994962239583208	93.43614490982253
8.004962239583207	93.55358264050132
8.014962239583207	93.6710203788345
8.024962239583207	93.78845812463253
8.034962239583207	93.90589587770718
8.044962239583207	94.02333363786921
8.054962239583206	94.14077140493015
8.064962239583206	94.25820917870034
8.074962239583206	94.37564695899162
8.084962239583206	94.49308474561514
8.094962239583205	94.61052253838128
8.104962239583205	94.72796033710149
8.114962239583205	94.84539814158744
8.124962239583205	94.96283595164968
8.134962239583205	95.08027376709937
8.144962239583204	95.19771158774729
8.154962239583204	95.31514941340558
8.164962239583204	95.4325872438839
8.174962239583204	95.55002507899471
8.184962239583204	95.6674629185486
8.194962239583203	95.78490076235602
8.204962239583203	95.9023386102289
8.214962239583203	96.01977646197865
8.224962239583203	96.13721431741541
8.234962239583203	96.25465211949096
8.244962239583202	96.3720899832799
8.254962239583202	96.48952779337093
8.264962239583202	96.60696557835439
8.274962239583202	96.72440345366188
8.284962239583201	96.84184124618093
8.294962239583201	96.95927899958646
8.304962239583201	97.07671676182163
8.3149622395832	97.19415466333281
8.3249622395832	97.31159253796297
8.3349622395832	97.42903041564324
8.3449622395832	97.54646832418167
8.3549622395832	97.66390623458905
8.3649622395832	97.78134414690419
8.3749622395832	97.89878206116246
8.3849622395832	98.01621997740068
8.394962239583199	98.13365791866018
8.404962239583199	98.25109568677752
8.414962239583199	98.3685335992398
8.424962239583198	98.4859715138159
8.434962239583198	98.60340948692586
8.444962239583198	98.72084745604617
8.454962239583198	98.83828536812314
8.464962239583198	98.95572328239967
8.474962239583197	99.07316128516288
8.484962239583197	99.19059928858287
8.494962239583197	99.30803720793352
8.504962239583197	99.42547512948491
8.514962239583197	99.5429130532243
8.524962239583196	99.66035097914163
8.534962239583196	99.77778890722614
8.544962239583196	99.895226837465
8.554962239583196	100.01266476984851
8.564962239583195	100.13010270436456
8.574962239583195	100.24754064100155
8.584962239583195	100.36497857974804
8.594962239583195	100.48241652059434
8.604962239583195	100.59985446352783
8.614962239583194	100.71729240853776
8.624962239583194	100.83473035561269
8.634962239583194	100.95216830474112
8.644962239583194	101.06960614233326
8.654962239583194	101.18704398334732
8.664962239583193	101.30448194257393
8.674962239583193	101.42191990377758
8.684962239583193	101.5393580374853
8.694962239583193	101.65679599872524
8.704962239583192	101.77423396186107
8.714962239583192	101.89167184118057
8.724962239583192	102.00910972254322
8.734962239583192	102.12654769224427
8.744962239583192	102.24398566373004
8.754962239583191	102.36142363697323
8.764962239583191	102.4788616119444
8.774962239583191	102.59629958861484
8.78496223958319	102.71373756695702
8.79496223958319	102.83117546169184
8.80496223958319	102.94861344701033
8.81496223958319	103.06605129854871
8.82496223958319	103.18348923711096
8.83496223958319	103.30092723248043
8.84496223958319	103.41836522804415
8.85496223958319	103.53580322420574
8.864962239583189	103.65324122096636
8.874962239583189	103.77067921832668
8.884962239583189	103.88811721628693
8.894962239583188	104.00555526964747
8.904962239583188	104.12299331819526
8.914962239583188	104.2404313949188
8.924962239583188	104.35786941410852
8.934962239583188	104.47530735001904
8.944962239583187	104.5927452624718
8.954962239583187	104.71018317806228
8.964962239583187	104.82762137170158
8.974962239583187	104.94505932861931
8.984962239583187	105.06249731969014
8.994962239583186	105.17993531122592
9.004962239583186	105.29737330316608
9.014962239583186	105.41481122613415
9.024962239583186	105.53224915160084
9.034962239583185	105.64968714927144
9.044962239583185	105.7671251472435
9.054962239583185	105.8845632499956
9.064962239583185	106.0020013504942
9.074962239583185	106.11943937363851
9.084962239583184	106.23687726836538
9.094962239583184	106.35431513390729
9.104962239583184	106.4717531725925
9.114962239583184	106.5891911680481
9.124962239583184	106.70662907060914
9.134962239583183	106.82406706301703
9.144962239583183	106.94150505564359
9.154962239583183	107.05894304847853
9.164962239583183	107.17638104151209
9.174962239583182	107.29381903473501
9.184962239583182	107.41125697132088
9.194962239583182	107.52869488165692
9.204962239583182	107.6461328231353
9.214962239583182	107.76357075849354
9.224962239583181	107.88100881772586
9.234962239583181	107.99844669732416
9.244962239583181	108.1158846793273
9.25496223958318	108.23332256648935
9.26496223958318	108.35076048465024
9.27496223958318	108.46819838956311
9.28496223958318	108.58563593513175
9.29496223958318	108.70307319491873
9.30496223958318	108.82051056597348
9.31496223958318	108.93794786152664
9.32496223958318	109.05538513994625
9.334962239583179	109.17282242590498
9.344962239583179	109.29025971478376
9.354962239583179	109.40769708610667
9.364962239583178	109.52513444888943
9.374962239583178	109.64257163209636
9.384962239583178	109.76000930177544
9.394962239583178	109.87744672234214
9.404962239583178	109.9948839257251
9.414962239583177	110.11232126701377
9.424962239583177	110.22975864543417
9.434962239583177	110.34719605294865
9.444962239583177	110.46463338205592
9.454962239583176	110.5820707180865
9.464962239583176	110.6995080781252
9.474962239583176	110.8169455433817
9.484962239583176	110.93438292665564
9.494962239583176	111.05182028350632
9.504962239583175	111.16925774700944
9.514962239583175	111.28669512371246
9.524962239583175	111.40413246740216
9.534962239583175	111.52155866932918
9.544962239583175	111.63899609239783
9.554962239583174	111.75643344524241
9.564962239583174	111.87387076837939
9.574962239583174	111.9913081126542
9.584962239583174	112.10874553446017
9.594962239583174	112.22618303422405
9.604962239583173	112.3436204277068
9.614962239583173	112.46105782102724
9.624962239583173	112.57849506540808
9.634962239583173	112.69593198141776
9.644962239583172	112.81336891711273
9.654962239583172	112.93080590009421
9.664962239583172	113.04824290216604
9.674962239583172	113.16567991091189
9.684962239583172	113.28311692633156
9.694962239583171	113.4005539484267
9.704962239583171	113.51799097719511
9.714962239583171	113.6354280126384
9.72496223958317	113.75286505475638
9.73496223958317	113.8703021035489
9.74496223958317	113.98773915901667
9.75496223958317	114.10517622115958
9.76496223958317	114.22261328997678
9.77496223958317	114.3400503654701
9.78496223958317	114.45748771502817
9.79496223958317	114.57492478065399
9.804962239583169	114.69236185299263
9.814962239583169	114.80979893204292
9.824962239583169	114.92723601780469
9.834962239583168	115.04467311027686
9.844962239583168	115.1621102094608
9.854962239583168	115.27954704832375
9.864962239583168	115.39698417725293
9.874962239583168	115.51442131286794
9.884962239583167	115.63185845516807
9.894962239583167	115.74929560415401
9.904962239583167	115.86673275982511
9.914962239583167	115.98416992218169
9.924962239583166	116.10160709122405
9.934962239583166	116.21904426695203
9.944962239583166	116.33648144936468
9.954962239583166	116.45391863846417
9.964962239583166	116.57135583424837
9.974962239583165	116.68879303671841
9.984962239583165	116.80623024587408
9.994962239583165	116.92366746171489
10.004962239583165	117.04110468424247
10.014962239583165	117.1585419134542
10.024962239583164	117.27597914935252
10.034962239583164	117.39341639193655
10.044962239583164	117.51085364120594
10.054962239583164	117.62829089716122
10.064962239583163	117.7457281598022
10.074962239583163	117.86316542912897
10.084962239583163	117.98060270514137
10.094962239583163	118.09803998783946
10.104962239583163	118.21547727722321
10.114962239583162	118.33291457329305
10.124962239583162	118.45035187604844
10.134962239583162	118.56778918548987
10.144962239583162	118.68522650161734
10.154962239583162	118.80266382443027
10.164962239583161	118.92010115392911
10.174962239583161	119.03753849011346
10.184962239583161	119.15497583298453
10.19496223958316	119.27241318254055
10.20496223958316	119.38985053878334
10.21496223958316	119.50728790171182
10.22496223958316	119.62472527132573
10.23496223958316	119.74216264762649
10.24496223958316	119.85960003061204
10.25496223958316	119.97703742028476
10.26496223958316	120.0944748166435
10.274962239583159	120.21191221968704
10.284962239583159	120.32934962941769
10.294962239583159	120.44678704583494
10.304962239583158	120.5642244689365
10.314962239583158	120.68166189872528
10.324962239583158	120.79909933519994
10.334962239583158	120.91653677836074
10.344962239583158	121.0339742282069
10.354962239583157	121.15141168474054
10.364962239583157	121.26884914795986
10.374962239583157	121.3862866178652
10.384962239583157	121.50372409445691
10.394962239583156	121.6211615777348
10.404962239583156	121.73859906769817
10.414962239583156	121.85603656434819
10.424962239583156	121.97347406768485
10.434962239583156	122.09091157770743
10.444962239583155	122.20834909441625
10.454962239583155	122.32578661781162
10.464962239583155	122.44322414789315
10.474962239583155	122.56066168466106
10.484962239583155	122.67809922811468
10.494962239583154	122.79553677825511
10.504962239583154	122.91297433508227
10.514962239583154	123.03041189859526
10.524962239583154	123.1478494687946
10.534962239583153	123.26528704568112
10.544962239583153	123.38272462925345
10.554962239583153	123.50016221951235
10.564962239583153	123.61759981645787
10.574962239583153	123.73503742008945
10.584962239583152	123.85247503040758
10.594962239583152	123.96991264741247
10.604962239583152	124.08735027110338
10.614962239583152	124.20478790148134
10.624962239583152	124.3222255385455
10.634962239583151	124.43966318229664
10.644962239583151	124.55710083273365
10.654962239583151	124.67453848985757
10.66496223958315	124.79197615366853
10.67496223958315	124.90941382416538
10.68496223958315	125.02685150134906
10.69496223958315	125.1442891852198
10.70496223958315	125.2617268757768
10.71496223958315	125.37916457302036
10.72496223958315	125.49660227695114
10.73496223958315	125.61403998756825
10.744962239583149	125.73147770487172
10.754962239583149	125.84891542886257
10.764962239583149	125.96635315953972
10.774962239583148	126.08379089690358
10.784962239583148	126.20122864095454
10.794962239583148	126.31866639169215
10.804962239583148	126.43610414911613
10.814962239583148	126.55354191322752
10.824962239583147	126.67097968402578
10.834962239583147	126.78841746151114
10.844962239583147	126.90585524568232
10.854962239583147	127.023293036541
10.864962239583146	127.14073083408597
10.874962239583146	127.25816866027387
10.884962239583146	127.37560640487725
10.894962239583146	127.49304422370827
10.904962239583146	127.6104820492261
10.914962239583145	127.72791988142981
10.924962239583145	127.84535772032082
10.934962239583145	127.9627955658972
10.944962239583145	128.08023341815996
10.954962239583145	128.19767127711
10.964962239583144	128.31510914274614
10.974962239583144	128.43254701506908
10.984962239583144	128.54998489407836
10.994962239583144	128.6674227797741
11.004962239583143	128.78486067215658
11.014962239583143	128.90229857122637
11.024962239583143	129.01973647698213
11.034962239583143	129.13717438942447
11.044962239583143	129.25461230855393
11.054962239583142	129.37205023436996
11.064962239583142	129.48948816687331
11.074962239583142	129.6069261060632
11.084962239583142	129.7243640519397
11.094962239583142	129.84180200450373
11.104962239583141	129.95923996375467
11.114962239583141	130.07667792969335
11.124962239583141	130.1941159023181
11.13496223958314	130.31155388163003
11.14496223958314	130.4289918676292
11.15496223958314	130.54642986031578
11.16496223958314	130.6619658317328
11.17496223958314	130.75964583368753
11.18496223958314	130.8573258356416
11.19496223958314	130.9550058375957
11.20496223958314	131.05268583954975
11.214962239583139	131.15036584150343
11.224962239583139	131.2480458434577
11.234962239583139	131.3457258454124
11.244962239583138	131.4434058473662
11.254962239583138	131.5410858493206
11.264962239583138	131.63876585127502
11.274962239583138	131.73644585322916
11.284962239583137	131.83412585518306
11.294962239583137	131.93180585713782
11.304962239583137	132.02948585909147
11.314962239583137	132.12716586104594
11.324962239583137	132.22484586299984
11.334962239583136	132.3225258649537
11.344962239583136	132.42020586690828
11.354962239583136	132.51788586886312
11.364962239583136	132.61556587081654
11.374962239583136	132.713245872771
11.384962239583135	132.8109258747252
11.394962239583135	132.90860587667942
11.404962239583135	133.00628587863343
11.414962239583135	133.1039658805875
11.424962239583135	133.20164588254215
11.434962239583134	133.29932588449643
11.444962239583134	133.3970058864503
11.454962239583134	133.49468588840455
11.464962239583134	133.59236589035868
11.474962239583133	133.6900458923127
11.484962239583133	133.78772589426632
11.494962239583133	133.88540589622153
11.504962239583133	133.98308589817572
11.514962239583133	134.08076590012982
11.524962239583132	134.17844590208358
11.534962239583132	134.27612590403822
11.544962239583132	134.3738059059921
11.554962239583132	134.47148590794657
11.564962239583132	134.56916590990076
11.574962239583131	134.66684591185464
11.584962239583131	134.7645259138087
11.59496223958313	134.86220591576318
11.60496223958313	134.95988591771746
11.61496223958313	135.05756591967136
11.62496223958313	135.15524592162558
11.63496223958313	135.25292592358016
11.64496223958313	135.35060592553432
11.65496223958313	135.44828592748826
11.66496223958313	135.54596592944216
11.67496223958313	135.6436459825974
11.684962239583129	135.74132583343192
11.694962239583129	135.83900583708984
11.704962239583129	135.93668584074882
11.714962239583128	136.03436584440632
11.724962239583128	136.1320458480647
11.734962239583128	136.22972585172224
11.744962239583128	136.32740585538087
11.754962239583127	136.42508585903892
11.764962239583127	136.5227658626973
11.774962239583127	136.620445866355
11.784962239583127	136.71812587001298
11.794962239583127	136.81580587367162
11.804962239583126	136.91348587732944
11.814962239583126	137.01116588098742
11.824962239583126	137.10884588464586
11.834962239583126	137.20652588830367
11.844962239583126	137.30420589196152
11.854962239583125	137.40188589562
11.864962239583125	137.4995658992784
11.874962239583125	137.59724590293607
11.884962239583125	137.69492590659488
11.894962239583124	137.79260591025198
11.904962239583124	137.89028591391047
11.914962239583124	137.98796591756863
11.924962239583124	138.0856459212271
11.934962239583124	138.1833259248847
11.944962239583123	138.28100592854278
11.950000000000001	138.33021474628413
1000011.95	138.33021474628413
