-100000	0
0	0
0.0033333333333333335	0.032089943820007294
0.008333333333333333	0.08083271058938409
0.01583333333333333	0.1547630026474176
0.02708333333333333	0.26706145433733325
0.043958333333333335	0.4377633212741872
0.06927083333333334	0.6977189114802806
0.10723958333333333	1.0943183763627593
0.16419270833333333	1.7005360704869534
0.24962239583333334	2.628740490478886
0.3496223958333333	3.7365101906553404
0.4496223958333333	4.861346379280715
0.5496223958333333	5.999203341207794
0.6496223958333333	7.147144154495586
0.7496223958333332	8.302854042672058
0.8496223958333332	9.464396012022608
0.9496223958333332	10.630119345097498
1.0496223958333333	11.799010639381544
1.1496223958333334	12.971195531026096
1.2496223958333335	14.14461770693543
1.3496223958333335	15.318091638363107
1.4496223958333336	16.49159545253998
1.5496223958333337	17.665130847364598
1.6496223958333338	18.838703244250944
1.749622395833334	20.01231392572331
1.849622395833334	21.18596232698166
1.949622395833334	22.359647549177296
2.049622395833334	23.533368859746012
2.149622395833334	24.707124543701283
2.249622395833334	25.88091082255131
2.349622395833334	27.054725983165742
2.4496223958333343	28.228569806002458
2.5496223958333344	29.402442384353623
2.6496223958333345	30.576341309603055
2.7496223958333346	31.7502619840169
2.8496223958333347	32.924203768591966
2.9496223958333347	34.098166533737
3.049622395833335	35.272150785775885
3.149622395833335	36.44615359817854
3.249622395833335	37.620172312769924
3.349622395833335	38.79420699761311
3.449622395833335	39.96825699582054
3.5496223958333353	41.14232129271218
3.6496223958333354	42.316399925639224
3.7496223958333355	43.490492933843846
3.8496223958333355	44.66460042752913
3.9496223958333356	45.83872078223019
4.049622395833335	47.01285259651295
4.149622395833335	48.186993473792754
4.249622395833335	49.361143745564576
4.349622395833334	50.53530356784991
4.449622395833334	51.70947280771384
4.5496223958333335	52.883651101650194
4.649622395833333	54.05783713692636
4.749622395833333	55.232030064590944
4.849622395833332	56.40623203043767
4.949622395833332	57.580442707381934
5.049622395833332	58.75466057987783
5.149622395833331	59.92888877819122
5.249622395833331	61.103123941028706
5.349622395833331	62.27736620171875
5.44962239583333	63.4516154235824
5.54962239583333	64.62587095454555
5.64962239583333	65.80013214018668
5.749622395833329	66.97439842160698
5.849622395833329	68.14866937924819
5.9496223958333285	69.3229460823103
6.049622395833328	70.4972292837517
6.149622395833328	71.67151875070773
6.2496223958333275	72.84581500356798
6.349622395833327	74.0201178555796
6.449622395833327	75.19442632429015
6.549622395833326	76.36873966568163
6.649622395833326	77.54305718510119
6.749622395833326	78.71737909837296
6.849622395833325	79.89170606289692
6.949622395833325	81.06603749133595
7.049622395833325	82.24037261860624
7.149622395833324	83.41471124596221
7.249622395833324	84.58905383979288
7.3496223958333236	85.76340103300063
7.449622395833323	86.93775254801072
7.549622395833323	88.11210770437533
7.6496223958333225	89.28646595184945
7.749622395833322	90.46082685899006
7.849622395833322	91.6351900565771
7.949622395833321	92.80955511929503
8.049622395833321	93.98392209371109
8.14962239583332	95.15829123147019
8.24962239583332	96.33266278525065
8.34962239583332	97.50703695640817
8.44962239583332	98.68141315034408
8.54962239583332	99.85579031304195
8.649622395833319	101.03016824029926
8.749622395833319	102.20454688757054
8.849622395833318	103.37892597957936
8.949622395833318	104.55330541158831
9.049622395833318	105.72768509768733
9.149622395833317	106.90206493407499
9.249622395833317	108.07644485674062
9.349622395833316	109.25082011868196
9.449622395833316	110.42519287278783
9.549622395833316	111.59956598500716
9.649622395833315	112.77389958481963
9.749622395833315	113.94827145801504
9.849622395833315	115.12264392049953
9.949622395833314	116.29701685543145
10.049622395833314	117.47139039109965
10.149622395833314	118.6457644822574
10.249622395833313	119.82013912887813
10.349622395833313	120.99451433093391
10.449622395833313	122.16889008839865
10.549622395833312	123.34326640124384
10.649622395833312	124.5176432694432
10.749622395833311	125.69202069297035
10.849622395833311	126.86639867179625
10.94962239583331	128.04077719924183
11.04962239583331	129.21515629123152
11.14962239583331	130.38953593849942
11.24962239583331	131.3947433717601
11.34962239583331	132.3715433758992
11.449622395833309	133.34834338003787
11.549622395833309	134.32514338417647
11.649622395833308	135.3019433883159
11.749622395833308	136.27874337363008
11.849622395833308	137.25554338198583
11.949622395833307	138.23234339034056
11.950000000000001	138.23603181147968
1000011.95	138.23603181147968
