-100000	0
0	0
0.0033333333333333335	0.03162152340841861
0.008333333333333333	0.07960043655817567
0.01583333333333333	0.15241276684790941
0.02708333333333333	0.2630148696293536
0.043958333333333335	0.4312413685434198
0.06927083333333334	0.6875709806661804
0.10723958333333333	1.078901227591684
0.16419270833333333	1.6775410048848178
0.24962239583333334	2.5950152236762527
0.3496223958333333	3.691029212653624
0.4496223958333333	4.804890879018774
0.5496223958333333	5.932466824191623
0.6496223958333333	7.070770601659895
0.7496223958333332	8.217478479407914
0.8496223958333332	9.370684711889918
0.9496223958333332	10.528920255319743
1.0496223958333333	11.691707896429072
1.1496223958333334	12.860380717687251
1.2496223958333335	14.031535888181446
1.3496223958333335	15.202858721365276
1.4496223958333336	16.374281028777382
1.5496223958333337	17.54580909894588
1.6496223958333338	18.71746140951044
1.749622395833334	19.889244578551363
1.849622395833334	21.06115898822113
1.949622395833334	22.233200242846074
2.049622395833334	23.4053615768228
2.149622395833334	24.577637089910233
2.249622395833334	25.75002008343635
2.349622395833334	26.92250564212668
2.4496223958333343	28.095086298609655
2.5496223958333344	29.267756450271666
2.6496223958333345	30.440511925355192
2.7496223958333346	31.613346050377746
2.8496223958333347	32.78625528100481
2.9496223958333347	33.95923326235797
3.049622395833335	35.132279443149656
3.149622395833335	36.305387471267174
3.249622395833335	37.47855319132932
3.349622395833335	38.651776378914064
3.449622395833335	39.82505402558202
3.5496223958333353	40.99838196814281
3.6496223958333354	42.17175672105014
3.7496223958333355	43.34517586437133
3.8496223958333355	44.518636164129255
3.9496223958333356	45.692137297635185
4.049622395833335	46.86567841239886
4.149622395833335	48.039255263236875
4.249622395833335	49.212866231743625
4.349622395833334	50.386509491602006
4.449622395833334	51.56018505097737
4.5496223958333335	52.73389248829777
4.649622395833333	53.90762820450498
4.749622395833333	55.08139112751021
4.849622395833332	56.25518161352274
4.949622395833332	57.42899887649945
5.049622395833332	58.60284063543198
5.149622395833331	59.77670542743328
5.249622395833331	60.95059343525236
5.349622395833331	62.12450483390204
5.44962239583333	63.29843968686365
5.54962239583333	64.47239642166312
5.64962239583333	65.64637431800486
5.749622395833329	66.82037375426617
5.849622395833329	67.99439456932024
5.9496223958333285	69.16843548089544
6.049622395833328	70.34249472691094
6.149622395833328	71.5165717176381
6.2496223958333275	72.6906680671833
6.349622395833327	73.86478392152961
6.449622395833327	75.03891898177966
6.549622395833326	76.21307182589445
6.649622395833326	77.38724228399238
6.749622395833326	78.56142996638091
6.849622395833325	79.73563355523174
6.949622395833325	80.90985258049366
7.049622395833325	82.08408691871198
7.149622395833324	83.25833647117939
7.249622395833324	84.43260073597575
7.3496223958333236	85.6068789503919
7.449622395833323	86.78116903763342
7.549622395833323	87.95546952399374
7.6496223958333225	89.12978096469344
7.749622395833322	90.3041029859982
7.849622395833322	91.47843396913544
7.949622395833321	92.65277238045283
8.049622395833321	93.82711757326663
8.14962239583332	95.0014693053871
8.24962239583332	96.17582719037034
8.34962239583332	97.35018997321083
8.44962239583332	98.52455672515637
8.54962239583332	99.6989273139991
8.649622395833319	100.87330052551116
8.749622395833319	102.04767581994253
8.849622395833318	103.22205275494152
8.949622395833318	104.39643086333238
9.049622395833318	105.57080978583014
9.149622395833317	106.74518925424329
9.249622395833317	107.91956906475014
9.349622395833316	109.09394903984138
9.449622395833316	110.26832907547745
9.549622395833316	111.44270910576785
9.649622395833315	112.61708884524033
9.749622395833315	113.79146670945495
9.849622395833315	114.96584472011992
9.949622395833314	116.1402228819973
10.049622395833314	117.31460117628347
10.149622395833314	118.48897962405118
10.249622395833313	119.6633582177814
10.349622395833313	120.83773695745798
10.449622395833313	122.01211584306714
10.549622395833312	123.18649487459376
10.649622395833312	124.36087405202149
10.749622395833311	125.53525337533758
10.849622395833311	126.70963284452593
10.94962239583331	127.88401245691642
11.04962239583331	129.0583922186288
11.14962239583331	130.23277212620192
11.24962239583331	131.23797934200314
11.34962239583331	132.21477934316147
11.449622395833309	133.19157934432067
11.549622395833309	134.16837934547922
11.649622395833308	135.1451793466381
11.749622395833308	136.12197934209826
11.849622395833308	137.09877934470325
11.949622395833307	138.07557934730832
11.950000000000001	138.07926779385656
1000011.95	138.07926779385656
