-100000	0
0	0
0.0003333333333333333	0.0030197526050558523
0.0008333333333333333	0.007560227631789937
0.0015833333333333333	0.014386453216836285
0.0027083333333333334	0.024654401146754015
0.004395833333333333	0.04011424256173854
0.006927083333333334	0.06342130823498723
0.010723958333333335	0.09861188807908301
0.016419270833333336	0.15183172590753705
0.024962239583333337	0.23246181547207373
0.03496223958333334	0.3278431541910856
0.04496223958333334	0.42413265610606915
0.05496223958333334	0.5212123767799034
0.06496223958333334	0.6189943241885275
0.07496223958333334	0.7174126679976263
0.08496223958333333	0.8164151749738422
0.09496223958333333	0.9159592136473106
0.10496223958333332	1.0160085303591397
0.11496223958333332	1.116531836003035
0.12496223958333331	1.2175024436303157
0.1349622395833333	1.3188962601530407
0.14496223958333332	1.4206924786834263
0.15496223958333333	1.52287209644123
0.16496223958333334	1.625418012014378
0.17496223958333335	1.7283143603474
0.18496223958333335	1.8315480813154201
0.19496223958333336	1.9351048514218006
0.20496223958333337	2.038973011907136
0.21496223958333338	2.143140721501552
0.2249622395833334	2.2475983166869202
0.2349622395833334	2.352335182679839
0.2449622395833334	2.457341868881246
0.2549622395833334	2.562610074196056
0.2649622395833334	2.6681322683539594
0.27496223958333343	2.773900241658055
0.28496223958333344	2.879906453551045
0.29496223958333345	2.9861440850060617
0.30496223958333346	3.0926064285219272
0.31496223958333347	3.199287106699212
0.3249622395833335	3.3061800484473234
0.3349622395833335	3.413279460063321
0.3449622395833335	3.5205799367253605
0.3549622395833335	3.6280755686523736
0.3649622395833335	3.7357624507806406
0.3749622395833335	3.8436347327123452
0.38496223958333353	3.951688328881753
0.39496223958333354	4.059918398505876
0.40496223958333355	4.168320832170257
0.41496223958333356	4.276890923092914
0.42496223958333357	4.385625152814679
0.4349622395833336	4.494519214609772
0.4449622395833336	4.6035698331727355
0.4549622395833336	4.712772790990418
0.4649622395833336	4.822125153416102
0.4749622395833336	4.931622645823085
0.4849622395833336	5.041262990845912
0.49496223958333363	5.151042148338933
0.5049622395833336	5.2609572128805935
0.5149622395833336	5.371005495299227
0.5249622395833337	5.481183775154289
0.5349622395833337	5.591488872477758
0.5449622395833337	5.701918188067851
0.5549622395833337	5.812469155234791
0.5649622395833337	5.923138838361962
0.5749622395833337	6.033924486911262
0.5849622395833337	6.144823996574836
0.5949622395833337	6.255834517824142
0.6049622395833337	6.366953738726035
0.6149622395833337	6.478179526477793
0.6249622395833337	6.589509291770579
0.6349622395833338	6.70094105899939
0.6449622395833338	6.812472323159465
0.6549622395833338	6.92410130668542
0.6649622395833338	7.035825361020745
0.6749622395833338	7.14764273428098
0.6849622395833338	7.259551632671054
0.6949622395833338	7.371549611438491
0.7049622395833338	7.483634910333847
0.7149622395833338	7.595805361163105
0.7249622395833338	7.708059502706787
0.7349622395833338	7.820395606194881
0.7449622395833339	7.932811170285762
0.7549622395833339	8.04530532216244
0.7649622395833339	8.157875906002536
0.7749622395833339	8.270521466302325
0.7849622395833339	8.383240060022041
0.7949622395833339	8.496030500148892
0.8049622395833339	8.608890905333096
0.8149622395833339	8.721820056410843
0.8249622395833339	8.834816788512713
0.8349622395833339	8.947879721791487
0.8449622395833339	9.061007518580356
0.854962239583334	9.174199156102588
0.864962239583334	9.28745428555533
0.874962239583334	9.400771750873998
0.884962239583334	9.514150991333945
0.894962239583334	9.627591865127444
0.904962239583334	9.741094312705828
0.914962239583334	9.854658296373112
0.924962239583334	9.968284196220802
0.934962239583334	10.081972596967693
0.944962239583334	10.195723805779757
0.954962239583334	10.309539423915966
0.964962239583334	10.423420772700055
0.9749622395833341	10.537369256010463
0.9849622395833341	10.651387496080583
0.9949622395833341	10.76547770936172
1.004962239583334	10.879643194178826
1.014962239583334	10.993886996927161
1.024962239583334	11.108213120085876
1.034962239583334	11.222625979837137
1.044962239583334	11.337130370548966
1.054962239583334	11.451731815910422
1.064962239583334	11.566436322251239
1.074962239583334	11.681250359325851
1.084962239583334	11.796181256582445
1.094962239583334	11.911237150808649
1.104962239583334	12.02642645840899
1.114962239583334	12.141758486659375
1.124962239583334	12.25724297796184
1.134962239583334	12.372816684911218
1.144962239583334	12.488424316216717
1.154962239583334	12.604059496185474
1.1649622395833341	12.719718034136358
1.1749622395833341	12.83539625793376
1.1849622395833341	12.951091501956405
1.1949622395833341	13.066801502690527
1.2049622395833341	13.182524531285772
1.2149622395833342	13.298259063624226
1.2249622395833342	13.41400368337681
1.2349622395833342	13.529757697155777
1.2449622395833342	13.645520187430474
1.2549622395833342	13.761290231742908
1.2649622395833342	13.877067358538232
1.2749622395833342	13.992851049018018
1.2849622395833342	14.108640635305614
1.2949622395833342	14.224436010016163
1.3049622395833342	14.340236885494175
1.3149622395833342	14.456043000178374
1.3249622395833343	14.5718542309365
1.3349622395833343	14.687670483490885
1.3449622395833343	14.803491731096212
1.3549622395833343	14.919317971133667
1.3649622395833343	15.03514919281681
1.3749622395833343	15.150985387822086
1.3849622395833343	15.266826551055713
1.3949622395833343	15.382672669034388
1.4049622395833343	15.498523737278719
1.4149622395833343	15.61437974859248
1.4249622395833343	15.730240699769706
1.4349622395833344	15.846106575707037
1.4449622395833344	15.961977837425325
1.4549622395833344	16.07785488942831
1.4649622395833344	16.193737719161902
1.4749622395833344	16.309626310857695
1.4849622395833344	16.42552065480049
1.4949622395833344	16.54142080782778
1.5049622395833344	16.657327087599352
1.5149622395833344	16.773239559839684
1.5249622395833344	16.88915832643278
1.5349622395833344	17.005083551757274
1.5449622395833345	17.12101522887955
1.5549622395833345	17.236953548617098
1.5649622395833345	17.352898672748083
1.5749622395833345	17.46885058965067
1.5849622395833345	17.58480929617154
1.5949622395833345	17.70077477846354
1.6049622395833345	17.816747115086223
1.6149622395833345	17.932726497514743
1.6249622395833345	18.04871291954692
1.6349622395833345	18.164706368901847
1.6449622395833345	18.280706868596297
1.6549622395833345	18.39671439674289
1.6649622395833346	18.512728968500248
1.6749622395833346	18.62875057681062
1.6849622395833346	18.744779253411796
1.6949622395833346	18.860815038940363
1.7049622395833346	18.976857927528314
1.7149622395833346	19.092907907547897
1.7249622395833346	19.208964972263754
1.7349622395833346	19.325029102855535
1.7449622395833346	19.441100297571218
1.7549622395833346	19.557178552504098
1.7649622395833346	19.673263823810604
1.7749622395833347	19.789356050752076
1.7849622395833347	19.905455191842737
1.7949622395833347	20.021561242269375
1.8049622395833347	20.137674182395372
1.8149622395833347	20.253793995816284
1.8249622395833347	20.36992068428108
1.8349622395833347	20.4860542223497
1.8449622395833347	20.60219462279268
1.8549622395833347	20.718341870804544
1.8649622395833347	20.834495947647472
1.8749622395833347	20.950656739059397
1.8849622395833348	21.066824177162257
1.8949622395833348	21.1829982472245
1.9049622395833348	21.299178932242246
1.9149622395833348	21.415366232999997
1.9249622395833348	21.531560106366182
1.9349622395833348	21.64776037710911
1.9449622395833348	21.763967057464587
1.9549622395833348	21.880180127217084
1.9649622395833348	21.996399578696707
1.9749622395833348	22.112625317895848
1.9849622395833348	22.228857273756443
1.9949622395833349	22.345095386200942
2.004962239583335	22.461339673361397
2.0149622395833346	22.577590101113366
2.0249622395833344	22.69384668794633
2.034962239583334	22.810109401836282
2.044962239583334	22.92637821684973
2.054962239583334	23.042653106461078
2.0649622395833336	23.15893410947901
2.0749622395833334	23.275221202889714
2.084962239583333	23.391514185994836
2.094962239583333	23.507813023915592
2.1049622395833327	23.624117656507423
2.1149622395833325	23.74042807962512
2.1249622395833323	23.856744257107724
2.134962239583332	23.973066204314353
2.144962239583332	24.089393882167528
2.1549622395833317	24.20572726266054
2.1649622395833314	24.322066297180015
2.1749622395833312	24.43841094538822
2.184962239583331	24.554761168747188
2.194962239583331	24.67111695367402
2.2049622395833306	24.787478293634166
2.2149622395833304	24.903845172082562
2.22496223958333	25.020217573632948
2.23496223958333	25.136595546090955
2.2449622395833297	25.252978892018884
2.2549622395833295	25.369367576735346
2.2649622395833293	25.485761579240226
2.274962239583329	25.602160877285932
2.284962239583329	25.718565461908117
2.2949622395833287	25.834975322522528
2.3049622395833285	25.95139044965702
2.3149622395833283	26.067810845519713
2.324962239583328	26.184236346970316
2.334962239583328	26.30066690745236
2.3449622395833276	26.41710252455787
2.3549622395833274	26.533543160582347
2.364962239583327	26.64998880580323
2.374962239583327	26.766439440945174
2.3849622395833268	26.88289509254852
2.3949622395833265	26.999355684635955
2.4049622395833263	27.115821168127454
2.414962239583326	27.232291488233155
2.424962239583326	27.34876659359849
2.4349622395833257	27.465246428712287
2.4449622395833255	27.5817309516498
2.4549622395833253	27.698220146526555
2.464962239583325	27.81471404048961
2.474962239583325	27.931212626160786
2.4849622395833246	28.04771590725248
2.4949622395833244	28.164223886096313
2.504962239583324	28.28073652591888
2.514962239583324	28.39725378445123
2.5249622395833238	28.513775632815403
2.5349622395833236	28.630302055242485
2.5449622395833233	28.746833033486553
2.554962239583323	28.863368582908315
2.564962239583323	28.979908500048342
2.5749622395833227	29.096452785011703
2.5849622395833225	29.213001418362193
2.5949622395833223	29.32955437620883
2.604962239583322	29.446111675728623
2.614962239583322	29.562673301798192
2.6249622395833216	29.67923920381826
2.6349622395833214	29.795809380360186
2.644962239583321	29.91238378908118
2.654962239583321	30.028962425129418
2.664962239583321	30.145545278381935
2.6749622395833206	30.262132308965047
2.6849622395833204	30.378723482943276
2.69496223958332	30.495318801466425
2.70496223958332	30.61191820312747
2.7149622395833197	30.728521704735364
2.7249622395833195	30.84512916985913
2.7349622395833193	30.961740633709955
2.744962239583319	31.078356076849904
2.754962239583319	31.194975469147533
2.7649622395833187	31.311598821178798
2.7749622395833184	31.42822611900778
2.7849622395833182	31.544857344538197
2.794962239583318	31.66149248629605
2.804962239583318	31.77813143920345
2.8149622395833176	31.894774208521824
2.8249622395833174	32.01142077459651
2.834962239583317	32.12807112086413
2.844962239583317	32.24472522414102
2.8549622395833167	32.36138305082224
2.8649622395833165	32.478044607433766
2.8749622395833163	32.594709846980955
2.884962239583316	32.71137873343343
2.894962239583316	32.8280512561882
2.9049622395833157	32.94472741821176
2.9149622395833155	33.0614072006512
2.9249622395833152	33.178090533635356
2.934962239583315	33.29477742442741
2.944962239583315	33.41146782638407
2.9549622395833146	33.52816175825268
2.9649622395833144	33.64485921695117
2.974962239583314	33.76156013117807
2.984962239583314	33.87826449612266
2.9949622395833138	33.99497227383562
3.0049622395833135	34.111683458290344
3.0149622395833133	34.22839800246142
3.024962239583313	34.345115920812525
3.034962239583313	34.46183722305679
3.0449622395833127	34.578561879523534
3.0549622395833125	34.69528987070063
3.0649622395833123	34.81202116613436
3.074962239583312	34.928755754795276
3.084962239583312	35.04549356373058
3.0949622395833116	35.16223459837036
3.1049622395833114	35.27897885295192
3.114962239583311	35.39572629895665
3.124962239583311	35.51247694309062
3.1349622395833108	35.629230752874605
3.1449622395833106	35.745987743511485
3.1549622395833103	35.86274788455851
3.16496223958331	35.979511162750434
3.17496223958331	36.09627755813753
3.1849622395833097	36.21304706900582
3.1949622395833095	36.329819633812455
3.2049622395833093	36.44659525447616
3.214962239583309	36.56337392468945
3.224962239583309	36.68015561868194
3.2349622395833086	36.79694030427099
3.2449622395833084	36.913727979195954
3.254962239583308	37.030518636481524
3.264962239583308	37.14731226131196
3.274962239583308	37.26410884726394
3.2849622395833076	37.38090834344787
3.2949622395833074	37.4977107467693
3.304962239583307	37.614516028287234
3.314962239583307	37.73132416274277
3.3249622395833067	37.8481351198225
3.3349622395833065	37.964948873357955
3.3449622395833063	38.0817654432954
3.354962239583306	38.19858477194655
3.364962239583306	38.31540688103216
3.3749622395833057	38.43223174252973
3.3849622395833054	38.54905936012383
3.3949622395833052	38.66588972228601
3.404962239583305	38.78272280995522
3.414962239583305	38.89955860446648
3.4249622395833046	39.01639707342743
3.4349622395833044	39.13323822477561
3.444962239583304	39.25008205898718
3.454962239583304	39.36692853837145
3.4649622395833037	39.48377765494161
3.4749622395833035	39.60062935453456
3.4849622395833033	39.71748363254028
3.494962239583303	39.83434050896481
3.504962239583303	39.95119997557998
3.5149622395833027	40.06806201085557
3.5249622395833025	40.18492664974385
3.5349622395833022	40.301793848867504
3.544962239583302	40.418663608091734
3.554962239583302	40.53553590506475
3.5649622395833016	40.65241072326344
3.5749622395833014	40.769288005251056
3.584962239583301	40.886167773927156
3.594962239583301	41.00305000120045
3.6049622395833008	41.119934694369306
3.6149622395833005	41.236821810350115
3.6249622395833003	41.353711345306934
3.6349622395833	41.47060328580152
3.6449622395833	41.587497641427575
3.6549622395832997	41.704394398758765
3.6649622395832995	41.82129353795529
3.6749622395832993	41.93819503419217
3.684962239583299	42.05509889177007
3.694962239583299	42.17200510578419
3.7049622395832986	42.288913658669145
3.7149622395832984	42.405824530803805
3.724962239583298	42.522737696615174
3.734962239583298	42.63965313063739
3.7449622395832978	42.7565708485857
3.7549622395832976	42.87349084555078
3.7649622395832973	42.99041310108901
3.774962239583297	43.10733760232981
3.784962239583297	43.22426431501448
3.7949622395832967	43.341193250342634
3.8049622395832965	43.4581243935169
3.8149622395832963	43.57505773579846
3.824962239583296	43.691993264561894
3.834962239583296	43.8089309500192
3.8449622395832956	43.92587078659585
3.8549622395832954	44.042812755127635
3.864962239583295	44.1597568401171
3.874962239583295	44.27670304459569
3.884962239583295	44.393651368389456
3.8949622395832946	44.510601807438164
3.9049622395832944	44.62755438135613
3.914962239583294	44.7445090595187
3.924962239583294	44.86146581898106
3.9349622395832937	44.97842463547298
3.9449622395832935	45.095385525514196
3.9549622395832933	45.2123484578439
3.964962239583293	45.32931343698505
3.974962239583293	45.44628045200021
3.9849622395832927	45.56324947042393
3.9949622395832924	45.68022049232947
4.004962239583293	45.79719351035673
4.0149622395832925	45.91416852521651
4.024962239583292	46.03114551341665
4.034962239583292	46.14812447419724
4.044962239583292	46.26510538267849
4.054962239583292	46.38208827863659
4.064962239583291	46.49907309716122
4.074962239583291	46.616059857583245
4.084962239583291	46.73304854767755
4.094962239583291	46.850039156668764
4.1049622395832905	46.96703167409623
4.11496223958329	47.08402609775351
4.12496223958329	47.20102242572487
4.13496223958329	47.318020633728416
4.14496223958329	47.43502071300885
4.1549622395832895	47.55202266597457
4.164962239583289	47.669026469244294
4.174962239583289	47.786032113001426
4.184962239583289	47.903039581920666
4.194962239583289	48.02004886210226
4.204962239583288	48.13705994369345
4.214962239583288	48.25407283285245
4.224962239583288	48.371087489198786
4.234962239583288	48.48810399463179
4.2449622395832876	48.60512227262891
4.254962239583287	48.72214236854771
4.264962239583287	48.83916421872137
4.274962239583287	48.9561878224509
4.284962239583287	49.073213198333235
4.2949622395832865	49.190240317425086
4.304962239583286	49.30726919033619
4.314962239583286	49.424299801395996
4.324962239583286	49.54133214524622
4.334962239583286	49.65836621341163
4.344962239583285	49.77540199594725
4.354962239583285	49.89243948069966
4.364962239583285	50.009478601590104
4.374962239583285	50.12651938015314
4.384962239583285	50.24356185493877
4.394962239583284	50.36060599088925
4.404962239583284	50.477651796590436
4.414962239583284	50.59469928279878
4.424962239583284	50.711748447769224
4.4349622395832835	50.82879927175672
4.444962239583283	50.94585175929544
4.454962239583283	51.062905900105775
4.464962239583283	51.179961718915905
4.474962239583283	51.29701918102306
4.484962239583282	51.41407826134359
4.494962239583282	51.53113899239879
4.504962239583282	51.64820133917717
4.514962239583282	51.76526530870952
4.524962239583282	51.88233084040456
4.534962239583281	51.99939793567672
4.544962239583281	52.11646654570353
4.554962239583281	52.23353676900398
4.564962239583281	52.350608553906504
4.5749622395832805	52.46768190666833
4.58496223958328	52.584756842938994
4.59496223958328	52.70183331973841
4.60496223958328	52.81891131851494
4.61496223958328	52.93599085040684
4.6249622395832795	53.05307195052705
4.634962239583279	53.17015459953802
4.644962239583279	53.28723875420692
4.654962239583279	53.40432441982716
4.664962239583279	53.52141159742274
4.674962239583278	53.638500279044486
4.684962239583278	53.75559045909195
4.694962239583278	53.872682146376505
4.704962239583278	53.989775304738885
4.7149622395832775	54.10686991856315
4.724962239583277	54.223965969011964
4.734962239583277	54.341063486214765
4.744962239583277	54.458162447744954
4.754962239583277	54.575262860787284
4.7649622395832765	54.692364705693315
4.774962239583276	54.809467974401386
4.784962239583276	54.92657271646036
4.794962239583276	55.04367891519745
4.804962239583276	55.16078656604568
4.814962239583275	55.27789569106274
4.824962239583275	55.39500629124573
4.834962239583275	55.512118318493066
4.844962239583275	55.62923173468018
4.8549622395832746	55.74634709882044
4.864962239583274	55.86346400833535
4.874962239583274	55.98058232481725
4.884962239583274	56.09770204070669
4.894962239583274	56.21482314795472
4.9049622395832735	56.331945634378265
4.914962239583273	56.44906951910536
4.924962239583273	56.56619476282854
4.934962239583273	56.683321370976714
4.944962239583273	56.800449346123514
4.954962239583272	56.91757870317701
4.964962239583272	57.03470943695554
4.974962239583272	57.1518415511029
4.984962239583272	57.268975028286384
4.994962239583272	57.38610987699404
5.004962239583271	57.50324607568122
5.014962239583271	57.62038360651032
5.024962239583271	57.737522478685264
5.034962239583271	57.854662642898234
5.0449622395832705	57.971804155608254
5.05496223958327	58.088946985310734
5.06496223958327	58.20609115472777
5.07496223958327	58.323236644276356
5.08496223958327	58.44038344199449
5.094962239583269	58.5575315625489
5.104962239583269	58.67468100794015
5.114962239583269	58.7918316803556
5.124962239583269	58.90898370185072
5.134962239583269	59.026136983913986
5.144962239583268	59.14329154949598
5.154962239583268	59.26044737453675
5.164962239583268	59.377604471396054
5.174962239583268	59.49476283395342
5.1849622395832675	59.611922458851424
5.194962239583267	59.72908334915491
5.204962239583267	59.846245505192776
5.214962239583267	59.9634088918395
5.224962239583267	60.080573642286524
5.2349622395832665	60.19773958311126
5.244962239583266	60.31490679276803
5.254962239583266	60.43207525466306
5.264962239583266	60.54924495948802
5.274962239583266	60.66641595248107
5.284962239583265	60.783588181334885
5.294962239583265	60.90076162711592
5.304962239583265	61.0179363228184
5.314962239583265	61.13511224567215
5.3249622395832645	61.25228939875943
5.334962239583264	61.36946778866183
5.344962239583264	61.486647421638786
5.354962239583264	61.60382830000677
5.364962239583264	61.72101042211306
5.3749622395832635	61.838193784630135
5.384962239583263	61.95537838308386
5.394962239583263	62.072564212254576
5.404962239583263	62.189751268303844
5.414962239583263	62.30693955317152
5.424962239583262	62.424129050612954
5.434962239583262	62.541319769278516
5.444962239583262	62.65851169609208
5.454962239583262	62.77570482378972
5.4649622395832615	62.892899158930014
5.474962239583261	63.01009470819921
5.484962239583261	63.1272914555148
5.494962239583261	63.244489393554574
5.504962239583261	63.36168851503233
5.5149622395832605	63.4788888785031
5.52496223958326	63.596090365616085
5.53496223958326	63.71329300408645
5.54496223958326	63.83049673188798
5.55496223958326	63.947701714314405
5.564962239583259	64.06490784850439
5.574962239583259	64.18211515502662
5.584962239583259	64.29932359702063
5.594962239583259	64.41653326823779
5.604962239583259	64.53374409075077
5.614962239583258	64.65095608077452
5.624962239583258	64.76816922938431
5.634962239583258	64.88538351595403
5.644962239583258	65.00259895843631
5.6549622395832575	65.1198155316908
5.664962239583257	65.23703327788027
5.674962239583257	65.3542520379754
5.684962239583257	65.4714719622919
5.694962239583257	65.58869292681392
5.704962239583256	65.70591509717056
5.714962239583256	65.82313834098368
5.724962239583256	65.94036269211722
5.734962239583256	66.05758815172908
5.744962239583256	66.17481472097552
5.754962239583255	66.29204241073296
5.764962239583255	66.40927120178281
5.774962239583255	66.52650110666548
5.784962239583255	66.64373212701426
5.7949622395832545	66.7609642756956
5.804962239583254	66.87819749628078
5.814962239583254	66.99543187309098
5.824962239583254	67.1126674080846
5.834962239583254	67.22990399847754
5.8449622395832534	67.34714169959744
5.854962239583253	67.46438058012674
5.864962239583253	67.58162057431682
5.874962239583253	67.69886173539969
5.884962239583253	67.8161039757159
5.894962239583252	67.93334736867524
5.904962239583252	68.05059184596475
5.914962239583252	68.16783740209743
5.924962239583252	68.285084100937
5.9349622395832515	68.4023318926978
5.944962239583251	68.51958076161851
5.954962239583251	68.63683073438767
5.964962239583251	68.75408182122544
5.974962239583251	68.87133399726936
5.9849622395832505	68.9885872824932
5.99496223958325	69.10584167604654
6.00496223958325	69.22309708569294
6.01496223958325	69.34035360385363
6.02496223958325	69.45761119986436
6.034962239583249	69.57486985932714
6.044962239583249	69.69212958444291
6.054962239583249	69.80939036925635
6.064962239583249	69.92665220990756
6.0749622395832485	70.0439150821456
6.084962239583248	70.1611789676675
6.094962239583248	70.27844392996965
6.104962239583248	70.39570990603683
6.114962239583248	70.51297696014011
6.1249622395832475	70.63024505533734
6.134962239583247	70.74751418575639
6.144962239583247	70.86478436256083
6.154962239583247	70.98205552744288
6.164962239583247	71.09932770819752
6.174962239583246	71.21660088949359
6.184962239583246	71.3338750832233
6.194962239583246	71.4511502536784
6.204962239583246	71.56842646281704
6.214962239583246	71.68570371001582
6.224962239583245	71.80298203435831
6.234962239583245	71.92026139329036
6.244962239583245	72.03754183373361
6.254962239583245	72.15482328829431
6.2649622395832445	72.27210591229193
6.274962239583244	72.38938957333053
6.284962239583244	72.5066742826334
6.294962239583244	72.62396007792985
6.304962239583244	72.74124688554922
6.314962239583243	72.85853474356094
6.324962239583243	72.9758236003508
6.334962239583243	73.09311343597486
6.344962239583243	73.21040422562967
6.354962239583243	73.32769602033632
6.364962239583242	73.44498881587373
6.374962239583242	73.5622825873627
6.384962239583242	73.67957734510614
6.394962239583242	73.79687309906829
6.4049622395832415	73.91416985513177
6.414962239583241	74.03146759275103
6.424962239583241	74.14876630146624
6.434962239583241	74.26606602754553
6.444962239583241	74.3833667195581
6.4549622395832404	74.50066848540989
6.46496223958324	74.61797117627596
6.47496223958324	74.7352749197179
6.48496223958324	74.85257968769503
6.49496223958324	74.96988540364349
6.504962239583239	75.08719210052023
6.514962239583239	75.20449979869223
6.524962239583239	75.32180844491768
6.534962239583239	75.4391180938229
6.5449622395832385	75.55642876043255
6.554962239583238	75.67374037820471
6.564962239583238	75.79105300829079
6.574962239583238	75.90836661525202
6.584962239583238	76.02568124101946
6.5949622395832375	76.14299678980584
6.604962239583237	76.26031331621742
6.614962239583237	76.37763077352128
6.624962239583237	76.49494916547995
6.634962239583237	76.61226852652108
6.644962239583236	76.72958880560682
6.654962239583236	76.84691001799486
6.664962239583236	76.96423216072743
6.674962239583236	77.08155523084692
6.6849622395832355	77.19887920390185
6.694962239583235	77.31620412060335
6.704962239583235	77.43352993645406
6.714962239583235	77.55085668786502
6.724962239583235	77.6681843861335
6.7349622395832345	77.7855129471245
6.744962239583234	77.90284242235211
6.754962239583234	78.02017281544686
6.764962239583234	78.13750409774877
6.774962239583234	78.25483628950725
6.784962239583233	78.37216933615227
6.794962239583233	78.48950329003266
6.804962239583233	78.60683812808544
6.814962239583233	78.72417384881534
6.824962239583233	78.84151045072875
6.834962239583232	78.95884793360987
6.844962239583232	79.07618629310821
6.854962239583232	79.19352550702668
6.864962239583232	79.31086560410753
6.8749622395832315	79.4282065222975
6.884962239583231	79.54554835738874
6.894962239583231	79.66289107743657
6.904962239583231	79.78023461660712
6.914962239583231	79.89757904116681
6.92496223958323	80.0149243396915
6.93496223958323	80.13227051547383
6.94496223958323	80.24961752023032
6.95496223958323	80.36696537652806
6.96496223958323	80.48431408403812
6.974962239583229	80.6016636424219
6.984962239583229	80.71901400722557
6.994962239583229	80.83636529828439
7.004962239583229	80.95371740265375
7.0149622395832285	81.0710703540135
7.024962239583228	81.18842419551433
7.034962239583228	81.30577881570315
7.044962239583228	81.42313425320795
7.054962239583228	81.54049052302821
7.064962239583227	81.65784756058022
7.074962239583227	81.77520546221254
7.084962239583227	81.89256419168876
7.094962239583227	82.00992371199912
7.104962239583227	82.12728400551298
7.114962239583226	82.24464506933612
7.124962239583226	82.36200685302146
7.134962239583226	82.4793694785392
7.144962239583226	82.59673287972117
7.1549622395832255	82.71409705920912
7.164962239583225	82.83146204196328
7.174962239583225	82.94882775799037
7.184962239583225	83.06619431805878
7.194962239583225	83.18356162248577
7.2049622395832245	83.30092970339034
7.214962239583224	83.41829856670734
7.224962239583224	83.53566820044041
7.234962239583224	83.65303860057115
7.244962239583224	83.77040974997712
7.254962239583223	83.88778166813275
7.264962239583223	84.00515432738604
7.274962239583223	84.1225277459067
7.284962239583223	84.23990190875561
7.2949622395832225	84.35727683592505
7.304962239583222	84.47465244784844
7.314962239583222	84.59202880988136
7.324962239583222	84.70940588751711
7.334962239583222	84.82678366428314
7.3449622395832215	84.94416215459495
7.354962239583221	85.06154134084655
7.364962239583221	85.17892118829106
7.374962239583221	85.29630172127084
7.384962239583221	85.41368298050499
7.39496223958322	85.53106488018683
7.40496223958322	85.64844747628317
7.41496223958322	85.76583073494818
7.42496223958322	85.88321462498978
7.43496223958322	86.00059919922765
7.444962239583219	86.1179844291682
7.454962239583219	86.23537031780916
7.464962239583219	86.35275686670012
7.474962239583219	86.47014409497093
7.4849622395832185	86.5875319665659
7.494962239583218	86.70492051318915
7.504962239583218	86.82230969470675
7.514962239583218	86.93969954832424
7.524962239583218	87.05709003345667
7.534962239583217	87.17448115919126
7.544962239583217	87.29187290715595
7.554962239583217	87.40926529184047
7.564962239583217	87.52665829273906
7.574962239583217	87.64405192126695
7.584962239583216	87.76144612129255
7.594962239583216	87.8788409066911
7.604962239583216	87.99623627078364
7.614962239583216	88.11363220876076
7.6249622395832155	88.23102871849102
7.634962239583215	88.34842579935297
7.644962239583215	88.46582345080675
7.654962239583215	88.58322167289064
7.664962239583215	88.7006204657704
7.674962239583214	88.81801979999968
7.684962239583214	88.93541971025914
7.694962239583214	89.0528202062609
7.704962239583214	89.17022123245215
7.714962239583214	89.28762286682083
7.724962239583213	89.4050250888926
7.734962239583213	89.52242777458143
7.744962239583213	89.63983104750406
7.754962239583213	89.75723480928448
7.7649622395832125	89.874639079101
7.774962239583212	89.99204385835964
7.784962239583212	90.10944912385712
7.794962239583212	90.22685490106483
7.804962239583212	90.34426115633087
7.8149622395832115	90.46166791541944
7.824962239583211	90.57907516404333
7.834962239583211	90.69648290232098
7.844962239583211	90.81389113037312
7.854962239583211	90.93129984831963
7.86496223958321	91.04870905628053
7.87496223958321	91.16611874441162
7.88496223958321	91.28352891062475
7.89496223958321	91.4009395426958
7.9049622395832095	91.51835062673348
7.914962239583209	91.63576216118743
7.924962239583209	91.75317413595178
7.934962239583209	91.87058656201579
7.944962239583209	91.9879994153095
7.9549622395832085	92.10541270687256
7.964962239583208	92.2228264360249
7.974962239583208	92.34024060208598
7.984962239583208	92.45765520437504
7.994962239583208	92.57507024221223
8.004962239583207	92.69248571570701
8.014962239583207	92.80990162389163
8.024962239583207	92.92731796555518
8.034962239583207	93.04473473999951
8.044962239583207	93.16215194652602
8.054962239583206	93.27956961818863
8.064962239583206	93.39698768587776
8.074962239583206	93.5144061798447
8.084962239583206	93.63182510173402
8.094962239583205	93.74924439831833
8.104962239583205	93.86666408815549
8.114962239583205	93.98408412460621
8.124962239583205	94.10150450271398
8.134962239583205	94.21892520298044
8.144962239583204	94.3363462327511
8.154962239583204	94.4537675542901
8.164962239583204	94.57118919918491
8.174962239583204	94.68861116569722
8.184962239583204	94.80603344117004
8.194962239583203	94.92345602535357
8.204962239583203	95.04087891800197
8.214962239583203	95.15830211886525
8.224962239583203	95.27572562769606
8.234962239583203	95.39314944424623
8.244962239583202	95.51057356826877
8.254962239583202	95.62799799951256
8.264962239583202	95.74542273773234
8.274962239583202	95.86284778267814
8.284962239583201	95.98027316753397
8.294962239583201	96.09769881895404
8.304962239583201	96.21512477231776
8.3149622395832	96.33255106449144
8.3249622395832	96.44997759413923
8.3349622395832	96.56740441586292
8.3449622395832	96.68483148514363
8.3549622395832	96.80225886186889
8.3649622395832	96.9196865098812
8.3749622395832	97.03711438541616
8.3849622395832	97.15454257012604
8.394962239583199	97.27197097737445
8.404962239583199	97.38939960310583
8.414962239583199	97.5068284898562
8.424962239583198	97.62425755671983
8.434962239583198	97.7416868374113
8.444962239583198	97.85911633287168
8.454962239583198	97.97654604192948
8.464962239583198	98.09397596426017
8.474962239583197	98.21140609984899
8.484962239583197	98.32883644868147
8.494962239583197	98.44626701074186
8.504962239583197	98.5636978189937
8.514962239583197	98.68112880501575
8.524962239583196	98.79856000086158
8.534962239583196	98.91599145383853
8.544962239583196	99.03342303926875
8.554962239583196	99.15085484924009
8.564962239583195	99.2682868586314
8.574962239583195	99.38571906455317
8.584962239583195	99.50315146387283
8.594962239583195	99.62058405345687
8.604962239583195	99.73801683017311
8.614962239583194	99.85544975942084
8.624962239583194	99.97288290400753
8.634962239583194	100.0903162286622
8.644962239583194	100.20774969968161
8.654962239583194	100.32518337759936
8.664962239583193	100.44261718434592
8.674962239583193	100.56005118949273
8.684962239583193	100.67748529446857
8.694962239583193	100.7949195233967
8.704962239583192	100.91235390949647
8.714962239583192	101.02978843039102
8.724962239583192	101.14722309809783
8.734962239583192	101.2646579126522
8.744962239583192	101.38209284661062
8.754962239583191	101.49952797061623
8.764962239583191	101.61696322651622
8.774962239583191	101.73439862087167
8.78496223958319	101.85183412572796
8.79496223958319	101.96926970236096
8.80496223958319	102.08670542790543
8.81496223958319	102.20414124001186
8.82496223958319	102.32157713858426
8.83496223958319	102.43901317564703
8.84496223958319	102.55644931606439
8.85496223958319	102.67388558817338
8.864962239583189	102.79132194280555
8.874962239583189	102.90875840966329
8.884962239583189	103.0261949491461
8.894962239583188	103.14363156085753
8.904962239583188	103.26106825306974
8.914962239583188	103.37850509954112
8.924962239583188	103.49594195675559
8.934962239583188	103.61337890236628
8.944962239583187	103.73081594109058
8.954962239583187	103.8482530823444
8.964962239583187	103.96569035384387
8.974962239583187	104.0831276560635
8.984962239583187	104.20056498678821
8.994962239583186	104.31800243051465
9.004962239583186	104.43543989539837
9.014962239583186	104.55287738335822
9.024962239583186	104.67031497755897
9.034962239583185	104.78775259511342
9.044962239583185	104.90519034284713
9.054962239583185	105.02262812939694
9.064962239583185	105.14006601373926
9.074962239583185	105.25750395837368
9.084962239583184	105.37494190458297
9.094962239583184	105.49237990111469
9.104962239583184	105.60981792022439
9.114962239583184	105.72725603753089
9.124962239583184	105.84469412796889
9.134962239583183	105.96213228701396
9.144962239583183	106.07957052670832
9.154962239583183	106.19700877981722
9.164962239583183	106.31444706001162
9.174962239583182	106.43188536959943
9.184962239583182	106.54932368706025
9.194962239583182	106.66676199811283
9.204962239583182	106.78420037413665
9.214962239583182	106.90163872147815
9.224962239583181	107.01907717591294
9.234962239583181	107.1365155949456
9.244962239583181	107.25395406524115
9.25496223958318	107.37139253776888
9.26496223958318	107.48883096048552
9.27496223958318	107.60626943769232
9.28496223958318	107.72370793538234
9.29496223958318	107.84114641217256
9.30496223958318	107.95858496822949
9.31496223958318	108.07602347970042
9.32496223958318	108.19346200175744
9.334962239583179	108.31090051251448
9.344962239583179	108.42833901379393
9.354962239583179	108.54577753911006
9.364962239583178	108.66321601909536
9.374962239583178	108.7806544981942
9.384962239583178	108.89809296861547
9.394962239583178	109.01553145680046
9.404962239583178	109.13296993945953
9.414962239583177	109.25040851153383
9.424962239583177	109.36784686005477
9.434962239583177	109.4852852504784
9.444962239583177	109.60272359450002
9.454962239583176	109.72016195168621
9.464962239583176	109.83760028705261
9.474962239583176	109.95503860126855
9.484962239583176	110.07247689500424
9.494962239583176	110.18991516892893
9.504962239583175	110.30735342371193
9.514962239583175	110.42479166002299
9.524962239583175	110.5422298785315
9.534962239583175	110.65966811079454
9.544962239583175	110.77710630223315
9.554962239583174	110.89454444731302
9.564962239583174	111.0119826140313
9.574962239583174	111.12942073974119
9.584962239583174	111.24685887055414
9.594962239583174	111.36429697102095
9.604962239583173	111.48173505753734
9.614962239583173	111.59917313126938
9.624962239583173	111.71661118987868
9.634962239583173	111.83404922568612
9.644962239583172	111.95148728272963
9.654962239583172	112.06892526165909
9.664962239583172	112.1863632627502
9.674962239583172	112.3038012638404
9.684962239583172	112.42123926493153
9.694962239583171	112.53867726602186
9.704962239583171	112.65611526711213
9.714962239583171	112.77355326820279
9.72496223958317	112.89099126929335
9.73496223958317	113.00842927038431
9.74496223958317	113.12586727147433
9.75496223958317	113.2433052725653
9.76496223958317	113.3607432736557
9.77496223958317	113.47818127474658
9.78496223958317	113.59561927583684
9.79496223958317	113.71305727692851
9.804962239583169	113.83049527801825
9.814962239583169	113.9479332791092
9.824962239583169	114.06537128019924
9.834962239583168	114.1828092812898
9.844962239583168	114.3002472823809
9.854962239583168	114.41768528347102
9.864962239583168	114.5351232845618
9.874962239583168	114.65256128565248
9.884962239583167	114.76999928674286
9.894962239583167	114.88743728783355
9.904962239583167	115.00487528892444
9.914962239583167	115.12231329001489
9.924962239583166	115.2397512911052
9.934962239583166	115.35718929219588
9.944962239583166	115.4746272932868
9.954962239583166	115.59206529437695
9.964962239583166	115.70950329546778
9.974962239583165	115.82694129655846
9.984962239583165	115.94437929764864
9.994962239583165	116.06181729873921
10.004962239583165	116.17925529982999
10.014962239583165	116.29669330092096
10.024962239583164	116.41413130201155
10.034962239583164	116.53156930310172
10.044962239583164	116.6490073809203
10.054962239583164	116.7664453743798
10.064962239583163	116.88388336783967
10.074962239583163	117.00132136129874
10.084962239583163	117.11875935475885
10.094962239583163	117.23619734821877
10.104962239583163	117.35363534167817
10.114962239583162	117.47107326413517
10.124962239583162	117.58851126460377
10.134962239583162	117.70594926507289
10.144962239583162	117.82338726554221
10.154962239583162	117.94082526601099
10.164962239583161	118.05826326648014
10.174962239583161	118.17570126694885
10.184962239583161	118.29313926741774
10.19496223958316	118.41057726788769
10.20496223958316	118.52801526835624
10.21496223958316	118.64545326882524
10.22496223958316	118.76289126929478
10.23496223958316	118.88032926976335
10.24496223958316	118.99776727023188
10.25496223958316	119.11520527070135
10.26496223958316	119.23264327117055
10.274962239583159	119.35008127163924
10.284962239583159	119.46751927210894
10.294962239583159	119.58495727257689
10.304962239583158	119.70239527304695
10.314962239583158	119.81983327351551
10.324962239583158	119.93727127398482
10.334962239583158	120.05470927445394
10.344962239583158	120.17214727492288
10.354962239583157	120.28958527539191
10.364962239583157	120.40702327586077
10.374962239583157	120.52446127633036
10.384962239583157	120.64189927679878
10.394962239583156	120.75933727726843
10.404962239583156	120.87677527773681
10.414962239583156	120.99421327820629
10.424962239583156	121.11165127867507
10.434962239583156	121.22908927914438
10.444962239583155	121.34652727961374
10.454962239583155	121.46396528008198
10.464962239583155	121.58140328055137
10.474962239583155	121.69884128102014
10.484962239583155	121.81627928148932
10.494962239583154	121.93371728195902
10.504962239583154	122.05115528242752
10.514962239583154	122.16859328289674
10.524962239583154	122.28603128336557
10.534962239583153	122.40346928383471
10.544962239583153	122.52090728430338
10.554962239583153	122.63834528477273
10.564962239583153	122.75578328524112
10.574962239583153	122.87322128571064
10.584962239583152	122.99065928618015
10.594962239583152	123.10809728664887
10.604962239583152	123.22553528711788
10.614962239583152	123.34297328758613
10.624962239583152	123.46041128805531
10.634962239583151	123.577849288525
10.644962239583151	123.69528728899422
10.654962239583151	123.81272528946332
10.66496223958315	123.93016328993164
10.67496223958315	124.04760129040102
10.68496223958315	124.16503929086993
10.69496223958315	124.28247729133895
10.70496223958315	124.39991529180857
10.71496223958315	124.51735329227742
10.72496223958315	124.63479129274648
10.73496223958315	124.75222929321545
10.744962239583149	124.86966729368439
10.754962239583149	124.9871052941536
10.764962239583149	125.10454329462256
10.774962239583148	125.22198129509188
10.784962239583148	125.33941929556023
10.794962239583148	125.45685729602937
10.804962239583148	125.57429529649909
10.814962239583148	125.6917332969675
10.824962239583147	125.80917129743693
10.834962239583147	125.92660929790623
10.844962239583147	126.04404729837519
10.854962239583147	126.16148529884374
10.864962239583146	126.2789232993133
10.874962239583146	126.3963612997821
10.884962239583146	126.51379930025124
10.894962239583146	126.63123730072009
10.904962239583146	126.74867530118897
10.914962239583145	126.86611330165803
10.924962239583145	126.98355132170964
10.934962239583145	127.10098930671056
10.944962239583145	127.21842728247897
10.954962239583145	127.3358652836335
10.964962239583144	127.45330328478734
10.974962239583144	127.57074128594203
10.984962239583144	127.68817928709626
10.994962239583144	127.80561728824996
11.004962239583143	127.92305528940523
11.014962239583143	128.04049329055923
11.024962239583143	128.15793129171328
11.034962239583143	128.2753692928687
11.044962239583143	128.39280729402194
11.054962239583142	128.510245295177
11.064962239583142	128.62768329633093
11.074962239583142	128.74512129748507
11.084962239583142	128.86255929863975
11.094962239583142	128.97999729979423
11.104962239583141	129.0974353009485
11.114962239583141	129.21487330210257
11.124962239583141	129.3323113032571
11.13496223958314	129.44974930441057
11.14496223958314	129.56718730556585
11.15496223958314	129.68462530671957
11.16496223958314	129.80016214373308
11.17496223958314	129.89784214450333
11.18496223958314	129.99552214527438
11.19496223958314	130.09320214604423
11.20496223958314	130.19088214681432
11.214962239583139	130.28856214758449
11.224962239583139	130.38624214835485
11.234962239583139	130.48392214912536
11.244962239583138	130.58160214989556
11.254962239583138	130.67928215066573
11.264962239583138	130.77696215143587
11.274962239583138	130.87464215220598
11.284962239583137	130.97232215297623
11.294962239583137	131.07000215374651
11.304962239583137	131.16768215451702
11.314962239583137	131.2653621552874
11.324962239583137	131.36304215605676
11.334962239583136	131.46072215682733
11.344962239583136	131.55840215759784
11.354962239583136	131.6560821583675
11.364962239583136	131.75376215913852
11.374962239583136	131.85144215990852
11.384962239583135	131.94912216067868
11.394962239583135	132.04680216144897
11.404962239583135	132.144482162219
11.414962239583135	132.24216216298893
11.424962239583135	132.33984216375902
11.434962239583134	132.43752216452904
11.444962239583134	132.53520216529984
11.454962239583134	132.63288216607026
11.464962239583134	132.73056216684031
11.474962239583133	132.82824216761105
11.484962239583133	132.9259221683808
11.494962239583133	133.02360216915025
11.504962239583133	133.12128216992141
11.514962239583133	133.21896217069212
11.524962239583132	133.31664217146113
11.534962239583132	133.41432217223203
11.544962239583132	133.512002173001
11.554962239583132	133.60968217377282
11.564962239583132	133.7073621745424
11.574962239583131	133.80504217531316
11.584962239583131	133.90272217608327
11.59496223958313	134.00040217685296
11.60496223958313	134.09808217762316
11.61496223958313	134.19576217839395
11.62496223958313	134.2934421791641
11.63496223958313	134.39112217993414
11.64496223958313	134.48880218070397
11.65496223958313	134.58648218147408
11.66496223958313	134.6841621822444
11.67496223958313	134.781842183015
11.684962239583129	134.87952218378496
11.694962239583129	134.9772021845552
11.704962239583129	135.07488218532592
11.714962239583128	135.17256218609498
11.724962239583128	135.27024218686657
11.734962239583128	135.3679222095411
11.744962239583128	135.4656021457818
11.754962239583127	135.56328214787132
11.764962239583127	135.66096214996062
11.774962239583127	135.7586421520495
11.784962239583127	135.85632215414026
11.794962239583127	135.95400215622897
11.804962239583126	136.05168215831776
11.814962239583126	136.14936216040806
11.824962239583126	136.24704216249722
11.834962239583126	136.34472216458724
11.844962239583126	136.44240216667603
11.854962239583125	136.54008216876574
11.864962239583125	136.6377621708548
11.874962239583125	136.73544217294386
11.884962239583125	136.83312217503416
11.894962239583124	136.93080217712267
11.904962239583124	137.02848217921238
11.914962239583124	137.12616218130304
11.924962239583124	137.22384218339135
11.934962239583124	137.32152218548075
11.944962239583123	137.4192021875704
11.950000000000001	137.4684111432923
1000011.95	137.4684111432923
