-100000	0
0	0
0.0003333333333333333	0.002112794628819443
0.0008333333333333333	0.005288755489612747
0.0015833333333333333	0.010063304688456601
0.0027083333333333334	0.017244678856839217
0.004395833333333333	0.028055721543394075
0.006927083333333334	0.04435359409065432
0.010723958333333335	0.06897582375139141
0.016419270833333336	0.1062913540388149
0.024962239583333337	0.16306145421168766
0.03496223958333334	0.2305956536880654
0.04496223958333334	0.2991681283083135
0.05496223958333334	0.3686761671688628
0.06496223958333334	0.4390388735026726
0.07496223958333334	0.5101914407617352
0.08496223958333333	0.5820790541764184
0.09496223958333333	0.6546561525247011
0.10496223958333332	0.7278834178201786
0.11496223958333332	0.8017267964566479
0.12496223958333331	0.8761556869463712
0.1349622395833333	0.9511434724814971
0.14496223958333332	1.0266656945725234
0.15496223958333333	1.1027006325579665
0.16496223958333334	1.1792285472567157
0.17496223958333335	1.2562310264620404
0.18496223958333335	1.3336912716641842
0.19496223958333336	1.4115935601814664
0.20496223958333337	1.4899233284309668
0.21496223958333338	1.5686670160925464
0.2249622395833334	1.6478119487536182
0.2349622395833334	1.7273462464548224
0.2449622395833334	1.8072584462014243
0.2549622395833334	1.8875380419644485
0.2649622395833334	1.968174821759891
0.27496223958333343	2.0491590070831402
0.28496223958333344	2.130481694082374
0.29496223958333345	2.212134206292889
0.30496223958333346	2.2941080245725605
0.31496223958333347	2.37639553663735
0.3249622395833335	2.4589889485683547
0.3349622395833335	2.5418811202271403
0.3449622395833335	2.6250651452611633
0.3549622395833335	2.7085340763478416
0.3649622395833335	2.792281628037592
0.3749622395833335	2.876301560279338
0.38496223958333353	2.960588199054197
0.39496223958333354	3.0451355504700754
0.40496223958333355	3.129937913226938
0.41496223958333356	3.214990342361472
0.42496223958333357	3.300287557515771
0.4349622395833336	3.3858246356973396
0.4449622395833336	3.471596738708189
0.4549622395833336	3.557599449108291
0.4649622395833336	3.6438279402675264
0.4749622395833336	3.730278133730624
0.4849622395833336	3.8169455964213084
0.49496223958333363	3.903826335711376
0.5049622395833336	3.9909165307206305
0.5149622395833336	4.078212126176306
0.5249622395833337	4.165709389139721
0.5349622395833337	4.2534047090264275
0.5449622395833337	4.3412946063847
0.5549622395833337	4.429375669152769
0.5649622395833337	4.5176445615722125
0.5749622395833337	4.606097989076535
0.5849622395833337	4.69473286804006
0.5949622395833337	4.7835459754843725
0.6049622395833337	4.872534370117098
0.6149622395833337	4.96169515940964
0.6249622395833337	5.051025610465545
0.6349622395833338	5.140522751662528
0.6449622395833338	5.230183859013888
0.6549622395833338	5.320006415869684
0.6649622395833338	5.409987736924886
0.6749622395833338	5.50012525545314
0.6849622395833338	5.5904166097241665
0.6949622395833338	5.680859369999991
0.7049622395833338	5.7714511950057
0.7149622395833338	5.862189833984259
0.7249622395833338	5.953072996034044
0.7349622395833338	6.0440983004243805
0.7449622395833339	6.135263787386461
0.7549622395833339	6.226567453420374
0.7649622395833339	6.31800710802909
0.7749622395833339	6.4095808516711
0.7849622395833339	6.501286687947322
0.7949622395833339	6.59312273720212
0.8049622395833339	6.685087136106122
0.8149622395833339	6.777178043371773
0.8249622395833339	6.869393817961878
0.8349622395833339	6.961732593808671
0.8449622395833339	7.054192681903346
0.854962239583334	7.14677257606496
0.864962239583334	7.239470512270402
0.874962239583334	7.332284962622394
0.884962239583334	7.425214435593697
0.894962239583334	7.5182573260385315
0.904962239583334	7.611412366043019
0.914962239583334	7.704678050172841
0.924962239583334	7.7980530056364605
0.934962239583334	7.891535795497718
0.944962239583334	7.985125178432406
0.954962239583334	8.078819798339213
0.964962239583334	8.172618409899865
0.9749622395833341	8.266519870166851
0.9849622395833341	8.360522873376802
0.9949622395833341	8.454626297268685
1.004962239583334	8.548828996889673
1.014962239583334	8.64312992272097
1.024962239583334	8.737527913851908
1.034962239583334	8.83202189859076
1.044962239583334	8.926610762054523
1.054962239583334	9.021293354160358
1.064962239583334	9.116068554669669
1.074962239583334	9.210935120525942
1.084962239583334	9.30589180147853
1.094962239583334	9.40093724089997
1.104962239583334	9.496069988878403
1.114962239583334	9.591288377936811
1.124962239583334	9.686590528246864
1.134962239583334	9.78197825421997
1.144962239583334	9.877453433175988
1.154962239583334	9.973015272648537
1.1649622395833341	10.068662662089562
1.1749622395833341	10.164394873886978
1.1849622395833341	10.260211173914207
1.1949622395833341	10.356110907872136
1.2049622395833341	10.452093316249046
1.2149622395833342	10.548157622553385
1.2249622395833342	10.644303349437656
1.2349622395833342	10.740529936331683
1.2449622395833342	10.83683663417934
1.2549622395833342	10.933222985142708
1.2649622395833342	11.029688450484363
1.2749622395833342	11.126232380018036
1.2849622395833342	11.222854359110176
1.2949622395833342	11.319553970204566
1.3049622395833342	11.416330666236375
1.3149622395833342	11.51318402813043
1.3249622395833343	11.610113683172667
1.3349622395833343	11.707119286506813
1.3449622395833343	11.804200273973825
1.3549622395833343	11.901356219022725
1.3649622395833343	11.99858683081016
1.3749622395833343	12.095891723914303
1.3849622395833343	12.19327053626274
1.3949622395833343	12.290722880266943
1.4049622395833343	12.388248425780164
1.4149622395833343	12.485846757971549
1.4249622395833343	12.583517638284158
1.4349622395833344	12.681260670160883
1.4449622395833344	12.779075464915639
1.4549622395833344	12.8769616292833
1.4649622395833344	12.974918845024389
1.4749622395833344	13.07294686348282
1.4849622395833344	13.17104531305176
1.4949622395833344	13.269213874659563
1.5049622395833344	13.367452159202834
1.5149622395833344	13.46575992445214
1.5249622395833344	13.56413679079286
1.5349622395833344	13.662582404188598
1.5449622395833345	13.761096546302308
1.5549622395833345	13.859678886768982
1.5649622395833345	13.958329041075556
1.5749622395833345	14.057046792129256
1.5849622395833345	14.155831713692743
1.5949622395833345	14.254683481132956
1.6049622395833345	14.353601723822868
1.6149622395833345	14.452586204429165
1.6249622395833345	14.551636524972398
1.6349622395833345	14.650752462493555
1.6449622395833345	14.749933684895984
1.6549622395833345	14.849179805576208
1.6649622395833346	14.948490462664468
1.6749622395833346	15.047865392557455
1.6849622395833346	15.147304330398041
1.6949622395833346	15.246806872573165
1.7049622395833346	15.346372698597213
1.7149622395833346	15.446001513610334
1.7249622395833346	15.545693108946796
1.7349622395833346	15.645447031906638
1.7449622395833346	15.745262914640495
1.7549622395833346	15.845140508602992
1.7649622395833346	15.945079581758122
1.7749622395833347	16.045079765505008
1.7849622395833347	16.145140675823704
1.7949622395833347	16.245262017857637
1.8049622395833347	16.345443495611576
1.8149622395833347	16.445684836830992
1.8249622395833347	16.54598573106143
1.8349622395833347	16.646345822496205
1.8449622395833347	16.746764827037232
1.8549622395833347	16.84724258370123
1.8649622395833347	16.947778968129732
1.8749622395833347	17.048373298980916
1.8849622395833348	17.14902522521916
1.8949622395833348	17.24973452053403
1.9049622395833348	17.35050077497896
1.9149622395833348	17.451323755145044
1.9249622395833348	17.552203168926756
1.9349622395833348	17.6531387415717
1.9449622395833348	17.754130123042405
1.9549622395833348	17.855176954877027
1.9649622395833348	17.956278983336627
1.9749622395833348	18.05743581819913
1.9849622395833348	18.158647290055878
1.9949622395833349	18.25991308557177
2.004962239583335	18.36123286618098
2.0149622395833346	18.462606406003438
2.0249622395833344	18.564033380070473
2.034962239583334	18.665513506384936
2.044962239583334	18.767046477833638
2.054962239583334	18.868632089770237
2.0649622395833336	18.970269986059165
2.0749622395833334	19.071959889456796
2.084962239583333	19.173701501411646
2.094962239583333	19.27549457265444
2.1049622395833327	19.37733881381703
2.1149622395833325	19.479233954208084
2.1249622395833323	19.58117965250421
2.134962239583332	19.68317571001415
2.144962239583332	19.785221872985357
2.1549622395833317	19.887317935483434
2.1649622395833314	19.98946363499988
2.1749622395833312	20.091658685505863
2.184962239583331	20.193902823632005
2.194962239583331	20.296195760480405
2.2049622395833306	20.398537198344034
2.2149622395833304	20.50092694924102
2.22496223958333	20.60336474680636
2.23496223958333	20.705850418579306
2.2449622395833297	20.808383647613468
2.2549622395833295	20.91096414612512
2.2649622395833293	21.01359177013804
2.274962239583329	21.116266307803922
2.284962239583329	21.218987423686727
2.2949622395833287	21.3217550430037
2.3049622395833285	21.424568820855402
2.3149622395833283	21.527428560880914
2.324962239583328	21.630333917143115
2.334962239583328	21.733284779917927
2.3449622395833276	21.836280939056245
2.3549622395833274	21.939322176405085
2.364962239583327	22.042408226531496
2.374962239583327	22.14553891599426
2.3849622395833268	22.248713981135747
2.3949622395833265	22.351933214428445
2.4049622395833263	22.455196491434034
2.414962239583326	22.558503676832867
2.424962239583326	22.661854433876382
2.4349622395833257	22.765248512456537
2.4449622395833255	22.86868565553211
2.4549622395833253	22.972165756841616
2.464962239583325	23.075688670423744
2.474962239583325	23.179254194154037
2.4849622395833246	23.282862058517548
2.4949622395833244	23.38651198072155
2.504962239583324	23.490203755542485
2.514962239583324	23.593937341919638
2.5249622395833238	23.69771267587469
2.5349622395833236	23.801529355669253
2.5449622395833233	23.905387274186296
2.554962239583323	24.009286221984222
2.564962239583323	24.11322602836028
2.5749622395833227	24.217206467000704
2.5849622395833225	24.321227334239477
2.5949622395833223	24.42528844173676
2.604962239583322	24.529389588108597
2.614962239583322	24.633530623184928
2.6249622395833216	24.737711403343198
2.6349622395833214	24.841931860414906
2.644962239583321	24.94619167441598
2.654962239583321	25.050490773631886
2.664962239583321	25.1548289144442
2.6749622395833206	25.259206015256925
2.6849622395833204	25.363621762737125
2.69496223958332	25.46807608309753
2.70496223958332	25.57256881121355
2.7149622395833197	25.677099790793157
2.7249622395833195	25.781668762305
2.7349622395833193	25.886275528354695
2.744962239583319	25.990919966211987
2.754962239583319	26.095601964892275
2.7649622395833187	26.200321275806324
2.7749622395833184	26.30507778894946
2.7849622395833182	26.40987128643633
2.794962239583318	26.514701709662035
2.804962239583318	26.619568953627205
2.8149622395833176	26.724472806607007
2.8249622395833174	26.829413024658805
2.834962239583317	26.93438953735182
2.844962239583317	27.039402183763926
2.8549622395833167	27.144450660725976
2.8649622395833165	27.249534940707743
2.8749622395833163	27.3546548080334
2.884962239583316	27.459810164788184
2.894962239583316	27.565000927881155
2.9049622395833157	27.67022689004919
2.9149622395833155	27.775487870994155
2.9249622395833152	27.880783785270722
2.934962239583315	27.986114439164872
2.944962239583315	28.09147956446403
2.9549622395833146	28.19687927648784
2.9649622395833144	28.302313372290143
2.974962239583314	28.40778160320115
2.984962239583314	28.51328398449728
2.9949622395833138	28.61882023443751
3.0049622395833135	28.7243902835671
3.0149622395833133	28.82999404245984
3.024962239583313	28.935631180088368
3.034962239583313	29.041301612878737
3.0449622395833127	29.147005209908134
3.0549622395833125	29.252741830141364
3.0649622395833123	29.358511406100433
3.074962239583312	29.46431383343442
3.084962239583312	29.570148950764576
3.0949622395833116	29.67601668505525
3.1049622395833114	29.781916823694736
3.114962239583311	29.88784922794047
3.124962239583311	29.993813808949003
3.1349622395833108	30.099810410757517
3.1449622395833106	30.205838903258012
3.1549622395833103	30.311899321176316
3.16496223958331	30.417991355038726
3.17496223958331	30.524115059178726
3.1849622395833097	30.63027017061607
3.1949622395833095	30.736456499707465
3.2049622395833093	30.84267401328291
3.214962239583309	30.948922550249815
3.224962239583309	31.05520205981041
3.2349622395833086	31.16151244081395
3.2449622395833084	31.267853490236764
3.254962239583308	31.374225050286014
3.264962239583308	31.480627114801347
3.274962239583308	31.587059507571865
3.2849622395833076	31.693522123528762
3.2949622395833074	31.800014925723197
3.304962239583307	31.90653771823124
3.314962239583307	32.013090364940375
3.3249622395833067	32.119672817098895
3.3349622395833065	32.226284900361705
3.3449622395833063	32.33292653801088
3.354962239583306	32.439597603071135
3.364962239583306	32.546298052561916
3.3749622395833057	32.65302781783662
3.3849622395833054	32.75978674015743
3.3949622395833052	32.86657460016172
3.404962239583305	32.973391422591575
3.414962239583305	33.08023700031041
3.4249622395833046	33.187111381421204
3.4349622395833044	33.294014484634474
3.444962239583304	33.400946164488175
3.454962239583304	33.507906249098035
3.4649622395833037	33.61489474295535
3.4749622395833035	33.72191140403213
3.4849622395833033	33.82895606607027
3.494962239583303	33.936028736552416
3.504962239583303	34.04312939660855
3.5149622395833027	34.15025781326964
3.5249622395833025	34.25741414753625
3.5349622395833022	34.36459814485918
3.544962239583302	34.471809710118876
3.554962239583302	34.57904870781857
3.5649622395833016	34.686315148522596
3.5749622395833014	34.793608816517555
3.584962239583301	34.90092978154755
3.594962239583301	35.00827787414311
3.6049622395833008	35.11565306364912
3.6149622395833005	35.22305508467897
3.6249622395833003	35.33048401723164
3.6349622395833	35.437939608470316
3.6449622395833	35.54542184105827
3.6549622395832997	35.6529307647509
3.6649622395832995	35.76046623478256
3.6749622395832993	35.86802805721085
3.684962239583299	35.97561633228547
3.694962239583299	36.08323096208077
3.7049622395832986	36.190871710982215
3.7149622395832984	36.298538671532704
3.724962239583298	36.40623171142925
3.734962239583298	36.513950611511724
3.7449622395832978	36.621695347315416
3.7549622395832976	36.729465909459044
3.7649622395832973	36.837262255417
3.774962239583297	36.94508427563787
3.784962239583297	37.052931772269055
3.7949622395832967	37.16080483907713
3.8049622395832965	37.26870331700931
3.8149622395832963	37.37662729097352
3.824962239583296	37.48457714098474
3.834962239583296	37.592552175594584
3.8449622395832956	37.70055235755769
3.8549622395832954	37.8085775819146
3.864962239583295	37.91662764402896
3.874962239583295	38.02470267937538
3.884962239583295	38.13280254200376
3.8949622395832946	38.2409272682384
3.9049622395832944	38.3490766389292
3.914962239583294	38.457250606105625
3.924962239583294	38.56544907670487
3.9349622395832937	38.67367217475315
3.9449622395832935	38.78191971534661
3.9549622395832933	38.890191402565826
3.964962239583293	38.99848750564802
3.974962239583293	39.10680776797335
3.9849622395832927	39.215152154680744
3.9949622395832924	39.323520620224436
4.004962239583293	39.43191317469247
4.0149622395832925	39.54032976767739
4.024962239583292	39.64877016615057
4.034962239583292	39.757234503957314
4.044962239583292	39.86572304107405
4.054962239583292	39.97423552396191
4.064962239583291	40.08277165868012
4.074962239583291	40.19133141524663
4.084962239583291	40.29991462438741
4.094962239583291	40.40852141430868
4.1049622395832905	40.51715152105498
4.11496223958329	40.62580491217704
4.12496223958329	40.73448162066745
4.13496223958329	40.84318160726521
4.14496223958329	40.951904658930914
4.1549622395832895	41.06065086167815
4.164962239583289	41.16942010912372
4.174962239583289	41.27821276610465
4.184962239583289	41.387028526524716
4.194962239583289	41.49586719646549
4.204962239583288	41.60472877148901
4.214962239583288	41.7136137517665
4.224962239583288	41.822521552279596
4.234962239583288	41.9314520653057
4.2449622395832876	42.04040519808572
4.254962239583287	42.14938094997915
4.264962239583287	42.25837915484251
4.274962239583287	42.367399736364796
4.284962239583287	42.47644277415574
4.2949622395832865	42.585508156704726
4.304962239583286	42.69459586464644
4.314962239583286	42.80370584684768
4.324962239583286	42.91283805016668
4.334962239583286	43.02199233682522
4.344962239583285	43.131168784481915
4.354962239583285	43.24036710622032
4.364962239583285	43.3495875592982
4.374962239583285	43.458830020120615
4.384962239583285	43.56809432718192
4.394962239583284	43.677380565105615
4.404962239583284	43.786688722314494
4.414962239583284	43.896018611539695
4.424962239583284	44.0053702190863
4.4349622395832835	44.114743459804835
4.444962239583283	44.22413847663269
4.454962239583283	44.333554830278366
4.464962239583283	44.442992913629055
4.474962239583283	44.552452414713805
4.484962239583282	44.661933348371406
4.494962239583282	44.771435848412324
4.504962239583282	44.88095964910013
4.514962239583282	44.99050474462655
4.524962239583282	45.1000711614162
4.534962239583281	45.209658873471646
4.544962239583281	45.319267903275794
4.554962239583281	45.428897994724835
4.564962239583281	45.538549225693885
4.5749622395832805	45.64822163653744
4.58496223958328	45.75791497907409
4.59496223958328	45.86762936008876
4.60496223958328	45.97736484430457
4.61496223958328	46.08712119916406
4.6249622395832795	46.19689850248304
4.634962239583279	46.30669664785332
4.644962239583279	46.41651561861273
4.654962239583279	46.526355292409924
4.664962239583279	46.63621593714643
4.674962239583278	46.746097153871
4.684962239583278	46.85599926949428
4.694962239583278	46.965921871626946
4.704962239583278	47.07586518131608
4.7149622395832775	47.185828917264594
4.724962239583277	47.295813304604415
4.734962239583277	47.40581826942416
4.744962239583277	47.5158436946158
4.754962239583277	47.625889578855556
4.7649622395832765	47.73595680939639
4.774962239583276	47.84604445527763
4.784962239583276	47.956152348576204
4.794962239583276	48.0662806962328
4.804962239583276	48.176429306559186
4.814962239583275	48.28659824399703
4.824962239583275	48.39678735388309
4.834962239583275	48.50699660489534
4.844962239583275	48.617226155799365
4.8549622395832746	48.72747588049726
4.864962239583274	48.837745657548446
4.874962239583274	48.94803551597347
4.884962239583274	49.058345407087515
4.894962239583274	49.16867528491597
4.9049622395832735	49.27902522438885
4.914962239583273	49.389395133538336
4.924962239583273	49.49978515647782
4.934962239583273	49.61019494802319
4.944962239583273	49.72062472143213
4.954962239583272	49.83107424863948
4.964962239583272	49.9415436540438
4.974962239583272	50.052032823246684
4.984962239583272	50.16254192112683
4.994962239583272	50.2730706461682
5.004962239583271	50.38361929249663
5.014962239583271	50.494187681715324
5.024962239583271	50.60477572859051
5.034962239583271	50.71538331566493
5.0449622395832705	50.8260104422146
5.05496223958327	50.936657346884886
5.06496223958327	51.04732381548198
5.07496223958327	51.158010083531764
5.08496223958327	51.268715688463026
5.094962239583269	51.379440866892814
5.104962239583269	51.49018542202655
5.114962239583269	51.60094962077713
5.124962239583269	51.711733251005114
5.134962239583269	51.82253685468392
5.144962239583268	51.933359919238896
5.154962239583268	52.04420232037527
5.164962239583268	52.155064019759564
5.174962239583268	52.26594528283521
5.1849622395832675	52.37684586419786
5.194962239583267	52.48776569268501
5.204962239583267	52.59870480083132
5.214962239583267	52.709663156027524
5.224962239583267	52.82064083381652
5.2349622395832665	52.93163777914949
5.244962239583266	53.042654031727714
5.254962239583266	53.15368942567525
5.264962239583266	53.26474387817066
5.274962239583266	53.37581762846487
5.284962239583265	53.48691037414661
5.294962239583265	53.59802229841606
5.304962239583265	53.70915364858566
5.314962239583265	53.82030452866825
5.3249622395832645	53.931474484074776
5.334962239583264	54.042663830774764
5.344962239583264	54.153872295835896
5.354962239583264	54.26509985872625
5.364962239583264	54.376346344512065
5.3749622395832635	54.48761193345642
5.384962239583263	54.59889641217131
5.394962239583263	54.7101998576265
5.404962239583263	54.82152223742262
5.414962239583263	54.93286350508167
5.424962239583262	55.04422382666037
5.434962239583262	55.155603120925264
5.444962239583262	55.26700119485788
5.454962239583262	55.3784181059617
5.4649622395832615	55.489854004576415
5.474962239583261	55.60130863486945
5.484962239583261	55.71278207335811
5.494962239583261	55.82427507530484
5.504962239583261	55.93578692033068
5.5149622395832605	56.04731764881978
5.52496223958326	56.158867067087904
5.53496223958326	56.270435334046574
5.54496223958326	56.38202236499641
5.55496223958326	56.4936280311113
5.564962239583259	56.605252645382905
5.574962239583259	56.716895821646105
5.584962239583259	56.82855792563167
5.594962239583259	56.940238576887644
5.604962239583259	57.05193784611528
5.614962239583258	57.16365586063231
5.624962239583258	57.275392468537
5.634962239583258	57.387147714697
5.644962239583258	57.4989217675165
5.6549622395832575	57.61071439550698
5.664962239583257	57.722525546570246
5.674962239583257	57.834355395695326
5.684962239583257	57.94620373742337
5.694962239583257	58.058070674183405
5.704962239583256	58.16995620016386
5.714962239583256	58.28186032108715
5.724962239583256	58.393783036183095
5.734962239583256	58.505724279111305
5.744962239583256	58.617684032290846
5.754962239583255	58.72966232742814
5.764962239583255	58.84165925873001
5.774962239583255	58.95367452792302
5.784962239583255	59.06570842863192
5.7949622395832545	59.17776074318612
5.804962239583254	59.28983158693231
5.814962239583254	59.40192090465742
5.824962239583254	59.51402878814978
5.834962239583254	59.62615499363203
5.8449622395832534	59.73829959413414
5.854962239583253	59.85046262409586
5.864962239583253	59.962644085370776
5.874962239583253	60.074843928215635
5.884962239583253	60.187062256203596
5.894962239583252	60.29929893238245
5.904962239583252	60.411554039582754
5.914962239583252	60.52382761634851
5.924962239583252	60.63611954372945
5.9349622395832515	60.74842981086934
5.944962239583251	60.86075844932933
5.954962239583251	60.97310535004779
5.964962239583251	61.08547065058372
5.974962239583251	61.19785425615882
5.9849622395832505	61.31025617771942
5.99496223958325	61.42267648715821
6.00496223958325	61.53511510720364
6.01496223958325	61.647572104882336
6.02496223958325	61.76004740826432
6.034962239583249	61.87254092961054
6.044962239583249	61.98505281531926
6.054962239583249	62.09758287605085
6.064962239583249	62.210131289249524
6.0749622395832485	62.32269793952754
6.084962239583248	62.43528287912395
6.094962239583248	62.547886096854334
6.104962239583248	62.66050746027017
6.114962239583248	62.77314705327843
6.1249622395832475	62.88580490664639
6.134962239583247	62.99848100409998
6.144962239583247	63.1111752749456
6.154962239583247	63.2238877315575
6.164962239583247	63.33661855238774
6.174962239583246	63.44936744847542
6.184962239583246	63.562134580110204
6.194962239583246	63.67491991393723
6.204962239583246	63.78772342776367
6.214962239583246	63.900545125553975
6.224962239583245	64.0133849333231
6.234962239583245	64.12624297169474
6.244962239583245	64.23911905456096
6.254962239583245	64.35201330723953
6.2649622395832445	64.46492566233532
6.274962239583244	64.57785614690937
6.284962239583244	64.69080475244745
6.294962239583244	64.80377145482394
6.304962239583244	64.91675636370037
6.314962239583243	65.02975929691067
6.324962239583243	65.14278036604759
6.334962239583243	65.25581948490489
6.344962239583243	65.36887675452714
6.354962239583243	65.48195205039754
6.364962239583242	65.59504542455868
6.374962239583242	65.70815691676233
6.384962239583242	65.8212864234212
6.394962239583242	65.93443393928582
6.4049622395832415	66.0475995380768
6.414962239583241	66.16078316457983
6.424962239583241	66.27398471305723
6.434962239583241	66.38720434756843
6.444962239583241	66.50044202116774
6.4549622395832404	66.6136976598977
6.46496223958324	66.72697128871488
6.47496223958324	66.84026297564886
6.48496223958324	66.95357259384643
6.49496223958324	67.0669001811588
6.504962239583239	67.18024583118036
6.514962239583239	67.29360934714633
6.524962239583239	67.40699082201444
6.534962239583239	67.52039018353567
6.5449622395832385	67.63380745126686
6.554962239583238	67.74724266094017
6.564962239583238	67.86069571067131
6.574962239583238	67.97416674699829
6.584962239583238	68.087655617165
6.5949622395832375	68.20116236943382
6.604962239583237	68.31468704859236
6.614962239583237	68.42822960026692
6.624962239583237	68.54179005707832
6.634962239583237	68.65536838916005
6.644962239583236	68.76896457744739
6.654962239583236	68.8825785574233
6.664962239583236	68.99621041098214
6.674962239583236	69.10986009997572
6.6849622395832355	69.22352761139332
6.694962239583235	69.33721291964346
6.704962239583235	69.45091605726529
6.714962239583235	69.56463695147986
6.724962239583235	69.67837569337273
6.7349622395832345	69.79213222271785
6.744962239583234	69.90590646772557
6.754962239583234	70.01969844729699
6.764962239583234	70.13350817228063
6.774962239583234	70.24733559174801
6.784962239583233	70.36118075458648
6.794962239583233	70.4750436128865
6.804962239583233	70.58892420548878
6.814962239583233	70.70282246306688
6.824962239583233	70.8167383588364
6.834962239583232	70.93067191215695
6.844962239583232	71.04462313457742
6.854962239583232	71.1585919716801
6.864962239583232	71.2725784906482
6.8749622395832315	71.38658257703013
6.884962239583231	71.50060430594472
6.894962239583231	71.61464359664643
6.904962239583231	71.72870047143437
6.914962239583231	71.84277494991827
6.92496223958323	71.95686694447079
6.93496223958323	72.07097647566583
6.94496223958323	72.18510357517196
6.95496223958323	72.29924823826155
6.96496223958323	72.41341036340734
6.974962239583229	72.527589996237
6.984962239583229	72.64178707648783
6.994962239583229	72.75600164016204
7.004962239583229	72.87023363973842
7.0149622395832285	72.98448307911458
7.024962239583228	73.09874997304092
7.034962239583228	73.2130343260568
7.044962239583228	73.32733607567297
7.054962239583228	73.44165518249754
7.064962239583227	73.55599141635206
7.074962239583227	73.67034466951846
7.084962239583227	73.78471525556894
7.094962239583227	73.8991031650751
7.104962239583227	74.01350837841925
7.114962239583226	74.12793086851683
7.124962239583226	74.24237059035195
7.134962239583226	74.35682754556436
7.144962239583226	74.47130173066415
7.1549622395832255	74.58579319089637
7.164962239583225	74.70030186784031
7.174962239583225	74.8148277456441
7.184962239583225	74.92937082168892
7.194962239583225	75.04393104856226
7.2049622395832245	75.15850841762854
7.214962239583224	75.27310290013307
7.224962239583224	75.3877144937101
7.234962239583224	75.5023431955846
7.244962239583224	75.616988712653
7.254962239583223	75.73165106228545
7.264962239583223	75.8463305019861
7.274962239583223	75.9610269560404
7.284962239583223	76.07574040610272
7.2949622395832225	76.19047083096726
7.304962239583222	76.30521822549302
7.314962239583222	76.4199826030883
7.324962239583222	76.53476391136344
7.334962239583222	76.64956212870922
7.3449622395832215	76.76437722552126
7.354962239583221	76.87920916050454
7.364962239583221	76.99405790430615
7.374962239583221	77.1089234568747
7.384962239583221	77.22380580589852
7.39496223958322	77.3387049403703
7.40496223958322	77.45362085447005
7.41496223958322	77.56855351422665
7.42496223958322	77.6835028701427
7.43496223958322	77.79846889918959
7.444962239583219	77.91345157438842
7.454962239583219	78.02845087184194
7.464962239583219	78.14346678196792
7.474962239583219	78.25849928387134
7.4849622395832185	78.37354837380175
7.494962239583218	78.48861399666485
7.504962239583218	78.60369613040561
7.514962239583218	78.71879475520386
7.524962239583218	78.8339098607525
7.534962239583217	78.94904141770931
7.544962239583217	79.0641893910147
7.554962239583217	79.17935365401645
7.564962239583217	79.29453409261852
7.574962239583217	79.40973085829751
7.584962239583216	79.52494390789934
7.594962239583216	79.64017322772713
7.604962239583216	79.75541878536383
7.614962239583216	79.87068056922008
7.6249622395832155	79.98595856569558
7.634962239583215	80.10125269896612
7.644962239583215	80.21656298063645
7.654962239583215	80.33188940518755
7.664962239583215	80.44723188016566
7.674962239583214	80.56259042974813
7.684962239583214	80.6779650228206
7.694962239583214	80.7933555253853
7.704962239583214	80.90876189801166
7.714962239583214	81.02418420978526
7.724962239583213	81.13962246170114
7.734962239583213	81.25507659317348
7.744962239583213	81.37054656793806
7.754962239583213	81.48603237597753
7.7649622395832125	81.60153395527443
7.774962239583212	81.71705127293488
7.784962239583212	81.83258428590007
7.794962239583212	81.9481329826234
7.804962239583212	82.06369729927896
7.8149622395832115	82.17927722857316
7.824962239583211	82.2948735211713
7.834962239583211	82.4104863706772
7.844962239583211	82.52611474063757
7.854962239583211	82.64175855431361
7.86496223958321	82.75741779854083
7.87496223958321	82.87309245352044
7.88496223958321	82.98878245269026
7.89496223958321	83.10448775742724
7.9049622395832095	83.22020833590568
7.914962239583209	83.33594419062729
7.924962239583209	83.45169523306667
7.934962239583209	83.56746147040433
7.944962239583209	83.68324286526692
7.9549622395832085	83.79903932333848
7.964962239583208	83.91485084761884
7.974962239583208	84.0306773915953
7.984962239583208	84.14651894063492
7.994962239583208	84.26237528450409
8.004962239583207	84.37824651650169
8.014962239583207	84.49413262450058
8.024962239583207	84.61003351495927
8.034962239583207	84.72594921341488
8.044962239583207	84.84187962828
8.054962239583206	84.95782471686371
8.064962239583206	85.07378446008745
8.074962239583206	85.18975880911371
8.084962239583206	85.30574770849074
8.094962239583205	85.42175109291918
8.104962239583205	85.53776876658632
8.114962239583205	85.65380088442716
8.124962239583205	85.7698473245636
8.134962239583205	85.88590812523499
8.144962239583204	86.0019832102031
8.154962239583204	86.11807246578589
8.164962239583204	86.23417588847964
8.174962239583204	86.35029355391366
8.184962239583204	86.46642527767747
8.194962239583203	86.5825710737732
8.204962239583203	86.69873095251369
8.214962239583203	86.8149047388762
8.224962239583203	86.93109243764853
8.234962239583203	87.04729397220541
8.244962239583202	87.1635093046975
8.254962239583202	87.27973842883316
8.264962239583202	87.39598120942357
8.274962239583202	87.51223771441465
8.284962239583201	87.62850752872193
8.294962239583201	87.74479093900139
8.304962239583201	87.861087571033
8.3149622395832	87.97739766130674
8.3249622395832	88.09372114758254
8.3349622395832	88.21005796698546
8.3449622395832	88.32640809836094
8.3549622395832	88.44277140836493
8.3649622395832	88.55914791152432
8.3749622395832	88.67553754347645
8.3849622395832	88.79194031511749
8.394962239583199	88.90835601479091
8.404962239583199	89.02478462832565
8.414962239583199	89.14122613122998
8.424962239583198	89.25768049934024
8.434962239583198	89.37414760835233
8.444962239583198	89.49062736844752
8.454962239583198	89.60711986161334
8.464962239583198	89.72362493916448
8.474962239583197	89.8401426059324
8.484962239583197	89.95667266586382
8.494962239583197	90.07321508288798
8.504962239583197	90.18976990635143
8.514962239583197	90.30633702670782
8.524962239583196	90.42291640822167
8.534962239583196	90.53950793783206
8.544962239583196	90.65611153347159
8.554962239583196	90.77272724735623
8.564962239583195	90.88935491144555
8.574962239583195	91.00599449076859
8.584962239583195	91.12264580819694
8.594962239583195	91.23930896131434
8.604962239583195	91.35598387795866
8.614962239583194	91.47267051491825
8.624962239583194	91.58936875178584
8.634962239583194	91.70607852113123
8.644962239583194	91.8227997670403
8.654962239583194	91.93953244024289
8.664962239583193	92.05627637621737
8.674962239583193	92.17303153789885
8.684962239583193	92.28979790571026
8.694962239583193	92.4065754286718
8.704962239583192	92.52336398633648
8.714962239583192	92.64016345732863
8.724962239583192	92.7569738532953
8.734962239583192	92.87379516262175
8.744962239583192	92.99062718641368
8.754962239583191	93.10746967631566
8.764962239583191	93.22432264121787
8.774962239583191	93.34118617729101
8.78496223958319	93.45806018466274
8.79496223958319	93.57494461314116
8.80496223958319	93.69183934263471
8.81496223958319	93.80874432158885
8.82496223958319	93.92565937775954
8.83496223958319	94.04258453121484
8.84496223958319	94.15951943502334
8.85496223958319	94.2764642688709
8.864962239583189	94.39341894744604
8.874962239583189	94.51038345885601
8.884962239583189	94.62735774046256
8.894962239583188	94.74434155913048
8.904962239583188	94.86133477805406
8.914962239583188	94.9783374586512
8.924962239583188	95.09534938594031
8.934962239583188	95.21237062682745
8.944962239583187	95.32940108151345
8.954962239583187	95.44644074936754
8.964962239583187	95.56348937310524
8.974962239583187	95.68054695802306
8.984962239583187	95.79761338811349
8.994962239583186	95.91468847117163
9.004962239583186	96.03177241320869
9.014962239583186	96.14886479434348
9.024962239583186	96.26596572781585
9.034962239583185	96.38307514190517
9.044962239583185	96.50019285857978
9.054962239583185	96.61731879527674
9.064962239583185	96.73445292425566
9.074962239583185	96.85159513548398
9.084962239583184	96.96874542403981
9.094962239583184	97.08590342680667
9.104962239583184	97.20306927432325
9.114962239583184	97.32024276024457
9.124962239583184	97.43742397012363
9.134962239583183	97.55461252719377
9.144962239583183	97.67180870041229
9.154962239583183	97.7890121556215
9.164962239583183	97.90622293254935
9.174962239583182	98.02344084906514
9.184962239583182	98.14066581578759
9.194962239583182	98.25789784072983
9.204962239583182	98.37513664112244
9.214962239583182	98.49238239768285
9.224962239583181	98.60963474806127
9.234962239583181	98.72689383373775
9.244962239583181	98.84415936388518
9.25496223958318	98.9614314616841
9.26496223958318	99.07870975803642
9.27496223958318	99.19599427211865
9.28496223958318	99.31328510553135
9.29496223958318	99.43058188452837
9.30496223958318	99.54788469868173
9.31496223958318	99.66519324597073
9.32496223958318	99.78250758100468
9.334962239583179	99.8998274932761
9.344962239583179	100.01715299499135
9.354962239583179	100.13448398624527
9.364962239583178	100.2518203360408
9.374962239583178	100.36916202606652
9.384962239583178	100.48650889692792
9.394962239583178	100.60386083060894
9.404962239583178	100.72121755006013
9.414962239583177	100.8385791367633
9.424962239583177	100.95594544236482
9.434962239583177	101.07331638023435
9.444962239583177	101.1906916866407
9.454962239583176	101.30807161425741
9.464962239583176	101.42545558472382
9.474962239583176	101.5428437715812
9.484962239583176	101.66023602250358
9.494962239583176	101.77763196492334
9.504962239583175	101.89503175854348
9.514962239583175	102.01243510374653
9.524962239583175	102.12984211831204
9.534962239583175	102.24725194942623
9.544962239583175	102.36466508656827
9.554962239583174	102.48208097867456
9.564962239583174	102.5994996840776
9.574962239583174	102.71692087569471
9.584962239583174	102.8343445352475
9.594962239583174	102.95177035230435
9.604962239583173	103.06919795286419
9.614962239583173	103.18662766509878
9.624962239583173	103.30405881646799
9.634962239583173	103.42149143234572
9.644962239583172	103.5389253538012
9.654962239583172	103.65635930118128
9.664962239583172	103.77379379194595
9.674962239583172	103.89122830482381
9.684962239583172	104.00866283981912
9.694962239583171	104.12609739692748
9.704962239583171	104.24353197615194
9.714962239583171	104.36096657749232
9.72496223958317	104.47840120094702
9.73496223958317	104.59583584651932
9.74496223958317	104.71327051420748
9.75496223958317	104.83070520401142
9.76496223958317	104.94813991593153
9.77496223958317	105.06557464996894
9.78496223958317	105.18300940612261
9.79496223958317	105.30044418439245
9.804962239583169	105.41787898478046
9.814962239583169	105.53531380728535
9.824962239583169	105.65274865190764
9.834962239583168	105.77018351864805
9.844962239583168	105.88761840750476
9.854962239583168	106.0050533184807
9.864962239583168	106.122488251575
9.874962239583168	106.23992320678644
9.884962239583167	106.3573581841158
9.894962239583167	106.47479318356538
9.904962239583167	106.59222820513277
9.914962239583167	106.70966324881958
9.924962239583166	106.82709831462446
9.934962239583166	106.94453340254887
9.944962239583166	107.0619685125933
9.954962239583166	107.17940364475767
9.964962239583166	107.29683879904103
9.974962239583165	107.4142739754443
9.984962239583165	107.53170917396797
9.994962239583165	107.64914439461124
10.004962239583165	107.76657963737534
10.014962239583165	107.88401490225989
10.024962239583164	108.00145018926601
10.034962239583164	108.11888549839138
10.044962239583164	108.2363208296398
10.054962239583164	108.35375618300819
10.064962239583163	108.4711915584984
10.074962239583163	108.58862695610938
10.084962239583163	108.70606237584295
10.094962239583163	108.82349781769894
10.104962239583163	108.94093328167594
10.114962239583162	109.05836876777553
10.124962239583162	109.17580427599756
10.134962239583162	109.29323980634261
10.144962239583162	109.41067535881
10.154962239583162	109.5281109333999
10.164962239583161	109.6455465301127
10.174962239583161	109.76298214895
10.184962239583161	109.88041778991021
10.19496223958316	109.99785345299378
10.20496223958316	110.11528913820148
10.21496223958316	110.23272484553222
10.22496223958316	110.35016057498842
10.23496223958316	110.4675963265679
10.24496223958316	110.58503210027229
10.25496223958316	110.70246789610079
10.26496223958316	110.81990371405404
10.274962239583159	110.9373395541329
10.284962239583159	111.0547754163357
10.294962239583159	111.17221130066454
10.304962239583158	111.28964720711913
10.314962239583158	111.4070831356989
10.324962239583158	111.52451908640455
10.334962239583158	111.64195505923588
10.344962239583158	111.759391054193
10.354962239583157	111.87682707127756
10.364962239583157	111.99426311048806
10.374962239583157	112.11169917182443
10.384962239583157	112.22913525528853
10.394962239583156	112.3465713608788
10.404962239583156	112.46400748859631
10.414962239583156	112.5814436384415
10.424962239583156	112.69887981041428
10.434962239583156	112.81631600451365
10.444962239583155	112.93375222074134
10.454962239583155	113.05118845909763
10.464962239583155	113.16862471958119
10.474962239583155	113.28606100219311
10.484962239583155	113.40349730693423
10.494962239583154	113.52093363380267
10.504962239583154	113.63836998279994
10.514962239583154	113.75580635392721
10.524962239583154	113.8732427471832
10.534962239583153	113.99067916256878
10.544962239583153	114.10811560008285
10.554962239583153	114.22555205972733
10.564962239583153	114.34298854150143
10.574962239583153	114.46042504540519
10.584962239583152	114.57786157143927
10.594962239583152	114.69529811960405
10.604962239583152	114.81273468989865
10.614962239583152	114.93017128232357
10.624962239583152	115.04760789687973
10.634962239583151	115.1650445335672
10.644962239583151	115.28248081010129
10.654962239583151	115.39991752156865
10.66496223958315	115.51735425528318
10.67496223958315	115.63479101124219
10.68496223958315	115.75222778944291
10.69496223958315	115.86966458988199
10.70496223958315	115.9871016753998
10.71496223958315	116.10453848630794
10.72496223958315	116.221975319338
10.73496223958315	116.3394121744903
10.744962239583149	116.45684905176536
10.754962239583149	116.5742859511641
10.764962239583149	116.69172287268572
10.774962239583148	116.80915981633129
10.784962239583148	116.92659678210148
10.794962239583148	117.04403376999666
10.804962239583148	117.16147078001615
10.814962239583148	117.2789078121626
10.824962239583147	117.3963448664344
10.834962239583147	117.51378194283222
10.844962239583147	117.631219041358
10.854962239583147	117.74865616201026
10.864962239583146	117.86609330479038
10.874962239583146	117.98353046969851
10.884962239583146	118.10096765673609
10.894962239583146	118.21840486590071
10.904962239583146	118.33584209719714
10.914962239583145	118.45327935062167
10.924962239583145	118.57071662617665
10.934962239583145	118.68815392386243
10.944962239583145	118.80559124367899
10.954962239583145	118.92302858562772
10.964962239583144	119.04046594970795
10.974962239583144	119.15790333591966
10.984962239583144	119.27534074426512
10.994962239583144	119.39277817474347
11.004962239583143	119.51021562735532
11.014962239583143	119.62765310210067
11.024962239583143	119.74509059898138
11.034962239583143	119.86252811799635
11.044962239583143	119.97996565914654
11.054962239583142	120.09740313187717
11.064962239583142	120.21484087069135
11.074962239583142	120.33227847102434
11.084962239583142	120.4497160934858
11.094962239583142	120.56715373807786
11.104962239583141	120.68459140479895
11.114962239583141	120.8020290936531
11.124962239583141	120.91946680463903
11.13496223958314	121.03690453775869
11.14496223958314	121.15434229301297
11.15496223958314	121.27178007040301
11.16496223958314	121.38732451101858
11.17496223958314	121.48500433199213
11.18496223958314	121.58268415522151
11.19496223958314	121.68036398070768
11.20496223958314	121.7780438084508
11.214962239583139	121.8757236384493
11.224962239583139	121.97340347070453
11.234962239583139	122.07108330521484
11.244962239583138	122.16876314198369
11.254962239583138	122.26644298100719
11.264962239583138	122.36412282228811
11.274962239583138	122.46180266582488
11.284962239583137	122.55948251161838
11.294962239583137	122.65716235966866
11.304962239583137	122.75484220997573
11.314962239583137	122.85252206253868
11.324962239583137	122.95020191735831
11.334962239583136	123.04788177443433
11.344962239583136	123.14556163376788
11.354962239583136	123.24324149535633
11.364962239583136	123.34092135920311
11.374962239583136	123.43860122530597
11.384962239583135	123.53628109366561
11.394962239583135	123.63396096428148
11.404962239583135	123.73164083715493
11.414962239583135	123.82932071228521
11.424962239583135	123.92700058967068
11.434962239583134	124.02468046931553
11.444962239583134	124.12236035121568
11.454962239583134	124.220040235372
11.464962239583134	124.31772012178692
11.474962239583133	124.41540001045816
11.484962239583133	124.51307990138629
11.494962239583133	124.6107597945714
11.504962239583133	124.70843969001393
11.514962239583133	124.80611958771212
11.524962239583132	124.90379948766869
11.534962239583132	125.00147938988162
11.544962239583132	125.09915929435222
11.554962239583132	125.19683920108002
11.564962239583132	125.29451911006447
11.574962239583131	125.39219902130685
11.584962239583131	125.48987893480601
11.59496223958313	125.587558850562
11.60496223958313	125.6852387685762
11.61496223958313	125.78291868884644
11.62496223958313	125.88059861137506
11.63496223958313	125.9782785361608
11.64496223958313	126.07595846320355
11.65496223958313	126.17363839250362
11.66496223958313	126.27131832406175
11.67496223958313	126.36899825787637
11.684962239583129	126.46667819394919
11.694962239583129	126.56435813227924
11.704962239583129	126.66203807286702
11.714962239583128	126.75971801571218
11.724962239583128	126.85739796081499
11.734962239583128	126.9550779081749
11.744962239583128	127.05275785779254
11.754962239583127	127.15043780966866
11.764962239583127	127.24811776380109
11.774962239583127	127.34579772019181
11.784962239583127	127.44347767884172
11.794962239583127	127.54115763974683
11.804962239583126	127.63883760291084
11.814962239583126	127.73651756833308
11.824962239583126	127.83419753601264
11.834962239583126	127.93187750595008
11.844962239583126	128.02955747814585
11.854962239583125	128.1272374525987
11.864962239583125	128.22491723484723
11.874962239583125	128.3225973557641
11.884962239583125	128.420277488744
11.894962239583124	128.51795744739331
11.904962239583124	128.6156374083009
11.914962239583124	128.71331737146573
11.924962239583124	128.81099733688782
11.934962239583124	128.9086773045676
11.944962239583123	129.00635727450504
11.950000000000001	129.05556916830002
1000011.95	129.05556916830002
