-100000	0
0	0
0.0003333333333333333	0.0018652827172030383
0.0008333333333333333	0.004666740311321909
0.0015833333333333333	0.008876861244672227
0.0027083333333333334	0.015209838752341671
0.004395833333333333	0.024748820764730825
0.006927083333333334	0.03914209412566363
0.010723958333333335	0.06091267964471852
0.016419270833333336	0.09394737599568945
0.024962239583333337	0.14427611117424358
0.03496223958333334	0.20425344009523524
0.04496223958333334	0.26526486003689453
0.05496223958333334	0.3272156873410959
0.06496223958333334	0.3900312561076528
0.07496223958333334	0.4536503805442565
0.08496223958333333	0.5180208721490782
0.09496223958333333	0.5830983944225386
0.10496223958333332	0.648844585120616
0.11496223958333332	0.7152256085255071
0.12496223958333331	0.7822111512812375
0.1349622395833333	0.8497747172898336
0.14496223958333332	0.9178919093026259
0.15496223958333333	0.9865405873319666
0.16496223958333334	1.0557012513640516
0.17496223958333335	1.125354824471251
0.18496223958333335	1.195484695632983
0.19496223958333336	1.2660746628069488
0.20496223958333337	1.337110226016102
0.21496223958333338	1.4085774022020123
0.2249622395833334	1.480463605090528
0.2349622395833334	1.5527564558517544
0.2449622395833334	1.6254445570699094
0.2549622395833334	1.6985171750768815
0.2649622395833334	1.7719639331927184
0.27496223958333343	1.8457750307726797
0.28496223958333344	1.9199414369459091
0.29496223958333345	1.9944543125708607
0.30496223958333346	2.0693049935823775
0.31496223958333347	2.1444856160080623
0.3249622395833335	2.219988404547973
0.3349622395833335	2.2958058580197056
0.3449622395833335	2.371931102313649
0.3549622395833335	2.4483570843564992
0.3649622395833335	2.5250775072873006
0.3749622395833335	2.602085792281049
0.38496223958333353	2.6793763588379957
0.39496223958333354	2.75694299916852
0.40496223958333355	2.8347802566660345
0.41496223958333356	2.912882510996308
0.42496223958333357	2.991244506168516
0.4349622395833336	3.069861346272696
0.4449622395833336	3.1487278779729393
0.4549622395833336	3.227839412730231
0.4649622395833336	3.3071914842013324
0.4749622395833336	3.386779430747633
0.4849622395833336	3.4665988884628645
0.49496223958333363	3.5466460040854244
0.5049622395833336	3.626916327702959
0.5149622395833336	3.70740605339262
0.5249622395833337	3.7881113336284096
0.5349622395833337	3.8690284221584217
0.5449622395833337	3.9501536933035597
0.5549622395833337	4.031483615338236
0.5649622395833337	4.113014676504768
0.5749622395833337	4.194743368571235
0.5849622395833337	4.276666646138327
0.5949622395833337	4.358781341712509
0.6049622395833337	4.441084129990272
0.6149622395833337	4.523572252119201
0.6249622395833337	4.606242404471573
0.6349622395833338	4.689092019274934
0.6449622395833338	4.772118128758176
0.6549622395833338	4.855317958761563
0.6649622395833338	4.938688988673648
0.6749622395833338	5.02222837339865
0.6849622395833338	5.105933748145815
0.6949622395833338	5.18980231283216
0.7049622395833338	5.273832016594999
0.7149622395833338	5.358020120989117
0.7249622395833338	5.442364711212187
0.7349622395833338	5.52686310153644
0.7449622395833339	5.611513323715268
0.7549622395833339	5.696312891352153
0.7649622395833339	5.781259798870367
0.7749622395833339	5.86635224110134
0.7849622395833339	5.951587750917189
0.7949622395833339	6.036964737653731
0.8049622395833339	6.122480845840428
0.8149622395833339	6.208134654698187
0.8249622395833339	6.293924039964203
0.8349622395833339	6.3798471621209005
0.8449622395833339	6.465902241485603
0.854962239583334	6.552087683738386
0.864962239583334	6.63840166769525
0.874962239583334	6.724842603818028
0.884962239583334	6.811408911899317
0.894962239583334	6.898098822221038
0.904962239583334	6.984911017460781
0.914962239583334	7.071843887894006
0.924962239583334	7.158896087245204
0.934962239583334	7.246065927345064
0.944962239583334	7.333352242359465
0.954962239583334	7.420753485915241
0.964962239583334	7.508268394361902
0.9749622395833341	7.5958959710011085
0.9849622395833341	7.683634521488741
0.9949622395833341	7.7714830502325505
1.004962239583334	7.859440423279342
1.014962239583334	7.947505101247189
1.024962239583334	8.035676457713087
1.034962239583334	8.1239530412107
1.044962239583334	8.212333786894957
1.054962239583334	8.300817857615318
1.064962239583334	8.389403799475037
1.074962239583334	8.478091006475111
1.084962239583334	8.56687830979962
1.094962239583334	8.655764758337456
1.104962239583334	8.744749490139995
1.114962239583334	8.83383152450791
1.124962239583334	8.923010098751337
1.134962239583334	9.012284327572525
1.144962239583334	9.101653431515256
1.154962239583334	9.19111636509249
1.1649622395833341	9.280672420625537
1.1749622395833341	9.370320777593081
1.1849622395833341	9.460060761412457
1.1949622395833341	9.54989176750402
1.2049622395833341	9.639812883875047
1.2149622395833342	9.729823192167034
1.2249622395833342	9.819922465943751
1.2349622395833342	9.910109873632559
1.2449622395833342	10.000384888197857
1.2549622395833342	10.090746868854252
1.2649622395833342	10.18119525020099
1.2749622395833342	10.271729687745134
1.2849622395833342	10.362348688634059
1.2949622395833342	10.453051725107567
1.3049622395833342	10.543838496503685
1.3149622395833342	10.634708380651839
1.3249622395833343	10.72566036732302
1.3349622395833343	10.816694513232306
1.3449622395833343	10.907810254659692
1.3549622395833343	10.999006749838554
1.3649622395833343	11.090284061397163
1.3749622395833343	11.181641503115191
1.3849622395833343	11.273078798884795
1.3949622395833343	11.364595272413979
1.4049622395833343	11.456190753130528
1.4149622395833343	11.547864964745186
1.4249622395833343	11.639617395746095
1.4349622395833344	11.731448110856693
1.4449622395833344	11.823356291072708
1.4549622395833344	11.915342184365905
1.4649622395833344	12.007404716746615
1.4749622395833344	12.099543058093037
1.4849622395833344	12.191756801599308
1.4949622395833344	12.284045524237202
1.5049622395833344	12.37640903275747
1.5149622395833344	12.468846771600557
1.5249622395833344	12.561358074364602
1.5349622395833344	12.653942851544342
1.5449622395833345	12.746600692464026
1.5549622395833345	12.839331097736896
1.5649622395833345	12.932133604861958
1.5749622395833345	13.025007867475965
1.5849622395833345	13.117953499368019
1.5949622395833345	13.210970379620372
1.6049622395833345	13.304058027382851
1.6149622395833345	13.397216006660905
1.6249622395833345	13.490443956372085
1.6349622395833345	13.583741184656215
1.6449622395833345	13.677107766579395
1.6549622395833345	13.770543002503343
1.6649622395833346	13.86404689923061
1.6749622395833346	13.957618809669375
1.6849622395833346	14.051258229140466
1.6949622395833346	14.144965349195752
1.7049622395833346	14.238739192736228
1.7149622395833346	14.332579630354497
1.7249622395833346	14.426486351499976
1.7349622395833346	14.52045918512034
1.7449622395833346	14.614497316101424
1.7549622395833346	14.70860039787432
1.7649622395833346	14.802768411079317
1.7749622395833347	14.897000665413167
1.7849622395833347	14.991297518695562
1.7949622395833347	15.085658062962503
1.8049622395833347	15.180081773502806
1.8149622395833347	15.27456907389777
1.8249622395833347	15.369119093157135
1.8349622395833347	15.463731560764991
1.8449622395833347	15.558406147722767
1.8549622395833347	15.653142363888344
1.8649622395833347	15.747940181918423
1.8749622395833347	15.842798866564861
1.8849622395833348	15.937718280032463
1.8949622395833348	16.032697927235965
1.9049622395833348	16.12773748584485
1.9149622395833348	16.222836620681136
1.9249622395833348	16.317995323800496
1.9349622395833348	16.413212916066104
1.9449622395833348	16.50848913460817
1.9549622395833348	16.60382355662405
1.9649622395833348	16.699215962956107
1.9749622395833348	16.794666179094936
1.9849622395833348	16.89017358820045
1.9949622395833349	16.98573777525502
2.004962239583335	17.081358872721253
2.0149622395833346	17.17703638996845
2.0249622395833344	17.27276981212297
2.034962239583334	17.36855886725163
2.044962239583334	17.46440371050805
2.054962239583334	17.56030414307287
2.0649622395833336	17.656259589889633
2.0749622395833334	17.75226944049495
2.084962239583333	17.848333346178187
2.094962239583333	17.944451580236727
2.1049622395833327	18.040623466019696
2.1149622395833325	18.136848860947694
2.1249622395833323	18.23312710413681
2.134962239583332	18.329458431976448
2.144962239583332	18.425842890536877
2.1549622395833317	18.52227949812447
2.1649622395833314	18.618768105356416
2.1749622395833312	18.71530827677728
2.184962239583331	18.811899848437445
2.194962239583331	18.908542608218976
2.2049622395833306	19.005236293648153
2.2149622395833304	19.101980695975953
2.22496223958333	19.19877520730509
2.23496223958333	19.295619893817573
2.2449622395833297	19.392514296401636
2.2549622395833295	19.489458658486225
2.2649622395833293	19.586452213353965
2.274962239583329	19.68349473105831
2.284962239583329	19.780586090564196
2.2949622395833287	19.87772606985955
2.3049622395833285	19.974914450086715
2.3149622395833283	20.072150830981247
2.324962239583328	20.169435255514895
2.334962239583328	20.26676749798065
2.3449622395833276	20.36414710557485
2.3549622395833274	20.461573855628902
2.364962239583327	20.55904760825455
2.374962239583327	20.65656832461658
2.3849622395833268	20.754135388585667
2.3949622395833265	20.85174907178694
2.4049622395833263	20.949408997487826
2.414962239583326	21.04711459600288
2.424962239583326	21.14486572788089
2.4349622395833257	21.242662406456503
2.4449622395833255	21.34050439047578
2.4549622395833253	21.43839162395964
2.464962239583325	21.53632365528994
2.474962239583325	21.634300224780688
2.4849622395833246	21.732321375937357
2.4949622395833244	21.83038685503499
2.504962239583324	21.928496241613107
2.514962239583324	22.026649842754235
2.5249622395833238	22.124847094198543
2.5349622395833236	22.22308761726247
2.5449622395833233	22.32137128198293
2.554962239583323	22.419697796120502
2.564962239583323	22.518066991015814
2.5749622395833227	22.616478561232352
2.5849622395833225	22.71493260982172
2.5949622395833223	22.813428943764613
2.604962239583322	22.911967411589238
2.614962239583322	23.01054782035579
2.6249622395833216	23.10917016885649
2.6349622395833214	23.207834382895353
2.644962239583321	23.306540150635264
2.654962239583321	23.405287444441644
2.664962239583321	23.504076013661347
2.6749622395833206	23.602905676103347
2.6849622395833204	23.701776631651246
2.69496223958332	23.80068822200783
2.70496223958332	23.899640652935204
2.7149622395833197	23.998633581947992
2.7249622395833195	24.097666766885936
2.7349622395833193	24.196739978513897
2.744962239583319	24.295853208284676
2.754962239583319	24.395006156303705
2.7649622395833187	24.49419855075169
2.7749622395833184	24.593430380429147
2.7849622395833182	24.692701398097096
2.794962239583318	24.792011515430705
2.804962239583318	24.89136029301362
2.8149622395833176	24.990747799496667
2.8249622395833174	25.090173774787925
2.834962239583317	25.189638202082236
2.844962239583317	25.289140892758397
2.8549622395833167	25.388681760470263
2.8649622395833165	25.48826078028191
2.8749622395833163	25.587877713941545
2.884962239583316	25.6875325717441
2.894962239583316	25.787224945311117
2.9049622395833157	25.886954566853593
2.9149622395833155	25.986721553771083
2.9249622395833152	26.08652548030182
2.934962239583315	26.186366550246973
2.944962239583315	26.286244589420562
2.9549622395833146	26.386159328967913
2.9649622395833144	26.486110715761242
2.974962239583314	26.586098526049348
2.984962239583314	26.686122462649188
2.9949622395833138	26.78618252441323
3.0049622395833135	26.88627860689167
3.0149622395833133	26.986410689979696
3.024962239583313	27.086578550398798
3.034962239583313	27.18678223844224
3.0449622395833127	27.287021394202235
3.0549622395833125	27.38729595239382
3.0649622395833123	27.487605889310654
3.074962239583312	27.587950766241928
3.084962239583312	27.68833081367426
3.0949622395833116	27.788745735584328
3.1049622395833114	27.889195178777307
3.114962239583311	27.989679222844828
3.124962239583311	28.090197743993283
3.1349622395833108	28.19075063669211
3.1449622395833106	28.29133811220558
3.1549622395833103	28.391959571824607
3.16496223958331	28.492615104335762
3.17496223958331	28.593304640246572
3.1849622395833097	28.694028010768143
3.1949622395833095	28.794785164326896
3.2049622395833093	28.89557600256654
3.214962239583309	28.996400425840225
3.224962239583309	29.097258058308295
3.2349622395833086	29.198148965206027
3.2449622395833084	29.299072972225538
3.254962239583308	29.400029946766296
3.264962239583308	29.50101995797046
3.274962239583308	29.60204321471394
3.2849622395833076	29.703098850303512
3.2949622395833074	29.804187224642508
3.304962239583307	29.90530816597329
3.314962239583307	30.006461513009214
3.3249622395833067	30.107647202162774
3.3349622395833065	30.208865327127764
3.3449622395833063	30.310115421735883
3.354962239583306	30.411397630260204
3.364962239583306	30.512711791990576
3.3749622395833057	30.614057900369644
3.3849622395833054	30.71543566096883
3.3949622395833052	30.81684505242058
3.404962239583305	30.9182861503665
3.414962239583305	31.019758797797287
3.4249622395833046	31.12126295114939
3.4349622395833044	31.222798340053515
3.444962239583304	31.324364936893026
3.454962239583304	31.425962731348267
3.4649622395833037	31.527591654970593
3.4749622395833035	31.629251603824606
3.4849622395833033	31.73094232542221
3.494962239583303	31.832663838071262
3.504962239583303	31.934416048292515
3.5149622395833027	32.03619910147333
3.5249622395833025	32.13801259656787
3.5349622395833022	32.239856649573674
3.544962239583302	32.3417311702925
3.554962239583302	32.44363599568361
3.5649622395833016	32.54557115471208
3.5749622395833014	32.64753663102179
3.584962239583301	32.7495319319224
3.594962239583301	32.851557390362515
3.6049622395833008	32.95361276481947
3.6149622395833005	33.05569821105474
3.6249622395833003	33.157813467270316
3.6349622395833	33.25995850628137
3.6449622395833	33.36213315112468
3.6549622395832997	33.464337453115895
3.6649622395832995	33.566571578745396
3.6749622395832993	33.668835106009006
3.684962239583299	33.771128086672064
3.694962239583299	33.87345040020621
3.7049622395832986	33.97580206728836
3.7149622395832984	34.07818288641774
3.724962239583298	34.180592797111984
3.734962239583298	34.283031784312456
3.7449622395832978	34.3854998052924
3.7549622395832976	34.48799681071426
3.7649622395832973	34.59052280582665
3.774962239583297	34.69307760927754
3.784962239583297	34.79566148065648
3.7949622395832967	34.89827414088708
3.8049622395832965	35.00091553332281
3.8149622395832963	35.103585605961456
3.824962239583296	35.2062842500151
3.834962239583296	35.309011501534144
3.8449622395832956	35.41176720294169
3.8549622395832954	35.51455135111485
3.864962239583295	35.61736384949884
3.874962239583295	35.72020451660921
3.884962239583295	35.82307348749343
3.8949622395832946	35.92597070292493
3.9049622395832944	36.02889605235913
3.914962239583294	36.13184948859981
3.924962239583294	36.23483103789411
3.9349622395832937	36.33784058335288
3.9449622395832935	36.4408782627372
3.9549622395832933	36.54394378166051
3.964962239583293	36.64703716439051
3.974962239583293	36.75015835359449
3.9849622395832927	36.85330733402882
3.9949622395832924	36.95648402393314
4.004962239583293	37.059688386044634
4.0149622395832925	37.162920542141826
4.024962239583292	37.266180396540804
4.034962239583292	37.36946769900325
4.044962239583292	37.47278255236123
4.054962239583292	37.576124876650695
4.064962239583291	37.67949472775195
4.074962239583291	37.78289192202657
4.084962239583291	37.8863165578149
4.094962239583291	37.98976858481196
4.1049622395832905	38.0932479210507
4.11496223958329	38.19675453848994
4.12496223958329	38.30028849713934
4.13496223958329	38.40384943816665
4.14496223958329	38.50743763139458
4.1549622395832895	38.61105291905316
4.164962239583289	38.71469529225607
4.174962239583289	38.81836475905587
4.184962239583289	38.92206123055761
4.194962239583289	39.02578483342655
4.204962239583288	39.12953535191833
4.214962239583288	39.23331293933398
4.224962239583288	39.33711728308102
4.234962239583288	39.44094853839192
4.2449622395832876	39.54480656193523
4.254962239583287	39.648691242163004
4.264962239583287	39.7526027225201
4.274962239583287	39.85654089736877
4.284962239583287	39.96050589820277
4.2949622395832865	40.06449754463702
4.304962239583286	40.16851594509574
4.314962239583286	40.27256097823718
4.324962239583286	40.37663268783662
4.334962239583286	40.480730906466135
4.344962239583285	40.58485568540099
4.354962239583285	40.68900700464887
4.364962239583285	40.79318471810523
4.374962239583285	40.89738911775832
4.384962239583285	41.00161997441144
4.394962239583284	41.10587734737562
4.404962239583284	41.21016105320563
4.414962239583284	41.3144712547865
4.424962239583284	41.41880782164692
4.4349622395832835	41.523170747419705
4.444962239583283	41.62755999590703
4.454962239583283	41.73197561804395
4.464962239583283	41.83641742499612
4.474962239583283	41.9408856116377
4.484962239583282	42.0453800095355
4.494962239583282	42.14990063970667
4.504962239583282	42.25444745927648
4.514962239583282	42.359020556747694
4.524962239583282	42.46361981311965
4.534962239583281	42.56824537716164
4.544962239583281	42.67289710664248
4.554962239583281	42.77757506841345
4.564962239583281	42.88227912077407
4.5749622395832805	42.98700930260272
4.58496223958328	43.09176565086847
4.59496223958328	43.19654816540325
4.60496223958328	43.30135670279496
4.61496223958328	43.406191390051085
4.6249622395832795	43.5110522512575
4.634962239583279	43.61593928349532
4.644962239583279	43.72085241328195
4.654962239583279	43.82579156821022
4.664962239583279	43.93075666497173
4.674962239583278	44.03574796270078
4.684962239583278	44.140765229857394
4.694962239583278	44.24580842563404
4.704962239583278	44.35087757012271
4.7149622395832775	44.455972651206146
4.724962239583277	44.56109359852827
4.734962239583277	44.66624044918161
4.744962239583277	44.771413163749294
4.754962239583277	44.876611740708036
4.7649622395832765	44.98183641404541
4.774962239583276	45.087086986755935
4.784962239583276	45.19236347225696
4.794962239583276	45.29766574538085
4.804962239583276	45.40299414185407
4.814962239583275	45.50834842599352
4.824962239583275	45.613728720819026
4.834962239583275	45.71913480904561
4.844962239583275	45.82456683357016
4.8549622395832746	45.93002474064325
4.864962239583274	46.03550853830656
4.874962239583274	46.141018071531484
4.884962239583274	46.246553606643815
4.894962239583274	46.35211506715681
4.9049622395832735	46.45770241676834
4.914962239583273	46.56331568310974
4.924962239583273	46.668954803483565
4.934962239583273	46.774619684776425
4.944962239583273	46.88031062311126
4.954962239583272	46.98602745196977
4.964962239583272	47.09177001351398
4.974962239583272	47.19753858616956
4.984962239583272	47.303333076213285
4.994962239583272	47.40915343527887
5.004962239583271	47.514999731298246
5.014962239583271	47.620871861110935
5.024962239583271	47.726769856735295
5.034962239583271	47.832693906003655
5.0449622395832705	47.93864381079181
5.05496223958327	48.044619602185136
5.06496223958327	48.15062131785258
5.07496223958327	48.256648983519874
5.08496223958327	48.36270269985314
5.094962239583269	48.46878227802063
5.104962239583269	48.574887518175096
5.114962239583269	48.68101771115619
5.124962239583269	48.787173531487795
5.134962239583269	48.89335468514515
5.144962239583268	48.999561835129974
5.154962239583268	49.10579498386918
5.164962239583268	49.21205412080554
5.174962239583268	49.318339170076335
5.1849622395832675	49.42465020555322
5.194962239583267	49.53098719011706
5.204962239583267	49.637350165439436
5.214962239583267	49.74373916148327
5.224962239583267	49.85015413500817
5.2349622395832665	49.95659506811959
5.244962239583266	50.06306205281496
5.254962239583266	50.16955489769887
5.264962239583266	50.27607378023826
5.274962239583266	50.382618721895945
5.284962239583265	50.489189674632705
5.294962239583265	50.59578661294268
5.304962239583265	50.70240972994275
5.314962239583265	50.809058924440286
5.3249622395832645	50.91573410436133
5.334962239583264	51.022435419028675
5.344962239583264	51.129162835689854
5.354962239583264	51.23591639488558
5.364962239583264	51.342696126213404
5.3749622395832635	51.44950199785572
5.384962239583263	51.556334007709985
5.394962239583263	51.66319217959643
5.404962239583263	51.77007649577467
5.414962239583263	51.87698692928467
5.424962239583262	51.98392353728858
5.434962239583262	52.09088631295188
5.444962239583262	52.19787522181254
5.454962239583262	52.304890357463066
5.4649622395832615	52.41193166401614
5.474962239583261	52.51899923156912
5.484962239583261	52.62609302518931
5.494962239583261	52.733213082139905
5.504962239583261	52.84035942004661
5.5149622395832605	52.94753204442766
5.52496223958326	53.054730966419704
5.53496223958326	53.16195625646501
5.54496223958326	53.269207708499245
5.55496223958326	53.37648557358432
5.564962239583259	53.48378981997909
5.574962239583259	53.5911204144168
5.584962239583259	53.6984774109881
5.594962239583259	53.80586079232855
5.604962239583259	53.913270627520625
5.614962239583258	54.02070688961942
5.624962239583258	54.12816961828764
5.634962239583258	54.23565882849988
5.644962239583258	54.34317451253572
5.6549622395832575	54.45071666470911
5.664962239583257	54.55828537321864
5.674962239583257	54.66588049135679
5.684962239583257	54.77350209952054
5.694962239583257	54.88115023263685
5.704962239583256	54.98882491845333
5.714962239583256	55.09652617068409
5.724962239583256	55.20425395039119
5.734962239583256	55.312008296415144
5.744962239583256	55.41978925353194
5.754962239583255	55.52759684668616
5.764962239583255	55.635431088366786
5.774962239583255	55.743292047289295
5.784962239583255	55.85117968894895
5.7949622395832545	55.95909400390397
5.804962239583254	56.067035025005076
5.814962239583254	56.17500274690749
5.824962239583254	56.28299708201593
5.834962239583254	56.391018134452544
5.8449622395832534	56.49906585498941
5.854962239583253	56.60714022761533
5.864962239583253	56.71524138139219
5.874962239583253	56.82336929245148
5.884962239583253	56.931524048716945
5.894962239583252	57.039705598217516
5.904962239583252	57.14791402182151
5.914962239583252	57.25614935663771
5.924962239583252	57.36441159948976
5.9349622395832515	57.47270074177436
5.944962239583251	57.581016759931536
5.954962239583251	57.689359707546195
5.964962239583251	57.79772958655936
5.974962239583251	57.906126437138425
5.9849622395832505	58.01455027895276
5.99496223958325	58.123001105342055
6.00496223958325	58.23147891462172
6.01496223958325	58.339983758919274
6.02496223958325	58.44851564203403
6.034962239583249	58.55707451453946
6.044962239583249	58.665660454294226
6.054962239583249	58.7742735066222
6.064962239583249	58.882913616519254
6.0749622395832485	58.99158085531529
6.084962239583248	59.100275216757204
6.094962239583248	59.208996699337575
6.104962239583248	59.31774531543528
6.114962239583248	59.42652107711556
6.1249622395832475	59.53532400551388
6.134962239583247	59.64415410353557
6.144962239583247	59.75301147973944
6.154962239583247	59.86189607120727
6.164962239583247	59.970807890042316
6.174962239583246	60.079746927175016
6.184962239583246	60.188713235305606
6.194962239583246	60.29770683096259
6.204962239583246	60.40672771996665
6.214962239583246	60.515775840534495
6.224962239583245	60.6248502358858
6.234962239583245	60.73395200636994
6.244962239583245	60.84308112910066
6.254962239583245	60.95223763948053
6.2649622395832445	61.0614215286633
6.274962239583244	61.17063283658174
6.284962239583244	61.27987156435522
6.294962239583244	61.389137784990474
6.304962239583244	61.498431416384236
6.314962239583243	61.60775251603112
6.324962239583243	61.71710110693798
6.334962239583243	61.826477206883226
6.344962239583243	61.935880821937914
6.354962239583243	62.04531196549338
6.364962239583242	62.15477063736438
6.374962239583242	62.26425683927437
6.384962239583242	62.37377058183219
6.394962239583242	62.48331186288433
6.4049622395832415	62.59288073697077
6.414962239583241	62.70247722524628
6.424962239583241	62.81210134607399
6.434962239583241	62.921753133803904
6.444962239583241	63.03143257199137
6.4549622395832404	63.14113965760871
6.46496223958324	63.2508743924984
6.47496223958324	63.360636808590634
6.48496223958324	63.47042692942508
6.49496223958324	63.58024476881344
6.504962239583239	63.69009032608809
6.514962239583239	63.79996362121863
6.524962239583239	63.90986466492676
6.534962239583239	64.01979346080579
6.5449622395832385	64.12974999506595
6.554962239583238	64.23973427160335
6.564962239583238	64.34974630456603
6.574962239583238	64.45978612327926
6.584962239583238	64.56985376188311
6.5949622395832375	64.67994922763475
6.604962239583237	64.79007251667706
6.614962239583237	64.90022366170506
6.624962239583237	65.01040264773796
6.634962239583237	65.12060947103762
6.644962239583236	65.23084415242397
6.654962239583236	65.34110672068438
6.664962239583236	65.45139717666633
6.674962239583236	65.5617155264847
6.6849622395832355	65.67206178388963
6.694962239583235	65.78243595471932
6.704962239583235	65.89283805766574
6.714962239583235	66.00326807218151
6.724962239583235	66.1137260608663
6.7349622395832345	66.22421199765621
6.744962239583234	66.33472591931688
6.754962239583234	66.4452678371474
6.764962239583234	66.55583772578429
6.774962239583234	66.66643564721245
6.784962239583233	66.77706151480626
6.794962239583233	66.88771535399833
6.804962239583233	66.99839723826125
6.814962239583233	67.10910789564443
6.824962239583233	67.21984663385444
6.834962239583232	67.33061345445144
6.844962239583232	67.44140834934282
6.854962239583232	67.55223132449012
6.864962239583232	67.66308233899935
6.8749622395832315	67.77396142870526
6.884962239583231	67.8848685513653
6.894962239583231	67.99580364835232
6.904962239583231	68.10676677483725
6.914962239583231	68.21775790194516
6.92496223958323	68.32877709095992
6.93496223958323	68.43982429277685
6.94496223958323	68.55089962659994
6.95496223958323	68.6620030417278
6.96496223958323	68.77313448420557
6.974962239583229	68.88429404532022
6.984962239583229	68.9954816820879
6.994962239583229	69.10669739817187
7.004962239583229	69.21794122021602
7.0149622395832285	69.32921313526026
7.024962239583228	69.44051315177046
7.034962239583228	69.55184127436455
7.044962239583228	69.66319753174061
7.054962239583228	69.77458197927105
7.064962239583227	69.88599450973334
7.074962239583227	69.99743513330283
7.084962239583227	70.10890384842861
7.094962239583227	70.22040064311993
7.104962239583227	70.33192552773909
7.114962239583226	70.44347852400251
7.124962239583226	70.5550596550789
7.134962239583226	70.6666689268166
7.144962239583226	70.77830632590387
7.1549622395832255	70.88997183109136
7.164962239583225	71.00166541043453
7.174962239583225	71.11338699490595
7.184962239583225	71.22513666987035
7.194962239583225	71.3369143426548
7.2049622395832245	71.44872008384591
7.214962239583224	71.56055390657573
7.224962239583224	71.67241578944495
7.234962239583224	71.78430575027703
7.244962239583224	71.89622373753502
7.254962239583223	72.00816977525798
7.264962239583223	72.12014382630191
7.274962239583223	72.2321459154578
7.284962239583223	72.34417602400588
7.2949622395832225	72.45623410999158
7.304962239583222	72.56832021519652
7.314962239583222	72.68043427117824
7.324962239583222	72.79257629241151
7.334962239583222	72.90474634733364
7.3449622395832215	73.01694439124732
7.354962239583221	73.12917050590538
7.364962239583221	73.24142456797836
7.374962239583221	73.35370661920534
7.384962239583221	73.46601659248232
7.39496223958322	73.5783545055235
7.40496223958322	73.69072030791014
7.41496223958322	73.80311393494448
7.42496223958322	73.91553545249869
7.43496223958322	74.02798474946188
7.444962239583219	74.14046209261419
7.454962239583219	74.25296726438845
7.464962239583219	74.36550032245935
7.474962239583219	74.47806120283573
7.4849622395832185	74.5906498884292
7.494962239583218	74.70326634578936
7.504962239583218	74.81591053929577
7.514962239583218	74.92858258310325
7.524962239583218	75.04128242859957
7.534962239583217	75.15401001403275
7.544962239583217	75.26676533886214
7.554962239583217	75.37954844154899
7.564962239583217	75.49235932172525
7.574962239583217	75.6051977672443
7.584962239583216	75.71806392767219
7.594962239583216	75.8309576982107
7.604962239583216	75.94387899598499
7.614962239583216	76.05682801843582
7.6249622395832155	76.16980461523828
7.634962239583215	76.28280880109351
7.644962239583215	76.39584053751884
7.654962239583215	76.50889984495035
7.664962239583215	76.62198659177666
7.674962239583214	76.7351008520334
7.684962239583214	76.84824262623687
7.694962239583214	76.96141180368373
7.704962239583214	77.07460834525382
7.714962239583214	77.18783241572181
7.724962239583213	77.30108370656257
7.734962239583213	77.41436227576268
7.744962239583213	77.5276683681957
7.754962239583213	77.641001776627
7.7649622395832125	77.75436250671376
7.774962239583212	77.86775057690507
7.784962239583212	77.98116577139574
7.794962239583212	78.0946083450619
7.804962239583212	78.20807793061354
7.8149622395832115	78.32157465486333
7.824962239583211	78.43509843785311
7.834962239583211	78.54864930817253
7.844962239583211	78.66222711845451
7.854962239583211	78.77583201590355
7.86496223958321	78.88946395029089
7.87496223958321	79.00312289123052
7.88496223958321	79.11680872570066
7.89496223958321	79.23052149910257
7.9049622395832095	79.34426109219173
7.914962239583209	79.4580274996495
7.924962239583209	79.57182083778322
7.934962239583209	79.68564092745571
7.944962239583209	79.79948773547233
7.9549622395832085	79.91336132020696
7.964962239583208	80.02726153382
7.974962239583208	80.14118829263019
7.984962239583208	80.25514170654324
7.994962239583208	80.36912156653466
8.004962239583207	80.48312801696463
8.014962239583207	80.59716086613417
8.024962239583207	80.71122007791128
8.034962239583207	80.82530580751374
8.044962239583207	80.93941799048201
8.054962239583206	81.05355642510895
8.064962239583206	81.1677212032223
8.074962239583206	81.28191224915892
8.084962239583206	81.39612942514006
8.094962239583205	81.51037283954608
8.104962239583205	81.6246424273829
8.114962239583205	81.73893808285851
8.124962239583205	81.85325990017822
8.134962239583205	81.96760761141698
8.144962239583204	82.0819812621745
8.154962239583204	82.19638085993486
8.164962239583204	82.31080634451625
8.174962239583204	82.4252575410821
8.184962239583204	82.53973466704939
8.194962239583203	82.65423758897315
8.204962239583203	82.76876622692279
8.214962239583203	82.88332044482138
8.224962239583203	82.99790036409497
8.234962239583203	83.1125057999691
8.244962239583202	83.2271366796691
8.254962239583202	83.34179316212489
8.264962239583202	83.45647492244042
8.274962239583202	83.5711821021705
8.284962239583201	83.68591453554956
8.294962239583201	83.80067217643783
8.304962239583201	83.91545499905031
8.3149622395832	84.03026289841564
8.3249622395832	84.1450958767507
8.3349622395832	84.25995391568541
8.3449622395832	84.37483691635346
8.3549622395832	84.48974492691318
8.3649622395832	84.60467776672256
8.3749622395832	84.71963533559135
8.3849622395832	84.83461772109537
8.394962239583199	84.94962459269802
8.404962239583199	85.0646562198184
8.414962239583199	85.1797124742987
8.424962239583198	85.29479309343797
8.434962239583198	85.40989834967426
8.444962239583198	85.52502796403779
8.454962239583198	85.64018189277085
8.464962239583198	85.75535999722588
8.474962239583197	85.87056218724251
8.484962239583197	85.98578859163766
8.494962239583197	86.10103889368504
8.504962239583197	86.21631318360255
8.514962239583197	86.33161157295349
8.524962239583196	86.44693379310475
8.534962239583196	86.56227978334071
8.544962239583196	86.67764946960128
8.554962239583196	86.79304287048917
8.564962239583195	86.90845988674256
8.574962239583195	87.02390066314771
8.584962239583195	87.13936470754781
8.594962239583195	87.2548522257384
8.604962239583195	87.37036300679547
8.614962239583194	87.48589699752898
8.624962239583194	87.60145394987926
8.634962239583194	87.71703400017746
8.644962239583194	87.83263722827883
8.654962239583194	87.94826344683608
8.664962239583193	88.06391279246347
8.674962239583193	88.17958480110036
8.684962239583193	88.29527964893556
8.694962239583193	88.41099714507213
8.704962239583192	88.52673722544156
8.714962239583192	88.64249956967683
8.724962239583192	88.75828453627642
8.734962239583192	88.87409177910415
8.744962239583192	88.98992124998858
8.754962239583191	89.10577300586986
8.764962239583191	89.22164688816102
8.774962239583191	89.33754285140553
8.78496223958319	89.4534607535264
8.79496223958319	89.56940050833786
8.80496223958319	89.68536191333581
8.81496223958319	89.80134511261538
8.82496223958319	89.91734990385797
8.83496223958319	90.03337633921264
8.84496223958319	90.14942421042116
8.85496223958319	90.26549339604016
8.864962239583189	90.38158383166481
8.874962239583189	90.49769542541407
8.884962239583189	90.61382791392873
8.894962239583188	90.7299814283448
8.904962239583188	90.84615599660792
8.914962239583188	90.96235148417463
8.924962239583188	91.07856767704219
8.934962239583188	91.19480447855076
8.944962239583187	91.31106191874476
8.954962239583187	91.4273398392159
8.964962239583187	91.54363805865958
8.974962239583187	91.65995644831554
8.984962239583187	91.7762949452263
8.994962239583186	91.89265355145358
9.004962239583186	92.00903202556273
9.014962239583186	92.12543056003511
9.024962239583186	92.2418487355111
9.034962239583185	92.35828677737449
9.044962239583185	92.47474446076484
9.054962239583185	92.59122152658803
9.064962239583185	92.70771798574336
9.074962239583185	92.8242336817263
9.084962239583184	92.94076870030322
9.094962239583184	93.05732267957033
9.104962239583184	93.17389574429886
9.114962239583184	93.29048755732408
9.124962239583184	93.40709812635804
9.134962239583183	93.52372731327671
9.144962239583183	93.64037520414102
9.154962239583183	93.75704155042682
9.164962239583183	93.87372626847457
9.174962239583182	93.99042892798211
9.184962239583182	94.10714989196276
9.194962239583182	94.22388899800335
9.204962239583182	94.34064602311503
9.214962239583182	94.45742059515703
9.224962239583181	94.5742129235765
9.234962239583181	94.6910227386277
9.244962239583181	94.8078499176725
9.25496223958318	94.92469466622032
9.26496223958318	95.04155663815013
9.27496223958318	95.15843557394724
9.28496223958318	95.27533142567172
9.29496223958318	95.39224441411926
9.30496223958318	95.50917413053875
9.31496223958318	95.62612039692361
9.32496223958318	95.74308306733246
9.334962239583179	95.86006218749651
9.344962239583179	95.97705769258425
9.354962239583179	96.09406946637986
9.364962239583178	96.21109727474152
9.374962239583178	96.32814100429461
9.384962239583178	96.4452004836705
9.394962239583178	96.56227561414082
9.404962239583178	96.67936624280762
9.414962239583177	96.79647204843451
9.424962239583177	96.91359325054316
9.434962239583177	97.03072974399873
9.444962239583177	97.147881035658
9.454962239583176	97.26504747707877
9.464962239583176	97.38222861534047
9.474962239583176	97.49942433147463
9.484962239583176	97.61663463574428
9.494962239583176	97.73385940724567
9.504962239583175	97.85109827545118
9.514962239583175	97.96835147681905
9.524962239583175	98.08561849611047
9.534962239583175	98.20289944091041
9.544962239583175	98.32019414628475
9.554962239583174	98.4375024791275
9.564962239583174	98.55482423681315
9.574962239583174	98.67215935383281
9.584962239583174	98.78950765507183
9.594962239583174	98.90686896716448
9.604962239583173	99.02424277633094
9.614962239583173	99.14162984802546
9.624962239583173	99.25902952210969
9.634962239583173	99.37644175061713
9.644962239583172	99.4938663350736
9.654962239583172	99.61130164361889
9.664962239583172	99.72873841554792
9.674962239583172	99.84617519279786
9.684962239583172	99.96361197536945
9.694962239583171	100.0810487632617
9.704962239583171	100.19848555647614
9.714962239583171	100.31592235501208
9.72496223958317	100.43335915886912
9.73496223958317	100.55079596804822
9.74496223958317	100.66823278254893
9.75496223958317	100.78566960237204
9.76496223958317	100.90310642751713
9.77496223958317	101.02054325798414
9.78496223958317	101.13798009377332
9.79496223958317	101.25541693488549
9.804962239583169	101.37285378132013
9.814962239583169	101.4902906330775
9.824962239583169	101.60772749015747
9.834962239583168	101.72516435256063
9.844962239583168	101.84260122028697
9.854962239583168	101.96003809333645
9.864962239583168	102.07747497170925
9.874962239583168	102.19491171292478
9.884962239583167	102.31234861276099
9.894962239583167	102.42978551795524
9.904962239583167	102.54722242850707
9.914962239583167	102.6646593444169
9.924962239583166	102.78209626568385
9.934962239583166	102.89953319230858
9.944962239583166	103.01697012429109
9.954962239583166	103.13440706163053
9.964962239583166	103.2518440043265
9.974962239583165	103.36928095237955
9.984962239583165	103.48671790579036
9.994962239583165	103.60415486455692
10.004962239583165	103.72159182868074
10.014962239583165	103.83902879816111
10.024962239583164	103.95646577299766
10.034962239583164	104.07390275319028
10.044962239583164	104.19133973873879
10.054962239583164	104.30877672964411
10.064962239583163	104.42621372590497
10.074962239583163	104.54365072752155
10.084962239583163	104.66108785278567
10.094962239583163	104.7785248577999
10.104962239583163	104.89596186814812
10.114962239583162	105.01339888383171
10.124962239583162	105.13083590485151
10.134962239583162	105.2482729312051
10.144962239583162	105.36570996289421
10.154962239583162	105.48314699991845
10.164962239583161	105.60058404227787
10.174962239583161	105.71802108997286
10.184962239583161	105.83545814300233
10.19496223958316	105.95289520136765
10.20496223958316	106.07033226506833
10.21496223958316	106.18776933410423
10.22496223958316	106.30520640847602
10.23496223958316	106.42264348818301
10.24496223958316	106.54008057322442
10.25496223958316	106.65751766360339
10.26496223958316	106.7749547593165
10.274962239583159	106.89239186036512
10.284962239583159	107.00982896674996
10.294962239583159	107.12726607847054
10.304962239583158	107.24470319552641
10.314962239583158	107.36214031791827
10.324962239583158	107.47957744564602
10.334962239583158	107.59701457870955
10.344962239583158	107.7144517171091
10.354962239583157	107.83188886084416
10.364962239583157	107.94932600991547
10.374962239583157	108.06676316432223
10.384962239583157	108.18420032406561
10.394962239583156	108.30163748914512
10.404962239583156	108.41907465956045
10.414962239583156	108.53651183531188
10.424962239583156	108.65394901639978
10.434962239583156	108.77138620282396
10.444962239583155	108.8888233945842
10.454962239583155	109.00626059168023
10.464962239583155	109.12369779411321
10.474962239583155	109.24113500188254
10.484962239583155	109.35857221498819
10.494962239583154	109.47600943343006
10.504962239583154	109.5934466572083
10.514962239583154	109.7108838863236
10.524962239583154	109.8283211207757
10.534962239583153	109.9457583605641
10.544962239583153	110.06319560568845
10.554962239583153	110.18063285615032
10.564962239583153	110.29807011194866
10.574962239583153	110.41550737308319
10.584962239583152	110.53294463955524
10.594962239583152	110.6503819113644
10.604962239583152	110.76781918850929
10.614962239583152	110.88525647099196
10.624962239583152	111.00269375881082
10.634962239583151	111.12013105196718
10.644962239583151	111.23756835046075
10.654962239583151	111.35500565429096
10.66496223958315	111.4724429634587
10.67496223958315	111.58988027796313
10.68496223958315	111.70731759780529
10.69496223958315	111.82475492298403
10.70496223958315	111.9421922535005
10.71496223958315	112.05962958935363
10.72496223958315	112.1770669305444
10.73496223958315	112.29450427707255
10.744962239583149	112.41194162893835
10.754962239583149	112.52937898614164
10.764962239583149	112.64681634868246
10.774962239583148	112.76425349413176
10.784962239583148	112.8816908891251
10.794962239583148	112.99912828949122
10.804962239583148	113.11656569522943
10.814962239583148	113.2340031063396
10.824962239583147	113.35144052282104
10.834962239583147	113.46887817106239
10.844962239583147	113.58631557361282
10.854962239583147	113.70375298149665
10.864962239583146	113.82119039471274
10.874962239583146	113.9386278132619
10.884962239583146	114.05606523714496
10.894962239583146	114.17350266636085
10.904962239583146	114.29094010090967
10.914962239583145	114.40837754079229
10.924962239583145	114.52581498600853
10.934962239583145	114.64325243655836
10.944962239583145	114.7606898924422
10.954962239583145	114.87812735365938
10.964962239583144	114.99556482021059
10.974962239583144	115.1130022920966
10.984962239583144	115.23043976931578
10.994962239583144	115.34787725186911
11.004962239583143	115.46531473975695
11.014962239583143	115.58275223297959
11.024962239583143	115.700189731536
11.034962239583143	115.81762723542722
11.044962239583143	115.93506474465289
11.054962239583142	116.05250225921382
11.064962239583142	116.16993977910947
11.074962239583142	116.28737730433991
11.084962239583142	116.40481479572733
11.094962239583142	116.52225243792628
11.104962239583141	116.63968997244763
11.114962239583141	116.75712751229698
11.124962239583141	116.8745650574741
11.13496223958314	116.9920026079789
11.14496223958314	117.10944016381147
11.15496223958314	117.22687772497315
11.16496223958314	117.34241483807604
11.17496223958314	117.44009441995489
11.18496223958314	117.53777400716777
11.19496223958314	117.63545359971428
11.20496223958314	117.73313319759468
11.214962239583139	117.83081280080971
11.224962239583139	117.92849240935816
11.234962239583139	118.02617202324107
11.244962239583138	118.12385164245794
11.254962239583138	118.22153126700903
11.264962239583138	118.3192108968952
11.274962239583138	118.4168905321149
11.284962239583137	118.51457017266858
11.294962239583137	118.61224981855774
11.304962239583137	118.70992946978085
11.314962239583137	118.80760912633728
11.324962239583137	118.90528878822997
11.334962239583136	119.00296845545604
11.344962239583136	119.10064812801673
11.354962239583136	119.19832780591284
11.364962239583136	119.29600748914302
11.374962239583136	119.39368717770758
11.384962239583135	119.49136687160654
11.394962239583135	119.5890465708409
11.404962239583135	119.6867262754099
11.414962239583135	119.78440598531337
11.424962239583135	119.88208570055215
11.434962239583134	119.97976542112555
11.444962239583134	120.0774451470341
11.454962239583134	120.17512487827727
11.464962239583134	120.27280461485556
11.474962239583133	120.37048435676877
11.484962239583133	120.46816410401765
11.494962239583133	120.56584385660102
11.504962239583133	120.66352361451993
11.514962239583133	120.761203377773
11.524962239583132	120.85888314636227
11.534962239583132	120.95656292028693
11.544962239583132	121.05424269954604
11.554962239583132	121.15192248414043
11.564962239583132	121.2496022740713
11.574962239583131	121.34728206933654
11.584962239583131	121.4449618699378
11.59496223958313	121.54264167587414
11.60496223958313	121.64032148714657
11.61496223958313	121.73800130375398
11.62496223958313	121.83568112569692
11.63496223958313	121.9333609529754
11.64496223958313	122.03104078559033
11.65496223958313	122.12872062354003
11.66496223958313	122.22640046682584
11.67496223958313	122.32408031544742
11.684962239583129	122.42176016940458
11.694962239583129	122.5194400286981
11.704962239583129	122.61711989332719
11.714962239583128	122.7147997632922
11.724962239583128	122.81247963859238
11.734962239583128	122.91015951922967
11.744962239583128	123.00783940520255
11.754962239583127	123.1055192965114
11.764962239583127	123.20319919315709
11.774962239583127	123.30087909513769
11.784962239583127	123.39855900245514
11.794962239583127	123.49623891510922
11.804962239583126	123.59391883309839
11.814962239583126	123.6915987564247
11.824962239583126	123.78927868508747
11.834962239583126	123.88695861908558
11.844962239583126	123.98463855842076
11.854962239583125	124.08231850309264
11.864962239583125	124.17999845310071
11.874962239583125	124.27767840844508
11.884962239583125	124.37535836912569
11.894962239583124	124.47303823246905
11.904962239583124	124.57071830088279
11.914962239583124	124.66839839259812
11.924962239583124	124.76607834487181
11.934962239583124	124.86375830248113
11.944962239583123	124.9614382654257
11.950000000000001	125.01064677098633
1000011.95	125.01064677098633
