-100000	0
0	0
0.0033333333333333335	0.015023777262077539
0.008333333333333333	0.037862413419682175
0.01583333333333333	0.07275088241583484
0.02708333333333333	0.12636592562030313
0.043958333333333335	0.20933547474655126
0.06927083333333334	0.3387217016410315
0.10723958333333333	0.5421127724708283
0.16419270833333333	0.8643468846216423
0.24962239583333334	1.3784866059739111
0.3496223958333333	2.0174764687217626
0.4496223958333333	2.688638551603288
0.5496223958333333	3.386329898489692
0.6496223958333333	4.10641068665814
0.7496223958333332	4.845657802344561
0.8496223958333332	5.6014886647841875
0.9496223958333332	6.371815641196876
1.0496223958333333	7.154951724165581
1.1496223958333334	7.949534815857018
1.2496223958333335	8.754457324009492
1.3496223958333335	9.568810521900259
1.4496223958333336	10.391840158416283
1.5496223958333337	11.22290931353974
1.6496223958333338	12.06147114386893
1.749622395833334	12.907049964276288
1.849622395833334	13.759224593080495
1.949622395833334	14.617619829437988
2.049622395833334	15.48189393820109
2.149622395833334	16.351719771610206
2.249622395833334	17.22679667714791
2.349622395833334	18.10688815251832
2.4496223958333343	18.991794556596158
2.5496223958333344	19.88126154934573
2.6496223958333345	20.775072438308694
2.7496223958333346	21.67304146887006
2.8496223958333347	22.575006159978173
2.9496223958333347	23.480826112989128
3.049622395833335	24.390376766175073
3.149622395833335	25.303551749905658
3.249622395833335	26.22025977100526
3.349622395833335	27.140419239714713
3.449622395833335	28.06396385744683
3.5496223958333353	28.990836782972803
3.6496223958333354	29.920992916492285
3.7496223958333355	30.85439710570264
3.8496223958333355	31.791023162301116
3.9496223958333356	32.730856476323424
4.049622395833335	33.67388829529291
4.149622395833335	34.620119467761455
4.249622395833335	35.569560813460065
4.349622395833334	36.52222534037773
4.449622395833334	37.478136155217406
4.5496223958333335	38.437320991573664
4.649622395833333	39.39981240123238
4.749622395833333	40.365648691373586
4.849622395833332	41.3348736879292
4.949622395833332	42.307531111802874
5.049622395833332	43.28367220229964
5.149622395833331	44.26336059903024
5.249622395833331	45.24665407289426
5.349622395833331	46.23359875472361
5.44962239583333	47.224254270935795
5.54962239583333	48.21868176380584
5.64962239583333	49.21694590525237
5.749622395833329	50.219110453229334
5.849622395833329	51.22524043242775
5.9496223958333285	52.23540000820227
6.049622395833328	53.24965462017728
6.149622395833328	54.26806887611117
6.2496223958333275	55.290705505253726
6.349622395833327	56.31762739042031
6.449622395833327	57.34889453132791
6.549622395833326	58.38456554195092
6.649622395833326	59.42469353951958
6.749622395833326	60.46933406941431
6.849622395833325	61.51853612449718
6.949622395833325	62.57234425770649
7.049622395833325	63.6308000187736
7.149622395833324	64.69394295261358
7.249622395833324	65.76180441733048
7.3496223958333236	66.834412044865
7.449622395833323	67.91178755296524
7.549622395833323	68.99394883643798
7.6496223958333225	70.08090523548074
7.749622395833322	71.17266077874442
7.849622395833322	72.26921014483933
7.949622395833321	73.37054371409506
8.049622395833321	74.47664034771974
8.14962239583332	75.58747770546725
8.24962239583332	76.70301839242988
8.34962239583332	77.82321831849296
8.44962239583332	78.94802662929376
8.54962239583332	80.07738256423006
8.649622395833319	81.21121776727658
8.749622395833319	82.34945033582986
8.849622395833318	83.49199364018604
8.949622395833318	84.63875128802185
9.049622395833318	85.78961567368702
9.149622395833317	86.94447278276309
9.249622395833317	88.10319570758267
9.349622395833316	89.26565293069697
9.449622395833316	90.43170339028472
9.549622395833316	91.60119671823804
9.649622395833315	92.77395992184188
9.749622395833315	93.94833978572748
9.849622395833315	95.1227195096099
9.949622395833314	96.29709911371697
10.049622395833314	97.47147859806351
10.149622395833314	98.64585796266206
10.249622395833313	99.82023720752642
10.349622395833313	100.99461633266962
10.449622395833313	102.168995338105
10.549622395833312	103.34337437175843
10.649622395833312	104.51775302944979
10.749622395833311	105.69213131131478
10.849622395833311	106.86650989570627
10.94962239583331	108.04088836070883
11.04962239583331	109.21526657119492
11.14962239583331	110.38964480806698
11.24962239583331	111.39485243922867
11.34962239583331	112.37165246019335
11.449622395833309	113.34845248115793
11.549622395833309	114.32525250212333
11.649622395833308	115.30205252308798
11.749622395833308	116.27885254405264
11.849622395833308	117.25565256501739
11.949622395833307	118.23245258444334
11.950000000000001	118.23614007950806
1000011.95	118.23614007950806
