-100000	0
0	0
0.0033333333333333335	0.011486321956905791
0.008333333333333333	0.028988370998758235
0.01583333333333333	0.05581830218144423
0.02708333333333333	0.0972620725261775
0.043958333333333335	0.161856423926454
0.06927083333333334	0.2635437857996782
0.10723958333333333	0.42530867330814187
0.16419270833333333	0.6852669329716686
0.24962239583333334	1.1067449581002924
0.3496223958333333	1.638563969553252
0.4496223958333333	2.2040012898228367
0.5496223958333333	2.7974768965106134
0.6496223958333333	3.4148377460741344
0.7496223958333332	4.052764830283916
0.8496223958333332	4.708527726086025
0.9496223958333332	5.379869288541552
1.0496223958333333	6.064935522083719
1.1496223958333334	6.762208386665479
1.2496223958333335	7.470446159096112
1.3496223958333335	8.188608344952543
1.4496223958333336	8.915843090393865
1.5496223958333337	9.651416504277783
1.6496223958333338	10.394706012031836
1.749622395833334	11.145170445863826
1.849622395833334	11.902345808530097
1.949622395833334	12.665821098441205
2.049622395833334	13.43523451719599
2.149622395833334	14.210261385649174
2.249622395833334	14.99060805574397
2.349622395833334	15.776002927396945
2.4496223958333343	16.56619263903943
2.5496223958333344	17.36097394362629
2.6496223958333345	18.160122009489942
2.7496223958333346	18.96346690908602
2.8496223958333347	19.770854003550443
2.9496223958333347	20.582154193318463
3.049622395833335	21.39726034121802
3.149622395833335	22.216086660211698
3.249622395833335	23.038566257428165
3.349622395833335	23.864648661322324
3.449622395833335	24.694292373571294
3.5496223958333353	25.527478447374037
3.6496223958333354	26.364197916276368
3.7496223958333355	27.20444671193188
3.8496223958333355	28.04823660194618
3.9496223958333356	28.895589538211823
4.049622395833335	29.7465376618708
4.149622395833335	30.601131065149218
4.249622395833335	31.459416660488415
4.349622395833334	32.32146317317428
4.449622395833334	33.18732982448075
4.5496223958333335	34.057091064341236
4.649622395833333	34.930828144908915
4.749622395833333	35.808628665497345
4.849622395833332	36.690582447138624
4.949622395833332	37.57678726469931
5.049622395833332	38.467343479021736
5.149622395833331	39.36236120524847
5.249622395833331	40.261941096617775
5.349622395833331	41.16619630331801
5.44962239583333	42.07523540593733
5.54962239583333	42.98917481991249
5.64962239583333	43.90812865049845
5.749622395833329	44.83221757000037
5.849622395833329	45.76155845975503
5.9496223958333285	46.69627229959
6.049622395833328	47.63647358493505
6.149622395833328	48.58227500465286
6.2496223958333275	49.53379884297448
6.349622395833327	50.491161067308525
6.449622395833327	51.454478228786975
6.549622395833326	52.42385897633785
6.649622395833326	53.399405747226815
6.749622395833326	54.381220797233
6.849622395833325	55.369403505717926
6.949622395833325	56.36404406986072
7.049622395833325	57.36523255667684
7.149622395833324	58.37304996314195
7.249622395833324	59.3875705818526
7.3496223958333236	60.40886209324493
7.449622395833323	61.43698438396012
7.549622395833323	62.47198888504396
7.6496223958333225	63.51391631757709
7.749622395833322	64.56279899234526
7.849622395833322	65.6186595359092
7.949622395833321	66.6815103416106
8.049622395833321	67.75134888263112
8.14962239583332	68.82816421363128
8.24962239583332	69.91193296166786
8.34962239583332	71.00261500258088
8.44962239583332	72.10016414311066
8.54962239583332	73.20451352454924
8.649622395833319	74.31558666635293
8.749622395833319	75.43329552095078
8.849622395833318	76.55753553495629
8.949622395833318	77.68819073691654
9.049622395833318	78.82513175952921
9.149622395833317	79.96821846605395
9.249622395833317	81.11729836085813
9.349622395833316	82.27220613312453
9.449622395833316	83.432767527695
9.549622395833316	84.5987973329504
9.649622395833315	85.77010393285657
9.749622395833315	86.94404462051368
9.849622395833315	88.11807753884874
9.949622395833314	89.29219607146756
10.049622395833314	90.46638796138153
10.149622395833314	91.64063158930922
10.249622395833313	92.81491988852227
10.349622395833313	93.98925012846483
10.449622395833313	95.16359820485114
10.549622395833312	96.33796034161831
10.649622395833312	97.51233262714787
10.749622395833311	98.6867099446643
10.849622395833311	99.8610878352664
10.94962239583331	101.03546742672098
11.04962239583331	102.20984718582079
11.14962239583331	103.38427008771068
11.24962239583331	104.32455826844989
11.34962239583331	105.22550740676998
11.449622395833309	106.12645668587987
11.549622395833309	107.02740610575681
11.649622395833308	107.92835566637793
11.749622395833308	108.8293053677192
11.849622395833308	109.73025488286176
11.949622395833307	110.6312050563039
11.950000000000001	110.63460228713447
1000011.95	110.63460228713447
