-100000	0
0	0
0.0033333333333333335	0.00932345788253531
0.008333333333333333	0.023560701883509293
0.01583333333333333	0.04545609807358621
0.02708333333333333	0.0794305320604184
0.043958333333333335	0.13271073883946466
0.06927083333333334	0.21726399750443873
0.10723958333333333	0.3531128517600774
0.16419270833333333	0.5739706749175737
0.24962239583333334	0.9366623721972273
0.3496223958333333	1.39974969362008
0.4496223958333333	1.8966543571949628
0.5496223958333333	2.421869216301824
0.6496223958333333	2.971312360294765
0.7496223958333332	3.5416968195133935
0.8496223958333332	4.130271866304159
0.9496223958333332	4.7347241978212615
1.0496223958333333	5.353092017381727
1.1496223958333334	5.983807495460443
1.2496223958333335	6.625561980747584
1.3496223958333335	7.277285896950401
1.4496223958333336	7.938092295196571
1.5496223958333337	8.607231654008844
1.6496223958333338	9.284064286447679
1.749622395833334	9.96803051801795
1.849622395833334	10.658639049209341
1.949622395833334	11.355456915182968
2.049622395833334	12.058094133338347
2.149622395833334	12.76620691910656
2.249622395833334	13.479480993990949
2.349622395833334	14.197636708929227
2.4496223958333343	14.920430113522336
2.5496223958333344	15.647635907650258
2.6496223958333345	16.379057802019766
2.7496223958333346	17.11452608022709
2.8496223958333347	17.853896449143708
2.9496223958333347	18.597049128062704
3.049622395833335	19.34389033801555
3.149622395833335	20.094344189088876
3.249622395833335	20.848359748206118
3.349622395833335	21.60590068805416
3.449622395833335	22.36694953992786
3.5496223958333353	23.131507956134925
3.6496223958333354	23.899583470756205
3.7496223958333355	24.67119998435262
3.8496223958333355	25.446395065477304
3.9496223958333356	26.225217189180515
4.049622395833335	27.007728423142513
4.149622395833335	27.793997232189337
4.249622395833335	28.584104144142184
4.349622395833334	29.37813959904423
4.449622395833334	30.176201902096768
4.5496223958333335	30.978409685381017
4.649622395833333	31.784870246196437
4.749622395833333	32.595696767386315
4.849622395833332	33.41101466610391
4.949622395833332	34.23095488212324
5.049622395833332	35.05565323349284
5.149622395833331	35.885248900947396
5.249622395833331	36.71990059667862
5.349622395833331	37.55975195796873
5.44962239583333	38.40494342974132
5.54962239583333	39.25562737997558
5.64962239583333	40.111958938659775
5.749622395833329	40.97409709350437
5.849622395833329	41.84219533232387
5.9496223958333285	42.71641460172225
6.049622395833328	43.59691714927002
6.149622395833328	44.48385980444877
6.2496223958333275	45.377407811267275
6.349622395833327	46.277712463742425
6.449622395833327	47.18492907680648
6.549622395833326	48.0992105380882
6.649622395833326	49.020705838630185
6.749622395833326	49.94955989490082
6.849622395833325	50.8859175483227
6.949622395833325	51.82990230639712
7.049622395833325	52.781657116344796
7.149622395833324	53.74130128329094
7.249622395833324	54.70895082791955
7.3496223958333236	55.68471520153681
7.449622395833323	56.66869280991493
7.549622395833323	57.660972619042184
7.6496223958333225	58.661631797611115
7.749622395833322	59.67073688824223
7.849622395833322	60.68834202885586
7.949622395833321	61.71448680486222
8.049622395833321	62.749197186431786
8.14962239583332	63.792485276025225
8.24962239583332	64.84434738027416
8.34962239583332	65.90476083624502
8.44962239583332	66.97368747597666
8.54962239583332	68.05106881325511
8.649622395833319	69.13683311642039
8.749622395833319	70.23088737480253
8.849622395833318	71.3331210062984
8.949622395833318	72.44340923686077
9.049622395833318	73.56160798758843
9.149622395833317	74.6875558328004
9.249622395833317	75.82108015534227
9.349622395833316	76.96198791728324
9.449622395833316	78.11007533260053
9.549622395833316	79.26512713197708
9.649622395833315	80.42691811301073
9.749622395833315	81.59240557724962
9.849622395833315	82.75863798092315
9.949622395833314	83.92558856609895
10.049622395833314	85.09322840218576
10.149622395833314	86.26152714395589
10.249622395833313	87.43045311493034
10.349622395833313	88.5999728865049
10.449622395833313	89.77005318075642
10.549622395833312	90.94065674441713
10.649622395833312	92.11174580658319
10.749622395833311	93.28327943730376
10.849622395833311	94.45521528367442
10.94962239583331	95.62750732453317
11.04962239583331	96.80011032243551
11.14962239583331	97.97296788765513
11.24962239583331	98.86107283251602
11.34962239583331	99.70134051974335
11.449622395833309	100.54160861531938
11.549622395833309	101.3818770584308
11.649622395833308	102.22214584899528
11.749622395833308	103.06241479464595
11.849622395833308	103.90268431902163
11.949622395833307	104.74295408326753
11.950000000000001	104.74612930751134
1000011.95	104.74612930751134
