-100000	0
0	0
0.0003333333333333333	0.0008260793171684895
0.0008333333333333333	0.002067643773704191
0.0015833333333333333	0.003935489061110632
0.0027083333333333334	0.006749616513878149
0.004395833333333333	0.010998575440822125
0.006927083333333334	0.017434078514112633
0.010723958333333335	0.0272230045977693
0.016419270833333336	0.042200328596261966
0.024962239583333337	0.06529676577324722
0.03496223958333334	0.09323611017483183
0.04496223958333334	0.12208742801567576
0.05496223958333334	0.15179534241470638
0.06496223958333334	0.18231177195902026
0.07496223958333334	0.21359527858245625
0.08496223958333333	0.24560915787378923
0.09496223958333333	0.2783206394957697
0.10496223958333332	0.3117011781900268
0.11496223958333332	0.34572355722836184
0.12496223958333331	0.3803640567349844
0.1349622395833333	0.415600885371116
0.14496223958333332	0.45141318803815506
0.15496223958333333	0.487782048274573
0.16496223958333334	0.5246896014914405
0.17496223958333335	0.5621165216074844
0.18496223958333335	0.6000500303421351
0.19496223958333336	0.6384790180315617
0.20496223958333337	0.6773876421339696
0.21496223958333338	0.7167624742053245
0.2249622395833334	0.7565903939793565
0.2349622395833334	0.7968598806555254
0.2449622395833334	0.8375599321414804
0.2549622395833334	0.8786799241127923
0.2649622395833334	0.9202100621767695
0.27496223958333343	0.9621407100240716
0.28496223958333344	1.0044626153529788
0.29496223958333345	1.0471674125625543
0.30496223958333346	1.0902465272548947
0.31496223958333347	1.133692437058395
0.3249622395833335	1.1774972878290995
0.3349622395833335	1.2216539942827627
0.3449622395833335	1.2661557396418432
0.3549622395833335	1.3109957246821207
0.3649622395833335	1.3561676113886774
0.3749622395833335	1.4016653034169135
0.38496223958333353	1.4474827598809281
0.39496223958333354	1.4936145264321476
0.40496223958333355	1.5400550389673886
0.41496223958333356	1.58679905757614
0.42496223958333357	1.6338412707800807
0.4349622395833336	1.6811769959582574
0.4449622395833336	1.7288011295145247
0.4549622395833336	1.7767094943030002
0.4649622395833336	1.8248970245332565
0.4749622395833336	1.87335983375108
0.4849622395833336	1.9220932987405945
0.49496223958333363	1.9710936448221168
0.5049622395833336	2.0203565569004396
0.5149622395833336	2.0698781198734753
0.5249622395833337	2.119654627877433
0.5349622395833337	2.1696819020599256
0.5449622395833337	2.219956904490885
0.5549622395833337	2.270476072059597
0.5649622395833337	2.321235421494886
0.5749622395833337	2.372231557986257
0.5849622395833337	2.4234612429504656
0.5949622395833337	2.4749209410500135
0.6049622395833337	2.5266073614014557
0.6149622395833337	2.578517436025936
0.6249622395833337	2.6306479522839648
0.6349622395833338	2.6829957231655164
0.6449622395833338	2.735557663707254
0.6549622395833338	2.7883308213442213
0.6649622395833338	2.8413122583658503
0.6749622395833338	2.894498654575521
0.6849622395833338	2.9478870171872433
0.6949622395833338	3.001474341856062
0.7049622395833338	3.0552582555260903
0.7149622395833338	3.109236775815227
0.7249622395833338	3.1634072467985823
0.7349622395833338	3.2177665911414084
0.7449622395833339	3.2723124216701636
0.7549622395833339	3.327042060153378
0.7649622395833339	3.381952836642331
0.7749622395833339	3.4370422374753713
0.7849622395833339	3.492306996819891
0.7949622395833339	3.5477430094737636
0.8049622395833339	3.6033484376125364
0.8149622395833339	3.659122477540392
0.8249622395833339	3.7150637467591414
0.8349622395833339	3.771170579490792
0.8449622395833339	3.827440812457056
0.854962239583334	3.8838720950669092
0.864962239583334	3.940461779457295
0.874962239583334	3.997207130890814
0.884962239583334	4.054106281141684
0.894962239583334	4.111157264609081
0.904962239583334	4.168358016980482
0.914962239583334	4.225706451832047
0.924962239583334	4.283200765066045
0.934962239583334	4.34083888569883
0.944962239583334	4.398618895131971
0.954962239583334	4.4565390060288115
0.964962239583334	4.514597608020525
0.9749622395833341	4.572792956834419
0.9849622395833341	4.631123189840676
0.9949622395833341	4.689586497409658
1.004962239583334	4.748181273274602
1.014962239583334	4.806906127356812
1.024962239583334	4.865759470141567
1.034962239583334	4.924739704680027
1.044962239583334	4.983845182928657
1.054962239583334	5.043074515295254
1.064962239583334	5.102426204126127
1.074962239583334	5.161898889306383
1.084962239583334	5.221491103902324
1.094962239583334	5.281201392316194
1.104962239583334	5.341028499066747
1.114962239583334	5.400971055705928
1.124962239583334	5.461027842248322
1.134962239583334	5.521197512891154
1.144962239583334	5.581478902005545
1.154962239583334	5.6418706813928114
1.1649622395833341	5.702371703876038
1.1749622395833341	5.762980871513976
1.1849622395833341	5.823696929027577
1.1949622395833341	5.884518831650592
1.2049622395833341	5.945445457716907
1.2149622395833342	6.006475608042873
1.2249622395833342	6.067608324502388
1.2349622395833342	6.12884259377678
1.2449622395833342	6.190177414966015
1.2549622395833342	6.251611710394658
1.2649622395833342	6.313144507820787
1.2749622395833342	6.374774884760114
1.2849622395833342	6.436501828922624
1.2949622395833342	6.498324467606803
1.3049622395833342	6.56024194496812
1.3149622395833342	6.6222532200619275
1.3249622395833343	6.684357525128756
1.3349622395833343	6.746553936914828
1.3449622395833343	6.808841661442689
1.3549622395833343	6.871219777618569
1.3649622395833343	6.933687491325593
1.3749622395833343	6.996244134848259
1.3849622395833343	7.058888816613442
1.3949622395833343	7.12162068106852
1.4049622395833343	7.184439017534047
1.4149622395833343	7.247342980325624
1.4249622395833343	7.310332042352756
1.4349622395833344	7.373405439198649
1.4449622395833344	7.4365623162281365
1.4549622395833344	7.499802125937445
1.4649622395833344	7.563124055447179
1.4749622395833344	7.62652748155959
1.4849622395833344	7.690011765783625
1.4949622395833344	7.753576169401212
1.5049622395833344	7.817220112370052
1.5149622395833344	7.880942837647509
1.5249622395833344	7.9447436844457116
1.5349622395833344	8.008622154218315
1.5449622395833345	8.07257761783156
1.5549622395833345	8.136609262122626
1.5649622395833345	8.200716434843834
1.5749622395833345	8.264898583516977
1.5849622395833345	8.329155333279328
1.5949622395833345	8.393486015352586
1.6049622395833345	8.457890140455676
1.6149622395833345	8.522367364593572
1.6249622395833345	8.586917164779317
1.6349622395833345	8.651538812274032
1.6449622395833345	8.716231699094157
1.6549622395833345	8.78099539440314
1.6649622395833346	8.845829292263767
1.6749622395833346	8.910732833663623
1.6849622395833346	8.975705494806839
1.6949622395833346	9.040746808397232
1.7049622395833346	9.105856240486956
1.7149622395833346	9.171033328772424
1.7249622395833346	9.23627749122761
1.7349622395833346	9.301588208122457
1.7449622395833346	9.366965048342616
1.7549622395833346	9.432407674326795
1.7649622395833346	9.497915611084405
1.7749622395833347	9.563488342292098
1.7849622395833347	9.629125213105207
1.7949622395833347	9.694825986745439
1.8049622395833347	9.760590235265893
1.8149622395833347	9.826417375038892
1.8249622395833347	9.892307004276432
1.8349622395833347	9.958258613314301
1.8449622395833347	10.024271984810502
1.8549622395833347	10.090346617959714
1.8649622395833347	10.15648187698077
1.8749622395833347	10.22267751250255
1.8849622395833348	10.28893307462813
1.8949622395833348	10.35524827990122
1.9049622395833348	10.421622628540106
1.9149622395833348	10.488055629938508
1.9249622395833348	10.554547066526073
1.9349622395833348	10.62109660699131
1.9449622395833348	10.687703698281636
1.9549622395833348	10.7543678536238
1.9649622395833348	10.821088689555681
1.9749622395833348	10.887866042416354
1.9849622395833348	10.95469959673955
1.9949622395833349	11.021588744197254
2.004962239583335	11.08853318063158
2.0149622395833346	11.155532702641045
2.0249622395833344	11.222587024282749
2.034962239583334	11.2896956180109
2.044962239583334	11.356858101847727
2.054962239583334	11.424074242709661
2.0649622395833336	11.491343603212483
2.0749622395833334	11.558665865212168
2.084962239583333	11.626040562543093
2.094962239583333	11.693467554881778
2.1049622395833327	11.76094657038231
2.1149622395833325	11.82847725558548
2.1249622395833323	11.896059213500488
2.134962239583332	11.963692119778148
2.144962239583332	12.031375767902729
2.1549622395833317	12.09910986134935
2.1649622395833314	12.166894043940772
2.1749622395833312	12.2347279682986
2.184962239583331	12.302611419018685
2.194962239583331	12.370544019717029
2.2049622395833306	12.438525519595641
2.2149622395833304	12.506555493507918
2.22496223958333	12.574633698249302
2.23496223958333	12.642760073552433
2.2449622395833297	12.710934225668737
2.2549622395833295	12.779155972151312
2.2649622395833293	12.84742494045556
2.274962239583329	12.915740949909836
2.284962239583329	12.984103662976247
2.2949622395833287	13.052512785701465
2.3049622395833285	13.120968025924128
2.3149622395833283	13.189469201350049
2.324962239583328	13.258016037303397
2.334962239583328	13.326608466576928
2.3449622395833276	13.395246119924236
2.3549622395833274	13.463928640531817
2.364962239583327	13.53265590391146
2.374962239583327	13.601427765119556
2.3849622395833268	13.670243878888668
2.3949622395833265	13.739104001384694
2.4049622395833263	13.80800790282573
2.414962239583326	13.87695538109767
2.424962239583326	13.945946086507865
2.4349622395833257	14.01497985808901
2.4449622395833255	14.084056710883338
2.4549622395833253	14.153176263478507
2.464962239583325	14.22233834291214
2.474962239583325	14.291542643357854
2.4849622395833246	14.36078903409511
2.4949622395833244	14.430077235474485
2.504962239583324	14.499407215466197
2.514962239583324	14.568778770172958
2.5249622395833238	14.638191744669772
2.5349622395833236	14.707645742474941
2.5449622395833233	14.77714060566058
2.554962239583323	14.846676191269191
2.564962239583323	14.916252361583911
2.5749622395833227	14.985868939855695
2.5849622395833225	15.055525784764408
2.5949622395833223	15.125222674192457
2.604962239583322	15.194959433067334
2.614962239583322	15.26473591317662
2.6249622395833216	15.33455196571215
2.6349622395833214	15.404407451614793
2.644962239583321	15.474302128746174
2.654962239583321	15.544235877748857
2.664962239583321	15.61420862359737
2.6749622395833206	15.684220101924842
2.6849622395833204	15.75427014862787
2.69496223958332	15.82435865526302
2.70496223958332	15.894485424481683
2.7149622395833197	15.964650368386451
2.7249622395833195	16.034853386384228
2.7349622395833193	16.1050944596395
2.744962239583319	16.175373427639034
2.754962239583319	16.245690003672685
2.7649622395833187	16.316044046496803
2.7749622395833184	16.38643545747211
2.7849622395833182	16.45686420868766
2.794962239583318	16.52733007668407
2.804962239583318	16.597833122310245
2.8149622395833176	16.66837315343088
2.8249622395833174	16.738950006046483
2.834962239583317	16.80956350681633
2.844962239583317	16.88021356330259
2.8549622395833167	16.9509001767391
2.8649622395833165	17.021623071915496
2.8749622395833163	17.092382271962457
2.884962239583316	17.163177758917122
2.894962239583316	17.234009414959328
2.9049622395833157	17.304877067240405
2.9149622395833155	17.375780708253643
2.9249622395833152	17.44672006562623
2.934962239583315	17.517695176492467
2.944962239583315	17.58870597924088
2.9549622395833146	17.659752345020127
2.9649622395833144	17.73083422943802
2.974962239583314	17.80195160174635
2.984962239583314	17.87310435515726
2.9949622395833138	17.944292422254854
3.0049622395833135	18.015515704434115
3.0149622395833133	18.086774254343826
3.024962239583313	18.158067801917166
3.034962239583313	18.22939633058756
3.0449622395833127	18.300759806787696
3.0549622395833125	18.372158086627923
3.0649622395833123	18.44359116026924
3.074962239583312	18.515059077043578
3.084962239583312	18.58656172624848
3.0949622395833116	18.658099064948807
3.1049622395833114	18.72967108474466
3.114962239583311	18.801277655041524
3.124962239583311	18.87291871964158
3.1349622395833108	18.944594330096827
3.1449622395833106	19.016304352355125
3.1549622395833103	19.088048832852543
3.16496223958331	19.15982773010929
3.17496223958331	19.23164100663091
3.1849622395833097	19.303488684702096
3.1949622395833095	19.375370715114503
3.2049622395833093	19.447286978986956
3.214962239583309	19.51923752558478
3.224962239583309	19.591222271144133
3.2349622395833086	19.663241185453348
3.2449622395833084	19.73529425773634
3.254962239583308	19.807381469786783
3.264962239583308	19.879502790822812
3.274962239583308	19.95165817786494
3.2849622395833076	20.02384776471333
3.2949622395833074	20.09607139382382
3.304962239583307	20.168329119087186
3.314962239583307	20.24062087875694
3.3249622395833067	20.31294669407453
3.3349622395833065	20.385306568899498
3.3449622395833063	20.45770050467093
3.354962239583306	20.53012849358745
3.364962239583306	20.602590548237764
3.3749622395833057	20.67508666513039
3.3849622395833054	20.747616846932875
3.3949622395833052	20.820181098854597
3.404962239583305	20.89277938948245
3.414962239583305	20.96541178775409
3.4249622395833046	21.03807827701038
3.4349622395833044	21.110778869397066
3.444962239583304	21.183513577475278
3.454962239583304	21.256282386198425
3.4649622395833037	21.32908540330016
3.4749622395833035	21.401922471210465
3.4849622395833033	21.474793786292715
3.494962239583303	21.547699232993914
3.504962239583303	21.62063888531344
3.5149622395833027	21.69361277623794
3.5249622395833025	21.766620933196176
3.5349622395833022	21.83966334737914
3.544962239583302	21.912740028555124
3.554962239583302	21.98585100235598
3.5649622395833016	22.0589964068457
3.5749622395833014	22.132176386198825
3.584962239583301	22.205390713013905
3.594962239583301	22.278639473980512
3.6049622395833008	22.35192271584213
3.6149622395833005	22.42524044709276
3.6249622395833003	22.49859267891209
3.6349622395833	22.5719794208243
3.6449622395833	22.645400736394222
3.6549622395832997	22.718856563196347
3.6649622395832995	22.792347069660384
3.6749622395832993	22.86587232591925
3.684962239583299	22.939432376088558
3.694962239583299	23.013027234597708
3.7049622395832986	23.08665684928177
3.7149622395832984	23.160321507306183
3.724962239583298	23.234021245346376
3.734962239583298	23.307755922830008
3.7449622395832978	23.38152559301077
3.7549622395832976	23.4553305129922
3.7649622395832973	23.529170750633064
3.774962239583297	23.60304624780133
3.784962239583297	23.67695714694094
3.7949622395832967	23.75090346222754
3.8049622395832965	23.824885238913037
3.8149622395832963	23.89890259171307
3.824962239583296	23.972955285891643
3.834962239583296	24.04704358539254
3.8449622395832956	24.121167482863328
3.8549622395832954	24.19532712896784
3.864962239583295	24.269522662268812
3.874962239583295	24.343753966953866
3.884962239583295	24.41802134899819
3.8949622395832946	24.492324837902736
3.9049622395832944	24.566664380925232
3.914962239583294	24.64104016116771
3.924962239583294	24.715452361504934
3.9349622395832937	24.789900794812237
3.9449622395832935	24.864385687444596
3.9549622395832933	24.938907037188176
3.964962239583293	25.013464881004797
3.974962239583293	25.08805937321805
3.9849622395832927	25.162690566254728
3.9949622395832924	25.237358572285743
4.004962239583293	25.312061286057308
4.0149622395832925	25.386796690624426
4.024962239583292	25.46156921018058
4.034962239583292	25.536378981781915
4.044962239583292	25.61122604458185
4.054962239583292	25.686110407056198
4.064962239583291	25.761032189926055
4.074962239583291	25.835991580039575
4.084962239583291	25.91098856723253
4.094962239583291	25.986023269247006
4.1049622395832905	26.061095777159593
4.11496223958329	26.136206224988065
4.12496223958329	26.211354704547205
4.13496223958329	26.286541296522714
4.14496223958329	26.36176609885378
4.1549622395832895	26.437029183459583
4.164962239583289	26.512330679383183
4.174962239583289	26.587670680824644
4.184962239583289	26.66304933192761
4.194962239583289	26.73846661238849
4.204962239583288	26.813922728171445
4.214962239583288	26.88941776382889
4.224962239583288	26.96495183962952
4.234962239583288	27.04052503340657
4.2449622395832876	27.116137437233746
4.254962239583287	27.19178917490538
4.264962239583287	27.267480386044866
4.274962239583287	27.343211173289344
4.284962239583287	27.418981611446313
4.2949622395832865	27.494791810873135
4.304962239583286	27.57064192246378
4.314962239583286	27.64653206456075
4.324962239583286	27.722462335768764
4.334962239583286	27.79843280563259
4.344962239583285	27.87444360409269
4.354962239583285	27.95049487636065
4.364962239583285	28.026586754779473
4.374962239583285	28.10271934184714
4.384962239583285	28.178892747352556
4.394962239583284	28.25510708785483
4.404962239583284	28.331362507739357
4.414962239583284	28.407659113635404
4.424962239583284	28.483997033930244
4.4349622395832835	28.56037636725353
4.444962239583283	28.63679726988251
4.454962239583283	28.713259853690232
4.464962239583283	28.789764229153402
4.474962239583283	28.866310541797734
4.484962239583282	28.94289888335525
4.494962239583282	29.0195294127073
4.504962239583282	29.09620223339435
4.514962239583282	29.172917529490856
4.524962239583282	29.249675359739776
4.534962239583281	29.326475872482003
4.544962239583281	29.403319236223545
4.554962239583281	29.480205547396828
4.564962239583281	29.557135061135938
4.5749622395832805	29.63410772432967
4.58496223958328	29.71112405863164
4.59496223958328	29.788183921392815
4.60496223958328	29.86528752638107
4.61496223958328	29.942434864597963
4.6249622395832795	30.01962605901914
4.634962239583279	30.096861309366712
4.644962239583279	30.17414075346337
4.654962239583279	30.25146454703939
4.664962239583279	30.328832669863537
4.674962239583278	30.406245411161297
4.684962239583278	30.483702833862253
4.694962239583278	30.56120525966914
4.704962239583278	30.6387527515427
4.7149622395832775	30.716345345030255
4.724962239583277	30.79398320211637
4.734962239583277	30.87166656491792
4.744962239583277	30.949395503014816
4.754962239583277	31.027170090999654
4.7649622395832765	31.104990507291575
4.774962239583276	31.182856866332585
4.784962239583276	31.26076962872658
4.794962239583276	31.33872874552242
4.804962239583276	31.416734271599015
4.814962239583275	31.49478635521038
4.824962239583275	31.57288524022293
4.834962239583275	31.651031003386844
4.844962239583275	31.72922384346293
4.8549622395832746	31.80746375594737
4.864962239583274	31.885750908616842
4.874962239583274	31.964085723341547
4.884962239583274	32.042468264657266
4.894962239583274	32.12089851319664
4.9049622395832735	32.199376677664276
4.914962239583273	32.277902998138835
4.924962239583273	32.356477705157836
4.934962239583273	32.435100787293315
4.944962239583273	32.51377241593602
4.954962239583272	32.592492658726826
4.964962239583272	32.67126186712615
4.974962239583272	32.75008021860077
4.984962239583272	32.828947643746126
4.994962239583272	32.90786434305457
5.004962239583271	32.9868307043562
5.014962239583271	33.06584666657923
5.024962239583271	33.14491254544387
5.034962239583271	33.224028304743875
5.0449622395832705	33.30319422575358
5.05496223958327	33.38241052966093
5.06496223958327	33.46167731657684
5.07496223958327	33.54099433865927
5.08496223958327	33.6203620289386
5.094962239583269	33.69978075827431
5.104962239583269	33.779250678725276
5.114962239583269	33.858771995179545
5.124962239583269	33.93834460046428
5.134962239583269	34.01796872039749
5.144962239583268	34.09764475640718
5.154962239583268	34.17737274717565
5.164962239583268	34.257153119257005
5.174962239583268	34.336985704791644
5.1849622395832675	34.41687177638182
5.194962239583267	34.49681044167324
5.204962239583267	34.576802803542286
5.214962239583267	34.65684904518434
5.224962239583267	34.73694830846251
5.2349622395832665	34.81710085660747
5.244962239583266	34.89730697541625
5.254962239583266	34.97756652152732
5.264962239583266	35.05787974251819
5.274962239583266	35.13824688243082
5.284962239583265	35.21866827729416
5.294962239583265	35.2991439704784
5.304962239583265	35.379674073859164
5.314962239583265	35.46025880159444
5.3249622395832645	35.54089840406128
5.334962239583264	35.62159173559735
5.344962239583264	35.70234118178536
5.354962239583264	35.78314583904973
5.364962239583264	35.86400599422904
5.3749622395832635	35.944921707182246
5.384962239583263	36.02589315481451
5.394962239583263	36.10692043141834
5.404962239583263	36.188003753990735
5.414962239583263	36.269143483718025
5.424962239583262	36.35033973338437
5.434962239583262	36.43159250369545
5.444962239583262	36.51290195611945
5.454962239583262	36.594268498374845
5.4649622395832615	36.675692135043064
5.474962239583261	36.75717312603588
5.484962239583261	36.83871145843219
5.494962239583261	36.92030752433486
5.504962239583261	37.00196142315395
5.5149622395832605	37.08367337630031
5.52496223958326	37.16544343544748
5.53496223958326	37.24727176237258
5.54496223958326	37.329158786132176
5.55496223958326	37.41110442531821
5.564962239583259	37.49310894701252
5.574962239583259	37.575172358145494
5.584962239583259	37.65729501238175
5.594962239583259	37.73947716217771
5.604962239583259	37.82171900932413
5.614962239583258	37.904020428406604
5.624962239583258	37.9863817564507
5.634962239583258	38.06880323212446
5.644962239583258	38.15128512462232
5.6549622395832575	38.23382748530416
5.664962239583257	38.31643034092377
5.674962239583257	38.399094069120316
5.684962239583257	38.481818874497236
5.694962239583257	38.564605000356224
5.704962239583256	38.647452304746466
5.714962239583256	38.73036119426638
5.724962239583256	38.813332128865056
5.734962239583256	38.89636457519542
5.744962239583256	38.97945914787435
5.754962239583255	39.062615951633695
5.764962239583255	39.14583510898889
5.774962239583255	39.229116935347704
5.784962239583255	39.3124602067641
5.7949622395832545	39.39586552175245
5.804962239583254	39.479334100209215
5.814962239583254	39.56286489435696
5.824962239583254	39.646459261932634
5.834962239583254	39.73011718476262
5.8449622395832534	39.81383903203901
5.854962239583253	39.897624836905145
5.864962239583253	39.98147514136176
5.874962239583253	40.06538975831991
5.884962239583253	40.14936891276923
5.894962239583252	40.23341279110218
5.904962239583252	40.31752190028022
5.914962239583252	40.40169603264949
5.924962239583252	40.485935472472065
5.9349622395832515	40.57024041633926
5.944962239583251	40.654611061263736
5.954962239583251	40.73904759877106
5.964962239583251	40.82355029967478
5.974962239583251	40.90811911799449
5.9849622395832505	40.99275439840997
5.99496223958325	41.07745632134433
6.00496223958325	41.16222490229113
6.01496223958325	41.24706053359923
6.02496223958325	41.331963317298076
6.034962239583249	41.41693345281741
6.044962239583249	41.5019710759152
6.054962239583249	41.587076380277324
6.064962239583249	41.6722494959559
6.0749622395832485	41.757490720250665
6.084962239583248	41.842800265668735
6.094962239583248	41.928177929176655
6.104962239583248	42.013624095244126
6.114962239583248	42.09913904311324
6.1249622395832475	42.184723008741216
6.134962239583247	42.27037593305979
6.144962239583247	42.35609822406227
6.154962239583247	42.441890025038596
6.164962239583247	42.527751561070076
6.174962239583246	42.61368295023972
6.184962239583246	42.6996843413891
6.194962239583246	42.785755981399525
6.204962239583246	42.87189795127989
6.214962239583246	42.95811056019697
6.224962239583245	43.04439396938806
6.234962239583245	43.130748302002765
6.244962239583245	43.217173619874224
6.254962239583245	43.30367036889766
6.2649622395832445	43.39023846818014
6.274962239583244	43.47687821349143
6.284962239583244	43.56358981091799
6.294962239583244	43.650373553898774
6.304962239583244	43.73722938615232
6.314962239583243	43.82415766751819
6.324962239583243	43.911158429753506
6.334962239583243	43.998231948104994
6.344962239583243	44.08537845578276
6.354962239583243	44.17259783850869
6.364962239583242	44.2598905269881
6.374962239583242	44.34725660534885
6.384962239583242	44.43469652092166
6.394962239583242	44.522210218969676
6.4049622395832415	44.60979762025517
6.414962239583241	44.69745939061788
6.424962239583241	44.78519541931335
6.434962239583241	44.873005735122106
6.444962239583241	44.960890728575556
6.4549622395832404	45.04885060557768
6.46496223958324	45.136885656324495
6.47496223958324	45.22499577065935
6.48496223958324	45.31318119446662
6.49496223958324	45.401442202343326
6.504962239583239	45.48977886337085
6.514962239583239	45.57819127692715
6.524962239583239	45.666679750980066
6.534962239583239	45.75524445217851
6.5449622395832385	45.84388555920706
6.554962239583238	45.93260339769932
6.564962239583238	46.021397731885806
6.574962239583238	46.11026897912569
6.584962239583238	46.19921734761455
6.5949622395832375	46.28824289540029
6.604962239583237	46.37734579937105
6.614962239583237	46.46652630376608
6.624962239583237	46.55578456591491
6.634962239583237	46.64512080306192
6.644962239583236	46.73453499671742
6.654962239583236	46.824027388944586
6.664962239583236	46.91359820870716
6.674962239583236	47.00324760568299
6.6849622395832355	47.09297567790148
6.694962239583235	47.18278283626243
6.704962239583235	47.27266895882573
6.714962239583235	47.36263452330518
6.724962239583235	47.45267942073502
6.7349622395832345	47.542803810657624
6.744962239583234	47.63300790080239
6.754962239583234	47.72329189041776
6.764962239583234	47.813655845975795
6.774962239583234	47.90409994891766
6.784962239583233	47.99462454067385
6.794962239583233	48.0852297506477
6.804962239583233	48.175915605276614
6.814962239583233	48.26668228990056
6.824962239583233	48.35752987159032
6.834962239583232	48.448458638314406
6.844962239583232	48.539468858404625
6.854962239583232	48.63056041538444
6.864962239583232	48.72173365587606
6.8749622395832315	48.812988660064086
6.884962239583231	48.904325662457616
6.894962239583231	48.99574471571193
6.904962239583231	49.08724609643988
6.914962239583231	49.178829930547174
6.92496223958323	49.27049640438394
6.93496223958323	49.3622455439276
6.94496223958323	49.45407748706761
6.95496223958323	49.54599254355175
6.96496223958323	49.63799077424462
6.974962239583229	49.73007193335377
6.984962239583229	49.82223640613399
6.994962239583229	49.9144845948741
7.004962239583229	50.00681647013555
7.0149622395832285	50.09923239430655
7.024962239583228	50.19173220739101
7.034962239583228	50.28431636978514
7.044962239583228	50.376984955676484
7.054962239583228	50.46973797701656
7.064962239583227	50.56257563336977
7.074962239583227	50.65549809162511
7.084962239583227	50.74850552344387
7.094962239583227	50.84159789631095
7.104962239583227	50.93477547963483
7.114962239583226	51.02803838069783
7.124962239583226	51.12138675506191
7.134962239583226	51.21482084343658
7.144962239583226	51.30834066197204
7.1549622395832255	51.40194648259777
7.164962239583225	51.49563835883437
7.174962239583225	51.589416358595344
7.184962239583225	51.683280607183114
7.194962239583225	51.77723128502708
7.2049622395832245	51.871268541148986
7.214962239583224	51.965392444766586
7.224962239583224	52.059603117328265
7.234962239583224	52.15390080612717
7.244962239583224	52.24828571964297
7.254962239583223	52.34275784290348
7.264962239583223	52.43731738726333
7.274962239583223	52.53196438778228
7.284962239583223	52.626699093296594
7.2949622395832225	52.7215213695623
7.304962239583222	52.81643161514332
7.314962239583222	52.91142978772071
7.324962239583222	53.00651606458493
7.334962239583222	53.10169071549065
7.3449622395832215	53.19695376766735
7.354962239583221	53.29230532760416
7.364962239583221	53.387745493462035
7.374962239583221	53.483274266307475
7.384962239583221	53.578891713070526
7.39496223958322	53.674598013150266
7.40496223958322	53.77039336554567
7.41496223958322	53.86627784605694
7.42496223958322	53.962251664179846
7.43496223958322	54.05831475799718
7.444962239583219	54.15446738512795
7.454962239583219	54.250709548124114
7.464962239583219	54.34704131316501
7.474962239583219	54.44346274539103
7.4849622395832185	54.539974153819365
7.494962239583218	54.63657563166983
7.504962239583218	54.73326713818666
7.514962239583218	54.83004899369083
7.524962239583218	54.92692108305686
7.534962239583217	55.023883524037466
7.544962239583217	55.120936319844546
7.554962239583217	55.21807975055273
7.564962239583217	55.31531395930123
7.574962239583217	55.41263894000852
7.584962239583216	55.51005461866786
7.594962239583216	55.60756140565871
7.604962239583216	55.70515924182677
7.614962239583216	55.80284805701489
7.6249622395832155	55.900627833594136
7.634962239583215	55.99849895991731
7.644962239583215	56.09646151727506
7.654962239583215	56.1945156117606
7.664962239583215	56.2926612225301
7.674962239583214	56.39089855650253
7.684962239583214	56.48922759804153
7.694962239583214	56.587648439665415
7.704962239583214	56.6861609696946
7.714962239583214	56.784765515559755
7.724962239583213	56.88346208410659
7.734962239583213	56.982250769384436
7.744962239583213	57.08113148715053
7.754962239583213	57.18010439855338
7.7649622395832125	57.2791695252802
7.774962239583212	57.37832701522755
7.784962239583212	57.47757673589536
7.794962239583212	57.576918956100634
7.804962239583212	57.67635368747916
7.8149622395832115	57.77588108226447
7.824962239583211	57.87550103771055
7.834962239583211	57.97521367675571
7.844962239583211	58.07501908451632
7.854962239583211	58.17491730791409
7.86496223958321	58.27490816013468
7.87496223958321	58.374991981225634
7.88496223958321	58.47516883954935
7.89496223958321	58.575438572145316
7.9049622395832095	58.675801358256756
7.914962239583209	58.77625728016471
7.924962239583209	58.87680622883027
7.934962239583209	58.97744833469328
7.944962239583209	59.0781835237744
7.9549622395832085	59.17901193311833
7.964962239583208	59.27993359631155
7.974962239583208	59.3809486144636
7.984962239583208	59.48205685990346
7.994962239583208	59.583258489642205
8.004962239583207	59.68455334535029
8.014962239583207	59.78594163128026
8.024962239583207	59.88742331297722
8.034962239583207	59.98899850513299
8.044962239583207	60.09066713155939
8.054962239583206	60.19242919373235
8.064962239583206	60.29428471215332
8.074962239583206	60.39623376086054
8.084962239583206	60.49827635035552
8.094962239583205	60.600412425284
8.104962239583205	60.702642011537044
8.114962239583205	60.80496517646112
8.124962239583205	60.90738200002901
8.134962239583205	61.009892470006136
8.144962239583204	61.11249652022479
8.154962239583204	61.21519414870888
8.164962239583204	61.31798546742215
8.174962239583204	61.42087024630824
8.184962239583204	61.523848623760856
8.194962239583203	61.6269204843074
8.204962239583203	61.730085952961076
8.214962239583203	61.833344929536246
8.224962239583203	61.93669741220799
8.234962239583203	62.04014343979718
8.244962239583202	62.14368304646349
8.254962239583202	62.24731616560472
8.264962239583202	62.351042696753794
8.274962239583202	62.45486268152945
8.284962239583201	62.55877610853154
8.294962239583201	62.662782942174516
8.304962239583201	62.766883018249665
8.3149622395832	62.871076495235876
8.3249622395832	62.975363067552266
8.3349622395832	63.079742749346124
8.3449622395832	63.18421560932406
8.3549622395832	63.28878160474475
8.3649622395832	63.39344072697545
8.3749622395832	63.49819301603784
8.3849622395832	63.60303839460763
8.394962239583199	63.70797674342289
8.404962239583199	63.81300799095088
8.414962239583199	63.91813236532003
8.424962239583198	64.02334955265641
8.434962239583198	64.12865946790195
8.444962239583198	64.2340621585838
8.454962239583198	64.3395575027731
8.464962239583198	64.44514543610468
8.474962239583197	64.55082584044084
8.484962239583197	64.65659864635263
8.494962239583197	64.7624639225125
8.504962239583197	64.86842155472203
8.514962239583197	64.97447156429155
8.524962239583196	65.08061387735022
8.534962239583196	65.18684824115135
8.544962239583196	65.29317468957645
8.554962239583196	65.39959303924701
8.564962239583195	65.50610331438183
8.574962239583195	65.6127054068163
8.584962239583195	65.71939909646876
8.594962239583195	65.82618453351364
8.604962239583195	65.93306150286782
8.614962239583194	66.04002992616051
8.624962239583194	66.14708973641702
8.634962239583194	66.25424085528476
8.644962239583194	66.3614831503843
8.654962239583194	66.46881650938303
8.664962239583193	66.57624067093052
8.674962239583193	66.6837557844628
8.684962239583193	66.79136158404343
8.694962239583193	66.89905797527113
8.704962239583192	67.00684489198576
8.714962239583192	67.11472220091751
8.724962239583192	67.2226895878229
8.734962239583192	67.3307473138826
8.744962239583192	67.43889509867425
8.754962239583191	67.54713289904619
8.764962239583191	67.65546050650474
8.774962239583191	67.76387771632768
8.78496223958319	67.87238452640443
8.79496223958319	67.98098079405871
8.80496223958319	68.08966634147714
8.81496223958319	68.19844117421775
8.82496223958319	68.30730497608714
8.83496223958319	68.41625775964633
8.84496223958319	68.52529935569426
8.85496223958319	68.63442943304531
8.864962239583189	68.74364809872247
8.874962239583189	68.85295499727644
8.884962239583189	68.96235017238456
8.894962239583188	69.07183344090099
8.904962239583188	69.18140463712105
8.914962239583188	69.29106355017618
8.924962239583188	69.4008101477568
8.934962239583188	69.51064413852725
8.944962239583187	69.62056536679984
8.954962239583187	69.73057376736399
8.964962239583187	69.8406691289793
8.974962239583187	69.95085144821344
8.984962239583187	70.06112034835476
8.994962239583186	70.17147565568578
9.004962239583186	70.28191718787629
9.014962239583186	70.39244470132346
9.024962239583186	70.50305818356118
9.034962239583185	70.61375750467424
9.044962239583185	70.7245423918568
9.054962239583185	70.83541276874854
9.064962239583185	70.94636843852152
9.074962239583185	71.05740907395588
9.084962239583184	71.1685345733263
9.094962239583184	71.27974474225829
9.104962239583184	71.39103942924197
9.114962239583184	71.50241843767465
9.124962239583184	71.6138815386461
9.134962239583183	71.72542868677066
9.144962239583183	71.83705956587588
9.154962239583183	71.94877397046534
9.164962239583183	72.06057183815098
9.174962239583182	72.17245291651125
9.184962239583182	72.2844170240662
9.194962239583182	72.39646374819888
9.204962239583182	72.5085930863221
9.214962239583182	72.62080472570847
9.224962239583181	72.73309853561936
9.234962239583181	72.84547417266312
9.244962239583181	72.95793158262184
9.25496223958318	73.07047042149826
9.26496223958318	73.18309066295095
9.27496223958318	73.29579187226011
9.28496223958318	73.40857397446389
9.29496223958318	73.52143669270427
9.30496223958318	73.63437982488463
9.31496223958318	73.74740318828772
9.32496223958318	73.86050644749872
9.334962239583179	73.97368953790128
9.344962239583179	74.08695204097728
9.354962239583179	74.2002939414751
9.364962239583178	74.31371486690949
9.374962239583178	74.42721470835112
9.384962239583178	74.54079309185039
9.394962239583178	74.65444990632953
9.404962239583178	74.7681848301727
9.414962239583177	74.88199771930822
9.424962239583177	74.99588822960257
9.434962239583177	75.10985626015518
9.444962239583177	75.22390155940619
9.454962239583176	75.33802372452548
9.464962239583176	75.45222267399674
9.474962239583176	75.56649815616798
9.484962239583176	75.68084979988146
9.494962239583176	75.79527748594126
9.504962239583175	75.90978088366757
9.514962239583175	76.02435988154855
9.524962239583175	76.13901421629367
9.534962239583175	76.2537435376258
9.544962239583175	76.36854765081446
9.554962239583174	76.48342629615547
9.564962239583174	76.59837916037932
9.574962239583174	76.71340613648461
9.584962239583174	76.82850684563
9.594962239583174	76.94368111617908
9.604962239583173	77.05892860627955
9.614962239583173	77.1742491786015
9.624962239583173	77.28964238734544
9.634962239583173	77.40510807912658
9.644962239583172	77.52064614360708
9.654962239583172	77.63624897557108
9.664962239583172	77.75187191533661
9.674962239583172	77.86750738628365
9.684962239583172	77.98315535445509
9.694962239583171	78.09881572263718
9.704962239583171	78.21448852349683
9.714962239583171	78.3301736713536
9.72496223958317	78.44587104954692
9.73496223958317	78.56158069436476
9.74496223958317	78.67730260168439
9.75496223958317	78.79303670103684
9.76496223958317	78.90878293673855
9.77496223958317	79.02454143392171
9.78496223958317	79.14031203210347
9.79496223958317	79.25609469737391
9.804962239583169	79.3718893358193
9.814962239583169	79.487695915048
9.824962239583169	79.60351443986798
9.834962239583168	79.71934485491155
9.844962239583168	79.83518720436192
9.854962239583168	79.95104130735811
9.864962239583168	80.06690720825475
9.874962239583168	80.18278477158621
9.884962239583167	80.29867412712625
9.894962239583167	80.41457508970187
9.904962239583167	80.53048762980873
9.914962239583167	80.6464118400387
9.924962239583166	80.76234758802556
9.934962239583166	80.87829474304422
9.944962239583166	80.99425333823164
9.954962239583166	81.11022328372945
9.964962239583166	81.22620459840054
9.974962239583165	81.3421972293907
9.984962239583165	81.458201108014
9.994962239583165	81.57421633505335
10.004962239583165	81.69024270731687
10.014962239583165	81.80628030508335
10.024962239583164	81.92232894709532
10.034962239583164	82.03838872939495
10.044962239583164	82.15445958642775
10.054962239583164	82.27054129045322
10.064962239583163	82.38663396436966
10.074962239583163	82.5027375853283
10.084962239583163	82.61885208569966
10.094962239583163	82.73497729258277
10.104962239583163	82.8511133323733
10.114962239583162	82.96726011803584
10.124962239583162	83.08341748962036
10.134962239583162	83.19958559264177
10.144962239583162	83.31576425371982
10.154962239583162	83.43195353739375
10.164962239583161	83.54815329725037
10.174962239583161	83.66436343472425
10.184962239583161	83.78058409628885
10.19496223958316	83.89681508393993
10.20496223958316	84.01305638316386
10.21496223958316	84.12930797851844
10.22496223958316	84.2455697626845
10.23496223958316	84.36184185234683
10.24496223958316	84.4781238781689
10.25496223958316	84.59441598887744
10.26496223958316	84.7107181472013
10.274962239583159	84.8270303219691
10.284962239583159	84.94335241064054
10.294962239583159	85.0596845198679
10.304962239583158	85.17602645379239
10.314962239583158	85.29237814167568
10.324962239583158	85.40873948689455
10.334962239583158	85.52511066883123
10.344962239583158	85.6414914628238
10.354962239583157	85.75788189989309
10.364962239583157	85.87428185303602
10.374962239583157	85.99069133341716
10.384962239583157	86.10711028618668
10.394962239583156	86.22353866443056
10.404962239583156	86.33997631928705
10.414962239583156	86.45642332334714
10.424962239583156	86.57287957560261
10.434962239583156	86.68934514139445
10.444962239583155	86.80581968882939
10.454962239583155	86.92230335645247
10.464962239583155	87.03879600184426
10.474962239583155	87.1552976585377
10.484962239583155	87.27180823987314
10.494962239583154	87.38832783253233
10.504962239583154	87.50485617594146
10.514962239583154	87.62139327851764
10.524962239583154	87.73793923867778
10.534962239583153	87.85449376448454
10.544962239583153	87.97105689544637
10.554962239583153	88.08762853944997
10.564962239583153	88.20420876733658
10.574962239583153	88.3207973492464
10.584962239583152	88.43739450876082
10.594962239583152	88.55400002159703
10.604962239583152	88.67061385285423
10.614962239583152	88.78723600004913
10.624962239583152	88.90386619605239
10.634962239583151	89.02050448895862
10.644962239583151	89.13715083235016
10.654962239583151	89.25380519910985
10.66496223958315	89.37046754331557
10.67496223958315	89.48713774884071
10.68496223958315	89.60381583123342
10.69496223958315	89.72050168629353
10.70496223958315	89.83719512894514
10.71496223958315	89.95389617679356
10.72496223958315	90.07060486108172
10.73496223958315	90.18732103126827
10.744962239583149	90.30404475803954
10.754962239583149	90.42077590950407
10.764962239583149	90.53751435892684
10.774962239583148	90.65426002287158
10.784962239583148	90.77101279014194
10.794962239583148	90.88777281702893
10.804962239583148	91.00453984595883
10.814962239583148	91.12131399221624
10.824962239583147	91.2380952267605
10.834962239583147	91.35488343199548
10.844962239583147	91.47167857267902
10.854962239583147	91.58848037807302
10.864962239583146	91.70528890573631
10.874962239583146	91.822104047304
10.884962239583146	91.93892575054146
10.894962239583146	92.05575401199886
10.904962239583146	92.172588751466
10.914962239583145	92.28943001560818
10.924962239583145	92.40627744843788
10.934962239583145	92.5231311613972
10.944962239583145	92.63999114363142
10.954962239583145	92.75685706778336
10.964962239583144	92.87372910238734
10.974962239583144	92.99060708374554
10.984962239583144	93.10749091916263
10.994962239583144	93.22438064363602
11.004962239583143	93.34127618546266
11.014962239583143	93.45817728657278
11.024962239583143	93.57508400240481
11.034962239583143	93.69199631014642
11.044962239583143	93.80891399474781
11.054962239583142	93.9258371951593
11.064962239583142	94.0427656798276
11.074962239583142	94.15969937681986
11.084962239583142	94.27663828324724
11.094962239583142	94.39358220658366
11.104962239583141	94.5105311093379
11.114962239583141	94.62748492652217
11.124962239583141	94.74444363801467
11.13496223958314	94.8614072175368
11.14496223958314	94.97837550775769
11.15496223958314	95.09534838493511
11.16496223958314	95.20886275200648
11.17496223958314	95.28985523649568
11.18496223958314	95.37084772754021
11.19496223958314	95.45184022513898
11.20496223958314	95.53283272929372
11.214962239583139	95.61382524000246
11.224962239583139	95.69481775726702
11.234962239583139	95.7758102810861
11.244962239583138	95.85680281145997
11.254962239583138	95.93779534838849
11.264962239583138	96.01878789187195
11.274962239583138	96.0997804419102
11.284962239583137	96.18077299850326
11.294962239583137	96.26176550413969
11.304962239583137	96.3427581012741
11.314962239583137	96.42375072174072
11.324962239583137	96.50474331041688
11.334962239583136	96.58573590564544
11.344962239583136	96.66672850742751
11.354962239583136	96.74772111576227
11.364962239583136	96.8287137306497
11.374962239583136	96.90970635209015
11.384962239583135	96.99069898008291
11.394962239583135	97.07169161462896
11.404962239583135	97.15268425572728
11.414962239583135	97.2336769033793
11.424962239583135	97.31466955758397
11.434962239583134	97.39566221834126
11.444962239583134	97.47665488565087
11.454962239583134	97.55764755951402
11.464962239583134	97.63864023993044
11.474962239583133	97.71963292689951
11.484962239583133	97.80062562042184
11.494962239583133	97.8816183204964
11.504962239583133	97.96261102712448
11.514962239583133	98.0436037403049
11.524962239583132	98.12459646003894
11.534962239583132	98.20558918632582
11.544962239583132	98.28658191916568
11.554962239583132	98.36757465855894
11.564962239583132	98.44856740450433
11.574962239583131	98.52956015700403
11.584962239583131	98.6105529160557
11.59496223958313	98.6915456816607
11.60496223958313	98.77253845381905
11.61496223958313	98.8535312325299
11.62496223958313	98.93452401779452
11.63496223958313	99.01551684982752
11.64496223958313	99.09650963694517
11.65496223958313	99.17750243061748
11.66496223958313	99.25849523084504
11.67496223958313	99.33948803762668
11.684962239583129	99.42048080381969
11.694962239583129	99.50147363560104
11.704962239583129	99.58246647393604
11.714962239583128	99.66345931882375
11.724962239583128	99.74445217026492
11.734962239583128	99.825445028258
11.744962239583128	99.90643789280492
11.754962239583127	99.9874307639048
11.764962239583127	100.06842364155759
11.774962239583127	100.1494165257638
11.784962239583127	100.23040941652245
11.794962239583127	100.31140231383527
11.804962239583126	100.39239521770001
11.814962239583126	100.47338812811859
11.824962239583126	100.5543810450902
11.834962239583126	100.63537396861517
11.844962239583126	100.71636689869305
11.854962239583125	100.79735983532429
11.864962239583125	100.87835277850819
11.874962239583125	100.95934572824478
11.884962239583125	101.04033868453669
11.894962239583124	101.12133164738108
11.904962239583124	101.20232461677826
11.914962239583124	101.28331759272926
11.924962239583124	101.3643105994357
11.934962239583124	101.44530352043752
11.944962239583123	101.52629653713112
11.950000000000001	101.56709899229577
1000011.95	101.56709899229577
