-100000	0
0	0
0.0033333333333333335	0.007373977275345292
0.008333333333333333	0.01866744165950867
0.01583333333333333	0.03610958764147194
0.02708333333333333	0.06333189712487262
0.043958333333333335	0.10636078767385079
0.06927083333333334	0.17533067025355648
0.10723958333333333	0.28748942813079487
0.16419270833333333	0.47238040344237175
0.24962239583333334	0.7805792850973974
0.3496223958333333	1.1794503544869555
0.4496223958333333	1.6118783207365113
0.5496223958333333	2.072484328137738
0.6496223958333333	2.5573111503905364
0.7496223958333332	3.0631449232526227
0.8496223958333332	3.5872741848904273
0.9496223958333332	4.127338185706512
1.0496223958333333	4.681329760273769
1.1496223958333334	5.247619217690025
1.2496223958333335	5.824837979588594
1.3496223958333335	6.411875563419559
1.4496223958333336	7.007817109257821
1.5496223958333337	7.611898645568405
1.6496223958333338	8.223468463409137
1.749622395833334	8.841957317660436
1.849622395833334	9.466860615545333
1.949622395833334	10.097723861168472
2.049622395833334	10.7341377333066
2.149622395833334	11.375733244211933
2.249622395833334	12.022179710085911
2.349622395833334	12.673181636345499
2.4496223958333343	13.328480234351195
2.5496223958333344	13.98784942911384
2.6496223958333345	14.651094039151205
2.7496223958333346	15.318049158510012
2.8496223958333347	15.988578587980212
2.9496223958333347	16.662571545316307
3.049622395833335	17.33994249991625
3.149622395833335	18.020628639466107
3.249622395833335	18.704589737002653
3.349622395833335	19.391804697694024
3.449622395833335	20.082271027978827
3.5496223958333353	20.776004134322584
3.6496223958333354	21.473033623945415
3.7496223958333355	22.173406414641764
3.8496223958333355	22.877180962400708
3.9496223958333356	23.584430577749085
4.049622395833335	24.29520956916075
4.149622395833335	25.009615350050698
4.249622395833335	25.727792819085074
4.349622395833334	26.449859564331188
4.449622395833334	27.17594302350462
4.5496223958333335	27.905828890470467
4.649622395833333	28.6400713720185
4.749622395833333	29.378847082709445
4.849622395833332	30.122312706119416
4.949622395833332	30.870630038582938
5.049622395833332	31.62392843347755
5.149622395833331	32.382339047581546
5.249622395833331	33.14605006109012
5.349622395833331	33.91524346385618
5.44962239583333	34.69009706090903
5.54962239583333	35.47079528385486
5.64962239583333	36.257539124055114
5.749622395833329	37.05052729115376
5.849622395833329	37.84994854222937
5.9496223958333285	38.656012260177036
6.049622395833328	39.46892460742286
6.149622395833328	40.28888760179218
6.2496223958333275	41.116105605704306
6.349622395833327	41.95078122065834
6.449622395833327	42.79310667914628
6.549622395833326	43.64328451630414
6.649622395833326	44.50151724319401
6.749622395833326	45.367998739745495
6.849622395833325	46.242917346658935
6.949622395833325	47.126457945532856
7.049622395833325	48.0187961068549
7.149622395833324	48.9201079579693
7.249622395833324	49.83055889069092
7.3496223958333236	50.75030738703665
7.449622395833323	51.67950130086296
7.549622395833323	52.618273978991205
7.6496223958333225	53.56674905252909
7.749622395833322	54.525037782377524
7.849622395833322	55.493235448244164
7.949622395833321	56.47142031927559
8.049622395833321	57.45965234243066
8.14962239583332	58.457975632552774
8.24962239583332	59.466414082237584
8.34962239583332	60.48496876221577
8.44962239583332	61.513617832010326
8.54962239583332	62.55231651575573
8.649622395833319	63.600998409388005
8.749622395833319	64.65957345774449
8.849622395833318	65.72792717277774
8.949622395833318	66.80592075927704
9.049622395833318	67.893394106593
9.149622395833317	68.99016569453384
9.249622395833317	70.09603415335116
9.349622395833316	71.21077764781985
9.449622395833316	72.33415793975884
9.549622395833316	73.4659222790403
9.649622395833315	74.60580707144624
9.749622395833315	75.75060950020634
9.849622395833315	76.89722794548803
9.949622395833314	78.04560976608138
10.049622395833314	79.19570203531512
10.149622395833314	80.34745000702344
10.249622395833313	81.5007961473007
10.349622395833313	82.65567806036911
10.449622395833313	83.81203630481369
10.549622395833312	84.96980478047641
10.649622395833312	86.12891106491821
10.749622395833311	87.2892847556467
10.849622395833311	88.45084932972635
10.94962239583331	89.61352094584902
11.04962239583331	90.77721215283081
11.14962239583331	91.9418325420331
11.24962239583331	92.77684758664425
11.34962239583331	93.55643266575883
11.449622395833309	94.33601859142412
11.549622395833309	95.11560526404782
11.649622395833308	95.89519251620345
11.749622395833308	96.67478067792689
11.849622395833308	97.45436958651605
11.949622395833307	98.23395917687924
11.950000000000001	98.23690416960464
1000011.95	98.23690416960464
