-100000	0
0	0
0.0033333333333333335	0.006491760167621292
0.008333333333333333	0.016452287739682783
0.01583333333333333	0.031876041746473134
0.02708333333333333	0.05603385426334842
0.043958333333333335	0.09439736470737964
0.06927083333333334	0.15625339098718102
0.10723958333333333	0.2575477519234689
0.16419270833333333	0.4258441444226002
0.24962239583333334	0.7087439385993236
0.3496223958333333	1.077588224297147
0.4496223958333333	1.4796739855963084
0.5496223958333333	1.9097083472552128
0.6496223958333333	2.3638086045921782
0.7496223958333332	2.8388301241603884
0.8496223958333332	3.332075656658642
0.9496223958333332	3.8412011875453778
1.0496223958333333	4.364186148263251
1.1496223958333334	4.899353747164811
1.2496223958333335	5.445317799686552
1.3496223958333335	6.000944515282905
1.4496223958333336	6.565308755090997
1.5496223958333337	7.137637732810425
1.6496223958333338	7.717277870212523
1.749622395833334	8.30365656256376
1.849622395833334	8.896265018246558
1.949622395833334	9.49464300703629
2.049622395833334	10.09837275035008
2.149622395833334	10.707075936987609
2.249622395833334	11.320408698435381
2.349622395833334	11.938072211347807
2.4496223958333343	12.559797030483924
2.5496223958333344	13.185353589196716
2.6496223958333345	13.814544489717576
2.7496223958333346	14.447204276658095
2.8496223958333347	15.083198410913543
2.9496223958333347	15.722421257336556
3.049622395833335	16.364790524206466
3.149622395833335	17.01024813090199
3.249622395833335	17.65876106184339
3.349622395833335	18.310314258023503
3.449622395833335	18.96490761293234
3.5496223958333353	19.622565388485334
3.6496223958333354	20.2833276989886
3.7496223958333355	20.94725060048409
3.8496223958333355	21.61440454430662
3.9496223958333356	22.284774190663466
4.049622395833335	22.958533911613678
4.149622395833335	23.635843766843298
4.249622395833335	24.316818108857404
4.349622395833334	25.00158841457337
4.449622395833334	25.690295236320345
4.5496223958333335	26.382730911468965
4.649622395833333	27.079001043894507
4.749622395833333	27.780212045730266
4.849622395833332	28.486071944315743
4.949622395833332	29.196760513860433
5.049622395833332	29.91241910190938
5.149622395833331	30.633199555130126
5.249622395833331	31.35929667789658
5.349622395833331	32.0909010714551
5.44962239583333	32.82822072176984
5.54962239583333	33.571468092330576
5.64962239583333	34.32086657145977
5.749622395833329	35.07663476281972
5.849622395833329	35.83899273565175
5.9496223958333285	36.60816315069445
6.049622395833328	37.384370528707706
6.149622395833328	38.16784098938936
6.2496223958333275	38.958801335459064
6.349622395833327	39.757477386498486
6.449622395833327	40.56408589064537
6.549622395833326	41.37885303362137
6.649622395833326	42.2020068496103
6.749622395833326	43.03376626734173
6.849622395833325	43.87434009867227
6.949622395833325	44.72394294847713
7.049622395833325	45.582783342273814
7.149622395833324	46.45106158473754
7.249622395833324	47.32896995296695
7.3496223958333236	48.216692199844715
7.449622395833323	49.11440242076859
7.549622395833323	50.02226513327262
7.6496223958333225	50.94042982415035
7.749622395833322	51.86903222303214
7.849622395833322	52.808193307937934
7.949622395833321	53.758013543388685
8.049622395833321	54.71857632765108
8.14962239583332	55.68993977465879
8.24962239583332	56.67214925972328
8.34962239583332	57.665223512581534
8.44962239583332	58.66914819593434
8.54962239583332	59.68389031051699
8.649622395833319	60.70938716069635
8.749622395833319	61.74555112033677
8.849622395833318	62.79226579698684
8.949622395833318	63.84938895071165
9.049622395833318	64.91675000657479
9.149622395833317	65.99415681600351
9.249622395833317	67.08139230402313
9.349622395833316	68.1782183580744
9.449622395833316	69.28437792619592
9.549622395833316	70.39959761651299
9.649622395833315	71.52359221878322
9.749622395833315	72.65319340063269
9.849622395833315	73.78534202445046
9.949622395833314	74.91997063672548
10.049622395833314	76.05701398849496
10.149622395833314	77.196402442021
10.249622395833313	78.33806518695008
10.349622395833313	79.48192547997317
10.449622395833313	80.62790645737155
10.549622395833312	81.775925847817
10.649622395833312	82.92589813028802
10.749622395833311	84.07773180299506
10.849622395833311	85.23133063154619
10.94962239583331	86.38659531211601
11.04962239583331	87.54341833273793
11.14962239583331	88.70168340310234
11.24962239583331	89.50984297116652
11.34962239583331	90.25908645734752
11.449622395833309	91.00833127442559
11.549622395833309	91.75757697898781
11.649622395833308	92.50682341324337
11.749622395833308	93.25607100825901
11.849622395833308	94.0053195789225
11.949622395833307	94.75456911138335
11.950000000000001	94.75739727127073
1000011.95	94.75739727127073
