-100000	0
0	0
0.0003333333333333333	0.0003115869376236501
0.0008333333333333333	0.0007813613584577539
0.0015833333333333333	0.0014913987208177017
0.0027083333333333334	0.0025685158128487184
0.004395833333333333	0.004210934588421038
0.006927083333333334	0.006732253218191232
0.010723958333333335	0.010636008292897731
0.016419270833333336	0.01674671706651771
0.024962239583333337	0.026439164996076483
0.03496223958333334	0.03851723632496684
0.04496223958333334	0.05132201419705319
0.05496223958333334	0.06480621424498133
0.06496223958333334	0.0789358814468298
0.07496223958333334	0.0936822874381729
0.08496223958333333	0.10902239937853903
0.09496223958333333	0.124936091307251
0.10496223958333332	0.14140518792488255
0.11496223958333332	0.1584131547047194
0.12496223958333331	0.17594316371527643
0.1349622395833333	0.19398141270077982
0.14496223958333332	0.21251227170115708
0.15496223958333333	0.23152140259223153
0.16496223958333334	0.25099496881590266
0.17496223958333335	0.27091960496298706
0.18496223958333335	0.29128152774178473
0.19496223958333336	0.3120683850691657
0.20496223958333337	0.33326777580025
0.21496223958333338	0.35486747279871583
0.2249622395833334	0.37685612422642584
0.2349622395833334	0.3992225112253572
0.2449622395833334	0.42195621545806966
0.2549622395833334	0.44504721298727307
0.2649622395833334	0.46848572465211963
0.27496223958333343	0.4922626704712788
0.28496223958333344	0.5163696680796848
0.29496223958333345	0.540798096277961
0.30496223958333346	0.5655401167881413
0.31496223958333347	0.5905881531172337
0.3249622395833335	0.6159353710498225
0.3349622395833335	0.6415748158159503
0.3449622395833335	0.66749980439548
0.3549622395833335	0.6937044730745855
0.3649622395833335	0.7201828708023684
0.3749622395833335	0.7469292059611103
0.38496223958333353	0.7739380466195516
0.39496223958333354	0.8012044354276694
0.40496223958333355	0.828723245916821
0.41496223958333356	0.8564899307759731
0.42496223958333357	0.8844999045066909
0.4349622395833336	0.9127488226218912
0.4449622395833336	0.9412323545680474
0.4549622395833336	0.9699465555263411
0.4649622395833336	0.9988875410806112
0.4749622395833336	1.0280517421129087
0.4849622395833336	1.057435531991536
0.49496223958333363	1.0870352309551545
0.5049622395833336	1.1168476123721205
0.5149622395833336	1.1468693697485592
0.5249622395833337	1.1770973269042255
0.5349622395833337	1.2075285349597105
0.5449622395833337	1.2381598604159298
0.5549622395833337	1.2689885445938764
0.5649622395833337	1.3000117713028365
0.5749622395833337	1.3312270112775524
0.5849622395833337	1.3626315808548175
0.5949622395833337	1.39422289439178
0.6049622395833337	1.4259984894581914
0.6149622395833337	1.4579558069996468
0.6249622395833337	1.4900925622905736
0.6349622395833338	1.5224064069887295
0.6449622395833338	1.5548950674994282
0.6549622395833338	1.5875564158533801
0.6649622395833338	1.620388276155028
0.6749622395833338	1.653388351762084
0.6849622395833338	1.6865546052746345
0.6949622395833338	1.7198850560130718
0.7049622395833338	1.753377658952693
0.7149622395833338	1.7870303958498228
0.7249622395833338	1.8208413575458537
0.7349622395833338	1.854808866826131
0.7449622395833339	1.8889306208263772
0.7549622395833339	1.9232051549613092
0.7649622395833339	1.9576304717405129
0.7749622395833339	1.9922048460751398
0.7849622395833339	2.026926397480382
0.7949622395833339	2.061793436493722
0.8049622395833339	2.0968044010519233
0.8149622395833339	2.131957483633107
0.8249622395833339	2.1672509525185752
0.8349622395833339	2.202683189361022
0.8449622395833339	2.2382524825604513
0.854962239583334	2.2739572952976825
0.864962239583334	2.309796004167237
0.874962239583334	2.34576717662253
0.884962239583334	2.3818691756246255
0.894962239583334	2.418100354733556
0.904962239583334	2.4544592701274133
0.914962239583334	2.490944430603391
0.924962239583334	2.527554218910809
0.934962239583334	2.564287279545906
0.944962239583334	2.6011421531637904
0.954962239583334	2.6381173766572577
0.964962239583334	2.6752115524874958
0.9749622395833341	2.7124231885476195
0.9849622395833341	2.749751102045556
0.9949622395833341	2.7871938183982676
1.004962239583334	2.8247497922800666
1.014962239583334	2.8624178325417047
1.024962239583334	2.9001966253943445
1.034962239583334	2.9380847062617295
1.044962239583334	2.9760808383812174
1.054962239583334	3.014183888307692
1.064962239583334	3.052392337676167
1.074962239583334	3.0907050721511906
1.084962239583334	3.129120940432083
1.094962239583334	3.1676386048713066
1.104962239583334	3.2062567912520192
1.114962239583334	3.244974269990141
1.124962239583334	3.283789952783485
1.134962239583334	3.3227025979260363
1.144962239583334	3.3617112007016274
1.154962239583334	3.4008144542429855
1.1649622395833341	3.4400111312014534
1.1749622395833341	3.47930023697523
1.1849622395833341	3.518680749402396
1.1949622395833341	3.558151566199902
1.2049622395833341	3.5977115170128218
1.2149622395833342	3.6373595198672906
1.2249622395833342	3.6770945402546626
1.2349622395833342	3.716915527341925
1.2449622395833342	3.7568214050728757
1.2549622395833342	3.79681122298097
1.2649622395833342	3.8368840062492717
1.2749622395833342	3.8770387047011674
1.2849622395833342	3.9172743460341533
1.2949622395833342	3.9575900245581934
1.3049622395833342	3.997984743058587
1.3149622395833342	4.038457548955071
1.3249622395833343	4.079007590277888
1.3349622395833343	4.1196339506527995
1.3449622395833343	4.160335605885599
1.3549622395833343	4.201111591074357
1.3649622395833343	4.241961119096356
1.3749622395833343	4.2828834057388905
1.3849622395833343	4.323877843787057
1.3949622395833343	4.364943646011498
1.4049622395833343	4.4060798052275825
1.4149622395833343	4.447285606195602
1.4249622395833343	4.488560157383542
1.4349622395833344	4.529902574440369
1.4449622395833344	4.571312075631852
1.4549622395833344	4.612787931601165
1.4649622395833344	4.654329290449738
1.4749622395833344	4.695935447948669
1.4849622395833344	4.737605660399075
1.4949622395833344	4.779339212376397
1.5049622395833344	4.821135397772245
1.5149622395833344	4.862993384838106
1.5249622395833344	4.904912579155252
1.5349622395833344	4.9468922353846105
1.5449622395833345	4.988931714472438
1.5549622395833345	5.031030275510159
1.5649622395833345	5.07318722067676
1.5749622395833345	5.115401965458889
1.5849622395833345	5.157673837240216
1.5949622395833345	5.200002074194894
1.6049622395833345	5.242386155941622
1.6149622395833345	5.28482565468881
1.6249622395833345	5.327319769660928
1.6349622395833345	5.369867665183819
1.6449622395833345	5.41246880804723
1.6549622395833345	5.455122772655765
1.6649622395833346	5.497828918133291
1.6749622395833346	5.540586493546015
1.6849622395833346	5.583395009709021
1.6949622395833346	5.626253915323756
1.7049622395833346	5.669162600699834
1.7149622395833346	5.712120394390095
1.7249622395833346	5.755126708434595
1.7349622395833346	5.798181162125612
1.7449622395833346	5.841283178657542
1.7549622395833346	5.884432153025986
1.7649622395833346	5.9276274743508255
1.7749622395833347	5.970868590749918
1.7849622395833347	6.0141549886623835
1.7949622395833347	6.057486275710396
1.8049622395833347	6.100861852838257
1.8149622395833347	6.144280980117252
1.8249622395833347	6.18774320517772
1.8349622395833347	6.231248173829053
1.8449622395833347	6.27479531638507
1.8549622395833347	6.318384030281974
1.8649622395833347	6.362013867922937
1.8749622395833347	6.4056844987619765
1.8849622395833348	6.44939523802327
1.8949622395833348	6.493145479751143
1.9049622395833348	6.536934810670822
1.9149622395833348	6.580762859562337
1.9249622395833348	6.62462906287457
1.9349622395833348	6.668532905277283
1.9449622395833348	6.712473973718283
1.9549622395833348	6.756451814855116
1.9649622395833348	6.800465958227899
1.9749622395833348	6.8445159657877745
1.9849622395833348	6.888601287624984
1.9949622395833349	6.932721541663522
2.004962239583335	6.976876282484884
2.0149622395833346	7.021064975287806
2.0249622395833344	7.065287288735616
2.034962239583334	7.109542729433687
2.044962239583334	7.1538307794126785
2.054962239583334	7.198151048803283
2.0649622395833336	7.242503183487742
2.0749622395833334	7.286886691825417
2.084962239583333	7.331301208221667
2.094962239583333	7.3757463236831615
2.1049622395833327	7.42022164323627
2.1149622395833325	7.464726731992476
2.1249622395833323	7.509261260016913
2.134962239583332	7.553824806537623
2.144962239583332	7.598416842919375
2.1549622395833317	7.643037042845945
2.1649622395833314	7.687685131432468
2.1749622395833312	7.732360762576052
2.184962239583331	7.777063518804641
2.194962239583331	7.821793078693949
2.2049622395833306	7.866549044723869
2.2149622395833304	7.911331065651957
2.22496223958333	7.956138802761851
2.23496223958333	8.000971944188805
2.2449622395833297	8.045830120265586
2.2549622395833295	8.090712968137247
2.2649622395833293	8.135620216816656
2.274962239583329	8.180551586341794
2.284962239583329	8.225506740874724
2.2949622395833287	8.27048535342105
2.3049622395833285	8.31548713974286
2.3149622395833283	8.360511799031196
2.324962239583328	8.405559038915637
2.334962239583328	8.45062856874154
2.3449622395833276	8.495720149437584
2.3549622395833274	8.540833464604242
2.364962239583327	8.58596826445356
2.374962239583327	8.631124337448954
2.3849622395833268	8.676301428274549
2.3949622395833265	8.721499244189719
2.4049622395833263	8.766717549440141
2.414962239583326	8.811956134513434
2.424962239583326	8.857214777192882
2.4349622395833257	8.90249328178301
2.4449622395833255	8.947791419419604
2.4549622395833253	8.993108928248944
2.464962239583325	9.038445626038174
2.474962239583325	9.08380128793627
2.4849622395833246	9.129175756153746
2.4949622395833244	9.174568849392944
2.504962239583324	9.219980383805039
2.514962239583324	9.265410177519916
2.5249622395833238	9.310858089997758
2.5349622395833236	9.356323906804246
2.5449622395833233	9.401807407368777
2.554962239583323	9.447308430182002
2.564962239583323	9.492826829304413
2.5749622395833227	9.538362452346377
2.5849622395833225	9.583915172340747
2.5949622395833223	9.629484891776473
2.604962239583322	9.675071523913893
2.614962239583322	9.720674919355247
2.6249622395833216	9.766294884532776
2.6349622395833214	9.811931278292223
2.644962239583321	9.857584006317133
2.654962239583321	9.903252977793134
2.664962239583321	9.94893809249375
2.6749622395833206	9.994639261974546
2.6849622395833204	10.040356404338908
2.69496223958332	10.086089431323186
2.70496223958332	10.13183825372886
2.7149622395833197	10.177602769367658
2.7249622395833195	10.223382878262534
2.7349622395833193	10.269178460227462
2.744962239583319	10.314989407691865
2.754962239583319	10.360815632393653
2.7649622395833187	10.406657100078041
2.7749622395833184	10.452513760313538
2.7849622395833182	10.498385538267295
2.794962239583318	10.544272378079237
2.804962239583318	10.590174227948784
2.8149622395833176	10.636091010421593
2.8249622395833174	10.682022650333256
2.834962239583317	10.727969055550703
2.844962239583317	10.773930161107282
2.8549622395833167	10.819905933554512
2.8649622395833165	10.865896341138187
2.8749622395833163	10.911901346002082
2.884962239583316	10.957920927807784
2.894962239583316	11.003955061941049
2.9049622395833157	11.050003718717464
2.9149622395833155	11.096066841629598
2.9249622395833152	11.142144346249514
2.934962239583315	11.18823620000443
2.944962239583315	11.23434237365057
2.9549622395833146	11.280462796094438
2.9649622395833144	11.326597405180383
2.974962239583314	11.372746182352266
2.984962239583314	11.41890911204744
2.9949622395833138	11.465086179847326
3.0049622395833135	11.511277368380652
3.0149622395833133	11.557482661947699
3.024962239583313	11.603702044018764
3.034962239583313	11.649935497316172
3.0449622395833127	11.696183004260156
3.0549622395833125	11.74244455231318
3.0649622395833123	11.788720125730588
3.074962239583312	11.835009708583861
3.084962239583312	11.881313281297071
3.0949622395833116	11.927630824598223
3.1049622395833114	11.97396232351893
3.114962239583311	12.020307760621751
3.124962239583311	12.066667113616397
3.1349622395833108	12.11304035049162
3.1449622395833106	12.159427446861097
3.1549622395833103	12.20582840899643
3.16496223958331	12.252213382803468
3.17496223958331	12.298563564343018
3.1849622395833097	12.344998786143018
3.1949622395833095	12.391455285560552
3.2049622395833093	12.437925645869408
3.214962239583309	12.484409835470837
3.224962239583309	12.530907896668852
3.2349622395833086	12.577419772716125
3.2449622395833084	12.623945526222052
3.254962239583308	12.67048510096462
3.264962239583308	12.717038588638273
3.274962239583308	12.763606086161737
3.2849622395833076	12.81018728881218
3.2949622395833074	12.856782429251407
3.304962239583307	12.903391483341741
3.314962239583307	12.950014513971563
3.3249622395833067	12.996651504762395
3.3349622395833065	13.043302553970273
3.3449622395833063	13.089967599845851
3.354962239583306	13.136646732402468
3.364962239583306	13.183339964986393
3.3749622395833057	13.230047355068024
3.3849622395833054	13.276768840845477
3.3949622395833052	13.32350450855906
3.404962239583305	13.370254351331178
3.414962239583305	13.41701835120154
3.4249622395833046	13.463796714888295
3.4349622395833044	13.510589384064511
3.444962239583304	13.557396428387943
3.454962239583304	13.60421783947673
3.4649622395833037	13.651053676168303
3.4749622395833035	13.697903963486397
3.4849622395833033	13.744768723404421
3.494962239583303	13.791648104549209
3.504962239583303	13.838542044598034
3.5149622395833027	13.885450658375914
3.5249622395833025	13.932374052486033
3.5349622395833022	13.979312317123728
3.544962239583302	14.026265381551973
3.554962239583302	14.073233344646264
3.5649622395833016	14.120216329666361
3.5749622395833014	14.16721442090258
3.584962239583301	14.21422759021994
3.594962239583301	14.261255976041406
3.6049622395833008	14.308299712593703
3.6149622395833005	14.355358720560092
3.6249622395833003	14.402433165655028
3.6349622395833	14.449523194565772
3.6449622395833	14.496628766422766
3.6549622395832997	14.543750069943343
3.6649622395832995	14.590887221830942
3.6749622395832993	14.638040248624517
3.684962239583299	14.685209299605013
3.694962239583299	14.73239447893782
3.7049622395832986	14.779595826506569
3.7149622395832984	14.82681349251305
3.724962239583298	14.874047623509703
3.734962239583298	14.921298254995309
3.7449622395832978	14.96856546468984
3.7549622395832976	15.015849430568963
3.7649622395832973	15.06315019035892
3.774962239583297	15.110467952386783
3.784962239583297	15.157802647777133
3.7949622395832967	15.205154553488516
3.8049622395832965	15.252523816368953
3.8149622395832963	15.299910478918111
3.824962239583296	15.347314848583677
3.834962239583296	15.394736955393444
3.8449622395832956	15.442176865966214
3.8549622395832954	15.48963472148987
3.864962239583295	15.537110636800604
3.874962239583295	15.584604761749151
3.884962239583295	15.6321172302665
3.8949622395832946	15.679648263529247
3.9049622395832944	15.727198010756391
3.914962239583294	15.774766634444344
3.924962239583294	15.822354268168652
3.9349622395832937	15.869961046207818
3.9449622395832935	15.9175871527055
3.9549622395832933	15.965232610106444
3.964962239583293	16.01289763802622
3.974962239583293	16.060582326187397
3.9849622395832927	16.10828683565387
3.9949622395832924	16.156011374605363
4.004962239583293	16.203756182136704
4.0149622395832925	16.251521438522477
4.024962239583292	16.299307171568042
4.034962239583292	16.347113553296204
4.044962239583292	16.394940705935113
4.054962239583292	16.44278881497325
4.064962239583291	16.49065831397084
4.074962239583291	16.538549156817886
4.084962239583291	16.58646147572689
4.094962239583291	16.634395498948585
4.1049622395832905	16.682351344899928
4.11496223958329	16.730329222803835
4.12496223958329	16.77832923563126
4.13496223958329	16.826351704559283
4.14496223958329	16.87439684457058
4.1549622395832895	16.922464701131037
4.164962239583289	16.970555480715024
4.174962239583289	17.018669337818025
4.184962239583289	17.066806541545304
4.194962239583289	17.11496719776884
4.204962239583288	17.163151608366462
4.214962239583288	17.211359740278365
4.224962239583288	17.25959201337614
4.234962239583288	17.30784845860304
4.2449622395832876	17.356129370641277
4.254962239583287	17.404434801446246
4.264962239583287	17.452765100892275
4.274962239583287	17.50112037475103
4.284962239583287	17.54950074629049
4.2949622395832865	17.59790654943839
4.304962239583286	17.646337947621127
4.314962239583286	17.69479508966172
4.324962239583286	17.74327823420581
4.334962239583286	17.791787574839606
4.344962239583285	17.840323331961905
4.354962239583285	17.888885700588958
4.364962239583285	17.937474772432783
4.374962239583285	17.986090896722697
4.384962239583285	18.03473414991429
4.394962239583284	18.083404702020573
4.404962239583284	18.132102775705498
4.414962239583284	18.180828633484325
4.424962239583284	18.229582580796624
4.4349622395832835	18.27836463070678
4.444962239583283	18.32717520258185
4.454962239583283	18.376014442430105
4.464962239583283	18.424882432680608
4.474962239583283	18.473779526829105
4.484962239583282	18.52270576927528
4.494962239583282	18.571661533374623
4.504962239583282	18.620646867691097
4.514962239583282	18.669662086135226
4.524962239583282	18.718707554835323
4.534962239583281	18.767783259095992
4.544962239583281	18.816889534770237
4.554962239583281	18.86602658013691
4.564962239583281	18.915194617184206
4.5749622395832805	18.964393937574396
4.58496223958328	19.01362453527663
4.59496223958328	19.062886749888452
4.60496223958328	19.112180870372065
4.61496223958328	19.161507132958633
4.6249622395832795	19.210865633774382
4.634962239583279	19.26025686688555
4.644962239583279	19.309680797222843
4.654962239583279	19.35913776703888
4.664962239583279	19.408628023069046
4.674962239583278	19.45815166604902
4.684962239583278	19.50770892879103
4.694962239583278	19.557300125961397
4.704962239583278	19.606890491133175
4.7149622395832775	19.656486207219007
4.724962239583277	19.706179211181894
4.734962239583277	19.75590863706222
4.744962239583277	19.80567318641236
4.754962239583277	19.85547304636975
4.7649622395832765	19.905308461765692
4.774962239583276	19.955179654642855
4.784962239583276	20.005086942304853
4.794962239583276	20.055030624733238
4.804962239583276	20.10501088398171
4.814962239583275	20.155027886600713
4.824962239583275	20.205081897828304
4.834962239583275	20.255173143235726
4.844962239583275	20.3053019011132
4.8549622395832746	20.355468506679163
4.864962239583274	20.4056731261517
4.874962239583274	20.455915987609327
4.884962239583274	20.506197371026474
4.894962239583274	20.556517492857488
4.9049622395832735	20.60687661884851
4.914962239583273	20.657275056886217
4.924962239583273	20.70771299146347
4.934962239583273	20.75819071775238
4.944962239583273	20.808708506967395
4.954962239583272	20.85926659854421
4.964962239583272	20.909865303072348
4.974962239583272	20.960504850945735
4.984962239583272	21.011185495114848
4.994962239583272	21.06190750611677
5.004962239583271	21.112671106505747
5.014962239583271	21.163476508253368
5.024962239583271	21.21432406628288
5.034962239583271	21.265214106785074
5.0449622395832705	21.316146831617193
5.05496223958327	21.367122460088297
5.06496223958327	21.418141313036816
5.07496223958327	21.469203631704076
5.08496223958327	21.52030971224816
5.094962239583269	21.571459804295753
5.104962239583269	21.62265417118135
5.114962239583269	21.673893072983454
5.124962239583269	21.724997955596436
5.134962239583269	21.776326779640335
5.144962239583268	21.827700950256492
5.154962239583268	21.87912070396757
5.164962239583268	21.930586421103893
5.174962239583268	21.9820982674258
5.1849622395832675	22.033656615578987
5.194962239583267	22.08526184925659
5.204962239583267	22.136914078565123
5.214962239583267	22.18861367662259
5.224962239583267	22.240360899592893
5.2349622395832665	22.29215594540188
5.244962239583266	22.34399913103077
5.254962239583266	22.395890611046195
5.264962239583266	22.447830797273504
5.274962239583266	22.499820023506082
5.284962239583265	22.55185858462663
5.294962239583265	22.60394673310309
5.304962239583265	22.656084774877282
5.314962239583265	22.708272984312988
5.3249622395832645	22.760511711415493
5.334962239583264	22.812801110324127
5.344962239583264	22.86514148372219
5.354962239583264	22.91753316258533
5.364962239583264	22.969976397041908
5.3749622395832635	23.022471582811864
5.384962239583263	23.075018806835
5.394962239583263	23.12761842756638
5.404962239583263	23.180270762093993
5.414962239583263	23.23297612332104
5.424962239583262	23.28573486781001
5.434962239583262	23.3385472215653
5.444962239583262	23.391413591204877
5.454962239583262	23.444334238930555
5.4649622395832615	23.497173031741912
5.474962239583261	23.550097654735985
5.484962239583261	23.603096548271058
5.494962239583261	23.656127812883824
5.504962239583261	23.709150539127307
5.5149622395832605	23.762311662416398
5.52496223958326	23.81560907701513
5.53496223958326	23.868912040560627
5.54496223958326	23.92229643162296
5.55496223958326	23.975707077170572
5.564962239583259	24.02923507861283
5.574962239583259	24.08282906756981
5.584962239583259	24.136481356096677
5.594962239583259	24.190192061702184
5.604962239583259	24.2439616065117
5.614962239583258	24.297790303915534
5.624962239583258	24.351677838496098
5.634962239583258	24.405624993824908
5.644962239583258	24.45963216099267
5.6549622395832575	24.513699913439616
5.664962239583257	24.567827578113874
5.674962239583257	24.62201600027899
5.684962239583257	24.676266063628677
5.694962239583257	24.730577587769236
5.704962239583256	24.784951070625752
5.714962239583256	24.83938629678153
5.724962239583256	24.89388369148857
5.734962239583256	24.948444144496733
5.744962239583256	25.00306761131667
5.754962239583255	25.057754707684243
5.764962239583255	25.112505140230596
5.774962239583255	25.167319417756183
5.784962239583255	25.22219832198944
5.7949622395832545	25.27714156343821
5.804962239583254	25.33214991579335
5.814962239583254	25.387222995762137
5.824962239583254	25.442362263695674
5.834962239583254	25.497567220849394
5.8449622395832534	25.552838518049487
5.854962239583253	25.608175800337868
5.864962239583253	25.66358057249368
5.874962239583253	25.71905249941108
5.884962239583253	25.774591304952175
5.894962239583252	25.83019839830989
5.904962239583252	25.885873287404955
5.914962239583252	25.941617055149077
5.924962239583252	25.99742906282165
5.9349622395832515	26.05331059618664
5.944962239583251	26.10926108980474
5.954962239583251	26.165281891259088
5.964962239583251	26.22137256460654
5.974962239583251	26.277533607264054
5.9849622395832505	26.33376528661601
5.99496223958325	26.390068113785098
6.00496223958325	26.446441934802774
6.01496223958325	26.502888106825807
6.02496223958325	26.559406311773706
6.034962239583249	26.615995582857163
6.044962239583249	26.672658426110264
6.054962239583249	26.729394437406896
6.064962239583249	26.78620400375582
6.0749622395832485	26.843087345363
6.084962239583248	26.900043273935033
6.094962239583248	26.957073197325574
6.104962239583248	27.01417894468939
6.114962239583248	27.07135996181912
6.1249622395832475	27.128615617569686
6.134962239583247	27.185946383406517
6.144962239583247	27.24335441192084
6.154962239583247	27.30083891788427
6.164962239583247	27.358399647332185
6.174962239583246	27.416036625391275
6.184962239583246	27.47375172144595
6.194962239583246	27.531544824871013
6.204962239583246	27.589416240228168
6.214962239583246	27.647365371905895
6.224962239583245	27.705393222638335
6.234962239583245	27.763500563535402
6.244962239583245	27.821687809752703
6.254962239583245	27.879954071357613
6.2649622395832445	27.93830040600077
6.274962239583244	27.996727010879155
6.284962239583244	28.055235135202086
6.294962239583244	28.11382396228893
6.304962239583244	28.17249419258507
6.314962239583243	28.23124610810643
6.324962239583243	28.290080082726856
6.334962239583243	28.348997096400698
6.344962239583243	28.40799639314593
6.354962239583243	28.467079169360723
6.364962239583242	28.526244787784567
6.374962239583242	28.585495316167734
6.384962239583242	28.64482964878924
6.394962239583242	28.704248764940072
6.4049622395832415	28.76375235993819
6.414962239583241	28.82334168826171
6.424962239583241	28.883016053984672
6.434962239583241	28.942777153693527
6.444962239583241	29.002624172262617
6.4549622395832404	29.062558130423863
6.46496223958324	29.12257838905104
6.47496223958324	29.18268653466116
6.48496223958324	29.24288244923464
6.49496223958324	29.303166729578034
6.504962239583239	29.363538354452466
6.514962239583239	29.423999000255094
6.524962239583239	29.48454919448139
6.534962239583239	29.545189012232665
6.5449622395832385	29.605918068857502
6.554962239583238	29.66673705144788
6.564962239583238	29.727647038131476
6.574962239583238	29.78864804112701
6.584962239583238	29.849740322309245
6.5949622395832375	29.910923521611664
6.604962239583237	29.972198852318066
6.614962239583237	30.03356639015681
6.624962239583237	30.09502743047927
6.634962239583237	30.1565807262475
6.644962239583236	30.218226631206814
6.654962239583236	30.279966597450304
6.664962239583236	30.341801175923603
6.674962239583236	30.403730058807433
6.6849622395832355	30.46575312853336
6.694962239583235	30.527871221235337
6.704962239583235	30.59008489744812
6.714962239583235	30.652394954515273
6.724962239583235	30.714800351287128
6.7349622395832345	30.77730192769331
6.744962239583234	30.83990053076006
6.754962239583234	30.90259683311842
6.764962239583234	30.96539035557628
6.774962239583234	31.028281763511092
6.784962239583233	31.091271004655603
6.794962239583233	31.154359395221142
6.804962239583233	31.21754612931249
6.814962239583233	31.2808326964172
6.824962239583233	31.344218328170555
6.834962239583232	31.40770420464559
6.844962239583232	31.471290214724895
6.854962239583232	31.53497701384703
6.864962239583232	31.598765157379724
6.8749622395832315	31.662654067549795
6.884962239583231	31.72664507487602
6.894962239583231	31.790737844864132
6.904962239583231	31.85493338855978
6.914962239583231	31.919231716968532
6.92496223958323	31.983633406778054
6.93496223958323	32.04813785068548
6.94496223958323	32.11274633903237
6.95496223958323	32.177459622087
6.96496223958323	32.242277153588496
6.974962239583229	32.307199170664944
6.984962239583229	32.3722265303433
6.994962239583229	32.43735941696544
7.004962239583229	32.502599115270364
7.0149622395832285	32.567943781770396
7.024962239583228	32.633395379425444
7.034962239583228	32.6989539167417
7.044962239583228	32.764620493550474
7.054962239583228	32.83039442640112
7.064962239583227	32.89627601689024
7.074962239583227	32.96226625686523
7.084962239583227	33.02836471239199
7.094962239583227	33.09457370619728
7.104962239583227	33.160890193748685
7.114962239583226	33.22731675766713
7.124962239583226	33.29385329271691
7.134962239583226	33.360500351922816
7.144962239583226	33.4272571948716
7.1549622395832255	33.49412390777423
7.164962239583225	33.56110263710242
7.174962239583225	33.6281932906534
7.184962239583225	33.69539546571883
7.194962239583225	33.76271097012757
7.2049622395832245	33.8301386310928
7.214962239583224	33.8976794639738
7.224962239583224	33.9653341845696
7.234962239583224	34.03310283983451
7.244962239583224	34.10098555821119
7.254962239583223	34.168982877827375
7.264962239583223	34.237095229007515
7.274962239583223	34.3053226313726
7.284962239583223	34.37366579964623
7.2949622395832225	34.442124425333404
7.304962239583222	34.51069954858684
7.314962239583222	34.57939152943007
7.324962239583222	34.648200468562436
7.334962239583222	34.71712640674467
7.3449622395832215	34.78616990895019
7.354962239583221	34.855331353745676
7.364962239583221	34.924611090437374
7.374962239583221	34.99400952457924
7.384962239583221	35.06352667490468
7.39496223958322	35.13316302974095
7.40496223958322	35.20291909268064
7.41496223958322	35.272795194454005
7.42496223958322	35.34279143359769
7.43496223958322	35.41290823551726
7.444962239583219	35.48314580851418
7.454962239583219	35.55350501834903
7.464962239583219	35.6239856576055
7.474962239583219	35.69458773541925
7.4849622395832185	35.76531212373902
7.494962239583218	35.836159300015446
7.504962239583218	35.90712979548073
7.514962239583218	35.978222996939095
7.524962239583218	36.0494395788589
7.534962239583217	36.120779615237836
7.544962239583217	36.192244091862264
7.554962239583217	36.26383261684751
7.564962239583217	36.3355460113337
7.574962239583217	36.407384668922276
7.584962239583216	36.47934817255311
7.594962239583216	36.55143758766561
7.604962239583216	36.623653039628536
7.614962239583216	36.69599494787418
7.6249622395832155	36.76846379454231
7.634962239583215	36.841059318713576
7.644962239583215	36.913781630160074
7.654962239583215	36.98663090560151
7.664962239583215	37.059608158039936
7.674962239583214	37.132713167872886
7.684962239583214	37.20594668615907
7.694962239583214	37.27930894890498
7.704962239583214	37.35280009451373
7.714962239583214	37.42641994701314
7.724962239583213	37.500169175723805
7.734962239583213	37.57404863894429
7.744962239583213	37.64805817900347
7.754962239583213	37.722197724868536
7.7649622395832125	37.79646782222719
7.774962239583212	37.870868978398924
7.784962239583212	37.945400698651376
7.794962239583212	38.02006360314735
7.804962239583212	38.094857772861936
7.8149622395832115	38.1697842267857
7.824962239583211	38.244842749413706
7.834962239583211	38.32003377676869
7.844962239583211	38.395357715777465
7.854962239583211	38.47081451336411
7.86496223958321	38.54640400650776
7.87496223958321	38.62212735170507
7.88496223958321	38.69798418834003
7.89496223958321	38.773974446187246
7.9049622395832095	38.850099295692644
7.914962239583209	38.926358634843176
7.924962239583209	39.0027528284059
7.934962239583209	39.07928133116083
7.944962239583209	39.155945427905934
7.9549622395832085	39.2327442189398
7.964962239583208	39.3096791108033
7.974962239583208	39.38674956168147
7.984962239583208	39.46395582938846
7.994962239583208	39.54129839381863
8.004962239583207	39.61877684087998
8.014962239583207	39.69639243121284
8.024962239583207	39.77414414752099
8.034962239583207	39.85203354707608
8.044962239583207	39.9300600983869
8.054962239583206	40.008223984289586
8.064962239583206	40.08652554832132
8.074962239583206	40.164964344847924
8.084962239583206	40.24354199353246
8.094962239583205	40.322257726011934
8.104962239583205	40.4011118003116
8.114962239583205	40.48010348583751
8.124962239583205	40.559234344037435
8.134962239583205	40.63850395570091
8.144962239583204	40.71791231117891
8.154962239583204	40.79746015358835
8.164962239583204	40.877147480025904
8.174962239583204	40.95697429459121
8.184962239583204	41.03694102265063
8.194962239583203	41.11704688884325
8.204962239583203	41.197292820860284
8.214962239583203	41.27767891800069
8.224962239583203	41.35820516164387
8.234962239583203	41.43887141088438
8.244962239583202	41.519679059511446
8.254962239583202	41.600627766015656
8.264962239583202	41.68171707646283
8.274962239583202	41.76294657268877
8.284962239583201	41.84431675033826
8.294962239583201	41.92582757829904
8.304962239583201	42.007479662929704
8.3149622395832	42.089273248266274
8.3249622395832	42.171208368406624
8.3349622395832	42.2532849483999
8.3449622395832	42.33550266785097
8.3549622395832	42.417862167840795
8.3649622395832	42.50036313425435
8.3749622395832	42.58300596498544
8.3849622395832	42.66579046101187
8.394962239583199	42.748716536391484
8.404962239583199	42.83178461521454
8.414962239583199	42.91499463179457
8.424962239583198	42.998346790426496
8.434962239583198	43.08184045150993
8.444962239583198	43.165475433303904
8.454962239583198	43.249253182369934
8.464962239583198	43.3331731883147
8.474962239583197	43.41723519296908
8.484962239583197	43.50143954258651
8.494962239583197	43.585785553200026
8.504962239583197	43.670274347055454
8.514962239583197	43.75490515911445
8.524962239583196	43.83967727545587
8.534962239583196	43.924592091387915
8.544962239583196	44.00964918324696
8.554962239583196	44.09484797741095
8.564962239583195	44.18018898994442
8.574962239583195	44.26567162862338
8.584962239583195	44.35129658205097
8.594962239583195	44.437063007935656
8.604962239583195	44.522971892546046
8.614962239583194	44.609022575984646
8.624962239583194	44.69521528680722
8.634962239583194	44.781549421366314
8.644962239583194	44.868026376888345
8.654962239583194	44.95464394404381
8.664962239583193	45.0414029853393
8.674962239583193	45.128303223736
8.684962239583193	45.21534470148224
8.694962239583193	45.30252721400639
8.704962239583192	45.38985146877367
8.714962239583192	45.47731687159973
8.724962239583192	45.56492394587464
8.734962239583192	45.652670902125344
8.744962239583192	45.74055861097815
8.754962239583191	45.82858702962803
8.764962239583191	45.9167556140318
8.774962239583191	46.00506471011931
8.78496223958319	46.093514230220784
8.79496223958319	46.18210362620794
8.80496223958319	46.27083296364486
8.81496223958319	46.35970170481664
8.82496223958319	46.44871018504474
8.83496223958319	46.537858013897456
8.84496223958319	46.627144834578694
8.85496223958319	46.716570628844984
8.864962239583189	46.80613533730039
8.874962239583189	46.89583883316555
8.884962239583189	46.98568131382401
8.894962239583188	47.07566177541483
8.904962239583188	47.165780257535324
8.914962239583188	47.256036464828014
8.924962239583188	47.34643089048099
8.934962239583188	47.43696216215352
8.944962239583187	47.52763059736217
8.954962239583187	47.61843659570021
8.964962239583187	47.70937904403599
8.974962239583187	47.8004581902109
8.984962239583187	47.891673211429016
8.994962239583186	47.98302450513495
9.004962239583186	48.07451182295668
9.014962239583186	48.16613476771834
9.024962239583186	48.25789294968688
9.034962239583185	48.34978624625641
9.044962239583185	48.44181349404758
9.054962239583185	48.53397514884037
9.064962239583185	48.62627153094014
9.074962239583185	48.718702007255665
9.084962239583184	48.81126608501886
9.094962239583184	48.903963259298585
9.104962239583184	48.99679298468817
9.114962239583184	49.08975653043137
9.124962239583184	49.182851686023106
9.134962239583183	49.27607936935392
9.144962239583183	49.36943866789037
9.154962239583183	49.46292902594533
9.164962239583183	49.55655098561931
9.174962239583182	49.650303647618635
9.184962239583182	49.7441865195727
9.194962239583182	49.83819977814282
9.204962239583182	49.932342752588795
9.214962239583182	50.02661641559212
9.224962239583181	50.121018829762164
9.234962239583181	50.21554968492735
9.244962239583181	50.31020831746769
9.25496223958318	50.40499604109867
9.26496223958318	50.49991095902914
9.27496223958318	50.59495320247806
9.28496223958318	50.69012283527243
9.29496223958318	50.78541914880655
9.30496223958318	50.880841496329715
9.31496223958318	50.97638989463772
9.32496223958318	51.072063798630346
9.334962239583179	51.167862867959364
9.344962239583179	51.26378645465115
9.354962239583179	51.35983474787133
9.364962239583178	51.45600718607437
9.374962239583178	51.552303642945496
9.384962239583178	51.6487231451877
9.394962239583178	51.745265702638896
9.404962239583178	51.84193090428116
9.414962239583177	51.93871700235436
9.424962239583177	52.03562547682386
9.434962239583177	52.1326549584918
9.444962239583177	52.229805361896595
9.454962239583176	52.327076862679526
9.464962239583176	52.42446884442848
9.474962239583176	52.52198033003641
9.484962239583176	52.61961041039667
9.494962239583176	52.71736014528859
9.504962239583175	52.815228126924985
9.514962239583175	52.913214020321746
9.524962239583175	53.01131737770576
9.534962239583175	53.10953720485792
9.544962239583175	53.20787483308864
9.554962239583174	53.30632934597971
9.564962239583174	53.40489986365767
9.574962239583174	53.50358641957978
9.584962239583174	53.60238821533847
9.594962239583174	53.70130312194839
9.604962239583173	53.800334212776114
9.614962239583173	53.89947929132221
9.624962239583173	53.99873785412541
9.634962239583173	54.09810936417378
9.644962239583172	54.19759385748218
9.654962239583172	54.29718642786158
9.664962239583172	54.396865696986595
9.674962239583172	54.496627282735126
9.684962239583172	54.59647027024121
9.694962239583171	54.696395880490094
9.704962239583171	54.79640236931532
9.714962239583171	54.89649068071537
9.72496223958317	54.996660294426015
9.73496223958317	55.09691108292098
9.74496223958317	55.19724265940863
9.75496223958317	55.29765467858734
9.76496223958317	55.39814748999071
9.77496223958317	55.49872130423262
9.78496223958317	55.5993750025483
9.79496223958317	55.70010881665587
9.804962239583169	55.80092237400813
9.814962239583169	55.90181585540679
9.824962239583169	56.00278877651662
9.834962239583168	56.10384124071678
9.844962239583168	56.20497276267046
9.854962239583168	56.306183177858934
9.864962239583168	56.40747304973053
9.874962239583168	56.50884177642435
9.884962239583167	56.610288753900576
9.894962239583167	56.71181409487937
9.904962239583167	56.81341781312108
9.914962239583167	56.915099444106595
9.924962239583166	57.01685926965949
9.934962239583166	57.11869629661977
9.944962239583166	57.220611306133826
9.954962239583166	57.322603733820046
9.964962239583166	57.424673848168304
9.974962239583165	57.52682058315359
9.984962239583165	57.62904392912285
9.994962239583165	57.731344653439265
10.004962239583165	57.833721559154
10.014962239583165	57.93617517338888
10.024962239583164	58.0387044885149
10.034962239583164	58.141310357030605
10.044962239583164	58.24399221888581
10.054962239583164	58.34674988568845
10.064962239583163	58.44958292123279
10.074962239583163	58.55249148113398
10.084962239583163	58.65547545542864
10.094962239583163	58.75853459040266
10.104962239583163	58.86166888936953
10.114962239583162	58.9648779253077
10.124962239583162	59.068161659506636
10.134962239583162	59.17152012340242
10.144962239583162	59.27495286910638
10.154962239583162	59.378459494244765
10.164962239583161	59.48203999528359
10.174962239583161	59.58569440020787
10.184962239583161	59.68942310317388
10.19496223958316	59.79322493711863
10.20496223958316	59.89709984370278
10.21496223958316	60.0010480052703
10.22496223958316	60.105068941189586
10.23496223958316	60.20916330517508
10.24496223958316	60.313330075979
10.25496223958316	60.41756909098715
10.26496223958316	60.52188100368709
10.274962239583159	60.626264773654555
10.284962239583159	60.730720601481075
10.294962239583159	60.8352484926607
10.304962239583158	60.93984762654069
10.314962239583158	61.044518658027286
10.324962239583158	61.14926069929651
10.334962239583158	61.25407381442784
10.344962239583158	61.35895869352456
10.354962239583157	61.46391409729542
10.364962239583157	61.56893988447285
10.374962239583157	61.67403643706685
10.384962239583157	61.779203677777005
10.394962239583156	61.884440181105155
10.404962239583156	61.989746944831126
10.414962239583156	62.095123615358006
10.424962239583156	62.20057022958103
10.434962239583156	62.30608612994269
10.444962239583155	62.41167178105651
10.454962239583155	62.517326163769894
10.464962239583155	62.62305009374537
10.474962239583155	62.72884216666517
10.484962239583155	62.834703304889636
10.494962239583154	62.94063322820665
10.504962239583154	63.046631169800236
10.514962239583154	63.15269719942387
10.524962239583154	63.258831277490366
10.534962239583153	63.36503315083034
10.544962239583153	63.47130332430889
10.554962239583153	63.57763999242781
10.564962239583153	63.6840440676087
10.574962239583153	63.790515813407616
10.584962239583152	63.897053908060904
10.594962239583152	64.00365902941786
10.604962239583152	64.11033057703135
10.614962239583152	64.21706878250308
10.624962239583152	64.32387316992887
10.634962239583151	64.43074329867136
10.644962239583151	64.53767950297348
10.654962239583151	64.64468173649654
10.66496223958315	64.75174927432136
10.67496223958315	64.85888241789608
10.68496223958315	64.96608060097488
10.69496223958315	65.0733439909097
10.70496223958315	65.18067179909602
10.71496223958315	65.28806401819035
10.72496223958315	65.39552107466865
10.73496223958315	65.50304287902847
10.744962239583149	65.61062823016907
10.754962239583149	65.71827749645804
10.764962239583149	65.82599069358947
10.774962239583148	65.93376732147429
10.784962239583148	66.04160785747648
10.794962239583148	66.14951109026387
10.804962239583148	66.25747780600126
10.814962239583148	66.36550694044233
10.824962239583147	66.47359880570421
10.834962239583147	66.58175339240806
10.844962239583147	66.68996975659734
10.854962239583147	66.79824863698376
10.864962239583146	66.90658903133814
10.874962239583146	67.01499152507114
10.884962239583146	67.12345563462972
10.894962239583146	67.23198072659518
10.904962239583146	67.34056736638398
10.914962239583145	67.44921476378455
10.924962239583145	67.55792304303701
10.934962239583145	67.66669236451307
10.944962239583145	67.77552152972059
10.954962239583145	67.88441085518636
10.964962239583144	67.99335992134343
10.974962239583144	68.1023693678081
10.984962239583144	68.21143829598327
10.994962239583144	68.32056609123727
11.004962239583143	68.42975340201575
11.014962239583143	68.53900037147531
11.024962239583143	68.64830501468812
11.034962239583143	68.75766895638407
11.044962239583143	68.86709061942291
11.054962239583142	68.97657110244559
11.064962239583142	69.0861093006924
11.074962239583142	69.19570554983348
11.084962239583142	69.30535888421531
11.094962239583142	69.4150701244792
11.104962239583141	69.52483816866052
11.114962239583141	69.6346632952057
11.124962239583141	69.74454476277838
11.13496223958314	69.85448329163393
11.14496223958314	69.96447795418864
11.15496223958314	70.0745287049642
11.16496223958314	70.18463491037647
11.17496223958314	70.29479746552043
11.18496223958314	70.40501524878898
11.19496223958314	70.51528816591993
11.20496223958314	70.62561603609335
11.214962239583139	70.735998995868
11.224962239583139	70.84643634763647
11.234962239583139	70.95692757545788
11.244962239583138	71.06747327666504
11.254962239583138	71.17807321186946
11.264962239583138	71.28872660514509
11.274962239583138	71.39943326747675
11.284962239583137	71.51019343165575
11.294962239583137	71.62100640204424
11.304962239583137	71.73187215659632
11.314962239583137	71.84279013947612
11.324962239583137	71.95376058815981
11.334962239583136	72.06478309858753
11.344962239583136	72.1758571056435
11.354962239583136	72.28698278638528
11.364962239583136	72.39815965750658
11.374962239583136	72.50938840997246
11.384962239583135	72.62066762853274
11.394962239583135	72.73199740671915
11.404962239583135	72.84337675231403
11.414962239583135	72.95480759639636
11.424962239583135	73.06628714791167
11.434962239583134	73.17781655423572
11.444962239583134	73.28939513225504
11.454962239583134	73.40102327928581
11.464962239583134	73.51269961577448
11.474962239583133	73.62442495021966
11.484962239583133	73.73619814901458
11.494962239583133	73.84801920287737
11.504962239583133	73.95988885167615
11.514962239583133	74.07180519241379
11.524962239583132	74.18376915037875
11.534962239583132	74.29577977672324
11.544962239583132	74.40783664547908
11.554962239583132	74.51994046057618
11.564962239583132	74.63209020347736
11.574962239583131	74.74428581464942
11.584962239583131	74.85652682376829
11.59496223958313	74.968812830532
11.60496223958313	75.0811436387985
11.61496223958313	75.19351980753453
11.62496223958313	75.30593943878407
11.63496223958313	75.41840322087744
11.64496223958313	75.53091098082466
11.65496223958313	75.6434619935629
11.66496223958313	75.75605585427095
11.67496223958313	75.86869267508024
11.684962239583129	75.98137184654288
11.694962239583129	76.09409354980279
11.704962239583129	76.20685690684027
11.714962239583128	76.31966138875177
11.724962239583128	76.43250696467932
11.734962239583128	76.54539359019941
11.744962239583128	76.65832071291234
11.754962239583127	76.77128762533216
11.764962239583127	76.88429453815458
11.774962239583127	76.99734047550393
11.784962239583127	77.11042590142159
11.794962239583127	77.22354952110686
11.804962239583126	77.33671195347515
11.814962239583126	77.4499121233008
11.824962239583126	77.56315008754886
11.834962239583126	77.6764254449844
11.844962239583126	77.7897377429759
11.854962239583125	77.90308578895306
11.864962239583125	78.0164700018323
11.874962239583125	78.12989027769713
11.884962239583125	78.24334537921953
11.894962239583124	78.35683572818647
11.904962239583124	78.47036051696716
11.914962239583124	78.5839193583679
11.924962239583124	78.69751138664957
11.934962239583124	78.81113684709727
11.944962239583123	78.92479476418252
11.954962239583123	79.03848496055146
11.964962239583123	79.15220727880984
11.974962239583123	79.26596013735727
11.984962239583123	79.37974425783868
11.994962239583122	79.49355887379875
12.004962239583122	79.60740375071688
12.014962239583122	79.72127780056394
12.024962239583122	79.83518068568132
12.034962239583122	79.94911168235824
12.044962239583121	80.06307089882164
12.054962239583121	80.17705769222762
12.06496223958312	80.29107155404245
12.07496223958312	80.40511106710954
12.08496223958312	80.5191761496627
12.09496223958312	80.633266321237
12.10496223958312	80.74738114315207
12.11496223958312	80.86152036616386
12.12496223958312	80.97568224851796
12.13496223958312	81.08986795310352
12.14496223958312	81.20407485542006
12.154962239583119	81.31830403564342
12.164962239583119	81.43255374799902
12.174962239583119	81.54682369914072
12.184962239583118	81.66111316393237
12.194962239583118	81.77542171639396
12.204962239583118	81.8897479131829
12.214962239583118	82.00409152203763
12.224962239583117	82.11845181932466
12.234962239583117	82.23282754277778
12.244962239583117	82.34721817926051
12.254962239583117	82.46162277296646
12.264962239583117	82.5760403024579
12.274962239583116	82.69047123809801
12.284962239583116	82.80491344512558
12.294962239583116	82.91936590746398
12.304962239583116	83.0338283289536
12.314962239583116	83.14829891345869
12.324962239583115	83.26277773572535
12.334962239583115	83.37726297471346
12.344962239583115	83.49175266434185
12.354962239583115	83.60624824053829
12.364962239583114	83.72060340956004
12.374962239583114	83.81539046031871
12.384962239583114	83.86692230497765
12.394962239583114	83.88465308790101
12.404962239583114	83.88708512017085
12.405207218985476	83.8870836084039
1000012.405207219	83.8870836084039
