-100000	0
0	0
0.0033333333333333335	0.0019650719787254953
0.008333333333333333	0.005163062970125942
0.01583333333333333	0.010410853732206576
0.02708333333333333	0.01911593411165635
0.043958333333333335	0.03374113241738307
0.06927083333333334	0.058721532427543646
0.10723958333333333	0.1022369330112777
0.16419270833333333	0.17967521974553463
0.24962239583333334	0.31918228808029175
0.3496223958333333	0.5105400268360699
0.4496223958333333	0.7251725548989192
0.5496223958333333	0.958360900116786
0.6496223958333333	1.1850685259251355
0.7496223958333332	1.3212508890439258
0.8496223958333332	1.4073315391202805
0.9496223958333332	1.4584020802259323
1.0496223958333333	1.4829420873074455
1.1496223958333334	1.4879085959968372
1.2496223958333335	1.4879085959968372
1.3496223958333335	1.4879085959968372
1.4496223958333336	1.4879085959968372
1.5496223958333337	1.4879085959968372
1.6496223958333338	1.4879085959968372
1.749622395833334	1.4933184641532784
1.849622395833334	1.521237745901202
1.949622395833334	1.5816845592703714
2.049622395833334	1.6879056699270778
2.149622395833334	1.863761454769888
2.249622395833334	2.171851815790828
2.349622395833334	2.5099303302384106
2.4496223958333343	2.8477803614505963
2.5496223958333344	3.185052268040761
2.6496223958333345	3.5214784679113236
2.7496223958333346	3.8568774722925676
2.8496223958333347	4.191148993378347
2.9496223958333347	4.5242691961590085
3.049622395833335	4.85626671564817
3.149622395833335	5.187201668217805
3.249622395833335	5.517147024955627
3.349622395833335	5.846175983134126
3.449622395833335	6.174356684812363
3.5496223958333353	6.501752658775857
3.6496223958333354	6.8284247237852105
3.7496223958333355	7.154444772587186
3.8496223958333355	7.479912612496311
3.9496223958333356	7.804944956341977
4.049622395833335	8.129690840054039
4.149622395833335	8.45432834577259
4.249622395833335	8.77906083371731
4.349622395833334	9.10411121383788
4.449622395833334	9.429716661979699
4.5496223958333335	9.756125296025223
4.649622395833333	10.083591000112053
4.749622395833333	10.412374576438255
4.849622395833332	10.742740863059494
4.949622395833332	11.07486894616273
5.049622395833332	11.40923289243197
5.149622395833331	11.745968989878563
5.249622395833331	12.085524284239934
5.349622395833331	12.428142070804103
5.44962239583333	12.77415014500505
5.54962239583333	13.123887238493591
5.64962239583333	13.47770290620838
5.749622395833329	13.83593067872194
5.849622395833329	14.198945352545085
5.9496223958333285	14.567122704302403
6.049622395833328	14.940800668799717
6.149622395833328	15.320397077222582
6.2496223958333275	15.706290969610913
6.349622395833327	16.098881614936392
6.449622395833327	16.49857799141914
6.549622395833326	16.90574487611211
6.649622395833326	17.3209107557874
6.749622395833326	17.744456011571064
6.849622395833325	18.176818658164667
6.949622395833325	18.61844298175404
7.049622395833325	19.069777692691428
7.149622395833324	19.531271977151352
7.249622395833324	20.00338246324394
7.3496223958333236	20.4865708706101
7.449622395833323	20.98129897717601
7.549622395833323	21.488026353300782
7.6496223958333225	22.007210490959086
7.749622395833322	22.53930309242957
7.849622395833322	23.084746537155432
7.949622395833321	23.643962463651103
8.049622395833321	24.2173462194989
8.14962239583332	24.805261538097813
8.24962239583332	25.40806030981186
8.34962239583332	26.026032911062963
8.44962239583332	26.659419005889827
8.54962239583332	27.30839385127457
8.649622395833319	27.97306068422378
8.749622395833319	28.65344491587716
8.849622395833318	29.349489445365823
8.949622395833318	30.061051940230698
9.049622395833318	30.78790830315511
9.149622395833317	31.52975495495945
9.249622395833317	32.28621817977561
9.349622395833316	33.05686315828935
9.449622395833316	33.84120924521819
9.549622395833316	34.638752083981814
9.649622395833315	35.44899971389364
9.749622395833315	36.271241116435256
9.849622395833315	37.10496396445259
9.949622395833314	37.950016375852236
10.049622395833314	38.80624205755758
10.149622395833314	39.67348673384455
10.249622395833313	40.55159361829531
10.349622395833313	41.44040886181992
10.449622395833313	42.33976893885229
10.549622395833312	43.24951303338035
10.649622395833312	44.169475969267936
10.749622395833311	45.099488649408464
10.849622395833311	46.03937931412187
10.94962239583331	46.98896892318857
11.04962239583331	47.94807617343514
11.14962239583331	48.91650890226096
11.24962239583331	49.894068405007054
11.34962239583331	50.880547665610884
11.449622395833309	51.875728087409186
11.549622395833309	52.879378593211
11.649622395833308	53.891252944111
11.749622395833308	54.91108532221965
11.849622395833308	55.938586596098034
11.949622395833307	56.97343961172216
12.049622395833307	58.015289934350015
12.149622395833306	59.06373395331009
12.249622395833306	60.1183037619678
12.349622395833306	61.178435340447734
12.449622395833305	62.20167388116947
12.495621656956429	62.31659539110806
1000012.495621657	62.31659539110806
