-100000	0
-0.0000011477676444826557	0
0.003332185565688851	0.0005662410012947351
0.00833218556568885	0.002537222333544249
0.01583218556568885	0.0067461855150050196
0.027082185565688848	0.014238825350722005
0.04395718556568885	0.02710215587299332
0.06926968556568885	0.0493574069826952
0.10723843556568885	0.08843476602281432
0.16419156056568884	0.15834978621376666
0.24962124806568886	0.2852668469544482
0.34962124806568884	0.46118668419554343
0.4496212480656888	0.6601694305671156
0.5496212480656888	0.8775395691956632
0.6496212480656888	1.0883369110034062
0.7496212480656888	1.2114750509193444
0.8496212480656887	1.2882029533381203
0.9496212480656887	1.3331433284618543
1.0496212480656888	1.3542682117401224
1.1496212480656889	1.358134893553744
1.249621248065689	1.358134893553744
1.349621248065689	1.358134893553744
1.4496212480656891	1.358134893553744
1.5496212480656892	1.358134893553744
1.6496212480656893	1.358134893553744
1.7496212480656894	1.3623756631022153
1.8496212480656895	1.3866319542339
1.9496212480656896	1.440422819282888
2.0496212480656895	1.536348330045679
2.1496212480656895	1.697639850109939
2.2496212480656896	1.9877526317418621
2.3496212480656897	2.307759136216809
2.44962124806569	2.62746292610325
2.54962124806569	2.9464739435631353
2.64962124806569	3.264475358386933
2.74962124806569	3.5812341662423397
2.84962124806569	3.8966021114855103
2.9496212480656903	4.210511195402673
3.0496212480656903	4.522956520401914
3.1496212480656904	4.833976240279425
3.2496212480656905	5.143627386748621
3.3496212480656906	5.451974232161821
3.4496212480656907	5.759073292693319
3.549621248065691	6.064974599479732
3.649621248065691	6.3697215844023445
3.749621248065691	6.673361345978328
3.849621248065691	6.975959402670873
3.949621248065691	7.277602222075958
4.049621248065691	7.578406311704284
4.14962124806569	7.878520495638952
4.24962124806569	8.178107933087896
4.34962124806569	8.47737138246971
4.449621248065689	8.776519953508814
4.549621248065689	9.075768884655151
4.649621248065689	9.375345673781451
4.749621248065688	9.675480917267317
4.849621248065688	9.976413146291808
4.949621248065688	10.278390367451017
5.049621248065687	10.5816698792406
5.149621248065687	10.88652654507205
5.2496212480656865	11.193245867926693
5.349621248065686	11.502128458159046
5.449621248065686	11.813477286480058
5.5496212480656855	12.127537368170456
5.649621248065685	12.444773778551296
5.749621248065685	12.765413851913529
5.849621248065684	13.089789186530664
5.949621248065684	13.418230237318081
6.049621248065684	13.751044179486716
6.149621248065683	14.088629160767129
6.249621248065683	14.43137288813356
6.349621248065683	14.779713188849598
6.449621248065682	15.134122731488185
6.549621248065682	15.495103574231367
6.6496212480656816	15.863176763384903
6.749621248065681	16.238871979317317
6.849621248065681	16.622716925355633
6.9496212480656805	17.015233861275306
7.04962124806568	17.416936122581472
7.14962124806568	17.82832781503687
7.249621248065679	18.249939824427575
7.349621248065679	18.68215123880087
7.449621248065679	19.12555191340665
7.549621248065678	19.58057527307015
7.649621248065678	20.0476817933422
7.749621248065678	20.527322496421956
7.849621248065677	21.019938019011516
7.949621248065677	21.525951797491853
8.049621248065677	22.045771644872488
8.149621248065676	22.57977913257072
8.249621248065676	23.128318300469186
8.349621248065676	23.69169160457209
8.449621248065675	24.27015182453126
8.549621248065675	24.863889104513664
8.649621248065674	25.47302858397256
8.749621248065674	26.097622154958735
8.849621248065674	26.737643640503084
8.949621248065673	27.392988397623956
9.049621248065673	28.063472753661635
9.149621248065673	28.748836063174142
9.249621248065672	29.448746653606666
9.349621248065672	30.16281382936584
9.449621248065672	30.89059982949078
9.549621248065671	31.63164488836013
9.649621248065671	32.38549632059845
9.74962124806567	33.151701667521166
9.84962124806567	33.92999836209493
9.94962124806567	34.7202466095877
10.04962124806567	35.52230624615168
10.14962124806567	36.336034020943124
10.249621248065669	37.161286771478586
10.349621248065668	37.997917582704055
10.449621248065668	38.84577543570372
10.549621248065668	39.704709437274005
10.649621248065667	40.574563022404966
10.749621248065667	41.45517624542504
10.849621248065667	42.34638542374316
10.949621248065666	43.248019274240285
11.049621248065666	44.159904362161996
11.149621248065666	45.0818564610314
11.249621248065665	46.013684677899185
11.349621248065665	46.95519077867052
11.449621248065665	47.90616560638242
11.549621248065664	48.866387975260395
11.649621248065664	49.83562309502687
11.749621248065663	50.813619784959045
11.849621248065663	51.8001061682848
11.949621248065663	52.79478340453779
12.049621248065662	53.79731981625722
12.149621248065662	54.80734093499456
12.249621248065662	55.82441609921495
12.349621248065661	56.8480317960257
12.449621248065661	57.87720263562127
12.518225266449166	58.18343310887788
1000012.5182252665	58.18343310887788
