-100000	0
0.006841043345760411	0
0.010174376679093745	0.000052283380452152096
0.015174376679093746	0.00045230439650673337
0.022674376679093746	0.001972437922298763
0.033924376679093746	0.006111900425097919
0.05079937667909375	0.01443625298772129
0.07611187667909375	0.029548864935502465
0.11408062667909374	0.05670090257499247
0.17103375167909374	0.10589906064821124
0.25646343917909376	0.1961970419617003
0.35646343917909373	0.3232438780216484
0.4564634391790937	0.4690286463817707
0.5564634391790937	0.6300322326196796
0.6564634391790937	0.8037107220434664
0.7564634391790936	0.9881884627697519
0.8564634391790936	1.1820176317767581
0.9564634391790936	1.3840284247422057
1.0564634391790937	1.5932454093492867
1.1564634391790938	1.8079728531312043
1.2564634391790939	2.0192037641321616
1.356463439179094	2.2280497119238794
1.456463439179094	2.438805241004137
1.5564634391790941	2.6559929659913624
1.6564634391790942	2.8845423420249277
1.7564634391790943	3.1249126784438697
1.8564634391790944	3.368153869132033
1.9564634391790945	3.6134643095521244
2.0564634391790944	3.8604349779092617
2.1564634391790944	4.108663076135269
2.2564634391790945	4.357748816179789
2.3564634391790946	4.60730515898175
2.4564634391790947	4.856964237367176
2.556463439179095	5.106391009987267
2.656463439179095	5.355298270643939
2.756463439179095	5.603456346294045
2.856463439179095	5.850697264165033
2.956463439179095	6.096912511750403
3.0564634391790952	6.342045845366594
3.1564634391790953	6.586080781185585
3.2564634391790954	6.82902173771249
3.3564634391790955	7.070880989296092
3.4564634391790956	7.31166909613561
3.5564634391790957	7.551390449245706
3.6564634391790958	7.790045032470771
3.756463439179096	8.027633114774359
3.856463439179096	8.264165373003518
3.956463439179096	8.4996687467687
4.056463439179096	8.734190919550988
4.156463439179095	8.96780180421807
4.256463439179095	9.20059214309655
4.356463439179095	9.432671301362529
4.456463439179094	9.664158812804995
4.556463439179094	9.895181659350417
4.6564634391790936	10.12586937247696
4.756463439179093	10.356346557885193
4.856463439179093	10.586765926262768
4.9564634391790925	10.817272341450531
5.056463439179092	11.04802981248485
5.156463439179092	11.279219787688984
5.256463439179091	11.511039788790534
5.356463439179091	11.743696034726062
5.456463439179091	11.977403950853551
5.55646343917909	12.212332807180596
5.65646343917909	12.448753494970518
5.75646343917909	12.686844008751432
5.856463439179089	12.926752381606018
5.956463439179089	13.168679182955339
6.056463439179089	13.412843259565019
6.156463439179088	13.659516794425267
6.256463439179088	13.909043622116258
6.3564634391790875	14.161849368962224
6.456463439179087	14.418428104100839
6.556463439179087	14.679323403790887
6.6564634391790864	14.945102597444285
6.756463439179086	15.216331374569672
6.856463439179086	15.493557009141888
6.956463439179085	15.77729920243517
7.056463439179085	16.06804719462967
7.156463439179085	16.366274404275043
7.256463439179084	16.672409043034992
7.356463439179084	16.986867866550966
7.456463439179084	17.310043768380417
7.556463439179083	17.64230834191203
7.656463439179083	17.98401533969203
7.7564634391790825	18.335504836638993
7.856463439179082	18.69710612175363
7.956463439179082	19.069137846339668
8.056463439179081	19.451910819875696
8.156463439179081	19.845713448360893
8.25646343917908	20.250807807861044
8.35646343917908	20.66742368214514
8.45646343917908	21.09575336531529
8.55646343917908	21.535944941741164
8.65646343917908	21.988104916242765
8.756463439179079	22.452292025941095
8.856463439179079	22.92851595124904
8.956463439179078	23.416736332671622
9.056463439179078	23.916860592415542
9.156463439179078	24.428742469431235
9.256463439179077	24.952190756448836
9.356463439179077	25.486969629050108
9.456463439179077	26.03280941235019
9.556463439179076	26.58942436688033
9.656463439179076	27.156533214492555
9.756463439179075	27.733941050605573
9.856463439179075	28.32155571224847
9.956463439179075	28.919268435407503
10.056463439179074	29.52697310445896
10.156463439179074	30.144562104546075
10.256463439179074	30.77192594464245
10.356463439179073	31.408954175106384
10.456463439179073	32.05553308051108
10.556463439179073	32.71154874581335
10.656463439179072	33.376884092591325
10.756463439179072	34.05141821272617
10.856463439179072	34.73502698325484
10.956463439179071	35.42758255158508
11.05646343917907	36.128953430209506
11.15646343917907	36.838999196266734
11.25646343917907	37.5575756846136
11.35646343917907	38.284531927480884
11.45646343917907	39.01970729553646
11.556463439179069	39.762933308761724
11.656463439179069	40.51402888326727
11.756463439179068	41.272799582475365
11.856463439179068	42.03903338799973
11.956463439179068	42.81249981134864
12.056463439179067	43.59294255511134
12.156463439179067	44.3800742396644
12.256463439179067	45.17356570329852
12.356463439179066	45.97302958517985
12.456463439179066	46.77799344719349
12.536552517389225	47.13440324369557
1000012.5365525174	47.13440324369557
