-100000	0
0	0
0.0033333333333333335	0.00046031138259827926
0.008333333333333333	0.0013330288425927874
0.01583333333333333	0.003041328458838971
0.02708333333333333	0.006481152417729038
0.043958333333333335	0.013480198632680344
0.06927083333333334	0.02739543294202243
0.10723958333333333	0.05448444808070741
0.16419270833333333	0.10640258854789629
0.24962239583333334	0.20379608258501117
0.3496223958333333	0.3401976453391163
0.4496223958333333	0.4952069977804474
0.5496223958333333	0.6644271237017576
0.6496223958333333	0.8450196410300277
0.7496223958333332	1.0345366787075605
0.8496223958333332	1.2311593067231386
0.9496223958333332	1.4335237618482766
1.0496223958333333	1.6401612757392916
1.1496223958333334	1.8503988531173907
1.2496223958333335	2.0634988227265607
1.3496223958333335	2.2784522506186065
1.4496223958333336	2.4947550504969485
1.5496223958333337	2.7115611637971058
1.6496223958333338	2.9285393597742155
1.749622395833334	3.1453184050204595
1.849622395833334	3.3613524008815006
1.949622395833334	3.5764925179710554
2.049622395833334	3.7904865682440954
2.149622395833334	4.003166186350998
2.249622395833334	4.2144510547730505
2.349622395833334	4.424261214636078
2.4496223958333343	4.632552785876067
2.5496223958333344	4.8393507008553085
2.6496223958333345	5.04480512124851
2.7496223958333346	5.249108056793582
2.8496223958333347	5.452539146582756
2.9496223958333347	5.655386759343554
3.049622395833335	5.857930263147294
3.149622395833335	6.060503986377986
3.249622395833335	6.263693763634578
3.349622395833335	6.468095270433088
3.449622395833335	6.674442202925174
3.5496223958333353	6.883635130904823
3.6496223958333354	7.0965596138370985
3.7496223958333355	7.314466086912871
3.8496223958333355	7.538796219523164
3.9496223958333356	7.771171315626727
4.049622395833335	8.013406539139943
4.149622395833335	8.26798438984918
4.249622395833335	8.536804091731806
4.349622395833334	8.822485687519707
4.449622395833334	9.127239090476477
4.5496223958333335	9.453338305843237
4.649622395833333	9.801868398114385
4.749622395833333	10.174128326438609
4.849622395833332	10.570684290164614
4.949622395833332	10.992058686454056
5.049622395833332	11.438684565100786
5.149622395833331	11.910551720457054
5.249622395833331	12.407771245140047
5.349622395833331	12.930362872293514
5.44962239583333	13.478373230755265
5.54962239583333	14.051461435871381
5.64962239583333	14.648896455042545
5.749622395833329	15.269628525968535
5.849622395833329	15.913940391848241
5.9496223958333285	16.581228872975586
6.049622395833328	17.270352972404762
6.149622395833328	17.98092060257059
6.2496223958333275	18.712010216746837
6.349622395833327	19.46288895549075
6.449622395833327	20.232612187176667
6.549622395833326	21.020647193208248
6.649622395833326	21.82606607510389
6.749622395833326	22.64828098991232
6.849622395833325	23.486447496071246
6.949622395833325	24.339920320325756
7.049622395833325	25.208143073104583
7.149622395833324	26.09031536192511
7.249622395833324	26.985999804572163
7.3496223958333236	27.894497694053424
7.449622395833323	28.8152031064989
7.549622395833323	29.74768122075891
7.6496223958333225	30.691256794291217
7.749622395833322	31.645480019850133
7.849622395833322	32.60991887231442
7.949622395833321	33.58402418447989
8.049622395833321	34.56741862061333
8.14962239583332	35.55965634921781
8.24962239583332	36.56024755491585
8.34962239583332	37.56890036283445
8.44962239583332	38.58521727678028
8.54962239583332	39.60875470043294
8.649622395833319	40.639207647539436
8.749622395833319	41.676276841265455
8.849622395833318	42.71953425022363
8.949622395833318	43.76869477013156
9.049622395833318	44.82353172223144
9.149622395833317	45.88366703766888
9.249622395833317	46.948787237632
9.349622395833316	48.01868480371795
9.449622395833316	49.092959431813014
9.549622395833316	50.17143681613247
9.649622395833315	51.25405930803975
9.749622395833315	52.339447835032814
9.849622395833315	53.42623504704709
9.949622395833314	54.514386920979575
10.049622395833314	55.60386376702597
10.149622395833314	56.69462598706923
10.249622395833313	57.78663165440735
10.349622395833313	58.879843364474496
10.449622395833313	59.97422565300654
10.549622395833312	61.06974189308115
10.649622395833312	62.16635562981035
10.749622395833311	63.26403650832028
10.849622395833311	64.36274410953843
10.94962239583331	65.46244502997693
11.04962239583331	66.56310111264986
11.14962239583331	67.66467234524339
11.24962239583331	68.76712245261699
11.34962239583331	69.87040946767442
11.449622395833309	70.97449288160044
11.549622395833309	72.07932771501059
11.649622395833308	73.18486749139134
11.749622395833308	74.29106283073588
11.849622395833308	75.3978555753987
11.949622395833307	76.50518676069588
12.049622395833307	77.61298138467419
12.149622395833306	78.72116048372843
12.249622395833306	79.82961796070697
12.349622395833306	80.93822180519118
12.449622395833305	82.04679387018408
12.549622395833305	83.15506087035223
12.634562348364124	84.00506744891598
1000012.6345623484	84.00506744891598
