-100000	0
0.10129025141978687	0
0.1046235847531202	0.000007912193910427556
0.1096235847531202	0.00006973527353329013
0.11712358475312021	0.00032505268804076194
0.12837358475312022	0.0011821161501219333
0.14524858475312022	0.0037759949177362273
0.1705610847531202	0.01107700863775765
0.2085298347531202	0.02813165218348209
0.2654829597531202	0.06200096797801941
0.3509126472531202	0.12669561456501222
0.4509126472531202	0.21992963102797017
0.5509126472531202	0.3293106743176308
0.6509126472531201	0.4526206837573673
0.7509126472531201	0.5880121581484632
0.8509126472531201	0.7339644969363786
0.9509126472531201	0.8892308416666841
1.05091264725312	1.0527730045621653
1.1509126472531201	1.223707174869382
1.2509126472531202	1.40126804909269
1.3509126472531203	1.5847804269458592
1.4509126472531204	1.7736378272835271
1.5509126472531205	1.9672925108214894
1.6509126472531206	2.1652441910792457
1.7509126472531207	2.3670295360478795
1.8509126472531208	2.5722208260500814
1.9509126472531209	2.7804148619900917
2.0509126472531207	2.99122897695589
2.150912647253121	3.204281745357262
2.250912647253121	3.419216466164708
2.350912647253121	3.635625456214341
2.450912647253121	3.8532756282966205
2.550912647253121	4.071821237205323
2.6509126472531213	4.290894085141893
2.7509126472531213	4.510152079214154
2.8509126472531214	4.729330257471464
2.9509126472531215	4.948169174812616
3.0509126472531216	5.166452962953057
3.1509126472531217	5.384002890971314
3.250912647253122	5.600673942581172
3.350912647253122	5.816345831943339
3.450912647253122	6.030911618393092
3.550912647253122	6.244266888432593
3.650912647253122	6.456307731906995
3.7509126472531222	6.666912141847616
3.8509126472531223	6.875974302825888
3.9509126472531224	7.083380114254824
4.0509126472531225	7.289028451840882
4.150912647253122	7.49283418909512
4.250912647253122	7.694729459950824
4.350912647253121	7.894662309156051
4.450912647253121	8.092593820027203
4.550912647253121	8.288488042848556
4.65091264725312	8.48230480549383
4.75091264725312	8.674002212085792
4.85091264725312	8.863533699405522
4.950912647253119	9.05085572226267
5.050912647253119	9.235942785089998
5.150912647253119	9.418800644944168
5.250912647253118	9.599469999206706
5.350912647253118	9.778010435734776
5.4509126472531175	9.95454463887636
5.550912647253117	10.129133385217965
5.650912647253117	10.301830331677007
5.7509126472531165	10.472597271456765
5.850912647253116	10.641352682652292
5.950912647253116	10.808004228428505
6.050912647253115	10.972521083526146
6.150912647253115	11.135086107660555
6.250912647253115	11.296117741617282
6.350912647253114	11.4563246192991
6.450912647253114	11.616406625483322
6.550912647253114	11.777429375450303
6.650912647253113	11.940889862632392
6.750912647253113	12.107572936456435
6.8509126472531126	12.27806637390945
6.950912647253112	12.453845129571011
7.050912647253112	12.635192574906629
7.1509126472531115	12.822701089963056
7.250912647253111	13.016903623599761
7.350912647253111	13.218267210748962
7.45091264725311	13.427193499556372
7.55091264725311	13.644035248434456
7.65091264725311	13.86910050315359
7.750912647253109	14.10267121022777
7.850912647253109	14.345018784936983
7.950912647253109	14.596412945171746
8.050912647253108	14.85712149265799
8.150912647253108	15.127396179098898
8.250912647253108	15.40747314559886
8.350912647253107	15.697561165248588
8.450912647253107	15.997839303250165
8.550912647253107	16.308459841149258
8.650912647253106	16.62954859210555
8.750912647253106	16.96122064222647
8.850912647253105	17.30356514353924
8.950912647253105	17.65666756807426
9.050912647253105	18.020582144227294
9.150912647253104	18.39534598913548
9.250912647253104	18.78096816551554
9.350912647253104	19.177441701325733
9.450912647253103	19.584742495434202
9.550912647253103	20.0028480508895
9.650912647253103	20.431734547314576
9.750912647253102	20.871717225001756
9.850912647253102	21.32305186600549
9.950912647253102	21.785642517589316
10.050912647253101	22.25939374622324
10.1509126472531	22.744207069593227
10.2509126472531	23.239985740213015
10.3509126472531	23.746629122135754
10.4509126472531	24.264037977638537
10.5509126472531	24.79211064491903
10.650912647253099	25.330741839977616
10.750912647253099	25.879825413824236
10.850912647253098	26.439250528686035
10.950912647253098	27.008906611901306
11.050912647253098	27.588679324157813
11.150912647253097	28.17844978950601
11.250912647253097	28.778090993595747
11.350912647253097	29.387474682605006
11.450912647253096	30.00646566953131
11.550912647253096	30.634922076088866
11.650912647253095	31.272693674482834
11.750912647253095	31.91961737059405
11.850912647253095	32.575523693800044
11.950912647253094	33.24022313385886
12.050912647253094	33.91351321677564
12.150912647253094	34.59516744596787
12.250912647253093	35.28493063906465
12.350912647253093	35.98251298648433
12.450912647253093	36.68756280322488
12.550912647253092	37.38115068383717
12.591534270209399	37.46323463537327
1000012.5915342702	37.46323463537327
