-100000	0
0.2528823674101375	0
0.25321570074347083	0.000000015294882971646616
0.25371570074347083	0.00000015375207256186873
0.2544657007434708	0.0000007032807482366545
0.2555907007434708	0.0000024719457723713206
0.2572782007434708	0.000007688675188312109
0.2598094507434708	0.00002241758868355982
0.26360632574347076	0.0000630046169471237
0.26930163824347075	0.00017359519767677528
0.27784460699347074	0.00047268236106424235
0.28784460699347075	0.0010608308182390967
0.29784460699347076	0.0019410946143707452
0.30784460699347077	0.0031441607795139946
0.3178446069934708	0.004695579445106694
0.3278446069934708	0.006616009515452153
0.3378446069934708	0.008922760920815787
0.3478446069934708	0.011630728687594743
0.3578446069934708	0.014753467321512668
0.3678446069934708	0.01830257686640293
0.37784460699347083	0.02223875189991504
0.38784460699347084	0.026490183141873434
0.39784460699347085	0.031024647433499353
0.40784460699347086	0.03581991967892431
0.41784460699347087	0.040859032911324304
0.4278446069934709	0.046128199758615485
0.4378446069934709	0.051615790541318846
0.4478446069934709	0.05731232353974665
0.4578446069934709	0.06320985036524088
0.4678446069934709	0.06930126466201927
0.4778446069934709	0.07558045238879026
0.48784460699347093	0.08204180347070505
0.49784460699347094	0.08868034930855172
0.5078446069934709	0.09549150241123856
0.5178446069934709	0.10247103603053831
0.5278446069934709	0.10961509977539556
0.5378446069934709	0.11692008255111543
0.5478446069934709	0.12438266058732232
0.5578446069934709	0.13199969814512363
0.567844606993471	0.139768195331649
0.577844606993471	0.14768532764842082
0.587844606993471	0.1557486209431376
0.597844606993471	0.16395541928321608
0.607844606993471	0.1723033186447479
0.617844606993471	0.18079019077880001
0.627844606993471	0.18941377958839412
0.637844606993471	0.19817196439402662
0.647844606993471	0.20706277308992788
0.657844606993471	0.21608411828271237
0.667844606993471	0.22523413784581617
0.677844606993471	0.23451112164828455
0.687844606993471	0.24391316719616538
0.6978446069934711	0.2534386655103718
0.7078446069934711	0.2630858997775412
0.7178446069934711	0.2728531957979933
0.7278446069934711	0.28273896558803757
0.7378446069934711	0.2927417076401188
0.7478446069934711	0.3028599525739341
0.7578446069934711	0.3130921635690473
0.7678446069934711	0.3234369718129762
0.7778446069934711	0.33389295485950216
0.7878446069934711	0.3444585705010962
0.7978446069934712	0.3551327504252945
0.8078446069934712	0.365914065995938
0.8178446069934712	0.37680110743968925
0.8278446069934712	0.387792902029171
0.8378446069934712	0.3988879327553124
0.8478446069934712	0.41008493660758605
0.8578446069934712	0.42138295562270217
0.8678446069934712	0.4327807962510729
0.8778446069934712	0.44427707204363004
0.8878446069934712	0.4558709554897676
0.8978446069934712	0.46756130947816893
0.9078446069934712	0.47934672374357623
0.9178446069934713	0.4912264142234027
0.9278446069934713	0.5031994113006929
0.9378446069934713	0.5152643941132605
0.9478446069934713	0.5274205140029697
0.9578446069934713	0.5396668874959614
0.9678446069934713	0.5520024140464947
0.9778446069934713	0.5644261324711205
0.9878446069934713	0.5769371544180049
0.9978446069934713	0.5895344433042015
1.0078446069934712	0.6022171448141294
1.0178446069934712	0.6149843926350638
1.0278446069934712	0.6278352828239635
1.0378446069934713	0.6407689102491305
1.0478446069934713	0.6537843703689671
1.0578446069934713	0.6668809425477166
1.0678446069934713	0.6800577137820305
1.0778446069934713	0.6933138773864276
1.0878446069934713	0.7066486635519942
1.0978446069934713	0.7200612814955666
1.1078446069934713	0.7335508102462274
1.1178446069934713	0.747116515160818
1.1278446069934713	0.76075781841413
1.1378446069934713	0.774473733118566
1.1478446069934714	0.7882635222138956
1.1578446069934714	0.8021266643608346
1.1678446069934714	0.816062373333093
1.1778446069934714	0.8300698335191162
1.1878446069934714	0.8441483599308689
1.1978446069934714	0.8582973474796777
1.2078446069934714	0.8725160765568536
1.2178446069934714	0.8868037723076633
1.2278446069934714	0.9011598147547326
1.2378446069934714	0.9155836773462205
1.2478446069934714	0.9300745702597121
1.2578446069934714	0.9446317520510533
1.2678446069934715	0.959254843126057
1.2778446069934715	0.973943054635962
1.2878446069934715	0.9886956978394263
1.2978446069934715	1.0035123199528766
1.3078446069934715	1.0183921965191538
1.3178446069934715	1.033334739417611
1.3278446069934715	1.0483393884675933
1.3378446069934715	1.0634055196328576
1.3478446069934715	1.0785326014685588
1.3578446069934715	1.0937199689977513
1.3678446069934715	1.1089670565073872
1.3778446069934716	1.1242357110370862
1.3878446069934716	1.139600626463856
1.3978446069934716	1.1550235587476603
1.4078446069934716	1.170486547776585
1.4178446069934716	1.1860240768961559
1.4278446069934716	1.2016166202737009
1.4378446069934716	1.2172634879276687
1.4478446069934716	1.2329685765586251
1.4578446069934716	1.2487285609834988
1.4678446069934716	1.2645427892124221
1.4778446069934716	1.2804108029418233
1.4878446069934717	1.2963205409156549
1.4978446069934717	1.312294755830858
1.5078446069934717	1.3283097502393404
1.5178446069934717	1.3443819178995642
1.5278446069934717	1.360511344413002
1.5378446069934717	1.3766916142426189
1.5478446069934717	1.3929221784525507
1.5578446069934717	1.409202648161254
1.5678446069934717	1.4255324812533428
1.5778446069934717	1.4419110695406352
1.5878446069934717	1.4583380669596417
1.5978446069934717	1.474812999450915
1.6078446069934718	1.4913354256329208
1.6178446069934718	1.5079048656403975
1.6278446069934718	1.5245207460963461
1.6378446069934718	1.5411829811092173
1.6478446069934718	1.557890826733926
1.6578446069934718	1.5746439005132156
1.6678446069934718	1.5914415795433323
1.6778446069934718	1.6082836777909957
1.6878446069934718	1.6251696802069173
1.6978446069934718	1.6420990449302555
1.7078446069934718	1.6590714256979522
1.7178446069934719	1.6760864648948164
1.7278446069934719	1.6931437454096774
1.7378446069934719	1.710242653464367
1.7478446069934719	1.7273829759571064
1.757844606993472	1.7445642888909931
1.767844606993472	1.761786063090032
1.777844606993472	1.7790479256992444
1.787844606993472	1.796349522482891
1.797844606993472	1.8136904066141937
1.807844606993472	1.8310701184835556
1.817844606993472	1.8484883667928451
1.827844606993472	1.865944610656381
1.837844606993472	1.8834386402013736
1.847844606993472	1.9009700001648902
1.857844606993472	1.9185381131038268
1.867844606993472	1.9361428876914646
1.877844606993472	1.953783445437863
1.887844606993472	1.9714455258878827
1.897844606993472	1.9891420962985857
1.907844606993472	2.0068891661550645
1.917844606993472	2.024670848373297
1.927844606993472	2.0424867988219426
1.937844606993472	2.060336603251704
1.947844606993472	2.0782199580930922
1.957844606993472	2.0961363816492873
1.967844606993472	2.1140856123192773
1.977844606993472	2.1320672534775875
1.987844606993472	2.150080888692725
1.997844606993472	2.1681262334263125
2.007844606993472	2.1862009096428388
2.0178446069934717	2.204303623301367
2.0278446069934715	2.222441930026473
2.0378446069934713	2.24061048213237
2.047844606993471	2.258804724345138
2.057844606993471	2.2770239553489544
2.0678446069934706	2.2952812067622506
2.0778446069934704	2.3135672584235474
2.08784460699347	2.3318816544837486
2.09784460699347	2.3502239408015537
2.1078446069934698	2.368594159452398
2.1178446069934695	2.3869921894176866
2.1278446069934693	2.4054170361545935
2.137844606993469	2.4238675389864914
2.147844606993469	2.442345274382754
2.1578446069934687	2.460849849175043
2.1678446069934685	2.4793797800385575
2.1778446069934683	2.4979326523912397
2.187844606993468	2.5165128125225116
2.197844606993468	2.5351185337706594
2.2078446069934676	2.553743423723071
2.2178446069934674	2.572397752026174
2.227844606993467	2.5910758483012697
2.237844606993467	2.6097774263010636
2.2478446069934668	2.6285021848332573
2.2578446069934666	2.647249734483656
2.2678446069934663	2.6660197336759985
2.277844606993466	2.6848118744143905
2.287844606993466	2.7036258924765235
2.2978446069934657	2.7224614489641654
2.3078446069934655	2.741318252788636
2.3178446069934653	2.760195865443982
2.327844606993465	2.7790939651013247
2.337844606993465	2.798012307735621
2.3478446069934646	2.8169506273735903
2.3578446069934644	2.835908564660514
2.367844606993464	2.854885746123969
2.377844606993464	2.873881835458474
2.387844606993464	2.892896564641567
2.3978446069934636	2.9119296408571973
2.4078446069934634	2.9309807386485955
2.417844606993463	2.9500494812821967
2.427844606993463	2.9691356197882763
2.4378446069934627	2.988238833299566
2.4478446069934625	3.0073587854827943
2.4578446069934623	3.0264951395250717
2.467844606993462	3.0456475959616416
2.477844606993462	3.0648158282653633
2.4878446069934617	3.0839995396518765
2.4978446069934614	3.1031983976145403
2.5078446069934612	3.1224121158844187
2.517844606993461	3.1416403737604957
2.527844606993461	3.1608828997596548
2.5378446069934606	3.180139314955293
2.5478446069934604	3.1994093135651247
2.55784460699346	3.218692616578827
2.56784460699346	3.237988900562217
2.5778446069934597	3.257297788698755
2.5878446069934595	3.2765887341119964
2.5978446069934593	3.2959137530515883
2.607844606993459	3.3152587862864022
2.617844606993459	3.334615250266184
2.6278446069934587	3.353956001661377
2.6378446069934585	3.373302469814441
2.6478446069934582	3.3926752675253122
2.657844606993458	3.412074318630669
2.667844606993458	3.4314703599389857
2.6778446069934576	3.450870140980078
2.6878446069934574	3.470293796481457
2.697844606993457	3.489730516698852
2.707844606993457	3.5091758474592085
2.7178446069934568	3.5286293932039134
2.7278446069934565	3.5480911210152493
2.7378446069934563	3.567554426976274
2.747844606993456	3.587019564248767
2.757844606993456	3.606503486385383
2.7678446069934557	3.6259934337526905
2.7778446069934555	3.64547887914561
2.7878446069934553	3.6649581060329273
2.797844606993455	3.684467448971326
2.807844606993455	3.703982525717502
2.8178446069934546	3.723503243221534
2.8278446069934544	3.7430287648396154
2.837844606993454	3.7625591407141337
2.847844606993454	3.7820937422401917
2.8578446069934538	3.8016327855320267
2.8678446069934536	3.8211755493318336
2.8778446069934533	3.8407219926107046
2.887844606993453	3.8602715886342684
2.897844606993453	3.8798243624745394
2.9078446069934527	3.899379699851664
2.9178446069934525	3.9189376935709115
2.9278446069934523	3.9384975964194995
2.937844606993452	3.9580596434916995
2.947844606993452	3.977623107208237
2.9578446069934516	3.997187891226735
2.9678446069934514	4.016753648539236
2.977844606993451	4.036320351245844
2.987844606993451	4.055887581447982
2.997844606993451	4.075454932999875
3.0078446069934506	4.095022191992866
3.0178446069934504	4.1145891435813
3.02784460699345	4.134155859627459
3.03784460699345	4.153721464367036
3.0478446069934497	4.173286024120761
3.0578446069934495	4.192849173671755
3.0678446069934493	4.212411025237255
3.077844606993449	4.231970749036249
3.087844606993449	4.251528438539991
3.0978446069934487	4.271083699179997
3.1078446069934484	4.2906366294318925
3.1178446069934482	4.310186469358976
3.127844606993448	4.329733252865138
3.137844606993448	4.349276659983054
3.1478446069934476	4.368816677682485
3.1578446069934474	4.388352728741361
3.167844606993447	4.4078846501052515
3.177844606993447	4.427412289606084
3.1878446069934467	4.446935591545148
3.1978446069934465	4.466453984889869
3.2078446069934463	4.485967398125124
3.217844606993446	4.505475709859135
3.227844606993446	4.524978674135675
3.2378446069934457	4.544475844268853
3.2478446069934455	4.563967014134147
3.2578446069934452	4.583452195988842
3.267844606993445	4.602931014795809
3.277844606993445	4.6224034323445435
3.2878446069934446	4.641868954141941
3.2978446069934444	4.661327522625283
3.307844606993444	4.680778882773343
3.317844606993444	4.700222974109015
3.3278446069934438	4.719659443784575
3.3378446069934435	4.739088012970268
3.3478446069934433	4.7585085126169995
3.357844606993443	4.777921071846017
3.367844606993443	4.7973249007737895
3.3778446069934427	4.816720160414654
3.3878446069934425	4.836106552721715
3.3978446069934423	4.855483884167427
3.407844606993442	4.874852178730789
3.417844606993442	4.894210796742502
3.4278446069934416	4.913560027154419
3.4378446069934414	4.932899252026296
3.447844606993441	4.952228344075941
3.457844606993441	4.971547084805248
3.4678446069934408	4.9908555770677365
3.4778446069934406	5.010153424339525
3.4878446069934403	5.0294404074817365
3.49784460699344	5.048716400596775
3.50784460699344	5.0679810449768
3.5178446069934397	5.087234282000446
3.5278446069934395	5.106476073777637
3.5378446069934393	5.1257058212605315
3.547844606993439	5.144923588158882
3.557844606993439	5.164129133951595
3.5678446069934386	5.183322387717154
3.5778446069934384	5.202503092187942
3.587844606993438	5.221670860833635
3.597844606993438	5.240825530659173
3.607844606993438	5.259967292861883
3.6178446069934376	5.27909537726629
3.6278446069934374	5.298209772477618
3.637844606993437	5.317310361723795
3.647844606993437	5.336396977407617
3.6578446069934367	5.355469614160277
3.6678446069934365	5.374527590635411
3.6778446069934363	5.393571106592329
3.687844606993436	5.412599789637679
3.697844606993436	5.431613273507322
3.7078446069934357	5.450611386658883
3.7178446069934354	5.4695941866694335
3.7278446069934352	5.488561395691058
3.737844606993435	5.507512929303952
3.747844606993435	5.526448231116271
3.7578446069934346	5.5453673515279105
3.7678446069934344	5.564269916694713
3.777844606993434	5.583155756331669
3.787844606993434	5.602024539451955
3.7978446069934337	5.620876434599806
3.8078446069934335	5.639710976991922
3.8178446069934333	5.658527973532777
3.827844606993433	5.677327385205203
3.837844606993433	5.696108725991091
3.8478446069934327	5.714871945983865
3.8578446069934325	5.733616973971342
3.8678446069934322	5.7523432782959025
3.877844606993432	5.77105079335475
3.887844606993432	5.789739277154634
3.8978446069934316	5.8084086165237245
3.9078446069934314	5.827058630416918
3.917844606993431	5.845688806082241
3.927844606993431	5.864299414845136
3.9378446069934308	5.882889804199399
3.9478446069934305	5.901459808785936
3.9578446069934303	5.920009330512831
3.96784460699343	5.938538249965552
3.97784460699343	5.957046342729216
3.9878446069934297	5.975533448608273
3.9978446069934295	5.993998981031113
4.007844606993429	6.0124432804129295
4.017844606993429	6.030865767851514
4.027844606993429	6.049266148695188
4.037844606993429	6.067644359563413
4.047844606993428	6.086000365281957
4.057844606993428	6.104333827407476
4.067844606993428	6.122644493295657
4.077844606993428	6.140932300430117
4.0878446069934276	6.159196957762606
4.097844606993427	6.17743821445277
4.107844606993427	6.195656028143102
4.117844606993427	6.213850073053723
4.127844606993427	6.2320201406513736
4.1378446069934265	6.250165963370597
4.147844606993426	6.268287720178854
4.157844606993426	6.2863847005650895
4.167844606993426	6.3044571329319465
4.177844606993426	6.322504561252584
4.187844606993425	6.340527015757425
4.197844606993425	6.358524123358904
4.207844606993425	6.376495820461859
4.217844606993425	6.394441812458569
4.227844606993425	6.412362117187487
4.237844606993424	6.43025626670138
4.247844606993424	6.448124280004725
4.257844606993424	6.465965844888144
4.267844606993424	6.483780981695302
4.2778446069934235	6.5015694267619075
4.287844606993423	6.519330980555174
4.297844606993423	6.537065320317316
4.307844606993423	6.5547724806350605
4.317844606993423	6.572452169809863
4.327844606993422	6.590104328145402
4.337844606993422	6.607728895332285
4.347844606993422	6.625325482908155
4.357844606993422	6.642893998284934
4.367844606993422	6.660434284847111
4.377844606993421	6.677946206411814
4.387844606993421	6.695429573942743
4.397844606993421	6.712884177857154
4.407844606993421	6.730309855462096
4.4178446069934205	6.747706399541495
4.42784460699342	6.7650738710812055
4.43784460699342	6.782411976618033
4.44784460699342	6.799720534563749
4.45784460699342	6.816999504265756
4.4678446069934195	6.834248479524271
4.477844606993419	6.8514673716543095
4.487844606993419	6.868655953467925
4.497844606993419	6.885814391982685
4.507844606993419	6.902942243976311
4.517844606993418	6.920039589058033
4.527844606993418	6.937106045627666
4.537844606993418	6.954141363632695
4.547844606993418	6.971145606716762
4.5578446069934175	6.988118507586024
4.567844606993417	7.005059666007077
4.577844606993417	7.021969511311612
4.587844606993417	7.0388402534200605
4.597844606993417	7.05568593366775
4.6078446069934165	7.072499557741571
4.617844606993416	7.089280811389326
4.627844606993416	7.106029450713946
4.637844606993416	7.12274528518048
4.647844606993416	7.139428198750474
4.657844606993415	7.156078128031472
4.667844606993415	7.172694564331112
4.677844606993415	7.189277573785809
4.687844606993415	7.205826769130033
4.6978446069934146	7.222342156614085
4.707844606993414	7.238823618515491
4.717844606993414	7.255270715831828
4.727844606993414	7.271683250917039
4.737844606993414	7.288061114567127
4.7478446069934135	7.304404198565952
4.757844606993413	7.320712223728951
4.767844606993413	7.33698491546574
4.777844606993413	7.353222171476266
4.787844606993413	7.369423739107176
4.797844606993412	7.3855893367339
4.807844606993412	7.401718921156272
4.817844606993412	7.41781222017267
4.827844606993412	7.433868836669624
4.837844606993412	7.449888706560329
4.847844606993411	7.465871593838072
4.857844606993411	7.481817218253825
4.867844606993411	7.497725457908845
4.877844606993411	7.51359608904546
4.8878446069934105	7.5294288340119495
4.89784460699341	7.545223596424355
4.90784460699341	7.560979985759653
4.91784460699341	7.57669781315726
4.92784460699341	7.592376829278064
4.937844606993409	7.608017051849996
4.947844606993409	7.623618064802712
4.957844606993409	7.639179799851111
4.967844606993409	7.654701790193391
4.977844606993409	7.670184078207151
4.987844606993408	7.685626244986031
4.997844606993408	7.701028024394919
5.007844606993408	7.716389373339346
5.017844606993408	7.731710068897905
5.0278446069934075	7.746989975128885
5.037844606993407	7.762228774585952
5.047844606993407	7.777426501283545
5.057844606993407	7.792582646159799
5.067844606993407	7.807697326894085
5.0778446069934065	7.822770251923839
5.087844606993406	7.837801066221747
5.097844606993406	7.852789621702786
5.107844606993406	7.867735928528747
5.117844606993406	7.882639901224205
5.127844606993405	7.89750109878711
5.137844606993405	7.912319394894487
5.147844606993405	7.927094672335393
5.157844606993405	7.941826965639807
5.1678446069934045	7.956516044801563
5.177844606993404	7.971161848496722
5.187844606993404	7.985764151632365
5.197844606993404	8.000322909195647
5.207844606993404	8.014837962367558
5.2178446069934035	8.02930937646793
5.227844606993403	8.043736867337422
5.237844606993403	8.058120234926335
5.247844606993403	8.072459698237799
5.257844606993403	8.086755080135312
5.267844606993402	8.101006394569763
5.277844606993402	8.115213260923408
5.287844606993402	8.12937608766656
5.297844606993402	8.143494371766643
5.3078446069934015	8.1575683899228
5.317844606993401	8.17159802648366
5.327844606993401	8.185583126260145
5.337844606993401	8.199523662879919
5.347844606993401	8.213419714700981
5.3578446069934005	8.227271202726252
5.3678446069934	8.241078139221127
5.3778446069934	8.254840422582836
5.3878446069934	8.268557996509298
5.3978446069934	8.28223088808821
5.407844606993399	8.29585906701643
5.417844606993399	8.309442547416312
5.427844606993399	8.322981297374904
5.437844606993399	8.336475289694944
5.447844606993399	8.349924509895954
5.457844606993398	8.363328936528616
5.467844606993398	8.37668858354594
5.477844606993398	8.39000337255398
5.487844606993398	8.403273212087248
5.4978446069933975	8.416498245342309
5.507844606993397	8.429678351321428
5.517844606993397	8.44281332843404
5.527844606993397	8.45590330530448
5.537844606993397	8.46894814035388
5.547844606993396	8.481947920594171
5.557844606993396	8.494902431232232
5.567844606993396	8.50781146279447
5.577844606993396	8.520675174217345
5.587844606993396	8.53349311301382
5.597844606993395	8.546265522703672
5.607844606993395	8.558991974854546
5.617844606993395	8.57167246076497
5.627844606993395	8.584306742052748
5.6378446069933945	8.596894842486638
5.647844606993394	8.609436236410149
5.657844606993394	8.621930913535705
5.667844606993394	8.634378589413583
5.677844606993394	8.646779226205451
5.6878446069933934	8.659132435781691
5.697844606993393	8.67143796374075
5.707844606993393	8.683695475135229
5.717844606993393	8.695904727237856
5.727844606993393	8.708065402538043
5.737844606993392	8.720177269981358
5.747844606993392	8.732240155934857
5.757844606993392	8.74425347187773
5.767844606993392	8.75621696099845
5.7778446069933915	8.768130232643198
5.787844606993391	8.779993007167203
5.797844606993391	8.7918046909693
5.807844606993391	8.803565206212019
5.817844606993391	8.815273944675129
5.8278446069933905	8.826930696203874
5.83784460699339	8.838534866659103
5.84784460699339	8.850086316025662
5.85784460699339	8.861584426211417
5.86784460699339	8.873028832232784
5.877844606993389	8.884419413357172
5.887844606993389	8.8957553735184
5.897844606993389	8.907036533410173
5.907844606993389	8.918262443886205
5.9178446069933885	8.929432498298793
5.927844606993388	8.940546649278833
5.937844606993388	8.951604746669148
5.947844606993388	8.962606134313539
5.957844606993388	8.97355067593242
5.9678446069933875	8.98443798105237
5.977844606993387	8.99526788754958
5.987844606993387	9.00604010011547
5.997844606993387	9.016754326857379
6.007844606993387	9.027410607557181
6.017844606993386	9.03800873947124
6.027844606993386	9.048548471865367
6.037844606993386	9.059029990170524
6.047844606993386	9.069453117869335
6.057844606993386	9.079817997617397
6.067844606993385	9.0901248656359
6.077844606993385	9.100373659324953
6.087844606993385	9.1105646097495
6.097844606993385	9.12069805230831
6.1078446069933845	9.130774182015983
6.117844606993384	9.140793320057217
6.127844606993384	9.150756058923054
6.137844606993384	9.160662658938097
6.147844606993384	9.17051380636767
6.157844606993383	9.180310042519634
6.167844606993383	9.19005194088108
6.177844606993383	9.199740160455125
6.187844606993383	9.209375550219482
6.197844606993383	9.218958878929866
6.207844606993382	9.228491017135143
6.217844606993382	9.237972943908991
6.227844606993382	9.247405613601952
6.237844606993382	9.256789959934643
6.2478446069933815	9.26612724160911
6.257844606993381	9.275418490181163
6.267844606993381	9.284664756849425
6.277844606993381	9.293867421259021
6.287844606993381	9.303027556903485
6.2978446069933804	9.312146625417014
6.30784460699338	9.321225782864488
6.31784460699338	9.330266497123374
6.32784460699338	9.339270095283846
6.33784460699338	9.34823795173553
6.347844606993379	9.35717147088994
6.357844606993379	9.366072257236388
6.367844606993379	9.37494176213973
6.377844606993379	9.383781380422313
6.3878446069933785	9.392592736689707
6.397844606993378	9.401377302063784
6.407844606993378	9.410136637345815
6.417844606993378	9.418872371489485
6.427844606993378	9.427585916726859
6.4378446069933775	9.436278893451842
6.447844606993377	9.444953201132593
6.457844606993377	9.453609909864856
6.467844606993377	9.46225080796462
6.477844606993377	9.470877399501163
6.487844606993376	9.479491594597722
6.497844606993376	9.488094448028436
6.507844606993376	9.496687777584944
6.517844606993376	9.505272894211943
6.5278446069933755	9.513851767973607
6.537844606993375	9.522425524836688
6.547844606993375	9.530995897807959
6.557844606993375	9.539564253101949
6.567844606993375	9.54813204272893
6.5778446069933745	9.55670053915703
6.587844606993374	9.565271628081655
6.597844606993374	9.57384628340263
6.607844606993374	9.582426387452296
6.617844606993374	9.59101282823869
6.627844606993373	9.599607306272764
6.637844606993373	9.608211022210726
6.647844606993373	9.616825353354306
6.657844606993373	9.62545158770044
6.667844606993373	9.634091147449105
6.677844606993372	9.642745173732933
6.687844606993372	9.651414985542097
6.697844606993372	9.660101796237939
6.707844606993372	9.668806880673591
6.7178446069933715	9.677531375259324
6.727844606993371	9.686276554036262
6.737844606993371	9.695043548953429
6.747844606993371	9.703833630853797
6.757844606993371	9.712647580271767
6.76784460699337	9.721486647247124
6.77784460699337	9.73035182598138
6.78784460699337	9.73924438492734
6.79784460699337	9.74816511334437
6.80784460699337	9.7571153146078
6.817844606993369	9.766095869259162
6.827844606993369	9.775107846664813
6.837844606993369	9.78415223323308
6.847844606993369	9.793230090765542
6.8578446069933685	9.80234221082508
6.867844606993368	9.81148968599928
6.877844606993368	9.820673157815031
6.887844606993368	9.8298938467141
6.897844606993368	9.83915252269955
6.907844606993367	9.848450067372319
6.917844606993367	9.8577872363616
6.927844606993367	9.867165085726233
6.937844606993367	9.876584263772797
6.947844606993367	9.886045680849533
6.957844606993366	9.895550061405544
6.967844606993366	9.905098348151062
6.977844606993366	9.91469102255961
6.987844606993366	9.924329118922657
6.9978446069933655	9.934013306866987
7.007844606993365	9.943744399975708
7.017844606993365	9.953522893401502
7.027844606993365	9.963349728696597
7.037844606993365	9.973225394416996
7.0478446069933645	9.983150749267937
7.057844606993364	9.993126522686252
7.067844606993364	10.003153421993005
7.077844606993364	10.01323211643163
7.087844606993364	10.023363350889175
7.097844606993363	10.03354752094546
7.107844606993363	10.04378503010595
7.117844606993363	10.05407656732404
7.127844606993363	10.064423008753492
7.1378446069933625	10.074824789441667
7.147844606993362	10.085282339597512
7.157844606993362	10.095796566901173
7.167844606993362	10.106367976488809
7.177844606993362	10.116996880334058
7.1878446069933615	10.127683924221833
7.197844606993361	10.13842978491473
7.207844606993361	10.1492349806061
7.217844606993361	10.160099984272128
7.227844606993361	10.17102513592234
7.23784460699336	10.182011262613097
7.24784460699336	10.193058631207611
7.25784460699336	10.20416779785611
7.26784460699336	10.215339087818228
7.2778446069933596	10.226573221484228
7.287844606993359	10.23787061199266
7.297844606993359	10.249231416540962
7.307844606993359	10.260656339232316
7.317844606993359	10.272145865027113
7.3278446069933585	10.28370018670598
7.337844606993358	10.295319821170828
7.347844606993358	10.307005328062854
7.357844606993358	10.318756910326684
7.367844606993358	10.330575028813241
7.377844606993357	10.342459925135671
7.387844606993357	10.354412220374078
7.397844606993357	10.366432219668498
7.407844606993357	10.378520080107466
7.417844606993357	10.39067634354833
7.427844606993356	10.402901342466748
7.437844606993356	10.415195337720538
7.447844606993356	10.427558619883568
7.457844606993356	10.439991690450853
7.4678446069933555	10.452494693669115
7.477844606993355	10.46506793214751
7.487844606993355	10.477711884941012
7.497844606993355	10.490426812508352
7.507844606993355	10.503212834408098
7.517844606993354	10.51607033987572
7.527844606993354	10.528999680141274
7.537844606993354	10.542001070769333
7.547844606993354	10.555074738655597
7.557844606993354	10.568220989207168
7.567844606993353	10.581440202661394
7.577844606993353	10.594732597938474
7.587844606993353	10.60809822314745
7.597844606993353	10.621537542538624
7.6078446069933525	10.635050764131826
7.617844606993352	10.648638155562297
7.627844606993352	10.662299944804138
7.637844606993352	10.676036418435626
7.647844606993352	10.689847861055172
7.6578446069933515	10.703734314448843
7.667844606993351	10.71769621997052
7.677844606993351	10.731733790819357
7.687844606993351	10.745847179288857
7.697844606993351	10.76003661968898
7.70784460699335	10.774302519564966
7.71784460699335	10.788645041917347
7.72784460699335	10.803064250589255
7.73784460699335	10.817560618027034
7.7478446069933495	10.83213429987994
7.757844606993349	10.846785515356704
7.767844606993349	10.861514478319904
7.777844606993349	10.876321548601696
7.787844606993349	10.891206892498879
7.7978446069933485	10.906170637426111
7.807844606993348	10.921213300866887
7.817844606993348	10.93633500323076
7.827844606993348	10.951535988323808
7.837844606993348	10.96681651821908
7.847844606993347	10.982176896162215
7.857844606993347	10.99761729956767
7.867844606993347	11.013137778101672
7.877844606993347	11.028738740777507
7.8878446069933466	11.044420338625615
7.897844606993346	11.060182881024
7.907844606993346	11.076026657709786
7.917844606993346	11.091952064159496
7.927844606993346	11.107959237032349
7.9378446069933455	11.124048354308693
7.947844606993345	11.140219622984885
7.957844606993345	11.156473211982126
7.967844606993345	11.172809399779664
7.977844606993345	11.189228591265124
7.987844606993344	11.205731093359914
7.997844606993344	11.222317069113346
8.007844606993345	11.238986682540121
8.017844606993345	11.255740147374969
8.027844606993344	11.272577630877478
8.037844606993344	11.289499377146205
8.047844606993344	11.306505902993171
8.057844606993344	11.323597350851298
8.067844606993344	11.34077394055067
8.077844606993343	11.358035899573673
8.087844606993343	11.375383444131424
8.097844606993343	11.392816736708486
8.107844606993343	11.410335976114162
8.117844606993343	11.427941717283003
8.127844606993342	11.445634047644589
8.137844606993342	11.463413171436066
8.147844606993342	11.481279196347566
8.157844606993342	11.499232343843605
8.167844606993341	11.517272784017031
8.177844606993341	11.5354007844736
8.187844606993341	11.553616740691966
8.19784460699334	11.571920739632278
8.20784460699334	11.590312994829587
8.21784460699334	11.60879365781563
8.22784460699334	11.62736279251684
8.23784460699334	11.646020694161372
8.24784460699334	11.66476764603032
8.25784460699334	11.683603962226115
8.26784460699334	11.702529772447953
8.27784460699334	11.721545183179792
8.287844606993339	11.740650317131777
8.297844606993339	11.759845274028866
8.307844606993338	11.779130223270247
8.317844606993338	11.798505562039463
8.327844606993338	11.817971580826132
8.337844606993338	11.837528316136513
8.347844606993338	11.857175912437228
8.357844606993337	11.876914323114963
8.367844606993337	11.896743821366828
8.377844606993337	11.916664501945762
8.387844606993337	11.936676776690264
8.397844606993337	11.956780717175256
8.407844606993336	11.976976450606859
8.417844606993336	11.99726405674512
8.427844606993336	12.017643597045792
8.437844606993336	12.03811527272142
8.447844606993336	12.058679257768665
8.457844606993335	12.079335977030691
8.467844606993335	12.100085358498724
8.477844606993335	12.120927610927227
8.487844606993335	12.14186260232921
8.497844606993334	12.162890527465871
8.507844606993334	12.18401160054696
8.517844606993334	12.205226166050426
8.527844606993334	12.22653415388916
8.537844606993334	12.24793578843127
8.547844606993333	12.269431166553431
8.557844606993333	12.291020457932776
8.567844606993333	12.312703756761113
8.577844606993333	12.334481189729425
8.587844606993333	12.356353205344597
8.597844606993332	12.378319649736756
8.607844606993332	12.400380776702484
8.617844606993332	12.422536533772819
8.627844606993332	12.444787026963755
8.637844606993331	12.4671323947922
8.647844606993331	12.489573117957143
8.657844606993331	12.512109074004771
8.66784460699333	12.534740519345402
8.67784460699333	12.55746760157804
8.68784460699333	12.580290370150166
8.69784460699333	12.603208898040817
8.70784460699333	12.626223399740622
8.71784460699333	12.649334272471744
8.72784460699333	12.672541480483263
8.73784460699333	12.695845115222971
8.747844606993329	12.719245283785042
8.757844606993329	12.742741880390621
8.767844606993329	12.766335287156211
8.777844606993328	12.790025867593878
8.787844606993328	12.813813487545628
8.797844606993328	12.837698481453188
8.807844606993328	12.861680994297798
8.817844606993328	12.885761166878208
8.827844606993327	12.9099390989038
8.837844606993327	12.934214973723373
8.847844606993327	12.958588862180441
8.857844606993327	12.983060841634753
8.867844606993327	13.007631086842514
8.877844606993326	13.032299778586061
8.887844606993326	13.057067325332556
8.897844606993326	13.081933563975037
8.907844606993326	13.106898577798214
8.917844606993325	13.131962502960283
8.927844606993325	13.157125520467927
8.937844606993325	13.182387997967066
8.947844606993325	13.207750186869296
8.957844606993325	13.233212087157998
8.967844606993324	13.258773533738884
8.977844606993324	13.284434990109341
8.987844606993324	13.310196540499547
8.997844606993324	13.336058442357563
9.007844606993324	13.362020445733952
9.017844606993323	13.388083018816216
9.027844606993323	13.414246312082906
9.037844606993323	13.44051046088044
9.047844606993323	13.466875508100719
9.057844606993323	13.493341714669086
9.067844606993322	13.519909129681754
9.077844606993322	13.546577873224633
9.087844606993322	13.573348140416659
9.097844606993322	13.600220054690688
9.107844606993321	13.627193747149
9.117844606993321	13.654269485130857
9.127844606993321	13.681447337015934
9.13784460699332	13.70872715313694
9.14784460699332	13.736109430119004
9.15784460699332	13.763594160228797
9.16784460699332	13.79118164041797
9.17784460699332	13.818872093940797
9.18784460699332	13.846665434666873
9.19784460699332	13.874561826575308
9.20784460699332	13.902561309323298
9.217844606993319	13.930663989566707
9.227844606993319	13.958870331157748
9.237844606993319	13.987180381507693
9.247844606993318	14.015594176724
9.257844606993318	14.044111336917412
9.267844606993318	14.072732664423677
9.277844606993318	14.101458252950026
9.287844606993318	14.130288096535637
9.297844606993317	14.159222617860152
9.307844606993317	14.188261825992761
9.317844606993317	14.217405664391409
9.327844606993317	14.246654368430354
9.337844606993317	14.276008426708277
9.347844606993316	14.305467752985168
9.357844606993316	14.335032599464062
9.367844606993316	14.364703018835586
9.377844606993316	14.394479114698019
9.387844606993315	14.424361413215824
9.397844606993315	14.454349966261024
9.407844606993315	14.48444481854687
9.417844606993315	14.514646034484926
9.427844606993315	14.544953642925027
9.437844606993314	14.575368223844016
9.447844606993314	14.605889868961198
9.457844606993314	14.636518691666883
9.467844606993314	14.667254630740363
9.477844606993314	14.69809813177462
9.487844606993313	14.729049398349154
9.497844606993313	14.760108470241
9.507844606993313	14.791275847739177
9.517844606993313	14.822551454479338
9.527844606993312	14.853935395145783
9.537844606993312	14.885427912758653
9.547844606993312	14.91702980472525
9.557844606993312	14.948740844311148
9.567844606993312	14.98056121531369
9.577844606993311	15.012491097728095
9.587844606993311	15.044530376290155
9.597844606993311	15.07667934481928
9.60784460699331	15.10893898504356
9.61784460699331	15.141309146446467
9.62784460699331	15.17378996701448
9.63784460699331	15.206381238942408
9.64784460699331	15.239083026108267
9.65784460699331	15.271899153508468
9.66784460699331	15.304837652482094
9.67784460699331	15.337898816900527
9.687844606993309	15.371082513237143
9.697844606993309	15.404388649489867
9.707844606993309	15.437817184698941
9.717844606993308	15.471368055570258
9.727844606993308	15.50504125925188
9.737844606993308	15.538836692695433
9.747844606993308	15.572754301098765
9.757844606993308	15.606793569731611
9.767844606993307	15.640954557318098
9.777844606993307	15.675237323805403
9.787844606993307	15.709641707984616
9.797844606993307	15.744167857922388
9.807844606993307	15.778815355912911
9.817844606993306	15.813584304237452
9.827844606993306	15.848474616828405
9.837844606993306	15.88348622129189
9.847844606993306	15.918618901995902
9.857844606993305	15.953872627113158
9.867844606993305	15.989247412457376
9.877844606993305	16.024742944270585
9.887844606993305	16.060359255678986
9.897844606993305	16.096096248913778
9.907844606993304	16.13195371760191
9.917844606993304	16.167931866342748
9.927844606993304	16.204030452347272
9.937844606993304	16.24024932468234
9.947844606993304	16.276588355729373
9.957844606993303	16.313047484408155
9.967844606993303	16.349626766397556
9.977844606993303	16.386325807937833
9.987844606993303	16.423144835416394
9.997844606993302	16.460083627690416
10.007844606993302	16.49714212441932
10.017844606993302	16.534320289368722
10.027844606993302	16.571617855624837
10.037844606993302	16.60903481902607
10.047844606993301	16.646571205261868
10.057844606993301	16.684226689931865
10.067844606993301	16.72200132075151
10.0778446069933	16.75989497194816
10.0878446069933	16.79790753191445
10.0978446069933	16.836038986749372
10.1078446069933	16.87428936352421
10.1178446069933	16.912658205809706
10.1278446069933	16.951145514046715
10.1378446069933	16.98975128260476
10.1478446069933	17.02847539892692
10.157844606993299	17.067317725630737
10.167844606993299	17.10627840501928
10.177844606993299	17.145357125709406
10.187844606993298	17.184553883859838
10.197844606993298	17.223868704267023
10.207844606993298	17.26330113878989
10.217844606993298	17.302851384756217
10.227844606993298	17.342519301789597
10.237844606993297	17.38230466059378
10.247844606993297	17.422207481911467
10.257844606993297	17.46222776362575
10.267844606993297	17.502365202188113
10.277844606993296	17.542619796767337
10.287844606993296	17.582991661681238
10.297844606993296	17.623480218674022
10.307844606993296	17.664085722166845
10.317844606993296	17.70480793331815
10.327844606993295	17.745646805786333
10.337844606993295	17.786602208207746
10.347844606993295	17.827674217240084
10.357844606993295	17.868862611339217
10.367844606993295	17.910167295781783
10.377844606993294	17.951588202322515
10.387844606993294	17.993125194646396
10.397844606993294	18.03477808814603
10.407844606993294	18.07654694308264
10.417844606993294	18.118431641669957
10.427844606993293	18.160432002400707
10.437844606993293	18.20254797634773
10.447844606993293	18.244779510307826
10.457844606993293	18.287126345490908
10.467844606993292	18.32958858676103
10.477844606993292	18.372166059967295
10.487844606993292	18.414858725149138
10.497844606993292	18.457666357462248
10.507844606993292	18.500588915474086
10.517844606993291	18.543626287208017
10.527844606993291	18.586778411332375
10.537844606993291	18.630045183020048
10.54784460699329	18.67342646750652
10.55784460699329	18.71692228870514
10.56784460699329	18.760532466891906
10.57784460699329	18.804256787933063
10.58784460699329	18.848095240492686
10.59784460699329	18.89204775187404
10.60784460699329	18.936114179206598
10.61784460699329	18.980294448950314
10.627844606993289	19.024588497513072
10.637844606993289	19.068996144018556
10.647844606993289	19.113517269259116
10.657844606993288	19.158151968599967
10.667844606993288	19.20289974943945
10.677844606993288	19.247760801613172
10.687844606993288	19.292734964992047
10.697844606993288	19.33782210224916
10.707844606993287	19.38302210281392
10.717844606993287	19.42833503395383
10.727844606993287	19.473760668241813
10.737844606993287	19.519298954706606
10.747844606993286	19.564949896314065
10.757844606993286	19.61071307271548
10.767844606993286	19.656588559427682
10.777844606993286	19.702576218550174
10.787844606993286	19.74867593482957
10.797844606993285	19.794887730270283
10.807844606993285	19.841211253346252
10.817844606993285	19.88764661535017
10.827844606993285	19.934193735408872
10.837844606993285	19.980852429971826
10.847844606993284	20.02762250053591
10.857844606993284	20.074503943618293
10.867844606993284	20.121496561285593
10.877844606993284	20.168600283123112
10.887844606993283	20.21581496477899
10.897844606993283	20.26314073403028
10.907844606993283	20.310577242449956
10.917844606993283	20.358124485529327
10.927844606993283	20.405782417069215
10.937844606993282	20.45355067726427
10.947844606993282	20.50142936153657
10.957844606993282	20.549418269985857
10.967844606993282	20.5975173703134
10.977844606993282	20.64572645406954
10.987844606993281	20.694045467507845
10.997844606993281	20.74247429772258
11.007844606993281	20.791012806091636
11.01784460699328	20.839661124019266
11.02784460699328	20.88841883695358
11.03784460699328	20.937286062954506
11.04784460699328	20.986262492997454
11.05784460699328	21.035348055522523
11.06784460699328	21.084542802149166
11.07784460699328	21.133846428483785
11.08784460699328	21.18325878118785
11.097844606993279	21.232779827609388
11.107844606993279	21.282409529179876
11.117844606993279	21.332147526050207
11.127844606993278	21.38199388637326
11.137844606993278	21.431948460461047
11.147844606993278	21.482011217473744
11.157844606993278	21.532182047787153
11.167844606993278	21.582460645331768
11.177844606993277	21.63284708226136
11.187844606993277	21.6833411415803
11.197844606993277	21.73394272869316
11.207844606993277	21.784651725371237
11.217844606993276	21.835467954619816
11.227844606993276	21.886391356052712
11.237844606993276	21.937421714914247
11.247844606993276	21.98855908060761
11.257844606993276	22.039803184494534
11.267844606993275	22.091154023064046
11.277844606993275	22.142611365961436
11.287844606993275	22.194175211470508
11.297844606993275	22.24584538404975
11.307844606993275	22.29762163137597
11.317844606993274	22.349503976285614
11.327844606993274	22.401492212195144
11.337844606993274	22.453586328648385
11.347844606993274	22.50578601946457
11.357844606993273	22.558091278984744
11.367844606993273	22.61050203030908
11.377844606993273	22.663018061705056
11.387844606993273	22.715639383733837
11.397844606993273	22.768365608065963
11.407844606993272	22.821196776784554
11.417844606993272	22.87413276191453
11.427844606993272	22.927173325212525
11.437844606993272	22.98031841258546
11.447844606993272	23.0335678420378
11.457844606993271	23.086921537017158
11.467844606993271	23.14037933859183
11.477844606993271	23.19394116836877
11.48784460699327	23.247606725553513
11.49784460699327	23.30137603928356
11.50784460699327	23.355248912642256
11.51784460699327	23.40922526141381
11.52784460699327	23.46330502359384
11.53784460699327	23.517487928472118
11.54784460699327	23.57177397440603
11.55784460699327	23.62616288453978
11.567844606993269	23.680654490846802
11.577844606993269	23.735248657522103
11.587844606993269	23.78994520438541
11.597844606993268	23.844744088770778
11.607844606993268	23.89964513549038
11.617844606993268	23.95464834519712
11.627844606993268	24.009753407616977
11.637844606993268	24.064960199529363
11.647844606993267	24.120268569789722
11.657844606993267	24.175678412700254
11.667844606993267	24.231189481962556
11.677844606993267	24.28680167329686
11.687844606993266	24.342514852551105
11.697844606993266	24.398328887774042
11.707844606993266	24.454243593322897
11.717844606993266	24.510258788748196
11.727844606993266	24.566374270460244
11.737844606993265	24.622589998468463
11.747844606993265	24.678905806787647
11.757844606993265	24.73532146278751
11.767844606993265	24.791836874203383
11.777844606993265	24.84845183506265
11.787844606993264	24.90516622707791
11.797844606993264	24.961979932419318
11.807844606993264	25.018892732283444
11.817844606993264	25.07590447688903
11.827844606993263	25.133014941351984
11.837844606993263	25.190223956786987
11.847844606993263	25.24753136778309
11.857844606993263	25.304937000577507
11.867844606993263	25.36244067105795
11.877844606993262	25.420042222963747
11.887844606993262	25.477741631569717
11.897844606993262	25.535538559758994
11.907844606993262	25.59343295783774
11.917844606993262	25.651424556287488
11.927844606993261	25.70951318176772
11.937844606993261	25.76769877265352
11.947844606993261	25.825980984098262
11.95784460699326	25.88435968296818
11.96784460699326	25.942834628637314
11.97784460699326	26.001405710417945
11.98784460699326	26.060072621140826
11.99784460699326	26.11883515708761
12.00784460699326	26.177693173952566
12.01784460699326	26.23664655566776
12.02784460699326	26.295695053578893
12.037844606993259	26.354838475194892
12.047844606993259	26.4140765754805
12.057844606993259	26.4734091999747
12.067844606993258	26.5328361169193
12.077844606993258	26.592357156457613
12.087844606993258	26.65197208685285
12.097844606993258	26.711680743069454
12.107844606993257	26.77148284237558
12.117844606993257	26.831378191785387
12.127844606993257	26.891366575399235
12.137844606993257	26.951447695597757
12.147844606993257	27.01162136179024
12.157844606993256	27.071887375610356
12.167844606993256	27.132245496717
12.177844606993256	27.192695483735765
12.187844606993256	27.253237077323583
12.197844606993256	27.313870036743456
12.207844606993255	27.3745941862964
12.217844606993255	27.4354092181835
12.227844606993255	27.49631486266347
12.237844606993255	27.557310898713947
12.247844606993255	27.61839705876373
12.257844606993254	27.679573126233738
12.267844606993254	27.740838789146636
12.277844606993254	27.802193774785028
12.287844606993254	27.863637842416185
12.297844606993253	27.925170743481207
12.307844606993253	27.986792228636254
12.317844606993253	28.048501929488182
12.327844606993253	28.110299571464726
12.337844606993253	28.17218489167096
12.347844606993252	28.234157549401147
12.357844606993252	28.29621731588312
12.367844606993252	28.35836380947846
12.377844606993252	28.42059668988387
12.387844606993252	28.482915633625808
12.397844606993251	28.545320377642085
12.407844606993251	28.607810598446356
12.41784460699325	28.6703859670634
12.42784460699325	28.73304602767029
12.43784460699325	28.795790454363885
12.44784460699325	28.858618960180227
12.45784460699325	28.92153120697385
12.46784460699325	28.984526745174477
12.47784460699325	29.047605149225703
12.48784460699325	29.11076616187156
12.49784460699325	29.174009358391192
12.507844606993249	29.237334286890114
12.517844606993249	29.300740544292612
12.527844606993249	29.364227711931832
12.537844606993248	29.42779538252611
12.547844606993248	29.49144308137284
12.557844606993248	29.555170300421814
12.567844606993248	29.618976551044415
12.577844606993247	29.682149223490935
12.587844606993247	29.73941690833338
12.597844606993247	29.78383066891831
12.607844606993247	29.81205669376133
12.617844606993247	29.824042294288507
12.627844606993246	29.825938370088977
12.628188772089514	29.825938508064212
1000012.6281887721	29.825938508064212
