-100000	0
0.3667380487627838	0
0.36707138209611717	0.000000008038087790330188
0.36757138209611717	0.00000010342378340816503
0.36832138209611714	0.0000005090004734382253
0.36944638209611713	0.000001836346371839033
0.37113388209611714	0.0000057497852837260195
0.3736651320961171	0.000016747945176094378
0.3774620070961171	0.00004689735848064257
0.3831573195961171	0.00012852915874353262
0.3917002883461171	0.000348308701084777
0.4017002883461171	0.0007791150320697089
0.4117002883461171	0.0014231851572428947
0.4217002883461171	0.002303330030653241
0.4317002883461171	0.00343911942839686
0.44170028834611713	0.004847474284366412
0.45170028834611714	0.006542741433853801
0.46170028834611715	0.008537803369559746
0.47170028834611716	0.010844160150473662
0.48170028834611717	0.01347248787988194
0.4917002883461172	0.016432127486281357
0.5017002883461171	0.01973193340946047
0.5117002883461171	0.02337981826588884
0.5217002883461171	0.027363427469674104
0.5317002883461172	0.03162240931679024
0.5417002883461172	0.03612845640220647
0.5517002883461172	0.040863790505481855
0.5617002883461172	0.04581481002307963
0.5717002883461172	0.0509706185398779
0.5817002883461172	0.05632196486698297
0.5917002883461172	0.06186110441069875
0.6017002883461172	0.06758095429655064
0.6117002883461172	0.07347551105486307
0.6217002883461172	0.07953922261421668
0.6317002883461172	0.0857671982728296
0.6417002883461173	0.09215482597907157
0.6517002883461173	0.09869798434097575
0.6617002883461173	0.10539280775257392
0.6717002883461173	0.11223573977929245
0.6817002883461173	0.1192234592837393
0.6917002883461173	0.12635280998399548
0.7017002883461173	0.13362091470346887
0.7117002883461173	0.1410249791397227
0.7217002883461173	0.14856237027476837
0.7317002883461173	0.15623066658288123
0.7417002883461173	0.164027491298571
0.7517002883461174	0.17195063842787195
0.7617002883461174	0.17999802463312323
0.7717002883461174	0.18816749706171923
0.7817002883461174	0.19645714625156382
0.7917002883461174	0.20486507067289414
0.8017002883461174	0.2133895426016817
0.8117002883461174	0.22202869576904635
0.8217002883461174	0.23078095085757747
0.8317002883461174	0.23964473867030767
0.8417002883461174	0.24861843890107213
0.8517002883461174	0.2577005251436941
0.8617002883461174	0.2668895061573423
0.8717002883461175	0.276183984871998
0.8817002883461175	0.2855825613607079
0.8917002883461175	0.29508402634327996
0.9017002883461175	0.30468696662876626
0.9117002883461175	0.3143901169846795
0.9217002883461175	0.3241922732119848
0.9317002883461175	0.3340922566907568
0.9417002883461175	0.34408873551730645
0.9517002883461175	0.354180749480318
0.9617002883461175	0.36436718934953777
0.9717002883461175	0.37464682781573866
0.9817002883461176	0.3850186883310588
0.9917002883461176	0.39548179742395406
1.0017002883461175	0.4060350360864344
1.0117002883461175	0.4166773511777763
1.0217002883461175	0.4274078903435393
1.0317002883461175	0.43822568031824466
1.0417002883461175	0.4491285208331895
1.0517002883461175	0.46011351781386634
1.0617002883461175	0.47118739220439393
1.0717002883461175	0.482339523841311
1.0817002883461175	0.49357956052559127
1.0917002883461175	0.5048964434108755
1.1017002883461176	0.5162993638975252
1.1117002883461176	0.5277824510863789
1.1217002883461176	0.5393349154961813
1.1317002883461176	0.5509761741093258
1.1417002883461176	0.5626920811674045
1.1517002883461176	0.5744862892091683
1.1617002883461176	0.5863586627676705
1.1717002883461176	0.5983018936538083
1.1817002883461176	0.6103246240341585
1.1917002883461176	0.622419578976564
1.2017002883461176	0.6345833322518444
1.2117002883461176	0.6468261467815415
1.2217002883461177	0.6591389188056486
1.2317002883461177	0.6715233254732836
1.2417002883461177	0.6839802383499151
1.2517002883461177	0.6965071653174079
1.2617002883461177	0.7090997354459158
1.2717002883461177	0.7217646402510229
1.2817002883461177	0.7344975930859291
1.2917002883461177	0.7472908592702094
1.3017002883461177	0.7601582625276245
1.3117002883461177	0.7730917948062436
1.3217002883461177	0.7860845587185917
1.3317002883461178	0.7991487131278828
1.3417002883461178	0.8122773278105044
1.3517002883461178	0.8254447249560645
1.3617002883461178	0.8387004538549487
1.3717002883461178	0.8519813276260045
1.3817002883461178	0.8653620376420353
1.3917002883461178	0.8788041057237156
1.4017002883461178	0.8923073071157893
1.4117002883461178	0.9058469085304701
1.4217002883461178	0.9194705162485587
1.4317002883461178	0.9331450767282204
1.4417002883461179	0.9468673881494636
1.4517002883461179	0.9606676784668667
1.4617002883461179	0.9745226768070024
1.4717002883461179	0.9884342129438313
1.4817002883461179	1.0023949337406215
1.491700288346118	1.0164237339922177
1.501700288346118	1.0305053488533622
1.511700288346118	1.0446331239082252
1.521700288346118	1.058823284353031
1.531700288346118	1.0730723525877135
1.541700288346118	1.0873752181894292
1.551700288346118	1.1017315529121539
1.561700288346118	1.1161379322946816
1.571700288346118	1.130599665720535
1.581700288346118	1.1451133923006656
1.591700288346118	1.159675079370819
1.601700288346118	1.1742897574812765
1.611700288346118	1.1889560297111683
1.621700288346118	1.2036689764122483
1.631700288346118	1.218432785884158
1.641700288346118	1.2332474817768222
1.651700288346118	1.2481082971561321
1.661700288346118	1.2630173353270602
1.671700288346118	1.277975838414532
1.681700288346118	1.2929809506087724
1.691700288346118	1.3080326649570049
1.701700288346118	1.323129620238512
1.711700288346118	1.3382753613401805
1.721700288346118	1.3534657489997206
1.731700288346118	1.3686982726276766
1.7417002883461181	1.3839797165050542
1.7517002883461181	1.3993057916074743
1.7617002883461181	1.4146768605795377
1.7717002883461181	1.4300839572989805
1.7817002883461182	1.4455394650866273
1.7917002883461182	1.4610400987220242
1.8017002883461182	1.476574734563336
1.8117002883461182	1.4921562657342062
1.8217002883461182	1.5077822619524623
1.8317002883461182	1.5234529928684681
1.8417002883461182	1.5391344140693761
1.8517002883461182	1.5548888662928702
1.8617002883461182	1.5706840226908572
1.8717002883461182	1.586497217823818
1.8817002883461182	1.602356486686365
1.8917002883461183	1.618269979202421
1.9017002883461183	1.634222745173307
1.9117002883461183	1.6501719562261494
1.9217002883461183	1.66620093996315
1.9317002883461183	1.682267484269079
1.9417002883461183	1.6983616730479145
1.9517002883461183	1.7144665209432401
1.9617002883461183	1.7306441774831842
1.9717002883461183	1.7468582552535226
1.9817002883461183	1.7630876276231748
1.9917002883461183	1.7793726365257845
2.001700288346118	1.7956934096781734
2.011700288346118	1.8120430554409508
2.0217002883461177	1.828424187934103
2.0317002883461175	1.8448482753005342
2.0417002883461173	1.8613061689369734
2.051700288346117	1.8777785310114106
2.061700288346117	1.8942976409348447
2.0717002883461166	1.9108546258438972
2.0817002883461164	1.92743638474948
2.091700288346116	1.9440423161946971
2.101700288346116	1.960693685616586
2.111700288346116	1.9773783581576212
2.1217002883461156	1.9940776530127828
2.1317002883461154	2.0108137687611274
2.141700288346115	2.02758526017789
2.151700288346115	2.0443668980396903
2.1617002883461147	2.061204061948276
2.1717002883461145	2.0780706758422656
2.1817002883461143	2.094966992994701
2.191700288346114	2.111890674797796
2.201700288346114	2.1288436291250106
2.2117002883461137	2.1458247205051437
2.2217002883461134	2.162834003725958
2.2317002883461132	2.1798700109531457
2.241700288346113	2.196933610091042
2.251700288346113	2.2140240243775393
2.2617002883461126	2.2311412655409137
2.2717002883461124	2.2482839597084814
2.281700288346112	2.265453068055355
2.291700288346112	2.2826478383261115
2.3017002883461117	2.2998679440852907
2.3117002883461115	2.3171125825101155
2.3217002883461113	2.3343822557928577
2.331700288346111	2.351676391841738
2.341700288346111	2.3689943334417425
2.3517002883461107	2.3863355725148305
2.3617002883461105	2.4037007680773526
2.3717002883461102	2.421089145613204
2.38170028834611	2.4385001020984176
2.39170028834611	2.455933278640238
2.4017002883461096	2.473389360471209
2.4117002883461094	2.490866791944194
2.421700288346109	2.5083659554780304
2.431700288346109	2.52588609172317
2.4417002883461087	2.543413842773775
2.4517002883461085	2.5609607356387607
2.4617002883461083	2.578542066804888
2.471700288346108	2.5961444759793126
2.481700288346108	2.613766749777019
2.4917002883461077	2.63140830307449
2.5017002883461075	2.649069508768568
2.5117002883461073	2.666748529816026
2.521700288346107	2.684446925914056
2.531700288346107	2.7021633146776707
2.5417002883461066	2.719898290394603
2.5517002883461064	2.7376497070352523
2.561700288346106	2.755419287012104
2.571700288346106	2.773205792111947
2.5817002883461058	2.7910097042034394
2.5917002883461056	2.8088291382066295
2.6017002883461053	2.826664933776781
2.611700288346105	2.8445170933613446
2.621700288346105	2.862384575313319
2.6317002883461047	2.8802671695040973
2.6417002883461045	2.8981648093340615
2.6517002883461043	2.9160774456970953
2.661700288346104	2.934004422924958
2.671700288346104	2.951945360263732
2.6817002883461036	2.9698997743865254
2.6917002883461034	2.987868537654083
2.701700288346103	3.0058500070542142
2.711700288346103	3.0238443469465763
2.721700288346103	3.0418512208382786
2.7317002883461026	3.0598710826895603
2.7417002883461024	3.0779028211120854
2.751700288346102	3.0959457237791126
2.761700288346102	3.114000419901095
2.7717002883461017	3.1320667573184826
2.7817002883461015	3.150143652471511
2.7917002883461013	3.1682311929235336
2.801700288346101	3.186328623944227
2.811700288346101	3.2044366708939753
2.8217002883461006	3.2225542600398347
2.8317002883461004	3.2406814508605817
2.8417002883461002	3.25881724324281
2.8517002883461	3.276962511588182
2.8617002883461	3.295116018673652
2.8717002883460996	3.313278135326101
2.8817002883460994	3.331447704293345
2.891700288346099	3.3496255537922712
2.901700288346099	3.3678105348490317
2.9117002883460987	3.3860029057499004
2.9217002883460985	3.4042015668461736
2.9317002883460983	3.422407328016873
2.941700288346098	3.440619308408591
2.951700288346098	3.4588375555419106
2.9617002883460977	3.47706049055539
2.9717002883460975	3.495289698383905
2.9817002883460972	3.5135240298206862
2.991700288346097	3.531763307674043
3.001700288346097	3.550006497210157
3.0117002883460966	3.5682546044931187
3.0217002883460964	3.586506803775099
3.031700288346096	3.6047623336943113
3.041700288346096	3.6230215007632736
3.0517002883460957	3.641283812123205
3.0617002883460955	3.6595495794118773
3.0717002883460953	3.677817413670486
3.081700288346095	3.696087164398059
3.091700288346095	3.714359427449993
3.1017002883460947	3.7326340480671627
3.1117002883460945	3.7509097488637377
3.1217002883460943	3.769186250218572
3.131700288346094	3.7874641546026226
3.141700288346094	3.8057431908615516
3.1517002883460936	3.8240222144225267
3.1617002883460934	3.842301105412599
3.171700288346093	3.8605801094918926
3.181700288346093	3.8788594229851103
3.1917002883460928	3.8971373307024306
3.2017002883460925	3.915414577966749
3.2117002883460923	3.9336902780122998
3.221700288346092	3.951965388773917
3.231700288346092	3.9702380130341726
3.2417002883460917	3.9885092778566786
3.2517002883460915	4.006777630652438
3.2617002883460913	4.025044170415657
3.271700288346091	4.043307448476288
3.281700288346091	4.061568041254556
3.2917002883460906	4.079825154476695
3.3017002883460904	4.098078939191125
3.31170028834609	4.1163287623094185
3.32170028834609	4.134574576959289
3.3317002883460898	4.152816220537026
3.3417002883460896	4.17105324700465
3.3517002883460894	4.189285412871053
3.361700288346089	4.207512366015939
3.371700288346089	4.225734453627632
3.3817002883460887	4.243950398956444
3.3917002883460885	4.262160824888585
3.4017002883460883	4.2803648696011365
3.411700288346088	4.298563517972498
3.421700288346088	4.316754339936939
3.4317002883460876	4.334938839277462
3.4417002883460874	4.353116108399665
3.451700288346087	4.371286408923344
3.461700288346087	4.389448406419837
3.471700288346087	4.407603116498014
3.4817002883460866	4.425749455615347
3.4917002883460864	4.443887808028612
3.501700288346086	4.46201720398412
3.511700288346086	4.480138023681503
3.5217002883460857	4.498249809747471
3.5317002883460855	4.516352443441557
3.5417002883460853	4.534445165143738
3.551700288346085	4.552528186981951
3.561700288346085	4.570601303894332
3.5717002883460847	4.5886635251471155
3.5817002883460844	4.606715598589061
3.5917002883460842	4.624756701731485
3.601700288346084	4.642786874551298
3.611700288346084	4.66080542264371
3.6217002883460836	4.678812466950073
3.6317002883460834	4.696807698856746
3.641700288346083	4.714791103854065
3.651700288346083	4.732761588738106
3.6617002883460827	4.750719577207773
3.6717002883460825	4.768665059506961
3.6817002883460823	4.786597339271164
3.691700288346082	4.804516272860889
3.701700288346082	4.82242134848463
3.7117002883460817	4.840313142903951
3.7217002883460815	4.858190913668354
3.7317002883460813	4.8760535981521915
3.741700288346081	4.893901692946605
3.751700288346081	4.911735315120454
3.7617002883460806	4.929553598320791
3.7717002883460804	4.947356571962282
3.78170028834608	4.965143670278986
3.79170028834608	4.9829153253315255
3.8017002883460798	5.000670571562005
3.8117002883460795	5.018409261092158
3.8217002883460793	5.036131175518434
3.831700288346079	5.053836309335556
3.841700288346079	5.071524336316337
3.8517002883460787	5.089194715253009
3.8617002883460785	5.10684727033385
3.8717002883460783	5.124481625223349
3.881700288346078	5.142097952331793
3.891700288346078	5.159695552470463
3.9017002883460776	5.177274227829339
3.9117002883460774	5.194833629582098
3.921700288346077	5.212374280140654
3.931700288346077	5.22989510617252
3.9417002883460768	5.247396142298711
3.9517002883460766	5.264876533597405
3.9617002883460763	5.2823370932115985
3.971700288346076	5.299776715938732
3.981700288346076	5.31719538767561
3.9917002883460757	5.334592818561382
4.0017002883460755	5.351968987891785
4.011700288346075	5.369323164589197
4.021700288346075	5.386655302228073
4.031700288346075	5.40396498980414
4.041700288346075	5.4212524322824285
4.051700288346074	5.43851663600889
4.061700288346074	5.455757744633446
4.071700288346074	5.472975705448035
4.081700288346074	5.490170259422544
4.091700288346074	5.507340505022638
4.101700288346073	5.524486699599937
4.111700288346073	5.541608184269914
4.121700288346073	5.558705424424237
4.131700288346073	5.575777444851159
4.1417002883460725	5.59282400245233
4.151700288346072	5.6098454345506275
4.161700288346072	5.626840936337544
4.171700288346072	5.643810466724664
4.181700288346072	5.66075346433618
4.1917002883460714	5.677669795867917
4.201700288346071	5.694559227449346
4.211700288346071	5.711422110163871
4.221700288346071	5.728257353346483
4.231700288346071	5.745064993610217
4.24170028834607	5.761844632552946
4.25170028834607	5.7785964395882
4.26170028834607	5.795319787582734
4.27170028834607	5.812014142195543
4.2817002883460695	5.8286798557019495
4.291700288346069	5.845316489828001
4.301700288346069	5.861924357781121
4.311700288346069	5.878501742588781
4.321700288346069	5.895049402573488
4.3317002883460685	5.911567030820304
4.341700288346068	5.9280548270930895
4.351700288346068	5.94451133529524
4.361700288346068	5.960936683839975
4.371700288346068	5.977331542534831
4.381700288346067	5.993695097653944
4.391700288346067	6.010027007467633
4.401700288346067	6.026326903521779
4.411700288346067	6.042594708019479
4.4217002883460665	6.058830641373567
4.431700288346066	6.075033808930442
4.441700288346066	6.091203976240397
4.451700288346066	6.107341372548126
4.461700288346066	6.123445844848306
4.4717002883460655	6.1395163836875675
4.481700288346065	6.1555533841183205
4.491700288346065	6.1715563499311035
4.501700288346065	6.187524976679707
4.511700288346065	6.203459025284209
4.521700288346064	6.219358728109119
4.531700288346064	6.235223462271096
4.541700288346064	6.251053319487353
4.551700288346064	6.266847247916751
4.561700288346064	6.282606007045651
4.571700288346063	6.298329290290919
4.581700288346063	6.3140164723284355
4.591700288346063	6.32966693278259
4.601700288346063	6.345280759887455
4.6117002883460625	6.360857765746572
4.621700288346062	6.3763980405747285
4.631700288346062	6.391900585155994
4.641700288346062	6.4073653806051025
4.651700288346062	6.4227930046594714
4.661700288346061	6.4381823422015065
4.671700288346061	6.453533729637215
4.681700288346061	6.4688461025036075
4.691700288346061	6.484120111320954
4.701700288346061	6.499354279449112
4.71170028834606	6.51454955916751
4.72170028834606	6.529704995475463
4.73170028834606	6.544820325939091
4.74170028834606	6.559895953708943
4.7517002883460595	6.574930900336543
4.761700288346059	6.589925113024659
4.771700288346059	6.604878161189185
4.781700288346059	6.6197901669883
4.791700288346059	6.6346604025155065
4.801700288346058	6.64948894257211
4.811700288346058	6.6642749282700855
4.821700288346058	6.679018621672894
4.831700288346058	6.693719663155924
4.841700288346058	6.708377747541062
4.851700288346057	6.72299229406395
4.861700288346057	6.737563299289163
4.871700288346057	6.752089929145965
4.881700288346057	6.766572366297134
4.8917002883460565	6.781010221429902
4.901700288346056	6.7954032209458575
4.911700288346056	6.809750643831424
4.921700288346056	6.824052762954353
4.931700288346056	6.838308841191421
4.9417002883460555	6.852518673799361
4.951700288346055	6.866682418387361
4.961700288346055	6.880798330004248
4.971700288346055	6.894866975254759
4.981700288346055	6.908888526196398
4.991700288346054	6.922861833378933
5.001700288346054	6.93678692046161
5.011700288346054	6.950663502699652
5.021700288346054	6.964491248206169
5.0317002883460535	6.978269876477312
5.041700288346053	6.991998717870495
5.051700288346053	7.005677692558502
5.061700288346053	7.019306581530277
5.071700288346053	7.032884997588035
5.0817002883460525	7.046412018418906
5.091700288346052	7.059887870947723
5.101700288346052	7.073311896457945
5.111700288346052	7.086684232796654
5.121700288346052	7.100004668547174
5.131700288346051	7.113272899793904
5.141700288346051	7.1264878253399715
5.151700288346051	7.139649865935179
5.161700288346051	7.152758785971197
5.1717002883460506	7.1658135668596845
5.18170028834605	7.178814608564215
5.19170028834605	7.1917615158886985
5.20170028834605	7.204654189585989
5.21170028834605	7.2174918012575615
5.2217002883460495	7.230274679875182
5.231700288346049	7.2430023031647135
5.241700288346049	7.255674765348292
5.251700288346049	7.268291208236308
5.261700288346049	7.28085183225388
5.271700288346048	7.293356222040228
5.281700288346048	7.305804732111247
5.291700288346048	7.318196173029678
5.301700288346048	7.3305308621403364
5.311700288346048	7.342808913058465
5.321700288346047	7.3550301805115526
5.331700288346047	7.367194000957155
5.341700288346047	7.379300614927675
5.351700288346047	7.391349601265238
5.3617002883460465	7.403340872077092
5.371700288346046	7.415274901859368
5.381700288346046	7.427150288136743
5.391700288346046	7.438967697134712
5.401700288346046	7.450726853526601
5.411700288346045	7.4624281821181775
5.421700288346045	7.474071036884014
5.431700288346045	7.4856551392954
5.441700288346045	7.497180507495933
5.451700288346045	7.5086473971995975
5.461700288346044	7.520055542359468
5.471700288346044	7.531404950482679
5.481700288346044	7.542695327321141
5.491700288346044	7.553926275382186
5.5017002883460435	7.565098278656473
5.511700288346043	7.576210887982503
5.521700288346043	7.587264096640072
5.531700288346043	7.598257837274804
5.541700288346043	7.609192142964788
5.5517002883460425	7.620066183441918
5.561700288346042	7.630880832767971
5.571700288346042	7.641635508591069
5.581700288346042	7.652329899926171
5.591700288346042	7.6629642212557245
5.601700288346041	7.673538201165984
5.611700288346041	7.684051659028501
5.621700288346041	7.694504387065931
5.631700288346041	7.70489610144018
5.6417002883460405	7.715226261494252
5.65170028834604	7.725495412170684
5.66170028834604	7.735702656337647
5.67170028834604	7.745847837925363
5.68170028834604	7.755931327603218
5.6917002883460395	7.7659529449541385
5.701700288346039	7.775911373205392
5.711700288346039	7.785806735328293
5.721700288346039	7.795638769719549
5.731700288346039	7.805407120490559
5.741700288346038	7.815111181681371
5.751700288346038	7.824750370228878
5.761700288346038	7.834324927306129
5.771700288346038	7.843833391033395
5.7817002883460376	7.853276571030792
5.791700288346037	7.862653788760615
5.801700288346037	7.871963599145419
5.811700288346037	7.881205976200448
5.821700288346037	7.890380983908953
5.8317002883460365	7.899486701603086
5.841700288346036	7.908523718461265
5.851700288346036	7.917491412739804
5.861700288346036	7.9263889627758655
5.871700288346036	7.935215874423377
5.881700288346035	7.943971140899105
5.891700288346035	7.952654920621951
5.901700288346035	7.961265957107581
5.911700288346035	7.969804210117203
5.921700288346035	7.978268233957338
5.931700288346034	7.986658584346254
5.941700288346034	7.99497372299278
5.951700288346034	8.0032133078817
5.961700288346034	8.011377305872346
5.9717002883460335	8.01946459495051
5.981700288346033	8.02747475315236
5.991700288346033	8.035407556963559
6.001700288346033	8.04326198153107
6.011700288346033	8.05103818671457
6.021700288346032	8.058735360606153
6.031700288346032	8.066352963573529
6.041700288346032	8.073891124019987
6.051700288346032	8.081349193012864
6.061700288346032	8.088727191826298
6.071700288346031	8.096024715535597
6.081700288346031	8.103242294141582
6.091700288346031	8.110378693252631
6.101700288346031	8.117434613909722
6.1117002883460305	8.124409953500004
6.12170028834603	8.131305214759102
6.13170028834603	8.138120165076682
6.14170028834603	8.14485562095739
6.15170028834603	8.151511326182952
6.1617002883460295	8.158088324836022
6.171700288346029	8.164586849185232
6.181700288346029	8.171007865876456
6.191700288346029	8.177351240694463
6.201700288346029	8.183618399912449
6.211700288346028	8.189809669423605
6.221700288346028	8.195926761102786
6.231700288346028	8.201970049649486
6.241700288346028	8.20794072938687
6.2517002883460275	8.213839988661297
6.261700288346027	8.219668656654273
6.271700288346027	8.225429284190689
6.281700288346027	8.23112167313797
6.291700288346027	8.236748152929344
6.3017002883460265	8.24230939069678
6.311700288346026	8.24780777400424
6.321700288346026	8.25324461316657
6.331700288346026	8.258621582642787
6.341700288346026	8.263939618217021
6.351700288346025	8.26920097830481
6.361700288346025	8.274407880874634
6.371700288346025	8.279561360669211
6.381700288346025	8.284663674849071
6.3917002883460245	8.289716093123365
6.401700288346024	8.294721209255645
6.411700288346024	8.299680351232023
6.421700288346024	8.304595165748227
6.431700288346024	8.309468023325866
6.4417002883460235	8.314300657797268
6.451700288346023	8.319095196310599
6.461700288346023	8.323853180923399
6.471700288346023	8.32857665456249
6.481700288346023	8.333267800471742
6.491700288346022	8.337928529180898
6.501700288346022	8.342559688899769
6.511700288346022	8.34716453340115
6.521700288346022	8.351744403132486
6.531700288346022	8.35630022067532
6.541700288346021	8.360835461008026
6.551700288346021	8.365351241860665
6.561700288346021	8.36985007996345
6.571700288346021	8.374332795897448
6.5817002883460205	8.378801131229691
6.59170028834602	8.383257325276901
6.60170028834602	8.387702714361696
6.61170028834602	8.392139354453928
6.62170028834602	8.396568642375632
6.631700288346019	8.400992005967876
6.641700288346019	8.405411627899158
6.651700288346019	8.409828870081006
6.661700288346019	8.414245001341081
6.671700288346019	8.418661716162363
6.681700288346018	8.423080969503612
6.691700288346018	8.427503833219538
6.701700288346018	8.431931594546972
6.711700288346018	8.436366404358525
6.7217002883460175	8.440808959335623
6.731700288346017	8.445260941938653
6.741700288346017	8.449724155508092
6.751700288346017	8.454198895093917
6.761700288346017	8.458687588842032
6.7717002883460164	8.463190725394243
6.781700288346016	8.467710253842009
6.791700288346016	8.472247064374105
6.801700288346016	8.476802604421842
6.811700288346016	8.481377798093904
6.821700288346015	8.485973552096029
6.831700288346015	8.49059140617214
6.841700288346015	8.495232140852941
6.851700288346015	8.499897061672748
6.8617002883460145	8.504587368184579
6.871700288346014	8.50930412020169
6.881700288346014	8.514048840802339
6.891700288346014	8.51882225682988
6.901700288346014	8.523625375250981
6.9117002883460135	8.528459148497877
6.921700288346013	8.533324508414099
6.931700288346013	8.538222494496244
6.941700288346013	8.54315402949907
6.951700288346013	8.548120062248767
6.961700288346012	8.553121309658602
6.971700288346012	8.558158996562131
6.981700288346012	8.563233659756524
6.991700288346012	8.568346463808277
7.0017002883460115	8.57349811348595
7.011700288346011	8.578689359937947
7.021700288346011	8.583921031246131
7.031700288346011	8.589194066351693
7.041700288346011	8.59450902054999
7.0517002883460105	8.599866827450555
7.06170028834601	8.605268260543255
7.07170028834601	8.61071401915726
7.08170028834601	8.616205044711178
7.09170028834601	8.62174175233842
7.101700288346009	8.62732530077591
7.111700288346009	8.632956084614408
7.121700288346009	8.638634364589754
7.131700288346009	8.644361193709177
7.141700288346009	8.650137461367581
7.151700288346008	8.655963388536358
7.161700288346008	8.661839803300209
7.171700288346008	8.667767050471875
7.181700288346008	8.673746146176994
7.1917002883460075	8.67977731586223
7.201700288346007	8.68586131671195
7.211700288346007	8.691998680159807
7.221700288346007	8.698190315939158
7.231700288346007	8.704436265646343
7.241700288346006	8.710737158104491
7.251700288346006	8.717093923094813
7.261700288346006	8.723506803431537
7.271700288346006	8.729976063160944
7.281700288346006	8.736502551835834
7.291700288346005	8.743086932279784
7.301700288346005	8.749729164415909
7.311700288346005	8.75642984088745
7.321700288346005	8.763189653599818
7.3317002883460045	8.77000899157712
7.341700288346004	8.776888142806573
7.351700288346004	8.783827686337615
7.361700288346004	8.790828177070017
7.371700288346004	8.797889837489459
7.3817002883460034	8.805012768278665
7.391700288346003	8.812197836971094
7.401700288346003	8.819445319775715
7.411700288346003	8.82675530792633
7.421700288346003	8.834128540775616
7.431700288346002	8.84156514376474
7.441700288346002	8.849065656529973
7.451700288346002	8.856630110483747
7.461700288346002	8.864259052305684
7.4717002883460015	8.87195292757456
7.481700288346001	8.879711749477126
7.491700288346001	8.887536014991428
7.501700288346001	8.895425873728335
7.511700288346001	8.90338190671882
7.5217002883460005	8.911404181233022
7.531700288346	8.91949279758239
7.541700288346	8.927648538211532
7.551700288346	8.935871168608415
7.561700288346	8.94416132346636
7.571700288345999	8.95251894537006
7.581700288345999	8.960944743391606
7.591700288345999	8.969438397352116
7.601700288345999	8.978000663651086
7.6117002883459985	8.986631529872774
7.621700288345998	8.995331266583232
7.631700288345998	9.00409995778206
7.641700288345998	9.012938239557032
7.651700288345998	9.02184627252947
7.6617002883459975	9.030823874079994
7.671700288345997	9.039871479110941
7.681700288345997	9.048989582598832
7.691700288345997	9.058178200928356
7.701700288345997	9.067437398989847
7.711700288345996	9.076767631782657
7.721700288345996	9.086169158677889
7.731700288345996	9.095642101759296
7.741700288345996	9.105186652766704
7.751700288345996	9.114803305043491
7.761700288345995	9.124492020053522
7.771700288345995	9.134252787729121
7.781700288345995	9.144086544824596
7.791700288345995	9.153993223979828
7.8017002883459945	9.163972925122883
7.811700288345994	9.174025704981657
7.821700288345994	9.18415223256418
7.831700288345994	9.194352405272967
7.841700288345994	9.20462613701361
7.851700288345993	9.214974413000977
7.861700288345993	9.225396982818765
7.871700288345993	9.235894353505588
7.881700288345993	9.246466547549396
7.891700288345993	9.257113929368872
7.901700288345992	9.267836653071992
7.911700288345992	9.278634691986007
7.921700288345992	9.2895089085326
7.931700288345992	9.300459275952115
7.9417002883459915	9.311486003627275
7.951700288345991	9.322589348594818
7.961700288345991	9.33376950043152
7.971700288345991	9.345026429898729
7.981700288345991	9.356360434682014
7.99170028834599	9.367772156034121
8.00170028834599	9.379261758573088
8.01170028834599	9.3908294365877
8.02170028834599	9.402475230486623
8.03170028834599	9.414199600963599
8.04170028834599	9.426002642238556
8.05170028834599	9.437884682473106
8.061700288345989	9.449846028156282
8.071700288345989	9.46188688246311
8.081700288345989	9.47400727622839
8.091700288345988	9.48620784371302
8.101700288345988	9.498488328449909
8.111700288345988	9.510849047918647
8.121700288345988	9.523290357065328
8.131700288345987	9.535812665556323
8.141700288345987	9.548416044967427
8.151700288345987	9.561100577199891
8.161700288345987	9.573866832589019
8.171700288345987	9.586714764215657
8.181700288345986	9.599644383874626
8.191700288345986	9.612656416325562
8.201700288345986	9.625750940530159
8.211700288345986	9.638928317249109
8.221700288345986	9.652188264888125
8.231700288345985	9.665531246289373
8.241700288345985	9.678957254197412
8.251700288345985	9.692466267627937
8.261700288345985	9.706059077330174
8.271700288345984	9.719735723604567
8.281700288345984	9.733496367844761
8.291700288345984	9.74734126780202
8.301700288345984	9.761270270150026
8.311700288345984	9.775283386553877
8.321700288345983	9.789381216588207
8.331700288345983	9.803563954151658
8.341700288345983	9.817831681997879
8.351700288345983	9.83218490224315
8.361700288345983	9.84662325928345
8.371700288345982	9.861147063852355
8.381700288345982	9.87575623580103
8.391700288345982	9.89045118472578
8.401700288345982	9.905232183117883
8.411700288345981	9.920099365615933
8.421700288345981	9.935053010359644
8.431700288345981	9.950092843097835
8.44170028834598	9.965219221777396
8.45170028834598	9.980431963322195
8.46170028834598	9.995731875491273
8.47170028834598	10.011118734024706
8.48170028834598	10.02659267856399
8.49170028834598	10.042153976567642
8.50170028834598	10.05780266339115
8.51170028834598	10.073538739094682
8.52170028834598	10.089362669856712
8.531700288345979	10.105274522439705
8.541700288345979	10.121274507227675
8.551700288345979	10.137362778598948
8.561700288345978	10.153539361669337
8.571700288345978	10.16980417062634
8.581700288345978	10.186157373293415
8.591700288345978	10.202599574870279
8.601700288345977	10.219130713809395
8.611700288345977	10.235750944290583
8.621700288345977	10.252460576617967
8.631700288345977	10.269259302322927
8.641700288345977	10.28614732871104
8.651700288345976	10.303124971943358
8.661700288345976	10.320192609535816
8.671700288345976	10.33735031122225
8.681700288345976	10.354598168955812
8.691700288345976	10.371936281337957
8.701700288345975	10.389364749567507
8.711700288345975	10.406883536544873
8.721700288345975	10.424493340639922
8.731700288345975	10.44219399262666
8.741700288345974	10.45998584545792
8.751700288345974	10.477868970385124
8.761700288345974	10.495843294296339
8.771700288345974	10.513909048822946
8.781700288345974	10.53206656525931
8.791700288345973	10.550316154648886
8.801700288345973	10.56865794482049
8.811700288345973	10.587092158062479
8.821700288345973	10.605618697490351
8.831700288345973	10.624237999734456
8.841700288345972	10.642950170396048
8.851700288345972	10.661755316209982
8.861700288345972	10.680653393347285
8.871700288345972	10.699645047012986
8.881700288345971	10.718729793865744
8.891700288345971	10.737908701551625
8.901700288345971	10.757181687690062
8.91170028834597	10.776548928828873
8.92170028834597	10.796010190734012
8.93170028834597	10.815565847752444
8.94170028834597	10.835216655915236
8.95170028834597	10.85496240860091
8.96170028834597	10.874803055392317
8.97170028834597	10.89473845811828
8.98170028834597	10.91476987942933
8.99170028834597	10.93489705434132
9.001700288345969	10.955120057061633
9.011700288345969	10.975438753411138
9.021700288345968	10.995854063627448
9.031700288345968	11.016365604383665
9.041700288345968	11.036973858448079
9.051700288345968	11.057678782272925
9.061700288345968	11.07848111005698
9.071700288345967	11.09938061271026
9.081700288345967	11.120377580089997
9.091700288345967	11.141472295606816
9.101700288345967	11.162664854512133
9.111700288345967	11.183955078880073
9.121700288345966	11.205343914335337
9.131700288345966	11.226831501875232
9.141700288345966	11.248417322329788
9.151700288345966	11.270102044912003
9.161700288345966	11.29188579951678
9.171700288345965	11.313768994794977
9.181700288345965	11.335751987861073
9.191700288345965	11.357834892698907
9.201700288345965	11.380017618040778
9.211700288345964	11.402300598725722
9.221700288345964	11.424683621722819
9.231700288345964	11.447167390293997
9.241700288345964	11.469752415341627
9.251700288345964	11.492438130372117
9.261700288345963	11.51522498725251
9.271700288345963	11.538113392661607
9.281700288345963	11.561103593856817
9.291700288345963	11.584195629092955
9.301700288345963	11.607390375251246
9.311700288345962	11.630687373005877
9.321700288345962	11.65408730559207
9.331700288345962	11.677589403830057
9.341700288345962	11.701195530296346
9.351700288345961	11.72490536262592
9.361700288345961	11.748718991514977
9.371700288345961	11.772636585555393
9.38170028834596	11.796658240215642
9.39170028834596	11.820785015756998
9.40170028834596	11.845016652891278
9.41170028834596	11.869353154929287
9.42170028834596	11.893794944275479
9.43170028834596	11.918342424242692
9.44170028834596	11.942995977923754
9.45170028834596	11.967755946952037
9.461700288345959	11.992622361223303
9.471700288345959	12.01759586751377
9.481700288345959	12.042676425556003
9.491700288345958	12.067864491305341
9.501700288345958	12.093160505275758
9.511700288345958	12.11856521210529
9.521700288345958	12.144078196327932
9.531700288345958	12.169699550145634
9.541700288345957	12.195430535707132
9.551700288345957	12.221271462229442
9.561700288345957	12.24722200363203
9.571700288345957	12.273283029480996
9.581700288345957	12.299454430495809
9.591700288345956	12.32573591325485
9.601700288345956	12.352128922569674
9.611700288345956	12.378633921714163
9.621700288345956	12.405251149756882
9.631700288345955	12.431980514526385
9.641700288345955	12.458822178200265
9.651700288345955	12.485776398972726
9.661700288345955	12.51285260573205
9.671700288345955	12.540055875358956
9.681700288345954	12.567385990352566
9.691700288345954	12.5948429168596
9.701700288345954	12.62242664591397
9.711700288345954	12.65013675213065
9.721700288345954	12.677973643254703
9.731700288345953	12.705937060883315
9.741700288345953	12.734027086086057
9.751700288345953	12.76224334721222
9.761700288345953	12.790585796279663
9.771700288345953	12.819054169567183
9.781700288345952	12.847648789250934
9.791700288345952	12.876369348488018
9.801700288345952	12.905215875495488
9.811700288345952	12.934188280734439
9.821700288345951	12.963286257491315
9.831700288345951	12.992509811644517
9.841700288345951	13.021859011933861
9.85170028834595	13.05133363190439
9.86170028834595	13.08093372449514
9.87170028834595	13.110659273254983
9.88170028834595	13.140509886179908
9.89170028834595	13.170485754801602
9.90170028834595	13.200586558023303
9.91170028834595	13.230811953504626
9.92170028834595	13.261162505540725
9.931700288345949	13.291638174502296
9.941700288345949	13.322238549566418
9.951700288345949	13.352963455485918
9.961700288345948	13.383812955141968
9.971700288345948	13.41478673937997
9.981700288345948	13.445884877476706
9.991700288345948	13.477107405925258
10.001700288345948	13.508454148345367
10.011700288345947	13.539924888904235
10.021700288345947	13.571519644765772
10.031700288345947	13.603238200335916
10.041700288345947	13.635080570635518
10.051700288345947	13.667046838736715
10.061700288345946	13.699136858605533
10.071700288345946	13.731350494539512
10.081700288345946	13.76368749474486
10.091700288345946	13.79614774259744
10.101700288345945	13.828731339674128
10.111700288345945	13.861437828000563
10.121700288345945	13.894268221219761
10.131700288345945	13.92722140640392
10.141700288345945	13.960297530417026
10.151700288345944	13.993496471633481
10.161700288345944	14.026818177146586
10.171700288345944	14.060262662733372
10.181700288345944	14.09382975908679
10.191700288345944	14.127519276832361
10.201700288345943	14.161331033527405
10.211700288345943	14.195265531355691
10.221700288345943	14.229321931973535
10.231700288345943	14.26350064852452
10.241700288345942	14.297801147611997
10.251700288345942	14.332223849807823
10.261700288345942	14.36676841087084
10.271700288345942	14.4014347940426
10.281700288345942	14.436222937353007
10.291700288345941	14.471132666101239
10.301700288345941	14.506163578926211
10.311700288345941	14.541316136967396
10.32170028834594	14.576590022079273
10.33170028834594	14.611985167646123
10.34170028834594	14.647501533896822
10.35170028834594	14.683138859438525
10.36170028834594	14.718897187696532
10.37170028834594	14.75477630835382
10.38170028834594	14.790776464632936
10.39170028834594	14.826896306401908
10.401700288345939	14.863137423767244
10.411700288345939	14.899499134631501
10.421700288345939	14.935981104749805
10.431700288345938	14.97258336049934
10.441700288345938	15.009305934289753
10.451700288345938	15.046148376357213
10.461700288345938	15.083111015767662
10.471700288345938	15.120193602830016
10.481700288345937	15.157395882484035
10.491700288345937	15.194718234757044
10.501700288345937	15.23216013274557
10.511700288345937	15.269721581410447
10.521700288345937	15.307402438099999
10.531700288345936	15.345202643889257
10.541700288345936	15.383122195296666
10.551700288345936	15.421160772727347
10.561700288345936	15.459318555121639
10.571700288345935	15.497595017525931
10.581700288345935	15.535990537587118
10.591700288345935	15.574504953984906
10.601700288345935	15.613137792611854
10.611700288345935	15.651889464149644
10.621700288345934	15.690759552506059
10.631700288345934	15.729748002610828
10.641700288345934	15.7688545903159
10.651700288345934	15.808079582867883
10.661700288345934	15.847422388207042
10.671700288345933	15.886883906385007
10.681700288345933	15.926463024697574
10.691700288345933	15.966159699468006
10.701700288345933	16.005973989737466
10.711700288345932	16.045906046872197
10.721700288345932	16.085955757523404
10.731700288345932	16.126122732917764
10.741700288345932	16.166407026843082
10.751700288345932	16.206808656186016
10.761700288345931	16.247326907899744
10.771700288345931	16.28796257944368
10.781700288345931	16.328715092362216
10.79170028834593	16.36958440840775
10.80170028834593	16.410570454756265
10.81170028834593	16.45167293744105
10.82170028834593	16.49289193800292
10.83170028834593	16.534227456414662
10.84170028834593	16.575679162854176
10.85170028834593	16.617247075206112
10.86170028834593	16.658931450048964
10.871700288345929	16.70073150766046
10.881700288345929	16.74264754853517
10.891700288345929	16.784679311303204
10.901700288345928	16.826826716167584
10.911700288345928	16.869089724462793
10.921700288345928	16.911468042185394
10.931700288345928	16.95396184412972
10.941700288345928	16.996570587427705
10.951700288345927	17.039294744282678
10.961700288345927	17.082134062798346
10.971700288345927	17.125088145599843
10.981700288345927	17.1681570670843
10.991700288345926	17.211340717693865
11.001700288345926	17.25463911979895
11.011700288345926	17.29805169443982
11.021700288345926	17.341579073877718
11.031700288345926	17.385220466826226
11.041700288345925	17.428976477718482
11.051700288345925	17.472846286912496
11.061700288345925	17.51683007046128
11.071700288345925	17.560927874798864
11.081700288345925	17.60513921692676
11.091700288345924	17.64946451719196
11.101700288345924	17.693903317747985
11.111700288345924	17.738455487687382
11.121700288345924	17.78312057306196
11.131700288345924	17.8278988238138
11.141700288345923	17.87279035620808
11.151700288345923	17.917794931728434
11.161700288345923	17.962912131393935
11.171700288345923	18.008142067065208
11.181700288345922	18.053484917168593
11.191700288345922	18.0989401461789
11.201700288345922	18.14450773772617
11.211700288345922	18.190187528777876
11.221700288345922	18.235979559158555
11.231700288345921	18.28188372678907
11.241700288345921	18.32789955760956
11.251700288345921	18.374027335511254
11.26170028834592	18.42026667654645
11.27170028834592	18.466617818889848
11.28170028834592	18.51308014306465
11.29170028834592	18.55965411150296
11.30170028834592	18.606339239118164
11.31170028834592	18.653135209264118
11.32170028834592	18.70004238909757
11.33170028834592	18.747060174944558
11.341700288345919	18.794189016264255
11.351700288345919	18.841427983914375
11.361700288345919	18.888777869782775
11.371700288345918	18.936237943168614
11.381700288345918	18.983808228282637
11.391700288345918	19.031488594600603
11.401700288345918	19.07927888016742
11.411700288345918	19.127179390970753
11.421700288345917	19.175189424938665
11.431700288345917	19.22330905696329
11.441700288345917	19.27153821225594
11.451700288345917	19.319876752842568
11.461700288345916	19.36832457763225
11.471700288345916	19.41688148312663
11.481700288345916	19.465547263585567
11.491700288345916	19.514321879400292
11.501700288345916	19.56320542994763
11.511700288345915	19.612197429658973
11.521700288345915	19.661297908632392
11.531700288345915	19.71050664886724
11.541700288345915	19.759823306220486
11.551700288345915	19.80924857366342
11.561700288345914	19.858781556067573
11.571700288345914	19.908422387024277
11.581700288345914	19.958170682389042
11.591700288345914	20.00802661981871
11.601700288345913	20.057990025615126
11.611700288345913	20.108060450804057
11.621700288345913	20.15823807545106
11.631700288345913	20.2085225608736
11.641700288345913	20.258914192523243
11.651700288345912	20.30941237486785
11.661700288345912	20.36001707450399
11.671700288345912	20.410727966087496
11.681700288345912	20.461545020031508
11.691700288345912	20.512468617612488
11.701700288345911	20.563497976862408
11.711700288345911	20.614633021691237
11.721700288345911	20.665873742708087
11.73170028834591	20.717220181651314
11.74170028834591	20.768672013238163
11.75170028834591	20.820228817951662
11.76170028834591	20.87189087618927
11.77170028834591	20.923657653591853
11.78170028834591	20.975529672136624
11.79170028834591	21.027506157073518
11.80170028834591	21.07958692814977
11.811700288345909	21.13177195198342
11.821700288345909	21.184061230985478
11.831700288345909	21.236454231387416
11.841700288345908	21.288951314412593
11.851700288345908	21.341551975495932
11.861700288345908	21.394256205811427
11.871700288345908	21.44706394780084
11.881700288345908	21.499974633386586
11.891700288345907	21.552988409883664
11.901700288345907	21.606105043786098
11.911700288345907	21.659324139122546
11.921700288345907	21.71264603889651
11.931700288345906	21.76607005088932
11.941700288345906	21.819596306448712
11.951700288345906	21.873224494297293
11.961700288345906	21.926954493322015
11.971700288345906	21.98078640336859
11.981700288345905	22.03471970648049
11.991700288345905	22.088754086655875
12.001700288345905	22.142889555902446
12.011700288345905	22.197126289887393
12.021700288345905	22.25146357017364
12.031700288345904	22.305901170632232
12.041700288345904	22.360439265771713
12.051700288345904	22.415077674001125
12.061700288345904	22.4698160371334
12.071700288345903	22.52465408747829
12.081700288345903	22.57959186736345
12.091700288345903	22.63462888058958
12.101700288345903	22.689765241940776
12.111700288345903	22.7450005411263
12.121700288345902	22.800334761966464
12.131700288345902	22.855767237647882
12.141700288345902	22.911298231991314
12.151700288345902	22.966927503838896
12.161700288345902	23.022654659736926
12.171700288345901	23.07847967327958
12.181700288345901	23.134402018821937
12.191700288345901	23.190421626357853
12.2017002883459	23.246538421540833
12.2117002883459	23.302752014106314
12.2217002883459	23.35906215909862
12.2317002883459	23.41546869670336
12.2417002883459	23.47197170997824
12.2517002883459	23.528570317761208
12.2617002883459	23.585264664165397
12.2717002883459	23.642054342477124
12.281700288345899	23.698939315237556
12.291700288345899	23.755919371354874
12.301700288345899	23.812993912763304
12.311700288345898	23.870162864209448
12.321700288345898	23.927425991697888
12.331700288345898	23.984783280973687
12.341700288345898	24.042234166488416
12.351700288345898	24.099778337672138
12.361700288345897	24.157415757379542
12.371700288345897	24.21514581361773
12.381700288345897	24.27296853548137
12.391700288345897	24.330883059583854
12.401700288345896	24.388889673957976
12.411700288345896	24.446988177959184
12.421700288345896	24.505177714455264
12.431700288345896	24.563458451738807
12.441700288345896	24.62182975849687
12.451700288345895	24.680291393225684
12.461700288345895	24.738843033586253
12.471700288345895	24.797484556175245
12.481700288345895	24.856215344349923
12.491700288345895	24.91503513912422
12.501700288345894	24.973943542972005
12.511700288345894	25.03294022346052
12.521700288345894	25.092024992403896
12.531700288345894	25.15119703072016
12.541700288345893	25.21045626999753
12.551700288345893	25.269802162100525
12.561700288345893	25.329234685671857
12.571700288345893	25.38875312429295
12.581700288345893	25.44835694017963
12.591700288345892	25.508045824787597
12.601700288345892	25.566571032296544
12.611700288345892	25.617841684840823
12.621700288345892	25.654873902499876
12.631700288345892	25.67479046464802
12.641700288345891	25.68036578293156
12.646516023029573	25.680576715369
1000012.6465160231	25.680576715369
