-100000	0
0.5133804428908917	0
0.516713776224225	0.000002221129463950842
0.521713776224225	0.000018973902796606965
0.5292137762242249	0.00008538512907580354
0.5404637762242249	0.00030255620166362297
0.5573387762242249	0.0009531420106833106
0.5826512762242249	0.0028102576648953103
0.6206200262242249	0.007950849141174
0.6775731512242249	0.02186527129856395
0.7630028387242249	0.05770441365026887
0.8630028387242249	0.11625644506513469
0.9630028387242249	0.18816037184219023
1.063002838724225	0.271150287970643
1.163002838724225	0.3637615171664935
1.2630028387242251	0.46496054923849556
1.3630028387242252	0.5738890490621377
1.4630028387242253	0.6898801573790946
1.5630028387242254	0.8123673013214536
1.6630028387242255	0.9407693812672548
1.7630028387242256	1.074512765481247
1.8630028387242257	1.213080735721198
1.9630028387242258	1.3560491665179157
2.0630028387242256	1.503123835038378
2.1630028387242257	1.6538563724150526
2.263002838724226	1.8080029653492204
2.363002838724226	1.9651468884827163
2.463002838724226	2.124941476640093
2.563002838724226	2.2871297172901333
2.663002838724226	2.451382180700718
2.7630028387242263	2.617401763269719
2.8630028387242263	2.7848967898097707
2.9630028387242264	2.953578600256782
3.0630028387242265	3.1231594799701905
3.1630028387242266	3.2933577338825115
3.2630028387242267	3.4638909513386062
3.363002838724227	3.6344595178110355
3.463002838724227	3.8048277411969633
3.563002838724227	3.974684938521994
3.663002838724227	4.143588471015989
3.763002838724227	4.311226659603369
3.8630028387242272	4.477333400075468
3.9630028387242273	4.6416342406426745
4.063002838724227	4.803845635593644
4.163002838724227	4.963676689265886
4.263002838724226	5.120829782469122
4.363002838724226	5.275007860048108
4.4630028387242255	5.4259151480129555
4.563002838724225	5.573261331999307
4.663002838724225	5.716759603260137
4.7630028387242245	5.856111181396081
4.863002838724224	5.991004421772647
4.963002838724224	6.12109483856445
5.063002838724223	6.246003495177391
5.163002838724223	6.365317382721836
5.263002838724223	6.4786150746201745
5.363002838724222	6.585499845295548
5.463002838724222	6.685634218788019
5.563002838724222	6.778746161287484
5.663002838724221	6.864587010130868
5.763002838724221	6.9428524511121275
5.863002838724221	7.013049270943406
5.96300283872422	7.074435161922059
6.06300283872422	7.126010721034521
6.1630028387242195	7.166589581036145
6.263002838724219	7.194177967516729
6.363002838724219	7.210526153658055
6.463002838724218	7.219824507124072
6.563002838724218	7.225742733396655
6.663002838724218	7.230268052874605
6.763002838724217	7.234429925596363
6.863002838724217	7.238963152277087
6.963002838724217	7.244516394580712
7.063002838724216	7.251771221436903
7.163002838724216	7.261489259849194
7.263002838724216	7.274527854996643
7.363002838724215	7.291827878995709
7.463002838724215	7.31439449649236
7.5630028387242145	7.3431914526474635
7.663002838724214	7.378682184079606
7.763002838724214	7.421054082424779
7.8630028387242135	7.470434969942999
7.963002838724213	7.52696956076703
8.063002838724213	7.590825811691143
8.163002838724212	7.6621772002721675
8.263002838724212	7.74120022431234
8.363002838724212	7.828060923977782
8.463002838724211	7.92291068401726
8.563002838724211	8.025888744959751
8.66300283872421	8.13713358595586
8.76300283872421	8.256789853947563
8.86300283872421	8.385020076379845
8.96300283872421	8.52200394794291
9.06300283872421	8.667936236522648
9.163002838724209	8.823020294730757
9.263002838724208	8.987461174397037
9.363002838724208	9.161541002256946
9.463002838724208	9.345513241128316
9.563002838724207	9.539693267942772
9.663002838724207	9.744450766840373
9.763002838724207	9.961436769417201
9.863002838724206	10.191486535900749
9.963002838724206	10.434522948521817
10.063002838724206	10.690460364985919
10.163002838724205	10.959209862242611
10.263002838724205	11.240680325380316
10.363002838724205	11.534780958990316
10.463002838724204	11.841420125371673
10.563002838724204	12.160506972925365
10.663002838724204	12.49195047027411
10.763002838724203	12.835661213979664
10.863002838724203	13.191547525897592
10.963002838724202	13.559516837929134
11.063002838724202	13.939477651041187
11.163002838724202	14.331328561717335
11.263002838724201	14.734961351018626
11.363002838724201	15.15026603158847
11.4630028387242	15.577126491123126
11.5630028387242	16.015422703978572
11.6630028387242	16.465029070639215
11.7630028387242	16.92581311757711
11.8630028387242	17.39763480362522
11.963002838724199	17.880344143023674
12.063002838724199	18.373781009478314
12.163002838724198	18.87777116322937
12.263002838724198	19.392122920696206
12.363002838724197	19.916624602558713
12.463002838724197	20.451034176983477
12.563002838724197	20.995069423613533
12.663002838724196	21.42574245090745
12.66484327396963	21.425298928896524
1000012.6648432739	21.425298928896524
