-100000	0
0.7040084771297703	0
0.7073418104631036	0.0000007771200772656217
0.7123418104631036	0.00000771067460277496
0.7198418104631036	0.000039286066312748285
0.7310918104631036	0.00015360427668017945
0.7479668104631035	0.0005242773897576648
0.7732793104631035	0.0016528462771584502
0.8112480604631035	0.004951958691607308
0.8682011854631035	0.014315362906671448
0.9536308729631036	0.040248364981692424
1.0536308729631036	0.08817932991694291
1.1536308729631037	0.15018978632162147
1.2536308729631038	0.22373090972580573
1.353630872963104	0.30728883824155306
1.453630872963104	0.3997906720412069
1.553630872963104	0.5004088635044015
1.6536308729631042	0.6084671245838227
1.7536308729631043	0.7233836365333723
1.8536308729631044	0.8445187075704753
1.9536308729631044	0.9711210992722932
2.0536308729631045	1.1025723841353354
2.1536308729631046	1.2384058632828185
2.2536308729631047	1.3781945977608112
2.353630872963105	1.5215422284407305
2.453630872963105	1.6680755331845016
2.553630872963105	1.8174339497908283
2.653630872963105	1.9692940552375078
2.753630872963105	2.1233234800981693
2.8536308729631052	2.2792056558728886
2.9536308729631053	2.436631917168127
3.0536308729631054	2.595297454396561
3.1536308729631055	2.7549043476868684
3.2536308729631056	2.9151576752325363
3.3536308729631057	3.075748478295069
3.453630872963106	3.2364256259047464
3.553630872963106	3.3968630861919187
3.653630872963106	3.556274863591703
3.753630872963106	3.7142243164734734
3.853630872963106	3.8704775821329362
3.9536308729631062	4.024790650198154
4.053630872963106	4.176906230477054
4.153630872963106	4.326553708554755
4.253630872963106	4.473448431951441
4.353630872963105	4.617295306885914
4.453630872963105	4.757790145063101
4.5536308729631045	4.894621828037163
4.653630872963104	5.027473541498374
4.753630872963104	5.1560182278402165
4.8536308729631035	5.279913457788287
4.953630872963103	5.398788651159319
5.053630872963103	5.512229166617968
5.153630872963102	5.619766550848889
5.253630872963102	5.720877202232697
5.353630872963102	5.814992360012945
5.453630872963101	5.901514354460998
5.553630872963101	5.97980680678352
5.653630872963101	6.0491237741066275
5.7536308729631	6.108401517991862
5.8536308729631	6.1555790345582135
5.9536308729631	6.185346939962894
6.053630872963099	6.198968206124614
6.153630872963099	6.202389698095385
6.2536308729630985	6.202424300596369
6.353630872963098	6.202424300596369
6.453630872963098	6.202424300596369
6.553630872963097	6.202424300596369
6.653630872963097	6.202424300596369
6.753630872963097	6.202424300596369
6.853630872963096	6.202424300596369
6.953630872963096	6.202424300596369
7.053630872963096	6.202424300596369
7.153630872963095	6.202424300596369
7.253630872963095	6.202424300596369
7.353630872963095	6.202424300596369
7.453630872963094	6.202424300596369
7.553630872963094	6.20248468513922
7.6536308729630935	6.203129082072809
7.753630872963093	6.20512109046128
7.853630872963093	6.209281408209728
7.9536308729630925	6.216473803295499
8.053630872963092	6.2275952542281345
8.153630872963092	6.243572648679724
8.253630872963091	6.2653684983105205
8.353630872963091	6.2939650609217175
8.45363087296309	6.3300307371504365
8.55363087296309	6.373788085960796
8.65363087296309	6.425405515559282
8.75363087296309	6.485033927302193
8.85363087296309	6.552822095090398
8.953630872963089	6.628924974837031
9.053630872963089	6.713504520667705
9.153630872963088	6.806729981895131
9.253630872963088	6.908764032509964
9.353630872963087	7.019830525222571
9.453630872963087	7.14012764782868
9.553630872963087	7.269896665788841
9.653630872963086	7.409408606949789
9.753630872963086	7.560597513425212
9.853630872963086	7.725042046386935
9.953630872963085	7.902793510897079
10.053630872963085	8.093864764437985
10.153630872963085	8.298239316138915
10.253630872963084	8.515875728835818
10.353630872963084	8.746713238316586
10.453630872963084	8.990675753417783
10.553630872963083	9.247675078862292
10.653630872963083	9.517614537157893
10.753630872963083	9.80039094962876
10.853630872963082	10.09589624161123
10.953630872963082	10.40401950641671
11.053630872963081	10.724648132455451
11.153630872963081	11.057672138742033
11.25363087296308	11.40298402790207
11.35363087296308	11.760474959349665
11.45363087296308	12.13003466361882
11.55363087296308	12.511550806872474
11.65363087296308	12.904907690569061
11.753630872963079	13.309985432016836
11.853630872963079	13.726657343913509
11.953630872963078	14.154790592096244
12.053630872963078	14.594241918954866
12.153630872963078	15.044857098921037
12.253630872963077	15.50646583169255
12.353630872963077	15.978878484343484
12.453630872963076	16.461881923950653
12.553630872963076	16.95522525428232
12.653630872963076	17.451960747116765
12.683170524909688	17.497725340495087
1000012.6831705249	17.497725340495087
