-100000	0
1.2414748122434585	0
1.2448081455767919	0.00000028151749457481536
1.2498081455767918	0.0000025258834836665918
1.2573081455767918	0.000012934685763353841
1.2685581455767918	0.000053053774175617115
1.2854331455767918	0.00019347908859512696
1.3107456455767919	0.0006562785940013877
1.348714395576792	0.00211869992149836
1.405667520576792	0.006593841437952983
1.491097208076792	0.019932497251629162
1.591097208076792	0.0480872638039722
1.691097208076792	0.09171914733008389
1.7910972080767922	0.149033068198525
1.8910972080767923	0.21802738989687748
1.9910972080767924	0.29749823697395655
2.0910972080767922	0.3865782600447314
2.1910972080767923	0.48452618740402065
2.2910972080767924	0.590275265770077
2.3910972080767925	0.7024584229453272
2.4910972080767926	0.8198720781638361
2.5910972080767927	0.9417864553955023
2.6910972080767928	1.0676069599832414
2.791097208076793	1.1968022390908628
2.891097208076793	1.328936154127752
2.991097208076793	1.4635674308273885
3.091097208076793	1.6003017684262097
3.191097208076793	1.7387642091589681
3.2910972080767933	1.8785974962974894
3.3910972080767934	2.01947417486569
3.4910972080767935	2.1610081279131976
3.5910972080767936	2.3025394425952994
3.6910972080767936	2.4423759614617504
3.7910972080767937	2.58018261929193
3.891097208076794	2.7157278329846437
3.991097208076794	2.8488006591221255
4.091097208076794	2.979129348907667
4.191097208076793	3.1064279447885443
4.291097208076793	3.230376057920756
4.3910972080767925	3.3506204819080785
4.491097208076792	3.466762849826671
4.591097208076792	3.5783500586877364
4.691097208076791	3.6848896507958964
4.791097208076791	3.785779133140087
4.891097208076791	3.880340868159248
4.99109720807679	3.9677299439683464
5.09109720807679	4.046851472251487
5.19109720807679	4.116117965281244
5.291097208076789	4.172794848050641
5.391097208076789	4.211003417316865
5.491097208076789	4.229157292757885
5.591097208076788	4.232946977787229
5.691097208076788	4.23294702691459
5.7910972080767875	4.23294702691459
5.891097208076787	4.23294702691459
5.991097208076787	4.23294702691459
6.0910972080767865	4.23294702691459
6.191097208076786	4.23294702691459
6.291097208076786	4.23294702691459
6.391097208076785	4.23294702691459
6.491097208076785	4.23294702691459
6.591097208076785	4.23294702691459
6.691097208076784	4.23294702691459
6.791097208076784	4.23294702691459
6.891097208076784	4.23294702691459
6.991097208076783	4.23294702691459
7.091097208076783	4.23294702691459
7.1910972080767825	4.23294702691459
7.291097208076782	4.23294702691459
7.391097208076782	4.23294702691459
7.4910972080767815	4.23294702691459
7.591097208076781	4.23294702691459
7.691097208076781	4.23294702691459
7.79109720807678	4.23294702691459
7.89109720807678	4.23294702691459
7.99109720807678	4.23294702691459
8.09109720807678	4.23294702691459
8.19109720807678	4.23294702691459
8.29109720807678	4.23294702691459
8.39109720807678	4.23294702691459
8.491097208076779	4.23294702691459
8.591097208076778	4.23294702691459
8.691097208076778	4.23294702691459
8.791097208076778	4.23294702691459
8.891097208076777	4.23294702691459
8.991097208076777	4.23294702691459
9.091097208076777	4.23294702691459
9.191097208076776	4.232947193739145
9.291097208076776	4.233202835231604
9.391097208076776	4.234594965065052
9.491097208076775	4.238122929425718
9.591097208076775	4.244832907074924
9.691097208076775	4.2558837998664325
9.791097208076774	4.273197786105377
9.891097208076774	4.29869673984019
9.991097208076773	4.334327684705231
10.091097208076773	4.382068364195609
10.191097208076773	4.443060639817164
10.291097208076772	4.51777897576248
10.391097208076772	4.606553753889515
10.491097208076772	4.709607498329949
10.591097208076771	4.827075084069788
10.691097208076771	4.959022909947146
10.79109720807677	5.105462155599082
10.89109720807677	5.2663605730183605
10.99109720807677	5.441652832287584
11.09109720807677	5.631247201285424
11.19109720807677	5.835031270184755
11.291097208076769	6.05287739523432
11.391097208076769	6.284644654179524
11.491097208076768	6.530184456176125
11.591097208076768	6.789339539173785
11.691097208076767	7.061949141313753
11.791097208076767	7.347844505905906
11.891097208076767	7.646855507336383
11.991097208076766	7.958806727611228
12.091097208076766	8.28351822377088
12.191097208076766	8.620803617225167
12.291097208076765	8.97046867553235
12.391097208076765	9.332309465619842
12.491097208076765	9.706106624555565
12.591097208076764	10.091620928021731
12.691097208076764	10.48782703685388
12.719825026789804	10.533352824656303
1000012.7198250268	10.533352824656303
