-100000	0
1.6162767537434917	0
1.619610087076825	0.00000020977973990685705
1.624610087076825	0.000001797722119912578
1.632110087076825	0.00000898608565542976
1.643360087076825	0.00003658466542734178
1.660235087076825	0.00013400377833265467
1.685547587076825	0.00046029302554244145
1.7235163370768252	0.0015127038374236304
1.780469462076825	0.004810163187008612
1.8658991495768251	0.014906395890790692
1.9658991495768252	0.036823433311701334
2.065899149576825	0.07215294364437524
2.165899149576825	0.122719250922747
2.2658991495768253	0.18702702496915924
2.3658991495768253	0.26347096154485067
2.4658991495768254	0.3508067223904927
2.5658991495768255	0.44725056242398864
2.6658991495768256	0.5504380845443301
2.7658991495768257	0.6588209947345367
2.865899149576826	0.7715264151705697
2.965899149576826	0.8878224273918488
3.065899149576826	1.0071050884110189
3.165899149576826	1.1288533127716047
3.265899149576826	1.2525965757843383
3.3658991495768262	1.3779018769213585
3.4658991495768263	1.5043586463443073
3.5658991495768264	1.631400969175323
3.6658991495768265	1.7569190119396825
3.7658991495768266	1.8801915306008692
3.8658991495768267	2.0009331857894392
3.9658991495768268	2.1188777599206063
4.065899149576826	2.2336869104281676
4.165899149576826	2.3449932464560708
4.265899149576826	2.4523739380717777
4.365899149576825	2.5553344133855633
4.465899149576825	2.653283927769432
4.565899149576825	2.7455018255986046
4.665899149576824	2.831076188898795
4.765899149576824	2.9087940358073308
4.865899149576824	2.9769016865988696
4.965899149576823	3.032381844447298
5.065899149576823	3.0706354488853926
5.1658991495768225	3.091958084335719
5.265899149576822	3.0995295376181575
5.365899149576822	3.099986075995006
5.465899149576821	3.099986075995006
5.565899149576821	3.099986075995006
5.665899149576821	3.099986075995006
5.76589914957682	3.099986075995006
5.86589914957682	3.099986075995006
5.96589914957682	3.099986075995006
6.065899149576819	3.099986075995006
6.165899149576819	3.099986075995006
6.265899149576819	3.099986075995006
6.365899149576818	3.099986075995006
6.465899149576818	3.099986075995006
6.5658991495768175	3.099986075995006
6.665899149576817	3.099986075995006
6.765899149576817	3.099986075995006
6.8658991495768165	3.099986075995006
6.965899149576816	3.099986075995006
7.065899149576816	3.099986075995006
7.165899149576815	3.099986075995006
7.265899149576815	3.099986075995006
7.365899149576815	3.099986075995006
7.465899149576814	3.099986075995006
7.565899149576814	3.099986075995006
7.665899149576814	3.099986075995006
7.765899149576813	3.099986075995006
7.865899149576813	3.099986075995006
7.9658991495768126	3.099986075995006
8.065899149576813	3.099986075995006
8.165899149576813	3.099986075995006
8.265899149576812	3.099986075995006
8.365899149576812	3.099986075995006
8.465899149576812	3.099986075995006
8.565899149576811	3.099986075995006
8.665899149576811	3.099986075995006
8.76589914957681	3.099986075995006
8.86589914957681	3.099986075995006
8.96589914957681	3.099986075995006
9.06589914957681	3.099986075995006
9.16589914957681	3.099986075995006
9.265899149576809	3.099986075995006
9.365899149576808	3.099986075995006
9.465899149576808	3.099986075995006
9.565899149576808	3.099986075995006
9.665899149576807	3.099986075995006
9.765899149576807	3.099986075995006
9.865899149576807	3.099986075995006
9.965899149576806	3.099986075995006
10.065899149576806	3.1000030778350345
10.165899149576806	3.1007165056736503
10.265899149576805	3.1037581338088787
10.365899149576805	3.110999655358819
10.465899149576805	3.1244650282718553
10.565899149576804	3.146295182304088
10.665899149576804	3.1787195089283786
10.765899149576803	3.22403299494165
10.865899149576803	3.2845770133644256
10.965899149576803	3.3622172978692055
11.065899149576802	3.456944668843002
11.165899149576802	3.568383267143588
11.265899149576802	3.696213418534414
11.365899149576801	3.840140629530474
11.465899149576801	3.999884803559685
11.5658991495768	4.175175173216695
11.6658991495768	4.365746412034934
11.7658991495768	4.5713389309769985
11.8658991495768	4.791696071300291
11.9658991495768	5.026564751397274
12.065899149576799	5.275693932207995
12.165899149576799	5.538833027582516
12.265899149576798	5.815730708253607
12.365899149576798	6.106131852422949
12.465899149576797	6.409775339074869
12.565899149576797	6.726388002081233
12.665899149576797	7.055680188381501
12.738152277729863	7.248000193192731
1000012.7381522778	7.248000193192731
