-100000	0
2.087492713813722	0
2.0908260471470554	0.00000017605950065488505
2.0958260471470553	0.000001550612580222369
2.103326047147055	0.000007897771231093471
2.114576047147055	0.00003251261558942294
2.1314510471470554	0.00011979049318091464
2.1567635471470554	0.0004127752352365343
2.1947322971470555	0.0013616122758805173
2.2516854221470557	0.004357086038740128
2.3371151096470557	0.013637949821915785
2.437115109647056	0.03402081135219855
2.537115109647056	0.0670780606562231
2.637115109647056	0.11470617804992164
2.737115109647056	0.17595382423129266
2.837115109647056	0.24812553093332584
2.9371151096470562	0.3280053701652649
3.0371151096470563	0.41369144881081654
3.1371151096470564	0.5038541824764886
3.2371151096470565	0.5974695234855278
3.3371151096470566	0.6936937222076704
3.4371151096470567	0.7917965035299089
3.5371151096470568	0.8911070672522968
3.637115109647057	0.9894726678581407
3.737115109647057	1.085306815744423
3.837115109647057	1.1781029270668153
3.937115109647057	1.2673041183097355
4.037115109647057	1.3522690333931724
4.137115109647056	1.4322115920058052
4.237115109647056	1.5061103424796214
4.337115109647056	1.5724960763979254
4.437115109647055	1.628952070146908
4.537115109647055	1.6737956485337617
4.637115109647055	1.70681109441775
4.737115109647054	1.7282752751317458
4.837115109647054	1.7392314639918656
4.937115109647054	1.7421387716807688
5.037115109647053	1.7421692470672132
5.137115109647053	1.7421692470672132
5.2371151096470525	1.7421692470672132
5.337115109647052	1.7421692470672132
5.437115109647052	1.7421692470672132
5.5371151096470514	1.7421692470672132
5.637115109647051	1.7421692470672132
5.737115109647051	1.7421692470672132
5.83711510964705	1.7421692470672132
5.93711510964705	1.7421692470672132
6.03711510964705	1.7421692470672132
6.137115109647049	1.7421692470672132
6.237115109647049	1.7421692470672132
6.337115109647049	1.7421692470672132
6.437115109647048	1.7421692470672132
6.537115109647048	1.7421692470672132
6.6371151096470475	1.7421692470672132
6.737115109647047	1.7421692470672132
6.837115109647047	1.7421692470672132
6.9371151096470465	1.7421692470672132
7.037115109647046	1.7421692470672132
7.137115109647046	1.7421692470672132
7.237115109647045	1.7421692470672132
7.337115109647045	1.7421692470672132
7.437115109647045	1.7421692470672132
7.537115109647044	1.7421692470672132
7.637115109647044	1.7421692470672132
7.737115109647044	1.7421692470672132
7.837115109647043	1.7421692470672132
7.937115109647043	1.7421692470672132
8.037115109647043	1.7421692470672132
8.137115109647043	1.7421692470672132
8.237115109647043	1.7421692470672132
8.337115109647042	1.7421692470672132
8.437115109647042	1.7421692470672132
8.537115109647042	1.7421692470672132
8.637115109647041	1.7421692470672132
8.737115109647041	1.7421692470672132
8.83711510964704	1.7421692470672132
8.93711510964704	1.7421692470672132
9.03711510964704	1.7421692470672132
9.13711510964704	1.7421692470672132
9.23711510964704	1.7421692470672132
9.337115109647039	1.7421692470672132
9.437115109647038	1.7421692470672132
9.537115109647038	1.7421692470672132
9.637115109647038	1.7421692470672132
9.737115109647037	1.7421692470672132
9.837115109647037	1.7421692470672132
9.937115109647037	1.7421692470672132
10.037115109647036	1.7421692470672132
10.137115109647036	1.7421692470672132
10.237115109647036	1.7421692470672132
10.337115109647035	1.7421692470672132
10.437115109647035	1.7421692470672132
10.537115109647035	1.7421692470672132
10.637115109647034	1.7421692470672132
10.737115109647034	1.7421692470672132
10.837115109647034	1.7421692470672132
10.937115109647033	1.7423567603164771
11.037115109647033	1.744635753062157
11.137115109647032	1.7517811332199555
11.237115109647032	1.7665129009564309
11.337115109647032	1.7915121037360735
11.437115109647031	1.8294294411824226
11.537115109647031	1.8828831247216167
11.63711510964703	1.9544693791804086
11.73711510964703	2.0467112971595953
11.83711510964703	2.160132977217909
11.93711510964703	2.2930677391737286
12.03711510964703	2.4443819086100906
12.137115109647029	2.6132511633954656
12.237115109647029	2.799009527075083
12.337115109647028	3.001086650611697
12.437115109647028	3.218972754729343
12.537115109647027	3.45219790306524
12.637115109647027	3.7003137942174873
12.737115109647027	3.9611137110849537
12.756479528669919	3.978682132742837
1000012.7564795286	3.978682132742837
