-100000	0
6.2755434700480945	0
6.275876803381428	0.000000004960118294024139
6.276376803381428	0.000000033646035724742026
6.277126803381428	0.00000013337673067909283
6.278251803381428	0.00000044057035209081685
6.279939303381428	0.0000013572092859593608
6.282470553381428	0.000004098326894616196
6.286267428381428	0.00001242976162357009
6.291962740881428	0.000038241730119611005
6.300505709631428	0.000119661931064491
6.310505709631427	0.00030571246647300495
6.320505709631427	0.000621124005104323
6.330505709631427	0.0010983645730636067
6.340505709631427	0.0017692039916704782
6.350505709631427	0.002664275826213121
6.360505709631426	0.003813534622676738
6.370505709631426	0.0052466311577523
6.380505709631426	0.006992486867314271
6.390505709631426	0.009079367030551764
6.4005057096314255	0.011535218061658458
6.410505709631425	0.014387039261436816
6.420505709631425	0.01764532840477395
6.430505709631425	0.021300872377698492
6.440505709631425	0.025344996628949863
6.4505057096314244	0.029769408475963734
6.460505709631424	0.034567253361058085
6.470505709631424	0.03973136517262332
6.480505709631424	0.045255639018812466
6.490505709631424	0.05113411190629354
6.500505709631423	0.0573611812444285
6.510505709631423	0.0639317707771443
6.520505709631423	0.07084087545853437
6.530505709631423	0.07808407026472956
6.5405057096314225	0.0856570118622119
6.550505709631422	0.09355532748009993
6.560505709631422	0.10177546715620953
6.570505709631422	0.11031340572240528
6.580505709631422	0.11916522064134105
6.5905057096314215	0.12832798982957078
6.600505709631421	0.1377980735312597
6.610505709631421	0.14757212026083935
6.620505709631421	0.1576472383145481
6.630505709631421	0.16802054105353037
6.64050570963142	0.17868908179886198
6.65050570963142	0.1896500368828203
6.66050570963142	0.20090080939461802
6.67050570963142	0.2124387926147015
6.6805057096314195	0.22426155507022
6.690505709631419	0.23636655936736553
6.700505709631419	0.24875136339097892
6.710505709631419	0.2614138237814136
6.720505709631419	0.274351738642034
6.7305057096314185	0.2875629137667515
6.740505709631418	0.3010452317359062
6.750505709631418	0.314796460421495
6.760505709631418	0.3288147791543637
6.770505709631418	0.34309810562215204
6.780505709631417	0.3576444017877299
6.790505709631417	0.3724522514286198
6.800505709631417	0.3875194918444834
6.810505709631417	0.40284416116438376
6.820505709631417	0.4184250278461091
6.830505709631416	0.4342600816332739
6.840505709631416	0.4503473390850473
6.850505709631416	0.4666856686073156
6.860505709631416	0.4832733129644329
6.8705057096314155	0.500108449368122
6.880505709631415	0.5171897197304404
6.890505709631415	0.5345157072737992
6.900505709631415	0.5520848647101693
6.910505709631415	0.5698954793493142
6.920505709631414	0.5879462900183732
6.930505709631414	0.606235818121656
6.940505709631414	0.6247624494890727
6.950505709631414	0.643525276832365
6.960505709631414	0.6625227658757493
6.970505709631413	0.6817533195812107
6.980505709631413	0.7012159360750368
6.990505709631413	0.7209096074843853
7.000505709631413	0.740832342676349
7.0105057096314125	0.7609833340666355
7.020505709631412	0.7813615161399647
7.030505709631412	0.8019651178578054
7.040505709631412	0.8227932658715711
7.050505709631412	0.8438445897218027
7.060505709631411	0.8651180659538148
7.070505709631411	0.8866125154473031
7.080505709631411	0.9083267889186905
7.090505709631411	0.9302599271086475
7.100505709631411	0.9524105881518846
7.11050570963141	0.9747777994999016
7.12050570963141	0.9973603190211233
7.13050570963141	1.0201571810602308
7.14050570963141	1.0431673261276255
7.1505057096314095	1.0663894666923395
7.160505709631409	1.0898228398839023
7.170505709631409	1.1134664467676316
7.180505709631409	1.137319058516226
7.190505709631409	1.161379665062752
7.2005057096314085	1.1856474076065113
7.210505709631408	1.2101215106895558
7.220505709631408	1.2348006696768101
7.230505709631408	1.2596839714605539
7.240505709631408	1.2847706864630855
7.250505709631407	1.3100596617197
7.260505709631407	1.3355501466107744
7.270505709631407	1.3612410368614651
7.280505709631407	1.3871314332240687
7.2905057096314065	1.4132205347415634
7.300505709631406	1.439507348396332
7.310505709631406	1.4659909829960847
7.320505709631406	1.4926704985913235
7.330505709631406	1.5195451966895535
7.3405057096314055	1.5466141431733935
7.350505709631405	1.5738764547283366
7.360505709631405	1.6013312726017803
7.370505709631405	1.6289776774802238
7.380505709631405	1.6568149773766576
7.390505709631404	1.68484223651515
7.400505709631404	1.7130585936007363
7.410505709631404	1.741463310483207
7.420505709631404	1.7700555677879832
7.4305057096314036	1.7988345794223042
7.440505709631403	1.8277994757423837
7.450505709631403	1.856949609029179
7.460505709631403	1.8862841434314674
7.470505709631403	1.9158020965111693
7.4805057096314025	1.9455028377724615
7.490505709631402	1.9753856790671274
7.500505709631402	2.005449809524917
7.510505709631402	2.035694519313449
7.520505709631402	2.0661190515215977
7.530505709631401	2.096722652884856
7.540505709631401	2.1275046237205353
7.550505709631401	2.1584640508227273
7.560505709631401	2.1896003710574026
7.570505709631401	2.220912964199302
7.5805057096314	2.2524007613192207
7.5905057096314	2.2840632065481756
7.6005057096314	2.3158997505169188
7.6105057096314	2.3479096125159717
7.6205057096313995	2.3800920301661574
7.630505709631399	2.4124464086620043
7.640505709631399	2.444971961709957
7.650505709631399	2.4776678884685768
7.660505709631399	2.5105336332298562
7.670505709631398	2.5435687014348205
7.680505709631398	2.5767724097174804
7.690505709631398	2.6101438817489044
7.700505709631398	2.64368240239704
7.710505709631398	2.677387409847267
7.720505709631397	2.711258342793925
7.730505709631397	2.745294528873188
7.740505709631397	2.77949529191367
7.750505709631397	2.8138600688785793
7.7605057096313965	2.848388139064209
7.770505709631396	2.8830788278912145
7.780505709631396	2.9179314247300625
7.790505709631396	2.9529452816616173
7.800505709631396	2.9881200089218862
7.8105057096313955	3.0234550112520124
7.820505709631395	3.0589496230411797
7.830505709631395	3.094603093173892
7.840505709631395	3.1304149029214074
7.850505709631395	3.166384413761371
7.860505709631394	3.2025110157753174
7.870505709631394	3.2387941034279732
7.880505709631394	3.2752331104805923
7.890505709631394	3.311827482265674
7.9005057096313935	3.348576565984576
7.910505709631393	3.385479812372246
7.920505709631393	3.422536635236225
7.930505709631393	3.459746475115462
7.940505709631393	3.4971087621445056
7.9505057096313925	3.5346229397635684
7.960505709631392	3.5722884515735718
7.970505709631392	3.6101046380831208
7.980505709631392	3.6480709256471107
7.990505709631392	3.686186842082112
8.000505709631392	3.724451812750009
8.010505709631392	3.7628653236183545
8.020505709631392	3.801426808288181
8.030505709631392	3.8401357028209806
8.040505709631391	3.878991430783231
8.050505709631391	3.917993383223364
8.060505709631391	3.9571411525126616
8.07050570963139	3.9964342484139843
8.08050570963139	4.035871981475092
8.09050570963139	4.075453776660245
8.10050570963139	4.115179197083247
8.11050570963139	4.1550477636110825
8.12050570963139	4.195058937009713
8.13050570963139	4.2352122156115914
8.14050570963139	4.275507130136986
8.150505709631389	4.315943109546231
8.160505709631389	4.35651958171727
8.170505709631389	4.397236128417184
8.180505709631388	4.438092159380735
8.190505709631388	4.479087117645845
8.200505709631388	4.520220588972318
8.210505709631388	4.561492122891187
8.220505709631388	4.602901207883274
8.230505709631387	4.644447328086705
8.240505709631387	4.686130008027522
8.250505709631387	4.727948432630741
8.260505709631387	4.769902243119248
8.270505709631387	4.811991122507389
8.280505709631386	4.854214630878981
8.290505709631386	4.896572239650344
8.300505709631386	4.93906342059761
8.310505709631386	4.981687813055532
8.320505709631385	5.024444825372742
8.330505709631385	5.067334060859095
8.340505709631385	5.110355125242378
8.350505709631385	5.153507428087632
8.360505709631385	5.1967905103733525
8.370505709631384	5.240203927284094
8.380505709631384	5.283747207599779
8.390505709631384	5.32741995238952
8.400505709631384	5.371221705341309
8.410505709631384	5.415151953817063
8.420505709631383	5.459210254234745
8.430505709631383	5.503396195791291
8.440505709631383	5.5477093191803135
8.450505709631383	5.592149179435455
8.460505709631382	5.636715295303246
8.470505709631382	5.681407168441356
8.480505709631382	5.726224434966803
8.490505709631382	5.771166688993985
8.500505709631382	5.816233455642173
8.510505709631381	5.861424295747773
8.520505709631381	5.906738855826998
8.530505709631381	5.95217660535712
8.54050570963138	5.997737100882876
8.55050570963138	6.04341997284471
8.56050570963138	6.0892248192011875
8.57050570963138	6.135151236541636
8.58050570963138	6.18119882020194
8.59050570963138	6.227367151167231
8.60050570963138	6.273655789449107
8.61050570963138	6.320064334198839
8.620505709631379	6.366592319167616
8.630505709631379	6.41323929780043
8.640505709631379	6.460004856624953
8.650505709631378	6.506888634073368
8.660505709631378	6.553890284594017
8.670505709631378	6.601009383137629
8.680505709631378	6.648245495196
8.690505709631378	6.695598236492951
8.700505709631377	6.743067210363473
8.710505709631377	6.790651988179824
8.720505709631377	6.83835216902152
8.730505709631377	6.8861673784683
8.740505709631377	6.934097213606797
8.750505709631376	6.98214129599879
8.760505709631376	7.0302993028709
8.770505709631376	7.078570882069196
8.780505709631376	7.126955542661789
8.790505709631375	7.1754529733114625
8.800505709631375	7.224062753688525
8.810505709631375	7.272784424599838
8.820505709631375	7.321617658809543
8.830505709631375	7.370562128435252
8.840505709631374	7.419617401962304
8.850505709631374	7.468783127961809
8.860505709631374	7.51805890278111
8.870505709631374	7.5674443798131925
8.880505709631374	7.616939216635976
8.890505709631373	7.666543083867014
8.900505709631373	7.71625564358229
8.910505709631373	7.766076413233297
8.920505709631373	7.816005072291404
8.930505709631372	7.866041238498043
8.940505709631372	7.916184527112408
8.950505709631372	7.966434648960033
8.960505709631372	8.016791334029055
8.970505709631372	8.067254173435611
8.980505709631371	8.117822769199389
8.990505709631371	8.168496754100833
9.000505709631371	8.21927580697054
9.01050570963137	8.27015958083631
9.02050570963137	8.321147667885267
9.03050570963137	8.372239733871096
9.04050570963137	8.42343556023308
9.05050570963137	8.474734744600688
9.06050570963137	8.526136846955861
9.07050570963137	8.5776415566094
9.08050570963137	8.629248554643072
9.090505709631369	8.68095754313881
9.100505709631369	8.732768232981906
9.110505709631369	8.784680202510769
9.120505709631368	8.836693133760052
9.130505709631368	8.88880666926487
9.140505709631368	8.941020488060499
9.150505709631368	8.993334285061637
9.160505709631368	9.045747755589291
9.170505709631367	9.098260590174124
9.180505709631367	9.15087251401294
9.190505709631367	9.203583176977535
9.200505709631367	9.256392068750973
9.210505709631366	9.309298906742384
9.220505709631366	9.362303371017655
9.230505709631366	9.41540518360124
9.240505709631366	9.468604077648427
9.250505709631366	9.521899799108098
9.260505709631365	9.575292048066244
9.270505709631365	9.628780454480596
9.280505709631365	9.682364661953097
9.290505709631365	9.736044366291413
9.300505709631365	9.789819291927236
9.310505709631364	9.843689143866937
9.320505709631364	9.897653624982357
9.330505709631364	9.95171242535051
9.340505709631364	10.005865337043792
9.350505709631364	10.06011198846828
9.360505709631363	10.11445201067031
9.370505709631363	10.168885048613944
9.380505709631363	10.223410846317224
9.390505709631363	10.27802913788937
9.400505709631362	10.332739668994417
9.410505709631362	10.387542127420405
9.420505709631362	10.442436211548035
9.430505709631362	10.49742172361726
9.440505709631362	10.55249822530995
9.450505709631361	10.607665446132971
9.460505709631361	10.662923128586378
9.470505709631361	10.718271021278234
9.48050570963136	10.77370873004635
9.49050570963136	10.829236064115939
9.50050570963136	10.884852813057377
9.51050570963136	10.940558554041996
9.52050570963136	10.996352953215705
9.53050570963136	11.052235782560828
9.54050570963136	11.108206788818592
9.55050570963136	11.164265745368196
9.560505709631359	11.220412409361293
9.570505709631359	11.276646532781484
9.580505709631359	11.332967780559391
9.590505709631358	11.389375779495866
9.600505709631358	11.445870323614928
9.610505709631358	11.502451177741255
9.620505709631358	11.559117907417962
9.630505709631358	11.615870256008627
9.640505709631357	11.672708042577812
9.650505709631357	11.729631047044316
9.660505709631357	11.786638129217849
9.670505709631357	11.843728374227089
9.680505709631356	11.900901638322534
9.690505709631356	11.9581577193131
9.700505709631356	12.015496439861382
9.710505709631356	12.072917354741124
9.720505709631356	12.130420319774078
9.730505709631355	12.18800517354091
9.740505709631355	12.245671768207178
9.750505709631355	12.303419789888931
9.760505709631355	12.361249019821015
9.770505709631355	12.41915935662519
9.780505709631354	12.477150640063625
9.790505709631354	12.535222473874173
9.800505709631354	12.593374566251097
9.810505709631354	12.651606695344634
9.820505709631353	12.709918755034085
9.830505709631353	12.768310463091513
9.840505709631353	12.826781676326256
9.850505709631353	12.885332148584528
9.860505709631353	12.943961696878501
9.870505709631352	13.002670097840058
9.880505709631352	13.06145702507571
9.890505709631352	13.120322182581425
9.900505709631352	13.179265380027532
9.910505709631352	13.238286432618244
9.920505709631351	13.297385183584684
9.930505709631351	13.356561339685932
9.940505709631351	13.41581471380145
9.95050570963135	13.475145183395615
9.96050570963135	13.534552504157729
9.97050570963135	13.594036331318714
9.98050570963135	13.653596390025625
9.99050570963135	13.713232475876447
10.00050570963135	13.772944422453117
10.01050570963135	13.832732070642955
10.02050570963135	13.892595131096066
10.030505709631349	13.952533434947462
10.040505709631349	14.012546788927562
10.050505709631349	14.072634988243262
10.060505709631348	14.132797755498332
10.070505709631348	14.193034827407804
10.080505709631348	14.253345967098685
10.090505709631348	14.31373094556969
10.100505709631348	14.37418964175677
10.110505709631347	14.434721778877618
10.120505709631347	14.495327189630135
10.130505709631347	14.556005727375616
10.140505709631347	14.616757283762672
10.150505709631346	14.677581546614695
10.160505709631346	14.738478320519743
10.170505709631346	14.799447101665711
10.180505709631346	14.860487789620429
10.190505709631346	14.92160017091546
10.200505709631345	14.982784236550229
10.210505709631345	15.04403990374715
10.220505709631345	15.10536700371884
10.230505709631345	15.166765245872996
10.240505709631345	15.22823427046067
10.250505709631344	15.289773869840946
10.260505709631344	15.351383994386234
10.270505709631344	15.41306458874267
10.280505709631344	15.474815559086903
10.290505709631343	15.53663632660021
10.300505709631343	15.598526678598235
10.310505709631343	15.660486716033544
10.320505709631343	15.722516132759202
10.330505709631343	15.784614776163773
10.340505709631342	15.846782503770113
10.350505709631342	15.909019121470923
10.360505709631342	15.97132439759356
10.370505709631342	16.033698097563462
10.380505709631342	16.096140121244492
10.390505709631341	16.15865022562153
10.400505709631341	16.221228544201104
10.410505709631341	16.28387470619179
10.42050570963134	16.3465886195533
10.43050570963134	16.409369830135805
10.44050570963134	16.472218253996516
10.45050570963134	16.53513392778462
10.46050570963134	16.598116623982698
10.47050570963134	16.661166253707513
10.48050570963134	16.7242824813185
10.49050570963134	16.787465201684626
10.500505709631339	16.850714245305344
10.510505709631339	16.914029490533984
10.520505709631339	16.977410808130273
10.530505709631338	17.040857966885422
10.540505709631338	17.104370577034413
10.550505709631338	17.16794863106699
10.560505709631338	17.23159209455152
10.570505709631338	17.29530061300664
10.580505709631337	17.359074176722117
10.590505709631337	17.422912586965882
10.600505709631337	17.48681573179257
10.610505709631337	17.55078309118437
10.620505709631336	17.61481474431542
10.630505709631336	17.678910517591703
10.640505709631336	17.743070384237758
10.650505709631336	17.807294290201774
10.660505709631336	17.871581878365756
10.670505709631335	17.935932709875022
10.680505709631335	18.000346764285787
10.690505709631335	18.06482390635984
10.700505709631335	18.129364298856856
10.710505709631335	18.19396786433627
10.720505709631334	18.25863397028154
10.730505709631334	18.323362694234905
10.740505709631334	18.38815364204081
10.750505709631334	18.453006853301964
10.760505709631333	18.517921995614426
10.770505709631333	18.582899080357087
10.780505709631333	18.647937878915908
10.790505709631333	18.713038346643707
10.800505709631333	18.778200144036735
10.810505709631332	18.843423086671997
10.820505709631332	18.908706941132795
10.830505709631332	18.974051710864696
10.840505709631332	19.03945716998047
10.850505709631332	19.10492341067744
10.860505709631331	19.170450040219873
10.870505709631331	19.236036848107318
10.880505709631331	19.301683660840308
10.89050570963133	19.367390441961152
10.90050570963133	19.433157020759506
10.91050570963133	19.498983130090814
10.92050570963133	19.564868686902674
10.93050570963133	19.63081324503421
10.94050570963133	19.696817141071335
10.95050570963133	19.762879936266028
10.96050570963133	19.82900156628811
10.970505709631329	19.895182030531135
10.980505709631329	19.961420886714166
10.990505709631329	20.027717946920212
11.000505709631328	20.094072990622024
11.010505709631328	20.160486206881277
11.020505709631328	20.226957102039684
11.030505709631328	20.293486029354973
11.040505709631327	20.360072186407173
11.050505709631327	20.426715583704503
11.060505709631327	20.493416072826722
11.070505709631327	20.560173757283184
11.080505709631327	20.62698818380091
11.090505709631326	20.693859497189546
11.100505709631326	20.76078704481299
11.110505709631326	20.827771082842833
11.120505709631326	20.894811256866163
11.130505709631326	20.9619076598146
11.140505709631325	21.02905989656923
11.150505709631325	21.09626813272103
11.160505709631325	21.163531876845294
11.170505709631325	21.230851222429926
11.180505709631325	21.298225767512363
11.190505709631324	21.365655309174755
11.200505709631324	21.433139692354903
11.210505709631324	21.500678670028766
11.220505709631324	21.568272468914934
11.230505709631323	21.63592078345922
11.240505709631323	21.703623334969333
11.250505709631323	21.771380068400504
11.260505709631323	21.839190751017313
11.270505709631323	21.90705535331811
11.280505709631322	21.974973541615945
11.290505709631322	22.0429452982756
11.300505709631322	22.11097034474653
11.310505709631322	22.179048448027043
11.320505709631322	22.24717980499953
11.330505709631321	22.315363866172927
11.340505709631321	22.38360053809129
11.35050570963132	22.45188961074828
11.36050570963132	22.520231173866666
11.37050570963132	22.588625100427
11.38050570963132	22.65707090964197
11.39050570963132	22.725568444869225
11.40050570963132	22.79411759053722
11.41050570963132	22.862718256013856
11.42050570963132	22.931370374985292
11.43050570963132	23.00007369660273
11.440505709631319	23.068827776354805
11.450505709631319	23.13763274348818
11.460505709631319	23.206488364806066
11.470505709631318	23.2753949851812
11.480505709631318	23.344351594920425
11.490505709631318	23.41335811995293
11.500505709631318	23.482414646364607
11.510505709631317	23.551520891361346
11.520505709631317	23.62067691373643
11.530505709631317	23.689882589352454
11.540505709631317	23.75913718143935
11.550505709631317	23.828440986471495
11.560505709631316	23.897793639929535
11.570505709631316	23.967195337706855
11.580505709631316	24.036645702649004
11.590505709631316	24.106144158289148
11.600505709631316	24.175690841266487
11.610505709631315	24.245285544348455
11.620505709631315	24.314927970911064
11.630505709631315	24.384618472508688
11.640505709631315	24.454355973612213
11.650505709631314	24.52414071973819
11.660505709631314	24.5939728426168
11.670505709631314	24.66385196704867
11.680505709631314	24.73377795650883
11.690505709631314	24.803749940013017
11.700505709631313	24.873768369143843
11.710505709631313	24.943833193724057
11.720505709631313	25.013943958257496
11.730505709631313	25.084100278391773
11.740505709631313	25.154302164807525
11.750505709631312	25.22454927789033
11.760505709631312	25.294842024599482
11.770505709631312	25.365179572391632
11.780505709631312	25.43556202772063
11.790505709631312	25.50598873029602
11.800505709631311	25.57646000438648
11.810505709631311	25.646975343716893
11.82050570963131	25.71753489766622
11.83050570963131	25.78813801743908
11.84050570963131	25.85878443435387
11.85050570963131	25.929474487010484
11.86050570963131	26.00020769862163
11.87050570963131	26.070983866021244
11.88050570963131	26.141802775145884
11.89050570963131	26.21266389911579
11.90050570963131	26.28356720661278
11.910505709631309	26.35451255086778
11.920505709631309	26.425500106911645
11.930505709631309	26.496528855167803
11.940505709631308	26.567598760291126
11.950505709631308	26.638710090641183
11.960505709631308	26.709862426774162
11.970505709631308	26.781055239550923
11.980505709631307	26.852288120494613
11.990505709631307	26.923561467430655
12.000505709631307	26.99487455789286
12.010505709631307	27.06622711152074
12.020505709631307	27.13761959437565
12.030505709631306	27.209050981571018
12.040505709631306	27.280520881784145
12.050505709631306	27.352029538613834
12.060505709631306	27.423577001071543
12.070505709631306	27.49516208338729
12.080505709631305	27.566785371901982
12.090505709631305	27.638445803049937
12.100505709631305	27.71014381776547
12.110505709631305	27.7818784908975
12.120505709631304	27.853650079677323
12.130505709631304	27.925458058375796
12.140505709631304	27.997302363428634
12.150505709631304	28.06918212744597
12.160505709631304	28.14109709312595
12.170505709631303	28.21304782670015
12.180505709631303	28.28503330253219
12.190505709631303	28.357053282152116
12.200505709631303	28.42910728998704
12.210505709631303	28.50119531264519
12.220505709631302	28.573317159129598
12.230505709631302	28.64547197057487
12.240505709631302	28.71765921789747
12.250505709631302	28.789878886735778
12.260505709631301	28.86213108573306
12.270505709631301	28.934414798383816
12.280505709631301	29.0067293642911
12.2905057096313	29.079075376495563
12.3005057096313	29.151451638147865
12.3105057096313	29.223857772149426
12.3205057096313	29.29629345039193
12.3305057096313	29.368758587585926
12.3405057096313	29.441252645269664
12.3505057096313	29.513775267934093
12.3605057096313	29.58632517911427
12.3705057096313	29.658902579378143
12.380505709631299	29.731507138578966
12.390505709631299	29.80413748240469
12.400505709631299	29.876793539241
12.410505709631298	29.949475751496145
12.420505709631298	30.02218223284809
12.430505709631298	30.094913428476755
12.440505709631298	30.16766850640294
12.450505709631297	30.24044614667361
12.460505709631297	30.313246499820433
12.470505709631297	30.386068511670253
12.480505709631297	30.458911621439
12.490505709631297	30.53177573206291
12.500505709631296	30.604659213991763
12.510505709631296	30.677561642316494
12.520505709631296	30.750482931900084
12.530505709631296	30.823420901078695
12.540505709631296	30.896376521695498
12.550505709631295	30.96934764938925
12.560505709631295	31.042333330289715
12.570505709631295	31.115332883649796
12.580505709631295	31.188345334596406
12.590505709631294	31.26136966218359
12.600505709631294	31.334404384693222
12.610505709631294	31.40744894315912
12.620505709631294	31.480501645234632
12.630505709631294	31.553560887055173
12.640505709631293	31.626626310484284
12.650505709631293	31.699695779429803
12.660505709631293	31.772767343969154
12.670505709631293	31.84583968806093
12.680505709631293	31.91891144280705
12.690505709631292	31.991980564071188
12.700505709631292	32.065044760992976
12.710505709631292	32.138101840654414
12.720505709631292	32.211150647421306
12.730505709631291	32.28418787520129
12.740505709631291	32.35721148472523
12.750505709631291	32.43000271641726
12.76050570963129	32.46415049872379
12.76380839340111	32.46463895937753
1000012.7638083934	32.46463895937753
