-100000	0
0	0
0.0033333333333333335	0.002953198634229153
0.008333333333333333	0.0075688570439515655
0.01583333333333333	0.014903820052195968
0.02708333333333333	0.026812250064178412
0.043958333333333335	0.0466087607990616
0.06927083333333334	0.0798037166877209
0.10723958333333333	0.13582261361633335
0.16419270833333333	0.23095038861651082
0.24962239583333334	0.39262670052775506
0.3496223958333333	0.6034093943927265
0.4496223958333333	0.8318153458193802
0.5496223958333333	1.0735923994356984
0.6496223958333333	1.326051233141976
0.7496223958333332	1.5868180859253511
0.8496223958333332	1.8541911190390281
0.9496223958333332	2.12680303859288
1.0496223958333333	2.403011526528303
1.1496223958333334	2.6828423634278034
1.2496223958333335	2.967451504150952
1.3496223958333335	3.2559771106139204
1.4496223958333336	3.5473826501745975
1.5496223958333337	3.8407474063200264
1.6496223958333338	4.135473136194571
1.749622395833334	4.431350294137823
1.849622395833334	4.728049249250054
1.949622395833334	5.025464497206828
2.049622395833334	5.32360914338953
2.149622395833334	5.622578360244021
2.249622395833334	5.922737855543993
2.349622395833334	6.224269334826583
2.4496223958333343	6.527368904074976
2.5496223958333344	6.832399124191412
2.6496223958333345	7.139803997178245
2.7496223958333346	7.450114748589102
2.8496223958333347	7.763886705388912
2.9496223958333347	8.081689108037292
3.049622395833335	8.40399046307923
3.149622395833335	8.73127803346208
3.249622395833335	9.06446457930352
3.349622395833335	9.40431317227211
3.449622395833335	9.751592989623976
3.5496223958333353	10.107394052771141
3.6496223958333354	10.472795363517951
3.7496223958333355	10.849105833322824
3.8496223958333355	11.23759272141219
3.9496223958333356	11.639774722853815
4.049622395833335	12.05692784227405
4.149622395833335	12.490367526525368
4.249622395833335	12.941276894021717
4.349622395833334	13.410621024126742
4.449622395833334	13.89921870588583
4.5496223958333335	14.407656272539686
4.649622395833333	14.93627574936054
4.749622395833333	15.485467708277719
4.849622395833332	16.055339667164084
4.949622395833332	16.645983588965013
5.049622395833332	17.25743983966306
5.149622395833331	17.889614009447794
5.249622395833331	18.542447732173233
5.349622395833331	19.215732483056236
5.44962239583333	19.90875946732335
5.54962239583333	20.621077942047524
5.64962239583333	21.35241179527893
5.749622395833329	22.102448816430346
5.849622395833329	22.87037655389386
5.9496223958333285	23.655790558179213
6.049622395833328	24.458273448189992
6.149622395833328	25.277323094608523
6.2496223958333275	26.112339898104345
6.349622395833327	26.96259561602861
6.449622395833327	27.827873756330245
6.549622395833326	28.707268709999465
6.649622395833326	29.600551684037715
6.749622395833326	30.50717106944668
6.849622395833325	31.426461227438793
6.949622395833325	32.35805528209546
7.049622395833325	33.3012559003876
7.149622395833324	34.25568190615489
7.249622395833324	35.22089212455611
7.3496223958333236	36.19623693572444
7.449622395833323	37.18139643094679
7.549622395833323	38.175814280698006
7.6496223958333225	39.17899307460143
7.749622395833322	40.190666945896844
7.849622395833322	41.210325146666534
7.949622395833321	42.23750617460721
8.049622395833321	43.271950909441834
8.14962239583332	44.31316494772162
8.24962239583332	45.36074455104933
8.34962239583332	46.41450483790575
8.44962239583332	47.47406270813142
8.54962239583332	48.538988509494324
8.649622395833319	49.609071498852906
8.749622395833319	50.68401471115013
8.849622395833318	51.763432178231476
8.949622395833318	52.847089412662754
9.049622395833318	53.934773288961004
9.149622395833317	55.026080814435545
9.249622395833317	56.120797181779174
9.349622395833316	57.218799099977495
9.449622395833316	58.31965212643213
9.549622395833316	59.42317030549845
9.649622395833315	60.52933280844182
9.749622395833315	61.63697969116005
9.849622395833315	62.7449541317975
9.949622395833314	63.853230508342406
10.049622395833314	64.96178591371346
10.149622395833314	66.07065891802833
10.249622395833313	67.17979255947989
10.349622395833313	68.28918956073683
10.449622395833313	69.39882583073816
10.549622395833312	70.50869647593001
10.649622395833312	71.61878773460981
10.749622395833311	72.72906031284789
10.849622395833311	73.83952891722484
10.94962239583331	74.95014150626535
11.04962239583331	76.06087826927485
11.14962239583331	77.17167259667285
11.24962239583331	78.28252621272702
11.34962239583331	79.39338871385988
11.449622395833309	80.50425924280596
11.549622395833309	81.6151203557406
11.649622395833308	82.72597756072118
11.749622395833308	83.83681241475317
11.849622395833308	84.9476184996008
11.949622395833307	86.0583993530829
12.049622395833307	87.16916185593459
12.149622395833306	88.27991773110162
12.249622395833306	89.39066505099905
12.349622395833306	90.5014179491879
12.449622395833305	91.61217666321282
12.549622395833305	92.72292991941927
12.60184963452283	93.23200809082255
1000012.6018496345	93.23200809082255
