-100000	0
0	0
0.0033333333333333335	0.0037913827030191098
0.008333333333333333	0.009675166283483272
0.01583333333333333	0.018941638351777264
0.02708333333333333	0.03380611766624429
0.043958333333333335	0.05803109211988411
0.06927083333333334	0.09780235350954904
0.10723958333333333	0.16372239127418567
0.16419270833333333	0.2735194249054726
0.24962239583333334	0.4569033012933462
0.3496223958333333	0.6926323202303689
0.4496223958333333	0.9455562160012745
0.5496223958333333	1.2116161258478784
0.6496223958333333	1.4881767424561296
0.7496223958333332	1.7728307807248476
0.8496223958333332	2.0638864689090193
0.9496223958333332	2.3599937426120943
1.0496223958333333	2.659755544803631
1.1496223958333334	2.962826884293089
1.2496223958333335	3.2713108956779084
1.3496223958333335	3.584558466797139
1.4496223958333336	3.901055623494189
1.5496223958333337	4.219802084431671
1.6496223958333338	4.540465962792678
1.749622395833334	4.8627109634842025
1.849622395833334	5.186342992894935
1.949622395833334	5.511299281511683
2.049622395833334	5.837612870742211
2.149622395833334	6.165569510405322
2.249622395833334	6.495594557591859
2.349622395833334	6.8279760101516205
2.4496223958333343	7.163118740594495
2.5496223958333344	7.501552359561371
2.6496223958333345	7.84386804293943
2.7496223958333346	8.190632157532425
2.8496223958333347	8.54258298883568
2.9496223958333347	8.900251973226293
3.049622395833335	9.26412232130459
3.149622395833335	9.635116269365387
3.249622395833335	10.014120878174444
3.349622395833335	10.40190468180646
3.449622395833335	10.799250725315195
3.5496223958333353	11.207060987624484
3.6496223958333354	11.626196140789903
3.7496223958333355	12.058015588569278
3.8496223958333355	12.503113753388314
3.9496223958333356	12.962737138929645
4.049622395833335	13.438038848147741
4.149622395833335	13.929573524376453
4.249622395833335	14.438466630261734
4.349622395833334	14.965107640457651
4.449622395833334	15.510117566243961
4.5496223958333335	16.073991091761943
4.649622395833333	16.65688024385159
4.749622395833333	17.25907267837193
4.849622395833332	17.88084892139166
4.949622395833332	18.521941130426484
5.049622395833332	19.18246980419894
5.149622395833331	19.862504887607948
5.249622395833331	20.561713683578883
5.349622395833331	21.279340270017848
5.44962239583333	22.01478835763432
5.54962239583333	22.768060768500174
5.64962239583333	23.53894926548503
5.749622395833329	24.32683115358611
5.849622395833329	25.131055965655893
5.9496223958333285	25.951359131435158
6.049622395833328	26.787244686567217
6.149622395833328	27.638180534746827
6.2496223958333275	28.50346415417596
6.349622395833327	29.38295263681811
6.449622395833327	30.275896071750427
6.549622395833326	31.18191192411366
6.649622395833326	32.100688100237356
6.749622395833326	33.03140844565622
6.849622395833325	33.97397941480635
6.949622395833325	34.92771096162035
7.049622395833325	35.89210375897681
7.149622395833324	36.86694201714998
7.249622395833324	37.85139396761997
7.3496223958333236	38.84526740100442
7.449622395833323	39.8481690609768
7.549622395833323	40.85932560389817
7.6496223958333225	41.878650629880056
7.749622395833322	42.905648971770866
7.849622395833322	43.93966346061467
7.949622395833321	44.98063855420679
8.049622395833321	46.02814083680426
8.14962239583332	47.08161868279697
8.24962239583332	48.13999110896509
8.34962239583332	49.20096784981685
8.44962239583332	50.26373198816915
8.54962239583332	51.32849049302073
8.649622395833319	52.39614596083181
8.749622395833319	53.467365321011506
8.849622395833318	54.543115442454166
8.949622395833318	55.62262985361662
9.049622395833318	56.70546061348438
9.149622395833317	57.792251519632
9.249622395833317	58.88201864649283
9.349622395833316	59.97358096924684
9.449622395833316	61.06834192034893
9.549622395833316	62.16668909112805
9.649622395833315	63.266720977049815
9.749622395833315	64.36699124615761
9.849622395833315	65.46795365143487
9.949622395833314	66.56721942588796
10.049622395833314	67.6668499482191
10.149622395833314	68.76748473223175
10.249622395833313	69.86764556760588
10.349622395833313	70.9674409940917
10.449622395833313	72.06863214260048
10.549622395833312	73.17036742791728
10.649622395833312	74.2723108317804
10.749622395833311	75.37480814146619
10.849622395833311	76.4789065842049
10.94962239583331	77.58278963505778
11.04962239583331	78.68737102558033
11.14962239583331	79.79205957109079
11.24962239583331	80.89717876855946
11.34962239583331	82.00226113747851
11.449622395833309	83.1080131461851
11.549622395833309	84.21426505144431
11.649622395833308	85.32097230686344
11.749622395833308	86.42758674456893
11.849622395833308	87.53469907504447
11.949622395833307	88.641979270158
12.049622395833307	89.75002924230647
12.149622395833306	90.85797059827672
12.249622395833306	91.96741829731695
12.349622395833306	93.07604045129683
12.449622395833305	94.18495788340157
12.549622395833305	95.29419854692989
12.590898071289063	95.68538816650856
1000012.5908980713	95.68538816650856
