-100000	0
0	0
0.0003333333333333333	0.0004580184181612713
0.0008333333333333333	0.0011469331752919285
0.0015833333333333333	0.002184553994083851
0.0027083333333333334	0.003750553672141472
0.004395833333333333	0.00612111148924059
0.006927083333333334	0.009725522097927347
0.010723958333333335	0.01524146545058539
0.016419270833333336	0.02376069800848965
0.024962239583333337	0.03708473461472671
0.03496223958333334	0.05348261944233101
0.04496223958333334	0.0706845551179486
0.05496223958333334	0.08860381093262516
0.06496223958333334	0.10713984762900512
0.07496223958333334	0.1262059746418913
0.08496223958333333	0.1457552098060749
0.09496223958333333	0.16576428518659325
0.10496223958333332	0.18621977765366948
0.11496223958333332	0.20710559638113443
0.12496223958333331	0.22840392696391193
0.1349622395833333	0.25008985433417713
0.14496223958333332	0.2721331621743579
0.15496223958333333	0.29450424906246553
0.16496223958333334	0.317189880521626
0.17496223958333335	0.3401801031318886
0.18496223958333335	0.3634669778517724
0.19496223958333336	0.38704620901254955
0.20496223958333337	0.4109088970607106
0.21496223958333338	0.43503935846396236
0.2249622395833334	0.4594214620167209
0.2349622395833334	0.4840455599041074
0.2449622395833334	0.5089025114735128
0.2549622395833334	0.5339864936096463
0.2649622395833334	0.5592935706384701
0.27496223958333343	0.5848210722421449
0.28496223958333344	0.6105664906996239
0.29496223958333345	0.6365222212948014
0.30496223958333346	0.6626674430548399
0.31496223958333347	0.6889985636755054
0.3249622395833335	0.715513880606376
0.3349622395833335	0.7422118895952294
0.3449622395833335	0.769089603503219
0.3549622395833335	0.796141675447496
0.3649622395833335	0.8233641211737623
0.3749622395833335	0.8507524525789818
0.38496223958333353	0.8783006825097577
0.39496223958333354	0.9060025899093989
0.40496223958333355	0.9338519742200304
0.41496223958333356	0.9618459727295715
0.42496223958333357	0.9899822363714124
0.4349622395833336	1.0182575745813187
0.4449622395833336	1.0466692123324095
0.4549622395833336	1.075215345183591
0.4649622395833336	1.1038918596831049
0.4749622395833336	1.1326946219404082
0.4849622395833336	1.1616219387532578
0.49496223958333363	1.1906708480679762
0.5049622395833336	1.2198392646971297
0.5149622395833336	1.249124676498995
0.5249622395833337	1.2785236679302154
0.5349622395833337	1.3080335421122233
0.5449622395833337	1.33765185871201
0.5549622395833337	1.3673747063186494
0.5649622395833337	1.3971972689859757
0.5749622395833337	1.4271156649906285
0.5849622395833337	1.4571237196353912
0.5949622395833337	1.4872201707542767
0.6049622395833337	1.5174048927513932
0.6149622395833337	1.5476773338855283
0.6249622395833337	1.5780374693010883
0.6349622395833338	1.6084848555734668
0.6449622395833338	1.6390193719040773
0.6549622395833338	1.6696406099414773
0.6649622395833338	1.7003459574587143
0.6749622395833338	1.7311322241345073
0.6849622395833338	1.7619969093631707
0.6949622395833338	1.7929369517931144
0.7049622395833338	1.8239492990501052
0.7149622395833338	1.8550319253560796
0.7249622395833338	1.8861827977623242
0.7349622395833338	1.9174007536768343
0.7449622395833339	1.9486841239007675
0.7549622395833339	1.9800321244819874
0.7649622395833339	2.01144388000011
0.7749622395833339	2.0429188265859084
0.7849622395833339	2.07445363195427
0.7949622395833339	2.1060443432012423
0.8049622395833339	2.137689483410884
0.8149622395833339	2.1693889171817675
0.8249622395833339	2.201142229313103
0.8349622395833339	2.2329491554864562
0.8449622395833339	2.264808965945439
0.854962239583334	2.296721313543158
0.864962239583334	2.3286845732514285
0.874962239583334	2.3606982397136904
0.884962239583334	2.392761317080037
0.894962239583334	2.4248732778781297
0.904962239583334	2.457031230395014
0.914962239583334	2.4892337034631256
0.924962239583334	2.5214781847589474
0.934962239583334	2.5537633613945454
0.944962239583334	2.5860870332613444
0.954962239583334	2.618447648318547
0.964962239583334	2.6508442758300137
0.9749622395833341	2.6832768645720875
0.9849622395833341	2.715743955800828
0.9949622395833341	2.7482450312042683
1.004962239583334	2.7807787260633767
1.014962239583334	2.813345013207408
1.024962239583334	2.8459438948427054
1.034962239583334	2.878574446886324
1.044962239583334	2.911237545298147
1.054962239583334	2.9439323187025663
1.064962239583334	2.976658862086506
1.074962239583334	3.0094171752011682
1.084962239583334	3.042206835576015
1.094962239583334	3.075027833667705
1.104962239583334	3.1078799109611484
1.114962239583334	3.1407626953074312
1.124962239583334	3.173675434374872
1.134962239583334	3.2066237108329436
1.144962239583334	3.2396116795442342
1.154962239583334	3.2726394379388224
1.1649622395833341	3.3057080955393987
1.1749622395833341	3.3388175097450543
1.1849622395833341	3.3719680824525677
1.1949622395833341	3.405160050679144
1.2049622395833341	3.438393419949892
1.2149622395833342	3.471668077037874
1.2249622395833342	3.5049838517517893
1.2349622395833342	3.5383406245438174
1.2449622395833342	3.57173843594403
1.2549622395833342	3.6051767927351137
1.2649622395833342	3.638655404310781
1.2749622395833342	3.6721748956974043
1.2849622395833342	3.70573617403093
1.2949622395833342	3.7393381962332244
1.3049622395833342	3.7729817653753948
1.3149622395833342	3.806667049384106
1.3249622395833343	3.8403940626654003
1.3349622395833343	3.874162109819272
1.3449622395833343	3.9079716733546985
1.3549622395833343	3.9418216477224566
1.3649622395833343	3.9757128092067058
1.3749622395833343	4.009643113243631
1.3849622395833343	4.043613286358062
1.3949622395833343	4.077620863480086
1.4049622395833343	4.111666986174165
1.4149622395833343	4.145748271147585
1.4249622395833343	4.179864414575382
1.4349622395833344	4.2140150070968625
1.4449622395833344	4.248198368550837
1.4549622395833344	4.282413991161654
1.4649622395833344	4.316659755329499
1.4749622395833344	4.350936533967303
1.4849622395833344	4.3852414219379465
1.4949622395833344	4.419575282096573
1.5049622395833344	4.453936258666996
1.5149622395833344	4.488324299919319
1.5249622395833344	4.522738888991734
1.5349622395833344	4.557178964396116
1.5449622395833345	4.591644885336548
1.5549622395833345	4.626135388940967
1.5649622395833345	4.660650849359759
1.5749622395833345	4.695190027535895
1.5849622395833345	4.729752702989843
1.5949622395833345	4.764338733360162
1.6049622395833345	4.79894733521082
1.6149622395833345	4.833578267865602
1.6249622395833345	4.8682321022049875
1.6349622395833345	4.902906388158988
1.6449622395833345	4.9376022020975725
1.6549622395833345	4.972319031356752
1.6649622395833346	5.007057362542688
1.6749622395833346	5.041815799899585
1.6849622395833346	5.076594576025251
1.6949622395833346	5.11139334220986
1.7049622395833346	5.146212341949551
1.7149622395833346	5.181051268755232
1.7249622395833346	5.215909756358569
1.7349622395833346	5.250788098875091
1.7449622395833346	5.285686441851513
1.7549622395833346	5.320604722175954
1.7649622395833346	5.355541822857402
1.7749622395833347	5.390498558923669
1.7849622395833347	5.425474932436927
1.7949622395833347	5.460470800503771
1.8049622395833347	5.495487044952167
1.8149622395833347	5.530523723119508
1.8249622395833347	5.565580882512224
1.8349622395833347	5.600657948227897
1.8449622395833347	5.635755429475721
1.8549622395833347	5.670873662805159
1.8649622395833347	5.706011937970002
1.8749622395833347	5.741171073108436
1.8849622395833348	5.776351618409157
1.8949622395833348	5.811552523120092
1.9049622395833348	5.846776588822687
1.9149622395833348	5.882021769398838
1.9249622395833348	5.9172888547349
1.9349622395833348	5.952578034472851
1.9449622395833348	5.987889837263825
1.9549622395833348	6.023224805738979
1.9649622395833348	6.058582845651322
1.9749622395833348	6.093964223263987
1.9849622395833348	6.129369416692002
1.9949622395833349	6.164798905919905
2.004962239583335	6.20025305189593
2.0149622395833346	6.235731681049196
2.0249622395833344	6.271231096991028
2.034962239583334	6.306759977996711
2.044962239583334	6.342314768850437
2.054962239583334	6.377895472466811
2.0649622395833336	6.413502485454032
2.0749622395833334	6.449139758122106
2.084962239583333	6.484801104203394
2.094962239583333	6.520489669396042
2.1049622395833327	6.55620517056116
2.1149622395833325	6.591948437147468
2.1249622395833323	6.627720524097571
2.134962239583332	6.663521433964873
2.144962239583332	6.6993498738294806
2.1549622395833317	6.735208021876512
2.1649622395833314	6.7710949572098
2.1749622395833312	6.807014070251694
2.184962239583331	6.842965416016617
2.194962239583331	6.878949048394771
2.2049622395833306	6.914967178331533
2.2149622395833304	6.951020181415767
2.22496223958333	6.987108881966624
2.23496223958333	7.0232330669812715
2.2449622395833297	7.059393610981326
2.2549622395833295	7.095590468362982
2.2649622395833293	7.131824376027442
2.274962239583329	7.168094977536014
2.284962239583329	7.204404236582661
2.2949622395833287	7.240751270303516
2.3049622395833285	7.277136120580208
2.3149622395833283	7.313559171685474
2.324962239583328	7.350020081952329
2.334962239583328	7.386519459887671
2.3449622395833276	7.423058565980902
2.3549622395833274	7.459635292209603
2.364962239583327	7.4962521071102595
2.374962239583327	7.532909308224844
2.3849622395833268	7.569606150854166
2.3949622395833265	7.606345734483514
2.4049622395833263	7.6431288543949325
2.414962239583326	7.679955098572354
2.424962239583326	7.716824858027957
2.4349622395833257	7.753739377301228
2.4449622395833255	7.7906986888969385
2.4549622395833253	7.827703524228247
2.464962239583325	7.864754844371139
2.474962239583325	7.901853604865955
2.4849622395833246	7.9389997761567725
2.4949622395833244	7.97619364531581
2.504962239583324	8.013436528258211
2.514962239583324	8.050729404272401
2.5249622395833238	8.088072190996634
2.5349622395833236	8.125465370442333
2.5449622395833233	8.16290844862029
2.554962239583323	8.200405677623607
2.564962239583323	8.237951922937565
2.5749622395833227	8.27555174321756
2.5849622395833225	8.313204013421473
2.5949622395833223	8.35091142950255
2.604962239583322	8.388675389023925
2.614962239583322	8.426497022847824
2.6249622395833216	8.46437691647221
2.6349622395833214	8.502316091027396
2.644962239583321	8.540315569300613
2.654962239583321	8.578375351756902
2.664962239583321	8.616496296660063
2.6749622395833206	8.65467930212151
2.6849622395833204	8.692924643549771
2.69496223958332	8.731233039127371
2.70496223958332	8.76960521035098
2.7149622395833197	8.808041644560813
2.7249622395833195	8.846542641060202
2.7349622395833193	8.885108726112755
2.744962239583319	8.923740974565538
2.754962239583319	8.96243847162969
2.7649622395833187	9.001201791761037
2.7749622395833184	9.040031945223417
2.7849622395833182	9.078928200307727
2.794962239583318	9.117892150668505
2.804962239583318	9.15692391338974
2.8149622395833176	9.196023370590677
2.8249622395833174	9.23519164565104
2.834962239583317	9.274429527979413
2.844962239583317	9.313738150890677
2.8549622395833167	9.353118556398478
2.8649622395833165	9.39257133599728
2.8749622395833163	9.4320976594516
2.884962239583316	9.471699230791769
2.894962239583316	9.51137629154131
2.9049622395833157	9.551130660047573
2.9149622395833155	9.59096237918659
2.9249622395833152	9.63087258463558
2.934962239583315	9.670861817072478
2.944962239583315	9.71093135119348
2.9549622395833146	9.751081203688843
2.9649622395833144	9.791312524973367
2.974962239583314	9.83162596382341
2.984962239583314	9.872021623921947
2.9949622395833138	9.912500132229976
3.0049622395833135	9.953061852892645
3.0149622395833133	9.993707134817928
3.024962239583313	10.034436330681467
3.034962239583313	10.075249729054653
3.0449622395833127	10.116147812484677
3.0549622395833125	10.1571313999498
3.0649622395833123	10.198200808995153
3.074962239583312	10.239357814378554
3.084962239583312	10.280603190094082
3.0949622395833116	10.32193752293752
3.1049622395833114	10.363358169755337
3.114962239583311	10.404873546841191
3.124962239583311	10.446479209066656
3.1349622395833108	10.48817736351408
3.1449622395833106	10.529969047945471
3.1549622395833103	10.57185507093626
3.16496223958331	10.613837403723146
3.17496223958331	10.655916726596837
3.1849622395833097	10.69809174017875
3.1949622395833095	10.740364580748466
3.2049622395833093	10.782735082462569
3.214962239583309	10.825205439816786
3.224962239583309	10.867776499116092
3.2349622395833086	10.910448718243604
3.2449622395833084	10.953222091453668
3.254962239583308	10.99609724903968
3.264962239583308	11.039074507016336
3.274962239583308	11.082154708542024
3.2849622395833076	11.125339455650902
3.2949622395833074	11.168630461298598
3.304962239583307	11.212027055517384
3.314962239583307	11.255530711754798
3.3249622395833067	11.299142466995667
3.3349622395833065	11.342862912940948
3.3449622395833063	11.386692016256827
3.354962239583306	11.430630721750763
3.364962239583306	11.474680883884618
3.3749622395833057	11.518841373404332
3.3849622395833054	11.563112983615174
3.3949622395833052	11.607497832852216
3.404962239583305	11.651996443976326
3.414962239583305	11.696609634329954
3.4249622395833046	11.741338129919288
3.4349622395833044	11.786182576298128
3.444962239583304	11.831144306211177
3.454962239583304	11.87622312293135
3.4649622395833037	11.921420006643121
3.4749622395833035	11.966734826894129
3.4849622395833033	12.012169137366936
3.494962239583303	12.057724011364993
3.504962239583303	12.103399490428245
3.5149622395833027	12.149196406566427
3.5249622395833025	12.195117155437716
3.5349622395833022	12.24116240585856
3.544962239583302	12.2873322375552
3.554962239583302	12.33362753991029
3.5649622395833016	12.380048644456329
3.5749622395833014	12.42659672118197
3.584962239583301	12.47327226101792
3.594962239583301	12.520075116767492
3.6049622395833008	12.56700738187175
3.6149622395833005	12.614069215800154
3.6249622395833003	12.66126161804032
3.6349622395833	12.70858597206196
3.6449622395833	12.756041080873452
3.6549622395832997	12.803629590988184
3.6649622395832995	12.851352215309417
3.6749622395832993	12.899209278074013
3.684962239583299	12.94720187543212
3.694962239583299	12.99532948918171
3.7049622395832986	13.043594158839573
3.7149622395832984	13.091996101726483
3.724962239583298	13.14053689300685
3.734962239583298	13.189215323888398
3.7449622395832978	13.238034532840029
3.7549622395832976	13.286995204594518
3.7649622395832973	13.3360980505536
3.774962239583297	13.385343774978095
3.784962239583297	13.434733048832602
3.7949622395832967	13.484265741903986
3.8049622395832965	13.533943297168616
3.8149622395832963	13.583765246270632
3.824962239583296	13.63373286539341
3.834962239583296	13.683847650511062
3.8449622395832956	13.734110266516234
3.8549622395832954	13.784522257257965
3.864962239583295	13.835084455703333
3.874962239583295	13.88579813915064
3.884962239583295	13.9366643377769
3.8949622395832946	13.987684268455853
3.9049622395832944	14.038858503599862
3.914962239583294	14.090186342115398
3.924962239583294	14.14167014047367
3.9349622395832937	14.193307908035576
3.9449622395832935	14.24510167302974
3.9549622395832933	14.29704984667977
3.964962239583293	14.349154097887485
3.974962239583293	14.40141251769129
3.9849622395832927	14.453827182442588
3.9949622395832924	14.506396464427462
4.004962239583293	14.559121180044615
4.0149622395832925	14.612001336547198
4.024962239583292	14.665037402571356
4.034962239583292	14.718230734108877
4.044962239583292	14.771581019211437
4.054962239583292	14.825089927335458
4.064962239583291	14.878759042694593
4.074962239583291	14.932588104579658
4.084962239583291	14.986581631312946
4.094962239583291	15.040739370304218
4.1049622395832905	15.095062200027009
4.11496223958329	15.149551140605546
4.12496223958329	15.204206214678377
4.13496223958329	15.259027797660085
4.14496223958329	15.314016363372478
4.1549622395832895	15.369172351979879
4.164962239583289	15.424495968106694
4.174962239583289	15.47998744013123
4.184962239583289	15.535647403324315
4.194962239583289	15.591475651207814
4.204962239583288	15.647472853677298
4.214962239583288	15.703638768082088
4.224962239583288	15.759974666965684
4.234962239583288	15.816481322082092
4.2449622395832876	15.8731603951724
4.254962239583287	15.930012670325358
4.264962239583287	15.987038562199043
4.274962239583287	16.044238734713105
4.284962239583287	16.101613398454756
4.2949622395832865	16.159163076734902
4.304962239583286	16.216887874919937
4.314962239583286	16.274788279688874
4.324962239583286	16.332864330726025
4.334962239583286	16.391116424873573
4.344962239583285	16.449544542128145
4.354962239583285	16.50814907229939
4.364962239583285	16.56692995450419
4.374962239583285	16.625887512143997
4.384962239583285	16.685021744559375
4.394962239583284	16.744332560728456
4.404962239583284	16.80382030673534
4.414962239583284	16.863485362483267
4.424962239583284	16.923327933651024
4.4349622395832835	16.983347927281308
4.444962239583283	17.043544893724814
4.454962239583283	17.103919919989703
4.464962239583283	17.164472438954913
4.474962239583283	17.22520270182459
4.484962239583282	17.286110794913764
4.494962239583282	17.347196506095532
4.504962239583282	17.408460252636733
4.514962239583282	17.469902480821673
4.524962239583282	17.53152303612226
4.534962239583281	17.593322200519893
4.544962239583281	17.655300877638407
4.554962239583281	17.71745898832745
4.564962239583281	17.77979880517235
4.5749622395832805	17.842318938769974
4.58496223958328	17.905020617356225
4.59496223958328	17.96790330252121
4.60496223958328	18.030967604794427
4.61496223958328	18.094211954360127
4.6249622395832795	18.157636787440108
4.634962239583279	18.221241915831175
4.644962239583279	18.285027271052662
4.654962239583279	18.348993637549906
4.664962239583279	18.413140195234156
4.674962239583278	18.477467252606658
4.684962239583278	18.541974703399745
4.694962239583278	18.606662343266713
4.704962239583278	18.671530936905178
4.7149622395832775	18.736580119966103
4.724962239583277	18.801810259605258
4.734962239583277	18.867221794852117
4.744962239583277	18.93281408911377
4.754962239583277	18.998587359084905
4.7649622395832765	19.06454153334269
4.774962239583276	19.130676472318097
4.784962239583276	19.19699229481906
4.794962239583276	19.263488664397656
4.804962239583276	19.33016486733281
4.814962239583275	19.397020269118073
4.824962239583275	19.464055409639517
4.834962239583275	19.53127043957474
4.844962239583275	19.598666133817947
4.8549622395832746	19.666241167264353
4.864962239583274	19.733995058676832
4.874962239583274	19.801928386252197
4.884962239583274	19.870041520900962
4.894962239583274	19.93833375311909
4.9049622395832735	20.006804826044537
4.914962239583273	20.075454785548178
4.924962239583273	20.144284308736815
4.934962239583273	20.213291649717213
4.944962239583273	20.282476922743243
4.954962239583272	20.351840561802966
4.964962239583272	20.421382196928135
4.974962239583272	20.49110154734715
4.984962239583272	20.56099862105084
4.994962239583272	20.631073891459366
5.004962239583271	20.7013252919352
5.014962239583271	20.771753409214604
5.024962239583271	20.84235857266516
5.034962239583271	20.913140371646673
5.0449622395832705	20.984098692948756
5.05496223958327	21.055233278056416
5.06496223958327	21.126543448582648
5.07496223958327	21.198030062977338
5.08496223958327	21.269692400499526
5.094962239583269	21.341530679175424
5.104962239583269	21.41354431071462
5.114962239583269	21.48573282330842
5.124962239583269	21.558095899096088
5.134962239583269	21.630632884679216
5.144962239583268	21.70334294173644
5.154962239583268	21.776226063159314
5.164962239583268	21.849281171969228
5.174962239583268	21.922508177649075
5.1849622395832675	21.995906398094863
5.194962239583267	22.069475174420997
5.204962239583267	22.143214362524404
5.214962239583267	22.21712312146235
5.224962239583267	22.291201648539033
5.2349622395832665	22.365449037663247
5.244962239583266	22.439865047844343
5.254962239583266	22.514449462522133
5.264962239583266	22.58920178483285
5.274962239583266	22.66412226568993
5.284962239583265	22.739210508006384
5.294962239583265	22.814465944570184
5.304962239583265	22.889888800597173
5.314962239583265	22.965479035863364
5.3249622395832645	23.041236380106614
5.334962239583264	23.117160924327695
5.344962239583264	23.193251931542285
5.354962239583264	23.269509300191668
5.364962239583264	23.345932242799876
5.3749622395832635	23.42252084544088
5.384962239583263	23.499274488778028
5.394962239583263	23.57619255506198
5.404962239583263	23.653274966455232
5.414962239583263	23.73052103044382
5.424962239583262	23.807930237087273
5.434962239583262	23.885502166392815
5.444962239583262	23.96323659447452
5.454962239583262	24.04113313981097
5.4649622395832615	24.11919146814872
5.474962239583261	24.19741102093608
5.484962239583261	24.275792439774136
5.494962239583261	24.354335897860942
5.504962239583261	24.433042204786393
5.5149622395832605	24.511909941295876
5.52496223958326	24.59093850031779
5.53496223958326	24.670127964647918
5.54496223958326	24.749477464217648
5.55496223958326	24.82898551420216
5.564962239583259	24.908650263144413
5.574962239583259	24.988472725165114
5.584962239583259	25.0684538150182
5.594962239583259	25.148592427028404
5.604962239583259	25.228886611621064
5.614962239583258	25.309337001499784
5.624962239583258	25.38994352192788
5.634962239583258	25.47070572500781
5.644962239583258	25.55162359483129
5.6549622395832575	25.632695813482133
5.664962239583257	25.713922890166995
5.674962239583257	25.79530419605287
5.684962239583257	25.876838748399692
5.694962239583257	25.958526212282028
5.704962239583256	26.040366331543918
5.714962239583256	26.1223589117888
5.724962239583256	26.20450430624023
5.734962239583256	26.286802482727424
5.744962239583256	26.36925211439788
5.754962239583255	26.451852303647815
5.764962239583255	26.534602757664953
5.774962239583255	26.617503676491463
5.784962239583255	26.700554636360593
5.7949622395832545	26.783754685559167
5.804962239583254	26.86710405446868
5.814962239583254	26.950602103060437
5.824962239583254	27.034247820495285
5.834962239583254	27.118040093814056
5.8449622395832534	27.201978995133654
5.854962239583253	27.28606534846638
5.864962239583253	27.370297204078014
5.874962239583253	27.454674635606626
5.884962239583253	27.539196389551805
5.894962239583252	27.623864700870055
5.904962239583252	27.708677415862095
5.914962239583252	27.793632819022164
5.924962239583252	27.87873210015275
5.9349622395832515	27.96397507126764
5.944962239583251	28.049361159568456
5.954962239583251	28.134888344601308
5.964962239583251	28.220557154989233
5.974962239583251	28.30636792494265
5.9849622395832505	28.392319314038193
5.99496223958325	28.47841045436361
6.00496223958325	28.564641138966422
6.01496223958325	28.651010999029207
6.02496223958325	28.737518836776776
6.034962239583249	28.82416430714527
6.044962239583249	28.910947842485772
6.054962239583249	28.997868903792885
6.064962239583249	29.084927364952833
6.0749622395832485	29.17212344674739
6.084962239583248	29.25945733305899
6.094962239583248	29.346928637423538
6.104962239583248	29.43453698288235
6.114962239583248	29.5222830294246
6.1249622395832475	29.610165356629082
6.134962239583247	29.698184061100868
6.144962239583247	29.78633901044539
6.154962239583247	29.87462833770596
6.164962239583247	29.96305198943913
6.174962239583246	30.051609442868152
6.184962239583246	30.140298784601622
6.194962239583246	30.22912102949097
6.204962239583246	30.318073833189217
6.214962239583246	30.407157222190836
6.224962239583245	30.496370468250916
6.234962239583245	30.58571322275924
6.244962239583245	30.675184690623404
6.254962239583245	30.764784283797308
6.2649622395832445	30.854512300845872
6.274962239583244	30.94436870163236
6.284962239583244	31.0343524003531
6.294962239583244	31.124462801963077
6.304962239583244	31.21470011559719
6.314962239583243	31.3050641391626
6.324962239583243	31.395554167353723
6.334962239583243	31.48616968565383
6.344962239583243	31.57691098157287
6.354962239583243	31.667778189087407
6.364962239583242	31.75876967198779
6.374962239583242	31.849885297297128
6.384962239583242	31.9411244592015
6.394962239583242	32.03248689214978
6.4049622395832415	32.12397138547018
6.414962239583241	32.21557849244144
6.424962239583241	32.3073081133666
6.434962239583241	32.399159545574754
6.444962239583241	32.49113218376366
6.4549622395832404	32.58322560689866
6.46496223958324	32.675439063678716
6.47496223958324	32.76777222273366
6.48496223958324	32.86022535249925
6.49496223958324	32.952798377013295
6.504962239583239	33.04548950363252
6.514962239583239	33.13829868791187
6.524962239583239	33.23122573829447
6.534962239583239	33.3242700876166
6.5449622395832385	33.41743112218605
6.554962239583238	33.51070912545206
6.564962239583238	33.60410138348226
6.574962239583238	33.6976079886467
6.584962239583238	33.791228547625266
6.5949622395832375	33.88496278718897
6.604962239583237	33.97881070142353
6.614962239583237	34.07277082327676
6.624962239583237	34.16684319591484
6.634962239583237	34.26102774506105
6.644962239583236	34.35532413216711
6.654962239583236	34.44973167742957
6.664962239583236	34.54425053483417
6.674962239583236	34.638880942382244
6.6849622395832355	34.7336220827303
6.694962239583235	34.82847300453515
6.704962239583235	34.92343400038975
6.714962239583235	35.01850456550053
6.724962239583235	35.11368473877009
6.7349622395832345	35.208974211395585
6.744962239583234	35.30437335397686
6.754962239583234	35.39988165403719
6.764962239583234	35.4954981787819
6.774962239583234	35.59122372205901
6.784962239583233	35.68705619152112
6.794962239583233	35.78299471819307
6.804962239583233	35.879037454242926
6.814962239583233	35.97518437387582
6.824962239583233	36.07143444845427
6.834962239583232	36.16778738357509
6.844962239583232	36.26424299432345
6.854962239583232	36.36080104391561
6.864962239583232	36.45746395402571
6.8749622395832315	36.55422617973936
6.884962239583231	36.651089726591074
6.894962239583231	36.74805467921344
6.904962239583231	36.84512069067248
6.914962239583231	36.94228763080649
6.92496223958323	37.039555558611994
6.93496223958323	37.136925202388234
6.94496223958323	37.23439570669816
6.95496223958323	37.33196687336469
6.96496223958323	37.42963715385168
6.974962239583229	37.52740603559519
6.984962239583229	37.62527164462634
6.994962239583229	37.723233455038134
7.004962239583229	37.821291099419
7.0149622395832285	37.919444498560445
7.024962239583228	38.017693007042126
7.034962239583228	38.11603667891753
7.044962239583228	38.214475086286264
7.054962239583228	38.31300738011237
7.064962239583227	38.41163421392506
7.074962239583227	38.51035513571712
7.084962239583227	38.609169068962736
7.094962239583227	38.70807670508465
7.104962239583227	38.8070782354687
7.114962239583226	38.906172270305305
7.124962239583226	39.00535788585959
7.134962239583226	39.10463439519048
7.144962239583226	39.20400069830737
7.1549622395832255	39.30345639158627
7.164962239583225	39.403001078402355
7.174962239583225	39.50263465027334
7.184962239583225	39.60235684667181
7.194962239583225	39.70216715409022
7.2049622395832245	39.80206558565385
7.214962239583224	39.902052744257375
7.224962239583224	40.00212704954383
7.234962239583224	40.102288794907885
7.244962239583224	40.202537369934745
7.254962239583223	40.30287169132707
7.264962239583223	40.40329076872542
7.274962239583223	40.5037937559293
7.284962239583223	40.60438035551294
7.2949622395832225	40.70504998986935
7.304962239583222	40.80580254991148
7.314962239583222	40.90663762792605
7.324962239583222	41.00755560384301
7.334962239583222	41.10855535468604
7.3449622395832215	41.20963769400291
7.354962239583221	41.31080126386861
7.364962239583221	41.41204564920359
7.374962239583221	41.51337079317859
7.384962239583221	41.61477575391632
7.39496223958322	41.71626078301174
7.40496223958322	41.81782520246931
7.41496223958322	41.91946815295743
7.42496223958322	42.02118914923876
7.43496223958322	42.12298736900125
7.444962239583219	42.22486265951523
7.454962239583219	42.326814497315894
7.464962239583219	42.42884228547022
7.474962239583219	42.53094579644493
7.4849622395832185	42.63312478883608
7.494962239583218	42.73537880066762
7.504962239583218	42.837707498451216
7.514962239583218	42.940110829331374
7.524962239583218	43.04258813850316
7.534962239583217	43.14513968303221
7.544962239583217	43.247763837643326
7.554962239583217	43.3504612876787
7.564962239583217	43.453231725126344
7.574962239583217	43.55607517097087
7.584962239583216	43.658990623110604
7.594962239583216	43.76197887856904
7.604962239583216	43.865038885580624
7.614962239583216	43.96817045802292
7.6249622395832155	44.071373144412185
7.634962239583215	44.17464717657325
7.644962239583215	44.27799182831894
7.654962239583215	44.381407083597814
7.664962239583215	44.48489246991096
7.674962239583214	44.58844853868353
7.684962239583214	44.692074075615515
7.694962239583214	44.795769476104134
7.704962239583214	44.89953443532465
7.714962239583214	45.00336767808744
7.724962239583213	45.10726865957918
7.734962239583213	45.21123625905316
7.744962239583213	45.31527069218435
7.754962239583213	45.41937070348422
7.7649622395832125	45.52353609634978
7.774962239583212	45.627766998557604
7.784962239583212	45.73206318292687
7.794962239583212	45.83642440298247
7.804962239583212	45.94084954650254
7.8149622395832115	46.04533984499275
7.824962239583211	46.14989378111037
7.834962239583211	46.25451139387526
7.844962239583211	46.35919167060122
7.854962239583211	46.463934190165865
7.86496223958321	46.568738114269145
7.87496223958321	46.673603220062645
7.88496223958321	46.77852890923941
7.89496223958321	46.88351585607947
7.9049622395832095	46.98856326096191
7.914962239583209	47.093671028329176
7.924962239583209	47.19883910670928
7.934962239583209	47.30406663992291
7.944962239583209	47.40935360597011
7.9549622395832085	47.51469919797143
7.964962239583208	47.620103864995556
7.974962239583208	47.72556655232899
7.984962239583208	47.831087516621906
7.994962239583208	47.93666604153191
8.004962239583207	48.0423019634497
8.014962239583207	48.147994860360065
8.024962239583207	48.25374366252029
8.034962239583207	48.359548945408676
8.044962239583207	48.465409549359194
8.054962239583206	48.57132486114334
8.064962239583206	48.67729469384133
8.074962239583206	48.783319025008204
8.084962239583206	48.88939724440906
8.094962239583205	48.99552883584178
8.104962239583205	49.1017135062795
8.114962239583205	49.20795098149654
8.124962239583205	49.31424064364297
8.134962239583205	49.42058200717159
8.144962239583204	49.52697484258553
8.154962239583204	49.63341880160406
8.164962239583204	49.739913544650285
8.174962239583204	49.84645867738708
8.184962239583204	49.953040403189824
8.194962239583203	50.05962734883223
8.204962239583203	50.16621781503983
8.214962239583203	50.27281152934585
8.224962239583203	50.37940844037611
8.234962239583203	50.48600846134156
8.244962239583202	50.592611364276266
8.254962239583202	50.699217216633265
8.264962239583202	50.805842284633364
8.274962239583202	50.91249012390894
8.284962239583201	51.019164392540986
8.294962239583201	51.12587072677444
8.304962239583201	51.232589014067926
8.3149622395832	51.33930691338522
8.3249622395832	51.44602782980298
8.3349622395832	51.55276585966557
8.3449622395832	51.65950225488242
8.3549622395832	51.76622589142026
8.3649622395832	51.87293615229353
8.3749622395832	51.97966097126229
8.3849622395832	52.08637918012347
8.394962239583199	52.193093558645046
8.404962239583199	52.29980815199073
8.414962239583199	52.40651961198721
8.424962239583198	52.513222836191936
8.434962239583198	52.61992181942931
8.444962239583198	52.72662235934339
8.454962239583198	52.83331966664783
8.464962239583198	52.9400137035152
8.474962239583197	53.04674396009686
8.484962239583197	53.15346684214977
8.494962239583197	53.26021032334289
8.504962239583197	53.366974392414626
8.514962239583197	53.47383036147537
8.524962239583196	53.58063417955172
8.534962239583196	53.687457760965785
8.544962239583196	53.79430144678451
8.554962239583196	53.901251374090315
8.564962239583195	54.00811438638244
8.574962239583195	54.11500685790589
8.584962239583195	54.221939320463356
8.594962239583195	54.328965093549826
8.604962239583195	54.435951105966986
8.614962239583194	54.54294972135771
8.624962239583194	54.649951951172746
8.634962239583194	54.756974730126174
8.644962239583194	54.86407874046074
8.654962239583194	54.97116739051276
8.664962239583193	55.07827806706103
8.674962239583193	55.18548490796161
8.684962239583193	55.29264969231675
8.694962239583193	55.399925006723635
8.704962239583192	55.507179662712026
8.714962239583192	55.6145213759222
8.724962239583192	55.72181782638073
8.734962239583192	55.82925662115991
8.744962239583192	55.93675167761212
8.754962239583191	56.044185306501625
8.764962239583191	56.15167156731361
8.774962239583191	56.25922110700301
8.78496223958319	56.36681257186276
8.79496223958319	56.474446228392964
8.80496223958319	56.58220976585117
8.81496223958319	56.68991030339891
8.82496223958319	56.797559153205036
8.83496223958319	56.90530027312383
8.84496223958319	57.013105361724534
8.85496223958319	57.1209241953368
8.864962239583189	57.228661902016405
8.874962239583189	57.33662160804102
8.884962239583189	57.44461328731581
8.894962239583188	57.55256663972016
8.904962239583188	57.6604869734171
8.914962239583188	57.76861814359785
8.924962239583188	57.876747272736715
8.934962239583188	57.98485448698337
8.944962239583187	58.09297328100982
8.954962239583187	58.20113714405476
8.964962239583187	58.30941904972456
8.974962239583187	58.417656568758424
8.984962239583187	58.525928246786904
8.994962239583186	58.63410173338987
9.004962239583186	58.74225643252965
9.014962239583186	58.850734788407074
9.024962239583186	58.9591204371444
9.034962239583185	59.0675820116994
9.044962239583185	59.17606180672775
9.054962239583185	59.284633957156124
9.064962239583185	59.39321991740975
9.074962239583185	59.50179702934874
9.084962239583184	59.61040395872632
9.094962239583184	59.719086089028785
9.104962239583184	59.82774040598823
9.114962239583184	59.93636578656312
9.124962239583184	60.04507385324594
9.134962239583183	60.153811028730566
9.144962239583183	60.26261410324449
9.154962239583183	60.37140207255384
9.164962239583183	60.48014866901856
9.174962239583182	60.58901333715659
9.184962239583182	60.69794970410951
9.194962239583182	60.80687023859182
9.204962239583182	60.915896834012315
9.214962239583182	61.024844348836766
9.224962239583181	61.133815399941234
9.234962239583181	61.242852564843005
9.244962239583181	61.35175130184326
9.25496223958318	61.46088976552885
9.26496223958318	61.57000215981251
9.27496223958318	61.6791862764428
9.28496223958318	61.78834456458409
9.29496223958318	61.89741704957832
9.30496223958318	62.00668051399456
9.31496223958318	62.11596715319518
9.32496223958318	62.22478231424508
9.334962239583179	62.33384219924926
9.344962239583179	62.44318012760328
9.354962239583179	62.55259420115972
9.364962239583178	62.66202876281979
9.374962239583178	62.771432139040854
9.384962239583178	62.88085865812536
9.394962239583178	62.99011974889052
9.404962239583178	63.099462980526724
9.414962239583177	63.20901491124054
9.424962239583177	63.31853410967432
9.434962239583177	63.42807568553646
9.444962239583177	63.53763949012932
9.454962239583176	63.646964794388005
9.464962239583176	63.756563430286576
9.474962239583176	63.866183719927896
9.484962239583176	63.97582572604231
9.494962239583176	64.08548938235568
9.504962239583175	64.19523106918797
9.514962239583175	64.30492739191084
9.524962239583175	64.41464375198
9.534962239583175	64.52438144343311
9.544962239583175	64.6341404641887
9.554962239583174	64.74397854416063
9.564962239583174	64.85383565785476
9.574962239583174	64.96336572385346
9.584962239583174	65.07301173656953
9.594962239583174	65.18290310859378
9.604962239583173	65.29293966706318
9.614962239583173	65.40286737179387
9.624962239583173	65.51281582846428
9.634962239583173	65.62261180983731
9.644962239583172	65.73231426854812
9.654962239583172	65.7977083485668
9.664962239583172	65.79661290852891
9.674962239583172	65.79552017005707
9.684962239583172	65.7944316649163
9.694962239583171	65.79334714109662
9.704962239583171	65.79226710542751
9.714962239583171	65.79119052492585
9.72496223958317	65.79011616909708
9.73496223958317	65.78904663795045
9.74496223958317	65.78798073356438
9.75496223958317	65.78691838395737
9.76496223958317	65.78586056396573
9.77496223958317	65.78480547745596
9.78496223958317	65.7837548605896
9.79496223958317	65.78270756789505
9.804962239583169	65.78166439305049
9.814962239583169	65.78062432494289
9.824962239583169	65.77958869442458
9.834962239583168	65.77855670684502
9.844962239583168	65.77752833979643
9.854962239583168	65.7765035967633
9.864962239583168	65.7754827092572
9.874962239583168	65.77446543123436
9.884962239583167	65.77345317847923
9.894962239583167	65.77244369898236
9.904962239583167	65.77143695980342
9.914962239583167	65.77043475985568
9.924962239583166	65.76943652231358
9.934962239583166	65.76844167858134
9.944962239583166	65.76745097660047
9.954962239583166	65.7664640080521
9.964962239583166	65.76548087048764
9.974962239583165	65.76450093311448
9.984962239583165	65.76352518313993
9.994962239583165	65.76255311850848
10.004962239583165	65.76158495349225
10.014962239583165	65.76062014500478
10.024962239583164	65.75965936262706
10.034962239583164	65.75870286565944
10.044962239583164	65.75774964513272
10.054962239583164	65.75679977379824
10.064962239583163	65.75585373619386
10.074962239583163	65.75491166980981
10.084962239583163	65.75397336575791
10.094962239583163	65.75303893423602
10.104962239583163	65.7521087015075
10.114962239583162	65.75118104317204
10.124962239583162	65.75025771404344
10.134962239583162	65.74933882356868
10.144962239583162	65.74842316113606
10.154962239583162	65.74751006305044
10.164962239583161	65.74660224579416
10.174962239583161	65.74569766321353
10.184962239583161	65.74479688051211
10.19496223958316	65.74390003026934
10.20496223958316	65.74300662337224
10.21496223958316	65.74211736253957
10.22496223958316	65.74123158753768
10.23496223958316	65.74034969061302
10.24496223958316	65.73947099862518
10.25496223958316	65.73859675233261
10.26496223958316	65.73772605757517
10.274962239583159	65.73685907643306
10.284962239583159	65.73599593239337
10.294962239583159	65.73513575310716
10.304962239583158	65.73428004412894
10.314962239583158	65.73342867783201
10.324962239583158	65.73258051212954
10.334962239583158	65.73173596597526
10.344962239583158	65.73089528492105
10.354962239583157	65.73005839769151
10.364962239583157	65.7292249594183
10.374962239583157	65.72839573705983
10.384962239583157	65.72757008337219
10.394962239583156	65.72674802004012
10.404962239583156	65.72593006525231
10.414962239583156	65.72511540797618
10.424962239583156	65.72430476397203
10.434962239583156	65.72349764294763
10.444962239583155	65.72269481506181
10.454962239583155	65.72189510806668
10.464962239583155	65.72109954088185
10.474962239583155	65.72030709666569
10.484962239583155	65.71951951220166
10.494962239583154	65.71873505682991
10.504962239583154	65.71795485558417
10.514962239583154	65.71717711675227
10.524962239583154	65.7164043810164
10.534962239583153	65.7156356290971
10.544962239583153	65.71486949237863
10.554962239583153	65.71410732322106
10.564962239583153	65.7133493737838
10.574962239583153	65.71259523141393
10.584962239583152	65.71184424272353
10.594962239583152	65.71109734378746
10.604962239583152	65.7103545835981
10.614962239583152	65.70961499921344
10.624962239583152	65.70887930711022
10.634962239583151	65.70814723699534
10.644962239583151	65.70741964730384
10.654962239583151	65.70669503143105
10.66496223958315	65.70597442543117
10.67496223958315	65.7052575213356
10.68496223958315	65.70454416276831
10.69496223958315	65.70383540854911
10.70496223958315	65.70312942454467
10.71496223958315	65.70242726633117
10.72496223958315	65.70172962882772
10.73496223958315	65.70103529319205
10.744962239583149	65.70034461008599
10.754962239583149	65.69965782061864
10.764962239583149	65.69897471594803
10.774962239583148	65.69829538770755
10.784962239583148	65.69761987484245
10.794962239583148	65.69694768599366
10.804962239583148	65.69628003183402
10.814962239583148	65.69561562940943
10.824962239583147	65.69495507402792
10.834962239583147	65.694298273221
10.844962239583147	65.69364508875377
10.854962239583147	65.6929955154044
10.864962239583146	65.69235039183212
10.874962239583146	65.69170878949139
10.884962239583146	65.69107018320113
10.894962239583146	65.69043581230298
10.904962239583146	65.6898056021419
10.914962239583145	65.68917875866282
10.924962239583145	65.68855562729337
10.934962239583145	65.68793658860932
10.944962239583145	65.68732114561155
10.954962239583145	65.68670927593837
10.964962239583144	65.68610122268133
10.974962239583144	65.6854967106031
10.984962239583144	65.68489654054163
10.994962239583144	65.68429971800393
11.004962239583143	65.6837064639702
11.014962239583143	65.6831174613835
11.024962239583143	65.68253202491333
11.034962239583143	65.68194997213921
11.044962239583143	65.681372291815
11.054962239583142	65.68079801616493
11.064962239583142	65.68022733897476
11.074962239583142	65.67966056675192
11.084962239583142	65.6790978763126
11.094962239583142	65.67853830874594
11.104962239583141	65.67798317312787
11.114962239583141	65.67743140383367
11.124962239583141	65.67688323978905
11.13496223958314	65.67633918733317
11.14496223958314	65.67579879153969
11.15496223958314	65.67526202832494
11.16496223958314	65.67472899371053
11.17496223958314	65.67419989854963
11.18496223958314	65.67367457147445
11.19496223958314	65.67315258219703
11.20496223958314	65.67263490149638
11.214962239583139	65.67212061962117
11.224962239583139	65.67161004549119
11.234962239583139	65.67110358630659
11.244962239583138	65.67060050617842
11.254962239583138	65.67010127245038
11.264962239583138	65.66960607965663
11.274962239583138	65.66911423630502
11.284962239583137	65.66862643206441
11.294962239583137	65.66814233323215
11.304962239583137	65.66766191424128
11.314962239583137	65.6671851732856
11.324962239583137	65.66671219524261
11.334962239583136	65.66624299217304
11.344962239583136	65.66577781291059
11.354962239583136	65.66531615547667
11.364962239583136	65.66485824065002
11.374962239583136	65.66440404613897
11.384962239583135	65.66395356347897
11.394962239583135	65.66350692083032
11.404962239583135	65.66306422220772
11.414962239583135	65.66262496865873
11.424962239583135	65.66218975325066
11.434962239583134	65.66175793509254
11.444962239583134	65.66133023647002
11.454962239583134	65.66090597245672
11.464962239583134	65.66048578555207
11.474962239583133	65.66006918220445
11.484962239583133	65.65965632420038
11.494962239583133	65.65924709128741
11.504962239583133	65.65884188088958
11.514962239583133	65.65844024320941
11.524962239583132	65.65804244315778
11.534962239583132	65.65764835468323
11.544962239583132	65.65725800091957
11.554962239583132	65.65687127670607
11.564962239583132	65.65648857495073
11.574962239583131	65.6561095012144
11.584962239583131	65.65573419954362
11.59496223958313	65.65536264617879
11.60496223958313	65.65499491845597
11.61496223958313	65.65463062286611
11.62496223958313	65.65427041454488
11.63496223958313	65.65391377723034
11.64496223958313	65.65356107596907
11.65496223958313	65.65321203922487
11.66496223958313	65.6528666417422
11.67496223958313	65.65252509105494
11.684962239583129	65.65218728152185
11.694962239583129	65.65185325963908
11.704962239583129	65.65152299662805
11.714962239583128	65.6511965373058
11.724962239583128	65.6508737489282
11.734962239583128	65.65055470564165
11.744962239583128	65.65023945109033
11.754962239583127	65.6499278310367
11.764962239583127	65.649620097026
11.774962239583127	65.64931613742056
11.784962239583127	65.64901580994754
11.794962239583127	65.6487192925114
11.804962239583126	65.64842661245815
11.814962239583126	65.64813806523297
11.824962239583126	65.64785237210977
11.834962239583126	65.64757080645583
11.844962239583126	65.64729349948924
11.854962239583125	65.6470190849528
11.864962239583125	65.64674885508958
11.874962239583125	65.64648236244301
11.884962239583125	65.64621963935309
11.894962239583124	65.6459607188586
11.904962239583124	65.64570543908789
11.914962239583124	65.64545400714326
11.924962239583124	65.64520625726757
11.934962239583124	65.64496227987833
11.944962239583123	65.64472207469358
11.954962239583123	65.64448567465787
11.964962239583123	65.64425292022216
11.974962239583123	65.64402395678648
11.984962239583123	65.64379877019167
11.994962239583122	65.64357736804013
12.004962239583122	65.64335966231688
12.014962239583122	65.64314569420281
12.024962239583122	65.64293549720328
12.034962239583122	65.64272906780967
12.044962239583121	65.6425263944089
12.054962239583121	65.642327463172
12.06496223958312	65.64213232986413
12.07496223958312	65.64194089963725
12.08496223958312	65.64175319854513
12.09496223958312	65.64156928749588
12.10496223958312	65.64138913285439
12.11496223958312	65.64121271997779
12.12496223958312	65.6410400716534
12.13496223958312	65.64087115914897
12.14496223958312	65.64070601243623
12.154962239583119	65.64054463614058
12.164962239583119	65.64038699194676
12.174962239583119	65.64023308314093
12.184962239583118	65.64008296534718
12.194962239583118	65.63993656347988
12.204962239583118	65.63979393140025
12.214962239583118	65.63965505261152
12.224962239583117	65.63951992959181
12.234962239583117	65.63938857247408
12.244962239583117	65.63926094008335
12.254962239583117	65.63913707211614
12.264962239583117	65.63901696087157
12.274962239583116	65.6389006001227
12.284962239583116	65.63878799380724
12.294962239583116	65.63867915127744
12.304962239583116	65.63857404116594
12.314962239583116	65.63847269262517
12.324962239583115	65.63837510500623
12.334962239583115	65.63828126416055
12.344962239583115	65.63819116939456
12.354962239583115	65.6381048343234
12.364962239583114	65.63802225196098
12.374962239583114	65.63794342181677
12.384962239583114	65.63786834594765
12.394962239583114	65.63779702328891
12.404962239583114	65.63772945339467
12.414962239583113	65.6376656365576
12.424962239583113	65.63760557259691
12.434962239583113	65.63754926163391
12.444962239583113	65.6374967036204
12.454962239583113	65.63744789891919
12.464962239583112	65.63740284724719
12.474962239583112	65.63736154874958
12.484962239583112	65.63732400300549
12.494962239583112	65.63729021038375
12.504962239583111	65.63726017083374
12.514962239583111	65.6372338843563
12.524962239583111	65.63721135086871
12.53496223958311	65.63719257043671
12.54496223958311	65.63717754312226
12.55496223958311	65.63716626872974
12.56496223958311	65.63715874740693
12.57496223958311	65.63715497913091
12.58	65.60596587549136
1000012.58	65.60596587549136
