-100000	0
0	0
0.0033333333333333335	0.005463805996774025
0.008333333333333333	0.013856754023594663
0.01583333333333333	0.02688696019960459
0.02708333333333333	0.047413895568992434
0.043958333333333335	0.08027017088461097
0.06927083333333334	0.1330174724454209
0.10723958333333333	0.21857842171636002
0.16419270833333333	0.3578241086059088
0.24962239583333334	0.585472577898285
0.3496223958333333	0.8731360344557698
0.4496223958333333	1.1781241325524332
0.5496223958333333	1.4965829645352686
0.6496223958333333	1.825574788236367
0.7496223958333332	2.1629368826054702
0.8496223958333332	2.506945967216233
0.9496223958333332	2.8563056646429166
1.0496223958333333	3.2097022639579498
1.1496223958333334	3.5666035383163934
1.2496223958333335	3.926764661662458
1.3496223958333335	4.2900861416854355
1.4496223958333336	4.656532114767511
1.5496223958333337	5.026058310015801
1.6496223958333338	5.398540113780257
1.749622395833334	5.773870412932063
1.849622395833334	6.152144132801039
1.949622395833334	6.533618302446049
2.049622395833334	6.918522714347105
2.149622395833334	7.307147848508987
2.249622395833334	7.699807598344459
2.349622395833334	8.096985921220414
2.4496223958333343	8.499220557326295
2.5496223958333344	8.907108995923485
2.6496223958333345	9.321152380296537
2.7496223958333346	9.741722081125351
2.8496223958333347	10.169579948209801
2.9496223958333347	10.605325357487658
3.049622395833335	11.049668668132753
3.149622395833335	11.503256757799882
3.249622395833335	11.966828801577563
3.349622395833335	12.441126455416807
3.449622395833335	12.926846957666474
3.5496223958333353	13.424723294244536
3.6496223958333354	13.935553340807676
3.7496223958333355	14.459917064376361
3.8496223958333355	14.998372320760454
3.9496223958333356	15.551411521611469
4.049622395833335	16.11992958981213
4.149622395833335	16.704069043867868
4.249622395833335	17.30430332302561
4.349622395833334	17.92105223177719
4.449622395833334	18.554280305944104
4.5496223958333335	19.20392718709954
4.649622395833333	19.870075494442453
4.749622395833333	20.55287859764109
4.849622395833332	21.25217905052191
4.949622395833332	21.967733538346394
5.049622395833332	22.699264580241866
5.149622395833331	23.446631848672176
5.249622395833331	24.20961757647905
5.349622395833331	24.988192788837786
5.44962239583333	25.78228026778886
5.54962239583333	26.591210311886275
5.64962239583333	27.414406695554476
5.749622395833329	28.25193963635328
5.849622395833329	29.103394724743424
5.9496223958333285	29.968210777935376
6.049622395833328	30.846135240489662
6.149622395833328	31.736938212125626
6.2496223958333275	32.64000295438071
6.349622395833327	33.55493714412817
6.449622395833327	34.48149148994189
6.549622395833326	35.41914285054563
6.649622395833326	36.367569864971934
6.749622395833326	37.326321828521706
6.849622395833325	38.29494386081035
6.949622395833325	39.27320218220315
7.049622395833325	40.26041859762786
7.149622395833324	41.25626861338243
7.249622395833324	42.260510617381584
7.3496223958333236	43.27281371246352
7.449622395833323	44.29277651212135
7.549622395833323	45.319939155469335
7.6496223958333225	46.353874699205164
7.749622395833322	47.39432094720727
7.849622395833322	48.44104909562179
7.949622395833321	49.49373162105186
8.049622395833321	50.552017043116294
8.14962239583332	51.61548946778386
8.24962239583332	52.68385029023807
8.34962239583332	53.756898950440096
8.44962239583332	54.83439681430655
8.54962239583332	55.91568643393525
8.649622395833319	57.00069187873104
8.749622395833319	58.08940361877934
8.849622395833318	59.18171513436017
8.949622395833318	60.27702919513367
9.049622395833318	61.37520074138554
9.149622395833317	62.475816418702195
9.249622395833317	63.57872811356409
9.349622395833316	64.68381807351591
9.449622395833316	65.79078855547957
9.549622395833316	66.8994529852938
9.649622395833315	68.0096846848357
9.65	68.01387809780442
1000009.65	68.01387809780442
