-100000	0
0	0
0.0033333333333333335	0.00797355797409191
0.008333333333333333	0.020160389935252786
0.01583333333333333	0.038940110166451596
0.02708333333333333	0.06819851344524176
0.043958333333333335	0.11427454988167242
0.06927083333333334	0.18703472576272273
0.10723958333333333	0.30281037229035457
0.16419270833333333	0.4878205440482225
0.24962239583333334	0.7849982331177051
0.3496223958333333	1.1552060290614747
0.4496223958333333	1.5438356303397172
0.5496223958333333	1.9470626014919952
0.6496223958333333	2.3617928789093083
0.7496223958333332	2.7860716478443703
0.8496223958333332	3.2179156121218844
0.9496223958333332	3.6562928845097282
1.0496223958333333	4.099768671794864
1.1496223958333334	4.547852360843734
1.2496223958333335	5.0002741057992
1.3496223958333335	5.456952197625095
1.4496223958333336	5.9178804677030135
1.5496223958333337	6.383055674044017
1.6496223958333338	6.852897172896645
1.749622395833334	7.327737028857559
1.849622395833334	7.807821278631092
1.949622395833334	8.293466171119523
2.049622395833334	8.784884429613069
2.149622395833334	9.28240064219308
2.249622395833334	9.786493070872543
2.349622395833334	10.297443102398823
2.4496223958333343	10.815493185554049
2.5496223958333344	11.341132576150121
2.6496223958333345	11.874686785249148
2.7496223958333346	12.41688703365602
2.8496223958333347	12.968047130811307
2.9496223958333347	13.528371377293665
3.049622395833335	14.098781576615066
3.149622395833335	14.679606603193912
3.249622395833335	15.271076985633272
3.349622395833335	15.874085082158851
3.449622395833335	16.48882356245081
3.5496223958333353	17.11567427841244
3.6496223958333354	17.75496754218686
3.7496223958333355	18.407087918849637
3.8496223958333355	19.072452131596606
3.9496223958333356	19.751113990286818
4.049622395833335	20.44317749765539
4.149622395833335	21.148711495560594
4.249622395833335	21.867675586955286
4.349622395833334	22.59999505957211
4.449622395833334	23.345590753738943
4.5496223958333335	24.104376947718
4.649622395833333	24.876284409211564
4.749622395833333	25.661120183056145
4.849622395833332	26.458614578669728
4.949622395833332	27.26857360325459
5.049622395833332	28.090845534277832
5.149622395833331	28.925013296559545
5.249622395833331	29.77075905901805
5.349622395833331	30.628151877140976
5.44962239583333	31.496901586216403
5.54962239583333	32.37661504072516
5.64962239583333	33.26697977882369
5.749622395833329	34.16787813651647
5.849622395833329	35.079287913548384
5.9496223958333285	36.000728319890946
6.049622395833328	36.93171804643878
6.149622395833328	37.87218078613196
6.2496223958333275	38.82200190519928
6.349622395833327	39.780924616561315
6.449622395833327	40.74839639369982
6.549622395833326	41.72416123819301
6.649622395833326	42.70797853994178
6.749622395833326	43.699787726038835
6.849622395833325	44.69906347422961
6.949622395833325	45.70546680827917
7.049622395833325	46.7190034253158
7.149622395833324	47.73920628842006
7.249622395833324	48.76568501477456
7.3496223958333236	49.79833927977842
7.449622395833323	50.83675562932858
7.549622395833323	51.88067852054044
7.6496223958333225	52.93004404714109
7.749622395833322	53.98450214241972
7.849622395833322	55.04369839661794
7.949622395833321	56.107596274880606
8.049622395833321	57.17579558024568
8.14962239583332	58.248085266215575
8.24962239583332	59.32436979309273
8.34962239583332	60.404303175325154
8.44962239583332	61.48776548509497
8.54962239583332	62.57465471818616
8.649622395833319	63.66449222113255
8.749622395833319	64.75720681377145
8.849622395833318	65.85278197931085
8.949622395833318	66.95097519213172
9.049622395833318	68.05131901042414
9.149622395833317	69.15364151989421
9.249622395833317	70.25780360214871
9.349622395833316	71.36374240957186
9.449622395833316	72.47138645664336
9.549622395833316	73.5805140535349
9.649622395833315	74.69088226172312
9.65	74.69508157509632
1000009.65	74.69508157509632
