-100000	0
0	0
0.0033333333333333335	0.008811064860086334
0.008333333333333333	0.022269608117035152
0.01583333333333333	0.042970704784927836
0.02708333333333333	0.07510105511591203
0.043958333333333335	0.12549384351538678
0.06927083333333334	0.2049687670863851
0.10723958333333333	0.33086814687031957
0.16419270833333333	0.5313739646736795
0.24962239583333334	0.8524569360893667
0.3496223958333333	1.2510855908467087
0.4496223958333333	1.6685140872939417
0.5496223958333333	2.1009265776405157
0.6496223958333333	2.545368893046698
0.7496223958333332	2.9997346225276607
0.8496223958333332	3.4621712511471916
0.9496223958333332	3.9315474982085625
1.0496223958333333	4.406507931574502
1.1496223958333334	4.8864341354151195
1.2496223958333335	5.371104199251651
1.3496223958333335	5.860465555951653
1.4496223958333336	6.354611076113075
1.5496223958333337	6.85392125297439
1.6496223958333338	7.358851934530949
1.749622395833334	7.869534367214852
1.849622395833334	8.386130354855435
1.949622395833334	8.90888978705822
2.049622395833334	9.43818552866418
2.149622395833334	9.974353605956063
2.249622395833334	10.51786247252841
2.349622395833334	11.0688102851381
2.4496223958333343	11.627692706466465
2.5496223958333344	12.19481956392453
2.6496223958333345	12.770477139948595
2.7496223958333346	13.35538134323829
2.8496223958333347	13.949683009212045
2.9496223958333347	14.55364863296897
3.049622395833335	15.168032145409619
3.149622395833335	15.792909758810502
3.249622395833335	16.428825627640396
3.349622395833335	17.076254782511676
3.449622395833335	17.735283916266308
3.5496223958333353	18.406319361114427
3.6496223958333354	19.089533293127563
3.7496223958333355	19.78501355637508
3.8496223958333355	20.49289520031139
3.9496223958333356	21.213404026479147
4.049622395833335	21.94670845542083
4.149622395833335	22.692705850383657
4.249622395833335	23.451112083961167
4.349622395833334	24.221892041810104
4.449622395833334	25.005019077936748
4.5496223958333335	25.80037851865463
4.649622395833333	26.607709386235342
4.749622395833333	27.42672727162596
4.849622395833332	28.2572817909265
4.949622395833332	29.09925572872485
5.049622395833332	29.95221767249388
5.149622395833331	30.815913911131577
5.249622395833331	31.690173895856635
5.349622395833331	32.57485520650041
5.44962239583333	33.469682512223386
5.54962239583333	34.37423774161771
5.64962239583333	35.2884138600018
5.749622395833329	36.212053704794265
5.849622395833329	37.14490093351896
5.9496223958333285	38.086635416954806
6.049622395833328	39.03705577355838
6.149622395833328	39.996030159932324
6.2496223958333275	40.96325408770903
6.349622395833327	41.93840986594727
6.449622395833327	42.9214458373896
6.549622395833326	43.91189101410519
6.649622395833326	44.909534616238396
6.749622395833326	45.914237055420465
6.849622395833325	46.9255170219796
6.949622395833325	47.9432680469265
7.049622395833325	48.96730106495393
7.149622395833324	49.99716491318573
7.249622395833324	51.03270836053899
7.3496223958333236	52.0737191953478
7.449622395833323	53.11985744165164
7.549622395833323	54.17104952848412
7.6496223958333225	55.22712192124636
7.749622395833322	56.28762789473934
7.849622395833322	57.3523977065944
7.949622395833321	58.42138636736218
8.049622395833321	59.494171101405115
8.14962239583332	60.57061079120982
8.24962239583332	61.650662694632665
8.34962239583332	62.73402441474685
8.44962239583332	63.82051531229627
8.54962239583332	64.91002878127804
8.649622395833319	66.00227427572642
8.749622395833319	67.0970875812962
8.849622395833318	68.19438910757938
8.949622395833318	69.29399202485668
9.049622395833318	70.39546099934785
9.149622395833317	71.4987256835355
9.249622395833317	72.60379180682865
9.349622395833316	73.71049811872746
9.449622395833316	74.81858179948189
9.549622395833316	75.92791477753403
9.649622395833315	77.03832886573085
9.65	77.04252355186364
1000009.65	77.04252355186364
