-100000	0
0	0
0.0033333333333333335	0.009643514850928289
0.008333333333333333	0.024356231270018895
0.01583333333333333	0.046971051493483726
0.02708333333333333	0.08206470865271154
0.043958333333333335	0.13689409061676797
0.06927083333333334	0.22297511523369917
0.10723958333333333	0.3591807280176818
0.16419270833333333	0.5752089138007487
0.24962239583333334	0.9199860982039447
0.3496223958333333	1.346995324908236
0.4496223958333333	1.793466069748757
0.5496223958333333	2.25536998461709
0.6496223958333333	2.7298435173589417
0.7496223958333332	3.214662905377494
0.8496223958333332	3.7081417156570815
0.9496223958333332	4.208921197487974
1.0496223958333333	4.715597249868715
1.1496223958333334	5.227752686325128
1.2496223958333335	5.745225658968255
1.3496223958333335	6.268036000824815
1.4496223958333336	6.79631268824754
1.5496223958333337	7.330282173924414
1.6496223958333338	7.870495492343138
1.749622395833334	8.417291399791065
1.849622395833334	8.97098742994837
1.949622395833334	9.531772706516858
2.049622395833334	10.099968789037689
2.149622395833334	10.675805303206971
2.249622395833334	11.259607897514618
2.349622395833334	11.851718269023952
2.4496223958333343	12.452435488278107
2.5496223958333344	13.061887157557756
2.6496223958333345	13.68057512687825
2.7496223958333346	14.308863232068658
2.8496223958333347	14.946866165193784
2.9496223958333347	15.595181105996895
3.049622395833335	16.25399717290245
3.149622395833335	16.92346248566901
3.249622395833335	17.604185688384387
3.349622395833335	18.296243649671545
3.449622395833335	18.999643425302768
3.5496223958333353	19.714601528194795
3.6496223958333354	20.4413607055726
3.7496223958333355	21.179935403809292
3.8496223958333355	21.93036869827621
3.9496223958333356	22.692701972274886
4.049622395833335	23.46688743124071
4.149622395833335	24.252802445541995
4.249622395833335	25.050245662710445
4.349622395833334	25.85919752531012
4.449622395833334	26.67952188310637
4.5496223958333335	27.510968612445723
4.649622395833333	28.353288589497684
4.749622395833333	29.206297535791204
4.849622395833332	30.069741010815683
4.949622395833332	30.94336489883344
5.049622395833332	31.826976084981126
5.149622395833331	32.72030190203454
5.249622395833331	33.6229657371763
5.349622395833331	34.53473132806394
5.44962239583333	35.45556752735877
5.54962239583333	36.385453547710576
5.64962239583333	37.32381104658666
5.749622395833329	38.270343756313586
5.849622395833329	39.224986106745675
5.9496223958333285	40.187682876934005
6.049622395833328	41.15823165737083
6.149622395833328	42.1363307826188
6.2496223958333275	43.12166521642669
6.349622395833327	44.11395400260276
6.449622395833327	45.11311979630794
6.549622395833326	46.11871600477327
6.649622395833326	47.13057642416003
6.749622395833326	48.14869521312404
6.849622395833325	49.17263987730072
6.949622395833325	50.202064212654285
7.049622395833325	51.23688675376421
7.149622395833324	52.277086260986856
7.249622395833324	53.32231207146677
7.3496223958333236	54.37219104425322
7.449622395833323	55.42656312002794
7.549622395833323	56.48543218373628
7.6496223958333225	57.548650119225094
7.749622395833322	58.615771579452435
7.849622395833322	59.6865703859155
7.949622395833321	60.7610675809959
8.049622395833321	61.8390269174422
8.14962239583332	62.92002852499185
8.24962239583332	64.00401081413739
8.34962239583332	65.09093080296944
8.44962239583332	66.18067114133287
8.54962239583332	67.2730897814802
8.649622395833319	68.36791389201939
8.749622395833319	69.46476257313094
8.849622395833318	70.56365442187484
8.949622395833318	71.66461221696684
9.049622395833318	72.7674629735761
9.149622395833317	73.87194208359365
9.249622395833317	74.9777646953951
9.349622395833316	76.08485763314104
9.449622395833316	77.1932040235927
9.549622395833316	78.30268289185314
9.649622395833315	79.4131436690496
9.65	79.41734116667213
1000009.65	79.41734116667213
