-100000	0
0	0
0.0003333333333333333	0.0010413723277948408
0.0008333333333333333	0.0026060938625932267
0.0015833333333333333	0.004959168009460949
0.0027083333333333334	0.008502260872574746
0.004395833333333333	0.013847220090309082
0.006927083333333334	0.021932210028605806
0.010723958333333335	0.034208220772872416
0.016419270833333336	0.052945138929532745
0.024962239583333337	0.08174670756325078
0.03496223958333334	0.1164738124522396
0.04496223958333334	0.15202937029406766
0.05496223958333334	0.18830833060856136
0.06496223958333334	0.2252788924639212
0.07496223958333334	0.2628857948297796
0.08496223958333333	0.30105802936645626
0.09496223958333333	0.3397489668360275
0.10496223958333332	0.3789067153080562
0.11496223958333332	0.4185203549909831
0.12496223958333331	0.4585791826816187
0.1349622395833333	0.49907122204687054
0.14496223958333332	0.5399782707235967
0.15496223958333333	0.5812798340938606
0.16496223958333334	0.6229595230704902
0.17496223958333335	0.6649976935519641
0.18496223958333335	0.7073622122839517
0.19496223958333336	0.7500378075922135
0.20496223958333337	0.7930203913239037
0.21496223958333338	0.8363039736695635
0.2249622395833334	0.87987754588323
0.2349622395833334	0.92372140002139
0.2449622395833334	0.9678245783257112
0.2549622395833334	1.012184283510362
0.2649622395833334	1.0567989665067494
0.27496223958333343	1.1016668959751124
0.28496223958333344	1.1467872137312063
0.29496223958333345	1.1921580500928337
0.30496223958333346	1.2377673828107048
0.31496223958333347	1.2836016069675458
0.3249622395833335	1.3296581801823033
0.3349622395833335	1.375931128565457
0.3449622395833335	1.4224030104060668
0.3549622395833335	1.4690690148636112
0.3649622395833335	1.5159270812124646
0.3749622395833335	1.5629748505211989
0.38496223958333353	1.6102042444899116
0.39496223958333354	1.6576121517991265
0.40496223958333355	1.705197456043112
0.41496223958333356	1.752959535671817
0.42496223958333357	1.8008968729392194
0.4349622395833336	1.8490078714786042
0.4449622395833336	1.8972912272496971
0.4549622395833336	1.9457403485155835
0.4649622395833336	1.994342414761255
0.4749622395833336	2.0430898549402547
0.4849622395833336	2.091981696269505
0.49496223958333363	2.141016889548367
0.5049622395833336	2.1901942121341222
0.5149622395833336	2.239513074967913
0.5249622395833337	2.288972528459918
0.5349622395833337	2.3385719689372486
0.5449622395833337	2.3883102244652603
0.5549622395833337	2.438184904505505
0.5649622395833337	2.4881874451761146
0.5749622395833337	2.538315026953271
0.5849622395833337	2.588564765445254
0.5949622395833337	2.638931681682461
0.6049622395833337	2.689414205583023
0.6149622395833337	2.7400118745092303
0.6249622395833337	2.7907239402888133
0.6349622395833338	2.841549817814737
0.6449622395833338	2.8924887662412395
0.6549622395833338	2.9435399537684304
0.6649622395833338	2.994697776454838
0.6749622395833338	3.0459600760735737
0.6849622395833338	3.0973250580762683
0.6949622395833338	3.148791610031813
0.7049622395833338	3.2003575518172087
0.7149622395833338	3.252021257922729
0.7249622395833338	3.3037804300346187
0.7349622395833338	3.355633175318988
0.7449622395833339	3.407576391397213
0.7549622395833339	3.4596090408412525
0.7649622395833339	3.511730111051537
0.7749622395833339	3.563936034442517
0.7849622395833339	3.6162249494695424
0.7949622395833339	3.668596676491862
0.8049622395833339	3.7210510358687032
0.8149622395833339	3.773587910935965
0.8249622395833339	3.8262068706173507
0.8349622395833339	3.8789078521219857
0.8449622395833339	3.931690538950691
0.854962239583334	3.9845548174025165
0.864962239583334	4.037500493354914
0.874962239583334	4.090527637764553
0.884962239583334	4.143634967621313
0.894962239583334	4.196816024152374
0.904962239583334	4.250068848716834
0.914962239583334	4.303391052711134
0.924962239583334	4.3567791162916425
0.934962239583334	4.410230405705848
0.944962239583334	4.463743665946915
0.954962239583334	4.5173176919301
0.964962239583334	4.570952320828982
0.9749622395833341	4.624647204926548
0.9849622395833341	4.678402011054347
0.9949622395833341	4.732217832349421
1.004962239583334	4.786093726800041
1.014962239583334	4.840029986113106
1.024962239583334	4.894026583031033
1.034962239583334	4.948083422654457
1.044962239583334	5.002200412805887
1.054962239583334	5.056377461307881
1.064962239583334	5.1106147655475676
1.074962239583334	5.1649116568637385
1.084962239583334	5.219267839282368
1.094962239583334	5.273683831558568
1.104962239583334	5.328159216527368
1.114962239583334	5.382694042150725
1.124962239583334	5.43728842951351
1.134962239583334	5.491941293151271
1.144962239583334	5.546652775605427
1.154962239583334	5.601422854680295
1.1649622395833341	5.656251550396172
1.1749622395833341	5.711138950691424
1.1849622395833341	5.7660851451598125
1.1949622395833341	5.82109003968072
1.2049622395833341	5.8761538769577015
1.2149622395833342	5.931276925552733
1.2249622395833342	5.98645927237783
1.2349622395833342	6.041700587174334
1.2449622395833342	6.09700113391356
1.2549622395833342	6.15236098337991
1.2649622395833342	6.207780111387848
1.2749622395833342	6.2632587745951005
1.2849622395833342	6.318797060373455
1.2949622395833342	6.374394833363807
1.3049622395833342	6.430052270706318
1.3149622395833342	6.48576909033335
1.3249622395833343	6.541546100865562
1.3349622395833343	6.597383280114848
1.3449622395833343	6.653280330178375
1.3549622395833343	6.709237817835052
1.3649622395833343	6.7652552385516005
1.3749622395833343	6.821332963340367
1.3849622395833343	6.877470873821132
1.3949622395833343	6.933669500196387
1.4049622395833343	6.989928875951902
1.4149622395833343	7.046249280546728
1.4249622395833343	7.1026311196094545
1.4349622395833344	7.15907486522283
1.4449622395833344	7.215580959011241
1.4549622395833344	7.272150586580001
1.4649622395833344	7.328784680515027
1.4749622395833344	7.385484458903462
1.4849622395833344	7.442251050341042
1.4949622395833344	7.499085719284332
1.5049622395833344	7.5559900850527155
1.5149622395833344	7.612965452300426
1.5249622395833344	7.670011689942997
1.5349622395833344	7.727128732316027
1.5449622395833345	7.784316727025041
1.5549622395833345	7.841575547023919
1.5649622395833345	7.898905130317985
1.5749622395833345	7.956305413672943
1.5849622395833345	8.013776217769612
1.5949622395833345	8.07131830252003
1.6049622395833345	8.128932378235248
1.6149622395833345	8.186618665716955
1.6249622395833345	8.244377093245284
1.6349622395833345	8.30220812910594
1.6449622395833345	8.360111848023866
1.6549622395833345	8.418088358606436
1.6649622395833346	8.476137853259015
1.6749622395833346	8.534260672930676
1.6849622395833346	8.592458156843575
1.6949622395833346	8.650731836747067
1.7049622395833346	8.709082103758679
1.7149622395833346	8.767508787568032
1.7249622395833346	8.826012232926685
1.7349622395833346	8.884591813948004
1.7449622395833346	8.943248700823784
1.7549622395833346	9.001983069128862
1.7649622395833346	9.060795379375898
1.7749622395833347	9.119685857998482
1.7849622395833347	9.178655248267113
1.7949622395833347	9.237703643723869
1.8049622395833347	9.296831349167126
1.8149622395833347	9.35603836571814
1.8249622395833347	9.415325558749217
1.8349622395833347	9.474692895089623
1.8449622395833347	9.534140784643856
1.8549622395833347	9.593669698824847
1.8649622395833347	9.653279993381577
1.8749622395833347	9.712971472471557
1.8849622395833348	9.772744292329469
1.8949622395833348	9.83259844549818
1.9049622395833348	9.892533924520585
1.9149622395833348	9.952550727532916
1.9249622395833348	10.012648823281989
1.9349622395833348	10.072827862052138
1.9449622395833348	10.13308868491872
1.9549622395833348	10.193431768430615
1.9649622395833348	10.25385753027189
1.9749622395833348	10.314366178776663
1.9849622395833348	10.374958166937025
1.9949622395833349	10.435633667512088
2.004962239583335	10.496392945966093
2.0149622395833346	10.557236267763315
2.0249622395833344	10.618164311675192
2.034962239583334	10.679176915847036
2.044962239583334	10.740274175308143
2.054962239583334	10.801455768363569
2.0649622395833336	10.862722444169362
2.0749622395833334	10.924074229488927
2.084962239583333	10.985511369730002
2.094962239583333	11.047034109667973
2.1049622395833327	11.108642912187298
2.1149622395833325	11.17033757098834
2.1249622395833323	11.232118670552772
2.134962239583332	11.29398654440279
2.144962239583332	11.355941410606809
2.1549622395833317	11.417983544542503
2.1649622395833314	11.48011321479047
2.1749622395833312	11.542330701323735
2.184962239583331	11.604636306024295
2.194962239583331	11.667030046185385
2.2049622395833306	11.729512570615686
2.2149622395833304	11.792083867074302
2.22496223958333	11.854744194177771
2.23496223958333	11.91749378964858
2.2449622395833297	11.98033289120942
2.2549622395833295	12.043261736582775
2.2649622395833293	12.106280563491248
2.274962239583329	12.169389609657449
2.284962239583329	12.232589112803927
2.2949622395833287	12.295879310653264
2.3049622395833285	12.359260440928063
2.3149622395833283	12.42273274135088
2.324962239583328	12.486296448016192
2.334962239583328	12.549951976053789
2.3449622395833276	12.613699500811002
2.3549622395833274	12.677539088744439
2.364962239583327	12.741470935903104
2.374962239583327	12.805495331343224
2.3849622395833268	12.869611989323788
2.3949622395833265	12.933821421884318
2.4049622395833263	12.998123315406524
2.414962239583326	13.062517964300948
2.424962239583326	13.127008166001216
2.4349622395833257	13.191586831670019
2.4449622395833255	13.256262156830706
2.4549622395833253	13.321033896256674
2.464962239583325	13.38590220949029
2.474962239583325	13.450868295164954
2.4849622395833246	13.515931821078324
2.4949622395833244	13.58109180380258
2.504962239583324	13.64634903166698
2.514962239583324	13.711703590493979
2.5249622395833238	13.777155547134873
2.5349622395833236	13.84270487559486
2.5449622395833233	13.90835156238085
2.554962239583323	13.97409574958663
2.564962239583323	14.039937499005415
2.5749622395833227	14.105876872430423
2.5849622395833225	14.171914072236202
2.5949622395833223	14.238048900855292
2.604962239583322	14.304281690038948
2.614962239583322	14.370612650188574
2.6249622395833216	14.437041989833634
2.6349622395833214	14.503569917503498
2.644962239583321	14.570196641727613
2.654962239583321	14.636922371035324
2.664962239583321	14.703747313956093
2.6749622395833206	14.770671679019276
2.6849622395833204	14.837695674754341
2.69496223958332	14.904819509970158
2.70496223958332	14.972043392552642
2.7149622395833197	15.03936732868213
2.7249622395833195	15.106791903246762
2.7349622395833193	15.174317047131487
2.744962239583319	15.241942912920159
2.754962239583319	15.309670034832047
2.7649622395833187	15.377498639181441
2.7749622395833184	15.44542891072087
2.7849622395833182	15.513461987952242
2.794962239583318	15.581599555741805
2.804962239583318	15.649842537170908
2.8149622395833176	15.718191151267396
2.8249622395833174	15.786645399875619
2.834962239583317	15.855205417488525
2.844962239583317	15.923871049514997
2.8549622395833167	15.992642430221103
2.8649622395833165	16.061519811310514
2.8749622395833163	16.13050335951101
2.884962239583316	16.199593241550307
2.894962239583316	16.26878962415615
2.9049622395833157	16.33809267405626
2.9149622395833155	16.40750255797841
2.9249622395833152	16.477019442650313
2.934962239583315	16.546643494799714
2.944962239583315	16.616374881154343
2.9549622395833146	16.68621376844195
2.9649622395833144	16.756160323390276
2.974962239583314	16.826214712727015
2.984962239583314	16.89637710317998
2.9949622395833138	16.96664766339832
3.0049622395833135	17.037026557769906
3.0149622395833133	17.107513951546725
3.024962239583313	17.17811004249531
3.034962239583313	17.248814930844617
3.0449622395833127	17.319628814481636
3.0549622395833125	17.39055185829599
3.0649622395833123	17.461584216832243
3.074962239583312	17.532726047039972
3.084962239583312	17.60397736383751
3.0949622395833116	17.675338178314203
3.1049622395833114	17.74680848704698
3.114962239583311	17.818388305075064
3.124962239583311	17.890077692148775
3.1349622395833108	17.961876697037205
3.1449622395833106	18.033785380430743
3.1549622395833103	18.105803803019715
3.16496223958331	18.17793202549447
3.17496223958331	18.250170108545397
3.1849622395833097	18.322518112862788
3.1949622395833095	18.394976099136993
3.2049622395833093	18.46754412805841
3.214962239583309	18.540222260317346
3.224962239583309	18.61301055660414
3.2349622395833086	18.685909077609132
3.2449622395833084	18.75891788402274
3.254962239583308	18.8320370365352
3.264962239583308	18.90526659583695
3.274962239583308	18.97860658907801
3.2849622395833076	19.05205714185363
3.2949622395833074	19.12561827729681
3.304962239583307	19.199290052010547
3.314962239583307	19.273072524553463
3.3249622395833067	19.346965745616096
3.3349622395833065	19.420969767492995
3.3449622395833063	19.495084642495915
3.354962239583306	19.569310422936557
3.364962239583306	19.64364716112663
3.3749622395833057	19.718094909377946
3.3849622395833054	19.792653720002164
3.3949622395833052	19.867323645311007
3.404962239583305	19.942104737616226
3.414962239583305	20.016997049229523
3.4249622395833046	20.09200063246267
3.4349622395833044	20.167115539627396
3.444962239583304	20.242341823035417
3.454962239583304	20.317679534998433
3.4649622395833037	20.39312872782823
3.4749622395833035	20.468689453836458
3.4849622395833033	20.544361765334944
3.494962239583303	20.62014601438051
3.504962239583303	20.69604173234499
3.5149622395833027	20.77204996346552
3.5249622395833025	20.848171204968097
3.5349622395833022	20.924405945015614
3.544962239583302	21.000754720855117
3.554962239583302	21.077217985133363
3.5649622395833016	21.153795904925616
3.5749622395833014	21.230488493396464
3.584962239583301	21.307295761404447
3.594962239583301	21.384217719808053
3.6049622395833008	21.461254379465732
3.6149622395833005	21.538405751236024
3.6249622395833003	21.615671845977438
3.6349622395833	21.69305250031573
3.6449622395833	21.770548018857752
3.6549622395832997	21.848158164136667
3.6649622395832995	21.92588286909147
3.6749622395832993	22.00372206666105
3.684962239583299	22.08167568978434
3.694962239583299	22.15974367140026
3.7049622395832986	22.23792594444776
3.7149622395832984	22.316222441865722
3.724962239583298	22.394633096593104
3.734962239583298	22.47315784156883
3.7449622395832978	22.551796609731852
3.7549622395832976	22.63054933402106
3.7649622395832973	22.709415947375398
3.774962239583297	22.788396382733747
3.784962239583297	22.867490573035116
3.7949622395832967	22.94669845121836
3.8049622395832965	23.026019950222445
3.8149622395832963	23.105455002986307
3.824962239583296	23.185003542448847
3.834962239583296	23.264665270450585
3.8449622395832956	23.344440396347952
3.8549622395832954	23.424328776740587
3.864962239583295	23.504329930960665
3.874962239583295	23.584443536631486
3.884962239583295	23.664669271376344
3.8949622395832946	23.745006812818435
3.9049622395832944	23.825455838581206
3.914962239583294	23.906016026287862
3.924962239583294	23.98668705356168
3.9349622395832937	24.067468598025954
3.9449622395832935	24.148359994877016
3.9549622395832933	24.22936125139426
3.964962239583293	24.310472367293436
3.974962239583293	24.391692634426512
3.9849622395832927	24.473021702375412
3.9949622395832924	24.55445922072204
4.004962239583293	24.63600483904833
4.0149622395832925	24.717658206936044
4.024962239583292	24.79941897396714
4.034962239583292	24.881286898681715
4.044962239583292	24.963261524871466
4.054962239583292	25.045342448701778
4.064962239583291	25.127529506881732
4.074962239583291	25.20982239866375
4.084962239583291	25.292220978051887
4.094962239583291	25.374725233602067
4.1049622395832905	25.45733513727498
4.11496223958329	25.54005066103132
4.12496223958329	25.62287177683179
4.13496223958329	25.70579845663706
4.14496223958329	25.78883067240787
4.1549622395832895	25.87196903330004
4.164962239583289	25.95521232281252
4.174962239583289	26.038561256443252
4.184962239583289	26.1220159190021
4.194962239583289	26.20557616288404
4.204962239583288	26.28924202643529
4.214962239583288	26.373013346311968
4.224962239583288	26.456890381550227
4.234962239583288	26.540872339317303
4.2449622395832876	26.62495887888287
4.254962239583287	26.70914965951691
4.264962239583287	26.793444340489206
4.274962239583287	26.87784297626268
4.284962239583287	26.9623448927295
4.2949622395832865	27.046949900995887
4.304962239583286	27.13165708819004
4.314962239583286	27.216465038952624
4.324962239583286	27.301374751232835
4.334962239583286	27.386384170452484
4.344962239583285	27.471492064217877
4.354962239583285	27.55669760397296
4.364962239583285	27.64200125291044
4.374962239583285	27.727402171654827
4.384962239583285	27.812901316183993
4.394962239583284	27.898499053023592
4.404962239583284	27.984195791182863
4.414962239583284	28.069991810718534
4.424962239583284	28.15588754909159
4.4349622395832835	28.241883313053453
4.444962239583283	28.32797941123583
4.454962239583283	28.414176234472947
4.464962239583283	28.500474036152617
4.474962239583283	28.58687322497743
4.484962239583282	28.67337379370382
4.494962239583282	28.75997637387924
4.504962239583282	28.846680692093358
4.514962239583282	28.933486875852765
4.524962239583282	29.02039458950331
4.534962239583281	29.107404321873595
4.544962239583281	29.19451568405476
4.554962239583281	29.28172802788663
4.564962239583281	29.369041792512807
4.5749622395832805	29.45645664583534
4.58496223958328	29.54397261058962
4.59496223958328	29.631589589114263
4.60496223958328	29.719307019457034
4.61496223958328	29.80712495152665
4.6249622395832795	29.895042408204564
4.634962239583279	29.983059764437783
4.644962239583279	30.071175277642382
4.654962239583279	30.15938886449469
4.664962239583279	30.24769994886054
4.674962239583278	30.336107322093692
4.684962239583278	30.424610118585864
4.694962239583278	30.513207450190645
4.704962239583278	30.60189860707497
4.7149622395832775	30.690682957704137
4.724962239583277	30.779559775262154
4.734962239583277	30.868528537714734
4.744962239583277	30.957588930257057
4.754962239583277	31.04674086979221
4.7649622395832765	31.1359840543595
4.774962239583276	31.22531911322039
4.784962239583276	31.31474550868223
4.794962239583276	31.404263778149417
4.804962239583276	31.493876186952626
4.814962239583275	31.583578493634942
4.824962239583275	31.673374313781036
4.834962239583275	31.76326333781425
4.844962239583275	31.85324763869361
4.8549622395832746	31.943326515911615
4.864962239583274	32.033498614170206
4.874962239583274	32.12376516320136
4.884962239583274	32.21412520881976
4.894962239583274	32.304578096729884
4.9049622395832735	32.395123134623056
4.914962239583273	32.48575879562582
4.924962239583273	32.576484064213545
4.934962239583273	32.66729775891622
4.944962239583273	32.75819918715392
4.954962239583272	32.84918741517982
4.964962239583272	32.94026116937842
4.974962239583272	33.031420522028384
4.984962239583272	33.1226648738963
4.994962239583272	33.213995316493516
5.004962239583271	33.30541080893825
5.014962239583271	33.3969117792838
5.024962239583271	33.48849779425036
5.034962239583271	33.580168719354155
5.0449622395832705	33.67192408504441
5.05496223958327	33.7637638899316
5.06496223958327	33.85568753054133
5.07496223958327	33.947695156807946
5.08496223958327	34.039786770575695
5.094962239583269	34.131962373688474
5.104962239583269	34.224221815790905
5.114962239583269	34.316565415105195
5.124962239583269	34.40899315957869
5.134962239583269	34.50150469519861
5.144962239583268	34.594100143330856
5.154962239583268	34.68677947013606
5.164962239583268	34.77954264177455
5.174962239583268	34.872389624406935
5.1849622395832675	34.96532038419363
5.194962239583267	35.05833488729521
5.204962239583267	35.151433099872186
5.214962239583267	35.244614988084976
5.224962239583267	35.33788051809413
5.2349622395832665	35.43122913677863
5.244962239583266	35.52466131780593
5.254962239583266	35.61817687567074
5.264962239583266	35.71177506010554
5.274962239583266	35.805455459611586
5.284962239583265	35.899217702180614
5.294962239583265	35.9930615537809
5.304962239583265	36.08698691860503
5.314962239583265	36.18099375030893
5.3249622395832645	36.27508200063124
5.334962239583264	36.369251621310795
5.344962239583264	36.46350256408645
5.354962239583264	36.55783514775614
5.364962239583264	36.652248597250264
5.3749622395832635	36.74674326579013
5.384962239583263	36.84131931671257
5.394962239583263	36.935976390101935
5.404962239583263	37.03071468154527
5.414962239583263	37.12553419414668
5.424962239583262	37.220434862232935
5.434962239583262	37.31541611201644
5.444962239583262	37.4104782892598
5.454962239583262	37.50562025849493
5.4649622395832615	37.60084224385938
5.474962239583261	37.696143353343444
5.484962239583261	37.79152217914031
5.494962239583261	37.88697795659149
5.504962239583261	37.982510060702964
5.5149622395832605	38.07811804124745
5.52496223958326	38.173801267813474
5.53496223958326	38.26955969813283
5.54496223958326	38.365392832034054
5.55496223958326	38.461300407220165
5.564962239583259	38.557282195826104
5.574962239583259	38.65333796998753
5.584962239583259	38.74946757210766
5.594962239583259	38.84567064803179
5.604962239583259	38.94194721923114
5.614962239583258	39.03829709265913
5.624962239583258	39.134720338149435
5.634962239583258	39.23121694934407
5.644962239583258	39.327786919885575
5.6549622395832575	39.424430243415856
5.664962239583257	39.521146913577425
5.674962239583257	39.617936924012376
5.684962239583257	39.714799897960766
5.694962239583257	39.8117365163967
5.704962239583256	39.90874626380904
5.714962239583256	40.00582901055671
5.724962239583256	40.102984626998676
5.734962239583256	40.20021298349384
5.744962239583256	40.297513950401225
5.754962239583255	40.39488760100539
5.764962239583255	40.49233339030306
5.774962239583255	40.58985139971997
5.784962239583255	40.68744149136936
5.7949622395832545	40.785103538708974
5.804962239583254	40.88283741132102
5.814962239583254	40.98064297714267
5.824962239583254	41.07852010411138
5.834962239583254	41.17646866016422
5.8449622395832534	41.27448851323839
5.854962239583253	41.37257928147574
5.864962239583253	41.47074094765364
5.874962239583253	41.568973010963546
5.884962239583253	41.6672739116471
5.894962239583252	41.76564334213273
5.904962239583252	41.86408059214147
5.914962239583252	41.96258495139423
5.924962239583252	42.061155522708965
5.9349622395832515	42.159792042759854
5.944962239583251	42.25849412516371
5.954962239583251	42.357261280410306
5.964962239583251	42.45609367658477
5.974962239583251	42.554991269723196
5.9849622395832505	42.65395443497322
5.99496223958325	42.7529822899626
6.00496223958325	42.85207522511454
6.01496223958325	42.95123341520903
6.02496223958325	43.050456416068904
6.034962239583249	43.14974441821856
6.044962239583249	43.24909740001399
6.054962239583249	43.348515339811165
6.064962239583249	43.44799821596626
6.0749622395832485	43.54754600683516
6.084962239583248	43.647158690773935
6.094962239583248	43.74683624613866
6.104962239583248	43.84657865128542
6.114962239583248	43.94638588457013
6.1249622395832475	44.04625792434894
6.134962239583247	44.14619465647905
6.144962239583247	44.24619624933612
6.154962239583247	44.346261651949796
6.164962239583247	44.4463914466657
6.174962239583246	44.546584735693074
6.184962239583246	44.646840867582206
6.194962239583246	44.74715970297096
6.204962239583246	44.84754108104618
6.214962239583246	44.947984153947544
6.224962239583245	45.048489560923244
6.234962239583245	45.14905667680086
6.244962239583245	45.24968530109079
6.254962239583245	45.350375472385416
6.2649622395832445	45.451126931489966
6.274962239583244	45.551938910964594
6.284962239583244	45.65281175878152
6.294962239583244	45.75374536505087
6.304962239583244	45.85473868616349
6.314962239583243	45.95579334467253
6.324962239583243	46.056907864870624
6.334962239583243	46.15808237593703
6.344962239583243	46.25931644669101
6.354962239583243	46.36060967109189
6.364962239583242	46.46196132384672
6.374962239583242	46.563370662617444
6.384962239583242	46.66483694613824
6.394962239583242	46.766359645055786
6.4049622395832415	46.867937710577024
6.414962239583241	46.96957123635694
6.424962239583241	47.071260142811845
6.434962239583241	47.17300434377999
6.444962239583241	47.2748037531
6.4549622395832404	47.37665828461022
6.46496223958324	47.47856785214917
6.47496223958324	47.58053236955551
6.48496223958324	47.682551750667294
6.49496223958324	47.78462634505482
6.504962239583239	47.88675518926782
6.514962239583239	47.98893868765992
6.524962239583239	48.09117685799673
6.534962239583239	48.19346969511715
6.5449622395832385	48.29581719386019
6.554962239583238	48.39821934906483
6.564962239583238	48.50067615557
6.574962239583238	48.60318760821452
6.584962239583238	48.70575339947122
6.5949622395832375	48.8083748508286
6.604962239583237	48.911049921018204
6.614962239583237	49.013779144125735
6.624962239583237	49.11656220298059
6.634962239583237	49.21939878041155
6.644962239583236	49.32228855924777
6.654962239583236	49.42523122231848
6.664962239583236	49.528226452452685
6.674962239583236	49.63127350463023
6.6849622395832355	49.73437295411409
6.694962239583235	49.837524014760106
6.704962239583235	49.94072636605578
6.714962239583235	50.0439796874887
6.724962239583235	50.14728365455732
6.7349622395832345	50.25063822752781
6.744962239583234	50.354042553122575
6.754962239583234	50.45749728152087
6.764962239583234	50.561002031683785
6.774962239583234	50.66455785765651
6.784962239583233	50.76816396272003
6.794962239583233	50.871820325021
6.804962239583233	50.975527783303875
6.814962239583233	51.07928578324076
6.824962239583233	51.18309529547954
6.834962239583232	51.28695575455572
6.844962239583232	51.39086659223341
6.854962239583232	51.494828554544455
6.864962239583232	51.59884082158432
6.8749622395832315	51.70290354515065
6.884962239583231	51.80701618376936
6.894962239583231	51.911178421408685
6.904962239583231	52.015389279968915
6.914962239583231	52.119649791468575
6.92496223958323	52.22395894986406
6.93496223958323	52.32831643564453
6.94496223958323	52.432721929298914
6.95496223958323	52.53717511131677
6.96496223958323	52.641675662187005
6.974962239583229	52.74622326239923
6.984962239583229	52.850817592442496
6.994962239583229	52.955458332805705
7.004962239583229	53.06014516397858
7.0149622395832285	53.16487776644999
7.024962239583228	53.269655820709325
7.034962239583228	53.37447900724556
7.044962239583228	53.47934700654822
7.054962239583228	53.584259499106295
7.064962239583227	53.68921616680862
7.074962239583227	53.79421661172883
7.084962239583227	53.899260223786214
7.094962239583227	54.0043463034358
7.104962239583227	54.10947468866019
7.114962239583226	54.21464475943504
7.124962239583226	54.3198567692699
7.134962239583226	54.425110716678184
7.144962239583226	54.53040660017302
7.1549622395832255	54.63574441826796
7.164962239583225	54.74112416947602
7.174962239583225	54.846545852310776
7.184962239583225	54.95200946528546
7.194962239583225	55.057515006913434
7.2049622395832245	55.16306296381396
7.214962239583224	55.268652090839815
7.224962239583224	55.37428341755096
7.234962239583224	55.479956743409154
7.244962239583224	55.58567210673607
7.254962239583223	55.691429545852806
7.264962239583223	55.797229099080894
7.274962239583223	55.90307080474154
7.284962239583223	56.00895470115628
7.2949622395832225	56.114880826646484
7.304962239583222	56.220849219533434
7.314962239583222	56.32685991813869
7.324962239583222	56.43291225858563
7.334962239583222	56.539006996123796
7.3449622395832215	56.64514336579819
7.354962239583221	56.75132196413816
7.364962239583221	56.85754083985542
7.374962239583221	56.96380072382173
7.384962239583221	57.07010025928482
7.39496223958322	57.17643868322696
7.40496223958322	57.2828154608246
7.41496223958322	57.389229987912685
7.42496223958322	57.49568192573143
7.43496223958322	57.602171012123904
7.444962239583219	57.708696972152445
7.454962239583219	57.81525953087977
7.464962239583219	57.92185841336864
7.474962239583219	58.02849334468137
7.4849622395832185	58.13516404988079
7.494962239583218	58.24187024745246
7.504962239583218	58.34861174528388
7.514962239583218	58.45538844546591
7.524962239583218	58.56220028329608
7.534962239583217	58.66904717629499
7.544962239583217	58.77592914269418
7.554962239583217	58.88284618257044
7.564962239583217	58.98979829600018
7.574962239583217	59.09678548305997
7.584962239583216	59.203807743826566
7.594962239583216	59.31086507837644
7.604962239583216	59.41795700102144
7.614962239583216	59.52508519867687
7.6249622395832155	59.63224759376373
7.634962239583215	59.739443810303555
7.644962239583215	59.846675809293664
7.654962239583215	59.95394226096046
7.664962239583215	60.06124344628392
7.674962239583214	60.168579134321554
7.684962239583214	60.27594924243523
7.694962239583214	60.38335418831273
7.704962239583214	60.49079372676459
7.714962239583214	60.59826652902354
7.724962239583213	60.705771912207545
7.734962239583213	60.813310608831394
7.744962239583213	60.920881611148666
7.754962239583213	61.028484801399955
7.7649622395832125	61.13612006182529
7.774962239583212	61.243787274665216
7.784962239583212	61.35148632216009
7.794962239583212	61.45921708655029
7.804962239583212	61.56697945007628
7.8149622395832115	61.67477329497826
7.824962239583211	61.78259850349675
7.834962239583211	61.89045495787197
7.844962239583211	61.9983425403443
7.854962239583211	62.10626040924522
7.86496223958321	62.21420918188562
7.87496223958321	62.322189363325144
7.88496223958321	62.430199987755024
7.89496223958321	62.53824081393948
7.9049622395832095	62.64631210028016
7.914962239583209	62.754412619296176
7.924962239583209	62.86254237058838
7.934962239583209	62.97070227958461
7.944962239583209	63.078890471609164
7.9549622395832085	63.1871077847797
7.964962239583208	63.29535379525916
7.974962239583208	63.403628335831065
7.984962239583208	63.51193216406611
7.994962239583208	63.62026379899634
8.004962239583207	63.72862180951774
8.014962239583207	63.8370067619507
8.024962239583207	63.9454182731444
8.034962239583207	64.05385620447116
8.044962239583207	64.16232045761643
8.054962239583206	64.27081093426564
8.064962239583206	64.37932753610443
8.074962239583206	64.48787046653193
8.084962239583206	64.59643903050929
8.094962239583205	64.7050342130169
8.104962239583205	64.81365436709989
8.114962239583205	64.92230019326662
8.124962239583205	65.03097160999707
8.134962239583205	65.13966853577124
8.144962239583204	65.24839088906893
8.154962239583204	65.35713858837045
8.164962239583204	65.46591155215528
8.174962239583204	65.57470969890355
8.184962239583204	65.68353294709533
8.194962239583203	65.79238171973017
8.204962239583203	65.90125467330098
8.214962239583203	66.01015132692271
8.224962239583203	66.11907278256275
8.234962239583203	66.22801786855419
8.244962239583202	66.33698639886434
8.254962239583202	66.44597743435256
8.264962239583202	66.5549911227383
8.274962239583202	66.66402648926262
8.284962239583201	66.77308421267806
8.294962239583201	66.88216414831132
8.304962239583201	66.99126632862334
8.3149622395832	67.10039078607522
8.3249622395832	67.20953755312796
8.3349622395832	67.31870666224268
8.3449622395832	67.42789814588048
8.3549622395832	67.53711203650212
8.3649622395832	67.64634836656896
8.3749622395832	67.75560716854176
8.3849622395832	67.86488847488181
8.394962239583199	67.97419231805026
8.404962239583199	68.0835187305078
8.414962239583199	68.19286774471554
8.424962239583198	68.3022393931347
8.434962239583198	68.41163370822638
8.444962239583198	68.52105072245129
8.454962239583198	68.63049046827089
8.464962239583198	68.73995297814575
8.474962239583197	68.84943828453738
8.484962239583197	68.95894641990658
8.494962239583197	69.06847741671453
8.504962239583197	69.17803130742209
8.514962239583197	69.28760812449036
8.524962239583196	69.39720790038061
8.534962239583196	69.50683066755357
8.544962239583196	69.61647597482754
8.554962239583196	69.72614476265072
8.564962239583195	69.83583639457171
8.574962239583195	69.94555072799047
8.584962239583195	70.05528713367703
8.594962239583195	70.16504748995966
8.604962239583195	70.27482773665275
8.614962239583194	70.38462773293091
8.624962239583194	70.4944455311165
8.634962239583194	70.60427996276663
8.644962239583194	70.71413266905071
8.654962239583194	70.82400251936157
8.664962239583193	70.93388945669318
8.674962239583193	71.04379342403942
8.684962239583193	71.15371436439395
8.694962239583193	71.26365222075047
8.704962239583192	71.37360693610317
8.714962239583192	71.4835784534456
8.724962239583192	71.59356671577176
8.734962239583192	71.70357166607566
8.744962239583192	71.81359324735091
8.754962239583191	71.92363140259133
8.764962239583191	72.03368607479091
8.774962239583191	72.14375697286658
8.78496223958319	72.25384427615778
8.79496223958319	72.36394814329681
8.80496223958319	72.47406825022873
8.81496223958319	72.5842045150651
8.82496223958319	72.69435789920043
8.83496223958319	72.8045262606196
8.84496223958319	72.91471061917088
8.85496223958319	73.02491172190587
8.864962239583189	73.13512797073395
8.874962239583189	73.24536019439125
8.884962239583189	73.35560843286852
8.894962239583188	73.46587272615669
8.904962239583188	73.57615311424655
8.914962239583188	73.68644963712903
8.924962239583188	73.79676233479475
8.934962239583188	73.90709124723497
8.944962239583187	74.01743641444018
8.954962239583187	74.12779807023156
8.964962239583187	74.2381757695799
8.974962239583187	74.34856944289476
8.984962239583187	74.45897880464919
8.994962239583186	74.56940356931644
9.004962239583186	74.67984345136966
9.014962239583186	74.79029769032572
9.024962239583186	74.90076718631813
9.034962239583185	75.01125056864637
9.044962239583185	75.12174775597775
9.054962239583185	75.232258405526
9.064962239583185	75.34278217450544
9.074962239583185	75.45331872012979
9.084962239583184	75.56386771539891
9.094962239583184	75.67442958153119
9.104962239583184	75.78500239136481
9.114962239583184	75.89558655030609
9.124962239583184	76.00618142609274
9.134962239583183	76.11678710587691
9.144962239583183	76.22740340071331
9.154962239583183	76.33803107600824
9.164962239583183	76.44866958291607
9.174962239583182	76.55931887745133
9.184962239583182	76.66997891562714
9.194962239583182	76.78064965345835
9.204962239583182	76.89133104695833
9.214962239583182	77.00202305214147
9.224962239583181	77.11272562502167
9.234962239583181	77.22343872161282
9.244962239583181	77.33416229792883
9.25496223958318	77.44489630998389
9.26496223958318	77.55564071379193
9.27496223958318	77.66639546536683
9.28496223958318	77.77716052072283
9.29496223958318	77.8879358358735
9.30496223958318	77.99872183367351
9.31496223958318	78.10951747514942
9.32496223958318	78.22032358549552
9.334962239583179	78.33113897191049
9.344962239583179	78.44196406880876
9.354962239583179	78.55279903231434
9.364962239583178	78.66364281249541
9.374962239583178	78.77449660224549
9.384962239583178	78.88536029676574
9.394962239583178	78.99623332649975
9.404962239583178	79.10711593649143
9.414962239583177	79.21800813044477
9.424962239583177	79.32890920657157
9.434962239583177	79.4398205836505
9.444962239583177	79.55074153728731
9.454962239583176	79.66167205982588
9.464962239583176	79.77261214361047
9.474962239583176	79.88356178098496
9.484962239583176	79.99452096429332
9.494962239583176	80.10548968588003
9.504962239583175	80.21646725050526
9.514962239583175	80.32745492404814
9.524962239583175	80.43845070094225
9.534962239583175	80.5494560913312
9.544962239583175	80.66046826915144
9.554962239583174	80.7714873930828
9.564962239583174	80.88251361988979
9.574962239583174	80.99354484226943
9.584962239583174	81.10458235147702
9.594962239583174	81.21562725258119
9.604962239583173	81.32667944182342
9.614962239583173	81.43773815839688
9.624962239583173	81.54880329331598
9.634962239583173	81.6598743792955
9.644962239583172	81.77095545582605
9.65	81.8269189135216
1000009.65	81.8269189135216
