-100000	0
0	0
0.0003333333333333333	0.0016426500438748864
0.0008333333333333333	0.004111030098080919
0.0015833333333333333	0.007823490210336775
0.0027083333333333334	0.01341436142238907
0.004395833333333333	0.02185033418860753
0.006927083333333334	0.03461522623814056
0.010723958333333335	0.054007374026535104
0.016419270833333336	0.08357193120201248
0.024962239583333337	0.1287612108935088
0.03496223958333334	0.18279867620992102
0.04496223958333334	0.23787733929032814
0.05496223958333334	0.29387420525122787
0.06496223958333334	0.3506825890372142
0.07496223958333334	0.40821914310799967
0.08496223958333333	0.46645446969835425
0.09496223958333333	0.5253114952428902
0.10496223958333332	0.5847415053255436
0.11496223958333332	0.6447394022553132
0.12496223958333331	0.705280999538375
0.1349622395833333	0.7663043422403593
0.14496223958333332	0.8277921667410839
0.15496223958333333	0.8897409525889904
0.16496223958333334	0.9521397632084324
0.17496223958333335	1.0149532928837182
0.18496223958333335	1.0781586592696628
0.19496223958333336	1.141748604814864
0.20496223958333337	1.2057156777190625
0.21496223958333338	1.2700453654529908
0.2249622395833334	1.3347231376385997
0.2349622395833334	1.3997350323350464
0.2449622395833334	1.4650676042083153
0.2549622395833334	1.5307129890886706
0.2649622395833334	1.5966672706473783
0.27496223958333343	1.6629248019009035
0.28496223958333344	1.7294747332130378
0.29496223958333345	1.7963068491876721
0.30496223958333346	1.8634127847520563
0.31496223958333347	1.9307883716584517
0.3249622395833335	1.9984290022960518
0.3349622395833335	2.0663255096127684
0.3449622395833335	2.134471593897644
0.3549622395833335	2.2028624462859305
0.3649622395833335	2.2714948959579795
0.3749622395833335	2.3403615495652192
0.38496223958333353	2.4094552581369766
0.39496223958333354	2.478770510857156
0.40496223958333355	2.5483043239173635
0.41496223958333356	2.6180535138541656
0.42496223958333357	2.6880144952688148
0.4349622395833336	2.758183684661679
0.4449622395833336	2.828556357576348
0.4549622395833336	2.8991262102278363
0.4649622395833336	2.9698888727606447
0.4749622395833336	3.0408418538466275
0.4849622395833336	3.111981491844118
0.49496223958333363	3.1833054631102216
0.5049622395833336	3.254810551259934
0.5149622395833336	3.3264925398379788
0.5249622395833337	3.3983483039292
0.5349622395833337	3.4703765328400555
0.5449622395833337	3.542575270427461
0.5549622395833337	3.614940780420241
0.5649622395833337	3.687468887968615
0.5749622395833337	3.760156898003478
0.5849622395833337	3.833002797886477
0.5949622395833337	3.9060044984893554
0.6049622395833337	3.9791580745223727
0.6149622395833337	4.052461129419016
0.6249622395833337	4.125910608639573
0.6349622395833338	4.199504884965137
0.6449622395833338	4.273242730135284
0.6549622395833338	4.347123269187197
0.6649622395833338	4.421143845360126
0.6749622395833338	4.4953017842928515
0.6849622395833338	4.569595547046826
0.6949622395833338	4.644021276414495
0.7049622395833338	4.71857526994553
0.7149622395833338	4.793255641479101
0.7249622395833338	4.868061652642036
0.7349622395833338	4.942992716752336
0.7449622395833339	5.018047193433357
0.7549622395833339	5.0932235695788775
0.7649622395833339	5.168519823568365
0.7749622395833339	5.2439341193424855
0.7849622395833339	5.319465120021902
0.7949622395833339	5.395111408656715
0.8049622395833339	5.470870632771912
0.8149622395833339	5.54674092830154
0.8249622395833339	5.62272102776269
0.8349622395833339	5.698810188673846
0.8449622395833339	5.775006457015447
0.854962239583334	5.85130833127933
0.864962239583334	5.927714675665437
0.874962239583334	6.004224592307856
0.884962239583334	6.080835310670669
0.894962239583334	6.157544910822048
0.904962239583334	6.23435164059997
0.914962239583334	6.311254663157249
0.924962239583334	6.388252819327678
0.934962239583334	6.465344925828402
0.944962239583334	6.542529881712023
0.954962239583334	6.619807459890538
0.964962239583334	6.697177160707486
0.9749622395833341	6.774638603089084
0.9849622395833341	6.852190675060765
0.9949622395833341	6.9298325964525995
1.004962239583334	7.007560578217846
1.014962239583334	7.085372203414486
1.024962239583334	7.163266141993401
1.034962239583334	7.241241447256385
1.044962239583334	7.3192970125334
1.054962239583334	7.3974323526272485
1.064962239583334	7.4756471542926315
1.074962239583334	7.5539413273743135
1.084962239583334	7.632314943292957
1.094962239583334	7.710767325229583
1.104962239583334	7.789298499438617
1.114962239583334	7.8679082601817925
1.124962239583334	7.94659731797123
1.134962239583334	8.025364186545573
1.144962239583334	8.104210142372112
1.154962239583334	8.183135241257757
1.1649622395833341	8.262139540256605
1.1749622395833341	8.34122309385914
1.1849622395833341	8.420385956280349
1.1949622395833341	8.499628181735224
1.2049622395833341	8.578949774254854
1.2149622395833342	8.658350878861299
1.2249622395833342	8.737831505232553
1.2349622395833342	8.817391728972986
1.2449622395833342	8.897031678177326
1.2549622395833342	8.976751843809378
1.2649622395833342	9.056553251523658
1.2749622395833342	9.136436102836374
1.2849622395833342	9.216400616441325
1.2949622395833342	9.296447813453291
1.3049622395833342	9.376577561835559
1.3149622395833342	9.456789991246758
1.3249622395833343	9.537085237490711
1.3349622395833343	9.617463336980144
1.3449622395833343	9.697924439395583
1.3549622395833343	9.778468697037841
1.3649622395833343	9.85909683859792
1.3749622395833343	9.939809374855843
1.3849622395833343	10.020606917370129
1.3949622395833343	10.101489954428086
1.4049622395833343	10.182458825505709
1.4149622395833343	10.263513851654533
1.4249622395833343	10.344655501823972
1.4349622395833344	10.425884232322547
1.4449622395833344	10.507199955592064
1.4549622395833344	10.588603409810695
1.4649622395833344	10.670094421607148
1.4749622395833344	10.75167323273731
1.4849622395833344	10.833339985316771
1.4949622395833344	10.915094818916687
1.5049622395833344	10.99693803399162
1.5149622395833344	11.078869907609544
1.5249622395833344	11.160890737044365
1.5349622395833344	11.243000561328397
1.5449622395833345	11.325199592038194
1.5549622395833345	11.407487939663671
1.5649622395833345	11.489865904626324
1.5749622395833345	11.572333684123254
1.5849622395833345	11.654891646081527
1.5949622395833345	11.737540330782206
1.6049622395833345	11.820280125015067
1.6149622395833345	11.903111315462773
1.6249622395833345	11.986034215817687
1.6349622395833345	12.069049259684677
1.6449622395833345	12.152156516294959
1.6549622395833345	12.235356283435175
1.6649622395833346	12.318648744004287
1.6749622395833346	12.402033949782759
1.6849622395833346	12.485512107472928
1.6949622395833346	12.569083382139702
1.7049622395833346	12.652747965899941
1.7149622395833346	12.736506012464396
1.7249622395833346	12.82035774087641
1.7349622395833346	12.904303352428023
1.7449622395833346	12.988342947913512
1.7549622395833346	13.072476834581074
1.7649622395833346	13.156705148927738
1.7749622395833347	13.241028197955188
1.7849622395833347	13.325445400152555
1.7949622395833347	13.409957651270183
1.8049622395833347	13.49456465308662
1.8149622395833347	13.579266342681478
1.8249622395833347	13.66406287287069
1.8349622395833347	13.748954271423832
1.8449622395833347	13.833940619469054
1.8549622395833347	13.919022000222569
1.8649622395833347	14.00419849805534
1.8749622395833347	14.08947019278938
1.8849622395833348	14.174837171354717
1.8949622395833348	14.260299472972582
1.9049622395833348	14.345857273772017
1.9149622395833348	14.431510595307653
1.9249622395833348	14.517259485093811
1.9349622395833348	14.603104053885701
1.9449622395833348	14.68904447076622
1.9549622395833348	14.775080619952643
1.9649622395833348	14.861212671417272
1.9749622395833348	14.947440738747341
1.9849622395833348	15.033764822747488
1.9949622395833349	15.120185056379938
2.004962239583335	15.20670158287977
2.0149622395833346	15.29331455864531
2.0249622395833344	15.380023859945238
2.034962239583334	15.466829593862576
2.044962239583334	15.553732061840556
2.054962239583334	15.640731186436406
2.0649622395833336	15.727827157427686
2.0749622395833334	15.81501986658433
2.084962239583333	15.902309657537879
2.094962239583333	15.989696503517775
2.1049622395833327	16.07718050834921
2.1149622395833325	16.164761849463126
2.1249622395833323	16.252440413024974
2.134962239583332	16.34021648487718
2.144962239583332	16.428089943981888
2.1549622395833317	16.51606100563095
2.1649622395833314	16.604129764767062
2.1749622395833312	16.692296169747653
2.184962239583331	16.780560101019816
2.194962239583331	16.868921555978485
2.2049622395833306	16.957380433449654
2.2149622395833304	17.045937088743635
2.22496223958333	17.134591393014485
2.23496223958333	17.223343255677136
2.2449622395833297	17.312192715835295
2.2549622395833295	17.401139764801766
2.2649622395833293	17.490184541830377
2.274962239583329	17.57932670958175
2.284962239583329	17.66856641499038
2.2949622395833287	17.757903633149343
2.3049622395833285	17.847338344443468
2.3149622395833283	17.936870577388863
2.324962239583328	18.026500346156702
2.334962239583328	18.11622749934758
2.3449622395833276	18.206052037343227
2.3549622395833274	18.295974007099357
2.364962239583327	18.385993405861146
2.374962239583327	18.47611035344568
2.3849622395833268	18.566324588895988
2.3949622395833265	18.656636255993426
2.4049622395833263	18.747045289563083
2.414962239583326	18.837551565963825
2.424962239583326	18.92815520519675
2.4349622395833257	19.018855770102345
2.4449622395833255	19.10965407671921
2.4549622395833253	19.20054981314955
2.464962239583325	19.291542492000687
2.474962239583325	19.38263198693258
2.4849622395833246	19.47381846161375
2.4949622395833244	19.565101874808335
2.504962239583324	19.65648205525142
2.514962239583324	19.747959131567587
2.5249622395833238	19.83953275542544
2.5349622395833236	19.93120293758437
2.5449622395833233	20.02296970181899
2.554962239583323	20.11483258550009
2.564962239583323	20.206791782821977
2.5749622395833227	20.29884703208588
2.5849622395833225	20.39099852042051
2.5949622395833223	20.483245993359528
2.604962239583322	20.575589566560513
2.614962239583322	20.66802902900367
2.6249622395833216	20.760564336685277
2.6349622395833214	20.853195463261656
2.644962239583321	20.94592231351709
2.654962239583321	21.038744917810373
2.664962239583321	21.131663242923754
2.6749622395833206	21.224677104504174
2.6849622395833204	21.317786548794473
2.69496223958332	21.41099132586474
2.70496223958332	21.504291462979715
2.7149622395833197	21.597686286320013
2.7249622395833195	21.69117589046765
2.7349622395833193	21.784759976610342
2.744962239583319	21.878438385836056
2.754962239583319	21.972211088837234
2.7649622395833187	22.066077851051546
2.7749622395833184	22.16003835761091
2.7849622395833182	22.254092529275496
2.794962239583318	22.348240276379247
2.804962239583318	22.442481457145863
2.8149622395833176	22.536815947221868
2.8249622395833174	22.631243657882543
2.834962239583317	22.72576444452764
2.844962239583317	22.82037818033046
2.8549622395833167	22.915084733071566
2.8649622395833165	23.00988402576433
2.8749622395833163	23.104775936503387
2.884962239583316	23.19976037991978
2.894962239583316	23.29483727485406
2.9049622395833157	23.39000655291364
2.9149622395833155	23.485268189702403
2.9249622395833152	23.580621925498725
2.934962239583315	23.67606765466801
2.944962239583315	23.77160463283608
2.9549622395833146	23.86723248419708
2.9649622395833144	23.962951063525672
2.974962239583314	24.05876046793267
2.984962239583314	24.15466055973484
2.9949622395833138	24.25065122212496
3.0049622395833135	24.346732404644328
3.0149622395833133	24.442904235422404
3.024962239583313	24.539166484484927
3.034962239583313	24.635519019374485
3.0449622395833127	24.731961843391893
3.0549622395833125	24.828494906355406
3.0649622395833123	24.925118237632407
3.074962239583312	25.021831408533988
3.084962239583312	25.118634668407473
3.0949622395833116	25.215527627311676
3.1049622395833114	25.312509875290996
3.114962239583311	25.409581167005737
3.124962239583311	25.50674139968114
3.1349622395833108	25.603990415794584
3.1449622395833106	25.701328138580028
3.1549622395833103	25.798754202025773
3.16496223958331	25.896268384805563
3.17496223958331	25.993870261535253
3.1849622395833097	26.091559615805817
3.1949622395833095	26.189335913073695
3.2049622395833093	26.287198609576144
3.214962239583309	26.38514741845035
3.224962239583309	26.48318234012649
3.2349622395833086	26.58130341048725
3.2449622395833084	26.67951062121389
3.254962239583308	26.77780410096417
3.264962239583308	26.87618384684479
3.274962239583308	26.974649903813845
3.2849622395833076	27.07320231682939
3.2949622395833074	27.171841127175842
3.304962239583307	27.27056638082912
3.314962239583307	27.36937774509702
3.3249622395833067	27.46827502789835
3.3349622395833065	27.56725822818363
3.3449622395833063	27.66632691480693
3.354962239583306	27.765480746206276
3.364962239583306	27.864719275775343
3.3749622395833057	27.96404235875799
3.3849622395833054	28.06344935654399
3.3949622395833052	28.162939892346518
3.404962239583305	28.262513503275716
3.414962239583305	28.362169997734142
3.4249622395833046	28.46190911177413
3.4349622395833044	28.561730708655865
3.444962239583304	28.661634631887217
3.454962239583304	28.761620967726838
3.4649622395833037	28.8616895133561
3.4749622395833035	28.96184041845042
3.4849622395833033	29.062073414992973
3.494962239583303	29.16238822389135
3.504962239583303	29.262784753255843
3.5149622395833027	29.363262780201914
3.5249622395833025	29.46382176855895
3.5349622395833022	29.56446143304379
3.544962239583302	29.665181446356403
3.554962239583302	29.765981611584316
3.5649622395833016	29.866861723711153
3.5749622395833014	29.967821552772417
3.584962239583301	30.068860974337557
3.594962239583301	30.16997961964684
3.6049622395833008	30.271177393342686
3.6149622395833005	30.372454162360235
3.6249622395833003	30.473809800590963
3.6349622395833	30.575244224493797
3.6449622395833	30.676757101835086
3.6549622395832997	30.77834856045236
3.6649622395832995	30.880018387153587
3.6749622395832993	30.981766335168384
3.684962239583299	31.083591880915016
3.694962239583299	31.185494661679346
3.7049622395832986	31.287474421230385
3.7149622395832984	31.38953099129843
3.724962239583298	31.491664179862106
3.734962239583298	31.593873848634665
3.7449622395832978	31.696159852018784
3.7549622395832976	31.7985218173602
3.7649622395832973	31.900959598411433
3.774962239583297	32.00347292766961
3.784962239583297	32.10606163829618
3.7949622395832967	32.2087251961434
3.8049622395832965	32.311463714058526
3.8149622395832963	32.41427678723977
3.824962239583296	32.51716420023494
3.834962239583296	32.62012575720686
3.8449622395832956	32.72316126776845
3.8549622395832954	32.826270690379324
3.864962239583295	32.92945382025364
3.874962239583295	33.032710182835444
3.884962239583295	33.13603968902027
3.8949622395832946	33.23944210181163
3.9049622395832944	33.342917209421806
3.914962239583294	33.446464802837426
3.924962239583294	33.550084803527284
3.9349622395832937	33.65377674058086
3.9449622395832935	33.75754053689889
3.9549622395832933	33.86137597666539
3.964962239583293	33.965282691969136
3.974962239583293	34.069260101363994
3.9849622395832927	34.17330788679848
3.9949622395832924	34.277425551686235
4.004962239583293	34.38161293223447
4.0149622395832925	34.48586993588889
4.024962239583292	34.590196504701154
4.034962239583292	34.69459246461102
4.044962239583292	34.79905777598846
4.054962239583292	34.90359249072633
4.064962239583291	35.00819651725153
4.074962239583291	35.112869711773676
4.084962239583291	35.217611798892854
4.094962239583291	35.32242263760119
4.1049622395832905	35.427301910853686
4.11496223958329	35.532249385396966
4.12496223958329	35.63726478515021
4.13496223958329	35.74234778751368
4.14496223958329	35.84749809948605
4.1549622395832895	35.95271560011833
4.164962239583289	36.057999892599554
4.174962239583289	36.163350824689914
4.184962239583289	36.268768170389244
4.194962239583289	36.3742516622577
4.204962239583288	36.47980099658849
4.214962239583288	36.58541620878556
4.224962239583288	36.6910967768501
4.234962239583288	36.79684254595496
4.2449622395832876	36.90265330694609
4.254962239583287	37.00852870750518
4.264962239583287	37.11446867359556
4.274962239583287	37.22047318795222
4.284962239583287	37.326541941772575
4.2949622395832865	37.432674650129194
4.304962239583286	37.53887117813336
4.314962239583286	37.64513124918238
4.324962239583286	37.75145456915679
4.334962239583286	37.85784088421537
4.344962239583285	37.96428999752598
4.354962239583285	38.070801619044424
4.364962239583285	38.177375570917455
4.374962239583285	38.284011566056016
4.384962239583285	38.39070948567863
4.394962239583284	38.4974691091987
4.404962239583284	38.604290178967425
4.414962239583284	38.71117235153598
4.424962239583284	38.81811565204855
4.4349622395832835	38.92511974887435
4.444962239583283	39.03218449662887
4.454962239583283	39.13930930808898
4.464962239583283	39.246493756985984
4.474962239583283	39.35373785285157
4.484962239583282	39.46104150776593
4.494962239583282	39.5684046324738
4.504962239583282	39.675827010789014
4.514962239583282	39.78330845035703
4.524962239583282	39.89084875882384
4.534962239583281	39.99844774383483
4.544962239583281	40.10610542903356
4.554962239583281	40.21382114964366
4.564962239583281	40.321594751103575
4.5749622395832805	40.42942559882585
4.58496223958328	40.537313358796055
4.59496223958328	40.6452577118243
4.60496223958328	40.75325866196495
4.61496223958328	40.86131593401322
4.6249622395832795	40.969429382136795
4.634962239583279	41.07759902430294
4.644962239583279	41.18582486442285
4.654962239583279	41.29410650684323
4.664962239583279	41.402443930557794
4.674962239583278	41.5108368889982
4.684962239583278	41.61928509175244
4.694962239583278	41.72778851325289
4.704962239583278	41.836346905705014
4.7149622395832775	41.94496010256695
4.724962239583277	42.05362793611777
4.734962239583277	42.16235000335917
4.744962239583277	42.271126356336076
4.754962239583277	42.37995635318556
4.7649622395832765	42.48883984531633
4.774962239583276	42.59777660072099
4.784962239583276	42.70676583435793
4.794962239583276	42.81580732680875
4.804962239583276	42.9249010826196
4.814962239583275	43.03404692484977
4.824962239583275	43.14324493461045
4.834962239583275	43.25249494789056
4.844962239583275	43.36179693394325
4.8549622395832746	43.4711506003808
4.864962239583274	43.58055580006445
4.874962239583274	43.690012253853595
4.884962239583274	43.79951976688891
4.894962239583274	43.90907829831613
4.9049622395832735	44.01868735692671
4.914962239583273	44.128347033186294
4.924962239583273	44.238057071694314
4.934962239583273	44.34781724233325
4.944962239583273	44.45762725177426
4.954962239583272	44.567486904063834
4.964962239583272	44.677395836255315
4.974962239583272	44.78735371578804
4.984962239583272	44.897360292956314
4.994962239583272	45.00741538089905
5.004962239583271	45.11751862299182
5.014962239583271	45.227669925295004
5.024962239583271	45.33786912317622
5.034962239583271	45.4481160515793
5.0449622395832705	45.5584105499943
5.05496223958327	45.66875246238333
5.06496223958327	45.77914170732108
5.07496223958327	45.88957832583289
5.08496223958327	46.000062078121786
5.094962239583269	46.110592641508596
5.104962239583269	46.2211693086237
5.114962239583269	46.3317918799523
5.124962239583269	46.4424603032157
5.134962239583269	46.553174568403065
5.144962239583268	46.663933855623064
5.154962239583268	46.7747382332432
5.164962239583268	46.8855876033011
5.174962239583268	46.99648189195217
5.1849622395832675	47.10742087468601
5.194962239583267	47.21840465054006
5.204962239583267	47.32943274937848
5.214962239583267	47.44050504554129
5.224962239583267	47.55162116346305
5.2349622395832665	47.66278095375411
5.244962239583266	47.77398420867791
5.254962239583266	47.88523066710612
5.264962239583266	47.99651999967166
5.274962239583266	48.10785219999369
5.284962239583265	48.21922721402036
5.294962239583265	48.33064476848179
5.304962239583265	48.44210467271157
5.314962239583265	48.55360683350786
5.3249622395832645	48.66515107075569
5.334962239583264	48.77673717475865
5.344962239583264	48.888365079482575
5.354962239583264	49.00003457159453
5.364962239583264	49.11174555848551
5.3749622395832635	49.223497906444486
5.384962239583263	49.33529156093589
5.394962239583263	49.44712621088651
5.404962239583263	49.55900168599041
5.414962239583263	49.67091783388343
5.424962239583262	49.78287429140624
5.434962239583262	49.89487050244081
5.444962239583262	50.00690626720579
5.454962239583262	50.118981428336035
5.4649622395832615	50.2310959055187
5.474962239583261	50.3432495643525
5.484962239583261	50.45544236900206
5.494962239583261	50.567673813873206
5.504962239583261	50.67994366892155
5.5149622395832605	50.79225173126352
5.52496223958326	50.90459777450024
5.53496223958326	51.016981677051156
5.54496223958326	51.12940336136791
5.55496223958326	51.24186269412684
5.564962239583259	51.35435956908163
5.574962239583259	51.46689393590838
5.584962239583259	51.579465444533916
5.594962239583259	51.69207406687135
5.604962239583259	51.80471962757188
5.614962239583258	51.91740179798415
5.624962239583258	52.03012044066247
5.634962239583258	52.1428753678178
5.644962239583258	52.25566642982947
5.6549622395832575	52.368493053713095
5.664962239583257	52.48135527549115
5.674962239583257	52.594252897714384
5.684962239583257	52.70718596468238
5.694962239583257	52.82015406527429
5.704962239583256	52.93315733535491
5.714962239583256	53.046195432431574
5.724962239583256	53.15926817334965
5.734962239583256	53.27237545864096
5.744962239583256	53.38551705250709
5.754962239583255	53.498692701566355
5.764962239583255	53.61190187127769
5.774962239583255	53.72514424854689
5.784962239583255	53.83841979192778
5.7949622395832545	53.95172823692413
5.804962239583254	54.06506944287581
5.814962239583254	54.17844331052137
5.824962239583254	54.291849743255085
5.834962239583254	54.40528862322264
5.8449622395832534	54.51875982264566
5.854962239583253	54.632263093880155
5.864962239583253	54.74579829664721
5.874962239583253	54.859365298264684
5.884962239583253	54.97296383358695
5.894962239583252	55.086593750860146
5.904962239583252	55.20025490620994
5.914962239583252	55.31394701035477
5.924962239583252	55.42766996467471
5.9349622395832515	55.54142364399505
5.944962239583251	55.655207992785385
5.954962239583251	55.76902295638179
5.964962239583251	55.88286848012052
5.974962239583251	55.99674449179804
5.9849622395832505	56.11065095357528
5.99496223958325	56.22458774340493
6.00496223958325	56.33855458169158
6.01496223958325	56.452551302775056
6.02496223958325	56.566577556855364
6.034962239583249	56.68063320991895
6.044962239583249	56.79471801055492
6.054962239583249	56.90883163106011
6.064962239583249	57.02297391187059
6.0749622395832485	57.13714479157784
6.084962239583248	57.25134408954616
6.094962239583248	57.3655717729614
6.104962239583248	57.47982774142576
6.114962239583248	57.59411182350988
6.1249622395832475	57.70842407406906
6.134962239583247	57.82276405095162
6.144962239583247	57.93713144021118
6.154962239583247	58.05152584587763
6.164962239583247	58.165947047867974
6.174962239583246	58.28039492813812
6.184962239583246	58.39486939661115
6.194962239583246	58.5093704021312
6.204962239583246	58.62389811282354
6.214962239583246	58.73845203415074
6.224962239583245	58.853032187126665
6.234962239583245	58.9676387995951
6.244962239583245	59.08227170065153
6.254962239583245	59.19693065025651
6.2649622395832445	59.31161582638848
6.274962239583244	59.426326960517116
6.284962239583244	59.54106409757629
6.294962239583244	59.65582678740828
6.304962239583244	59.77061518767293
6.314962239583243	59.88542892650847
6.324962239583243	60.00026763491861
6.334962239583243	60.11513119629489
6.344962239583243	60.230019388471774
6.354962239583243	60.344932141405295
6.364962239583242	60.459869314574206
6.374962239583242	60.5748307047525
6.384962239583242	60.68981617287978
6.394962239583242	60.80482573361343
6.4049622395832415	60.91985903975114
6.414962239583241	61.03491569148721
6.424962239583241	61.149995169683315
6.434962239583241	61.26509762709996
6.444962239583241	61.38022274269206
6.4549622395832404	61.49537021053317
6.46496223958324	61.61054001885259
6.47496223958324	61.725731974885825
6.48496223958324	61.84094593467481
6.49496223958324	61.95618201421686
6.504962239583239	62.07143988367091
6.514962239583239	62.18671939383881
6.524962239583239	62.302020385699464
6.534962239583239	62.4173426660455
6.5449622395832385	62.532686188047066
6.554962239583238	62.648050913436265
6.564962239583238	62.7634366271764
6.574962239583238	62.87884323421773
6.584962239583238	62.994270477603926
6.5949622395832375	63.10971857455335
6.604962239583237	63.22518710850357
6.614962239583237	63.34067617223676
6.624962239583237	63.45618546231387
6.634962239583237	63.571715056681384
6.644962239583236	63.687264814466964
6.654962239583236	63.80283476787964
6.664962239583236	63.91842483357473
6.674962239583236	64.03403491239901
6.6849622395832355	64.1496651406475
6.694962239583235	64.26531542285774
6.704962239583235	64.38098573795827
6.714962239583235	64.49667616612763
6.724962239583235	64.61238618261996
6.7349622395832345	64.72811641342734
6.744962239583234	64.84386552741408
6.754962239583234	64.95963316777635
6.764962239583234	65.07541918963953
6.774962239583234	65.19122308119175
6.784962239583233	65.30704467130508
6.794962239583233	65.42288384109084
6.804962239583233	65.53874056764488
6.814962239583233	65.65461470046652
6.824962239583233	65.77050641722049
6.834962239583232	65.88641554477677
6.844962239583232	66.00234216341136
6.854962239583232	66.11828618079993
6.864962239583232	66.23424759920096
6.8749622395832315	66.35022622439668
6.884962239583231	66.46622229956802
6.894962239583231	66.58223528839707
6.904962239583231	66.69826565175937
6.914962239583231	66.81431292770415
6.92496223958323	66.93037726054654
6.93496223958323	67.04645841837417
6.94496223958323	67.16255606308837
6.95496223958323	67.27867026965424
6.96496223958323	67.3948010032919
6.974962239583229	67.51094803719816
6.984962239583229	67.62711106840038
6.994962239583229	67.74328978228347
7.004962239583229	67.85948435821047
7.0149622395832285	67.97569432020396
7.024962239583228	68.09191977948518
7.034962239583228	68.20816043602422
7.044962239583228	68.32441626043928
7.054962239583228	68.44068713670994
7.064962239583227	68.55697221893065
7.074962239583227	68.67327198516115
7.084962239583227	68.78958615806218
7.094962239583227	68.90591470758922
7.104962239583227	69.02225746294862
7.114962239583226	69.13861424390555
7.124962239583226	69.25498518572682
7.134962239583226	69.3713697114336
7.144962239583226	69.48776842118602
7.1549622395832255	69.60418064720146
7.164962239583225	69.7206067219527
7.174962239583225	69.83704622228808
7.184962239583225	69.95349929904947
7.194962239583225	70.0699656714952
7.2049622395832245	70.18644527537109
7.214962239583224	70.30293818303596
7.224962239583224	70.41944408846106
7.234962239583224	70.53596285681091
7.244962239583224	70.6524946347726
7.254962239583223	70.76903911561962
7.264962239583223	70.88559624034498
7.274962239583223	71.00216604681293
7.284962239583223	71.11874805366207
7.2949622395832225	71.23534271203216
7.304962239583222	71.35194975982256
7.314962239583222	71.46856896079188
7.324962239583222	71.58520039550542
7.334962239583222	71.7018437076725
7.3449622395832215	71.81849882262203
7.354962239583221	71.93516578553727
7.364962239583221	72.0518442630015
7.374962239583221	72.16853416412218
7.384962239583221	72.28523543343063
7.39496223958322	72.40194784660078
7.40496223958322	72.51867138857051
7.41496223958322	72.6354060531002
7.42496223958322	72.75215157735606
7.43496223958322	72.86890826420691
7.444962239583219	72.98567592150481
7.454962239583219	73.10245433461279
7.464962239583219	73.21924344883062
7.474962239583219	73.33604323888082
7.4849622395832185	73.45285366252084
7.494962239583218	73.56967435265408
7.504962239583218	73.6865050809193
7.514962239583218	73.80334545145789
7.524962239583218	73.92019570743616
7.534962239583217	74.03705535144692
7.544962239583217	74.1539244790324
7.554962239583217	74.27080307814688
7.564962239583217	74.38769102595161
7.574962239583217	74.50458831350676
7.584962239583216	74.62149453716982
7.594962239583216	74.7384102286093
7.604962239583216	74.8553350468858
7.614962239583216	74.972268982761
7.6249622395832155	75.0892119651231
7.634962239583215	75.20616403515189
7.644962239583215	75.32312508359314
7.654962239583215	75.44009528207725
7.664962239583215	75.55707445232231
7.674962239583214	75.67406222385861
7.684962239583214	75.79105876976232
7.694962239583214	75.90806382397514
7.704962239583214	76.02507751173022
7.714962239583214	76.14209976363041
7.724962239583213	76.25913063039239
7.734962239583213	76.37616966747186
7.744962239583213	76.49321711408449
7.754962239583213	76.6102718768088
7.7649622395832125	76.72733425078737
7.774962239583212	76.84440409016241
7.784962239583212	76.96148140487281
7.794962239583212	77.07856602976167
7.804962239583212	77.19565810599101
7.8149622395832115	77.31275731930326
7.824962239583211	77.42986368595058
7.834962239583211	77.54697725320581
7.844962239583211	77.66409796817402
7.854962239583211	77.78122556855108
7.86496223958321	77.89836001394187
7.87496223958321	78.01550075772892
7.88496223958321	78.13264842076666
7.89496223958321	78.2498024553885
7.9049622395832095	78.36696287107245
7.914962239583209	78.48412964214421
7.924962239583209	78.60130259247146
7.934962239583209	78.71848175724676
7.944962239583209	78.83566715604076
7.9549622395832085	78.95285841301157
7.964962239583208	79.07005577655812
7.974962239583208	79.18725916068558
7.984962239583208	79.30446819047204
7.994962239583208	79.42168317605713
8.004962239583207	79.53890381264465
8.014962239583207	79.65613007864616
8.024962239583207	79.7733618215154
8.034962239583207	79.89059922457305
8.044962239583207	80.00784211720683
8.054962239583206	80.12509020486162
8.064962239583206	80.24234355903961
8.074962239583206	80.35960235244596
8.084962239583206	80.47686619048102
8.094962239583205	80.59413523742163
8.104962239583205	80.71140924418985
8.114962239583205	80.82868837738428
8.124962239583205	80.9459724970889
8.134962239583205	81.06326150949802
8.144962239583204	81.18055556015887
8.154962239583204	81.29785425253866
8.164962239583204	81.41515776216467
8.174962239583204	81.53246596048706
8.184962239583204	81.6497787229931
8.194962239583203	81.76709625062226
8.204962239583203	81.88441812846614
8.214962239583203	82.00174470400485
8.224962239583203	82.11907552951763
8.234962239583203	82.23641074306033
8.244962239583202	82.35375022316954
8.254962239583202	82.47109353213037
8.264962239583202	82.5884404670057
8.274962239583202	82.70579080501683
8.284962239583201	82.8231446264644
8.294962239583201	82.94050118200559
8.304962239583201	83.05786125522691
8.3149622395832	83.17522433707815
8.3249622395832	83.29259044471561
8.3349622395832	83.40995974764046
8.3449622395832	83.52733200457398
8.3549622395832	83.64470725138942
8.3649622395832	83.76208534985179
8.3749622395832	83.87946633077333
8.3849622395832	83.99685010606264
8.394962239583199	84.1142367372114
8.404962239583199	84.23162589597884
8.414962239583199	84.34901794723046
8.424962239583198	84.46641264446377
8.434962239583198	84.58380986911774
8.444962239583198	84.70120948914679
8.454962239583198	84.81861163610004
8.464962239583198	84.9360163140865
8.474962239583197	85.05342325815904
8.484962239583197	85.17083277669008
8.494962239583197	85.2882445452699
8.504962239583197	85.40565863143875
8.514962239583197	85.52307432804146
8.524962239583196	85.64049203584503
8.534962239583196	85.75791136466746
8.544962239583196	85.87533231377851
8.554962239583196	85.9927549524337
8.564962239583195	86.11017898251306
8.574962239583195	86.22760452887742
8.584962239583195	86.34503141259184
8.594962239583195	86.46245961352192
8.604962239583195	86.57988901671825
8.614962239583194	86.69731952995326
8.624962239583194	86.8147510932037
8.634962239583194	86.93218369470742
8.644962239583194	87.04961723938821
8.654962239583194	87.16705165657345
8.664962239583193	87.28448694823565
8.674962239583193	87.4019230474435
8.684962239583193	87.51935991291175
8.694962239583193	87.63679748084063
8.704962239583192	87.75423571946695
8.714962239583192	87.8716746786382
8.724962239583192	87.98911453248404
8.734962239583192	88.10655524350312
8.744962239583192	88.2239969428295
8.754962239583191	88.34143956334785
8.764962239583191	88.45888302382619
8.774962239583191	88.57632630426463
8.78496223958319	88.6937695089652
8.79496223958319	88.81121263835098
8.80496223958319	88.92865569284454
8.81496223958319	89.04609872264228
8.82496223958319	89.16354162751227
8.83496223958319	89.2809844588654
8.84496223958319	89.39842721720285
8.85496223958319	89.51586990302494
8.864962239583189	89.63331251683309
8.874962239583189	89.75075505912781
8.884962239583189	89.86819753040943
8.894962239583188	89.98563993117918
8.904962239583188	90.10308226193763
8.914962239583188	90.22052452318539
8.924962239583188	90.33796671542369
8.934962239583188	90.45540883915274
8.944962239583187	90.57285089487324
8.954962239583187	90.69029288308668
8.964962239583187	90.80773480429319
8.974962239583187	90.92517670670685
8.984962239583187	91.04261849148449
8.994962239583186	91.16006021198082
9.004962239583186	91.27750193686552
9.014962239583186	91.39494351228728
9.024962239583186	91.51238502729824
9.034962239583185	91.62982649817363
9.044962239583185	91.74726791574619
9.054962239583185	91.86470927590054
9.064962239583185	91.98215057942646
9.074962239583185	92.09959182711316
9.084962239583184	92.2170330197506
9.094962239583184	92.33447415812901
9.104962239583184	92.45191524303725
9.114962239583184	92.56935627526505
9.124962239583184	92.68679725560294
9.134962239583183	92.8042381848401
9.144962239583183	92.921679063766
9.154962239583183	93.0391198931707
9.164962239583183	93.15656067384329
9.174962239583182	93.27400140657446
9.184962239583182	93.39144209215328
9.194962239583182	93.50888268654052
9.204962239583182	93.62632328501387
9.214962239583182	93.74376377108636
9.224962239583181	93.86120428034546
9.234962239583181	93.97864474199758
9.244962239583181	94.09608515500666
9.25496223958318	94.213525518338
9.26496223958318	94.33096583095603
9.27496223958318	94.44840604779861
9.28496223958318	94.56584626091035
9.29496223958318	94.68328641856891
9.30496223958318	94.80072651852747
9.31496223958318	94.91816655853914
9.32496223958318	95.03560653635618
9.334962239583179	95.15304644973104
9.344962239583179	95.2704862964178
9.354962239583179	95.38792607416791
9.364962239583178	95.50536579818714
9.374962239583178	95.6228054232755
9.384962239583178	95.74024497459361
9.394962239583178	95.85768445092968
9.404962239583178	95.97512389667565
9.414962239583177	96.0925632121028
9.424962239583177	96.21000245076901
9.434962239583177	96.32744161267371
9.444962239583177	96.44488077093597
9.454962239583176	96.56231977313482
9.464962239583176	96.67975877137698
9.474962239583176	96.79719762248774
9.484962239583176	96.91463640835308
9.494962239583176	97.03207513366566
9.504962239583175	97.14951380311616
9.514962239583175	97.2669524030274
9.524962239583175	97.38439096922733
9.534962239583175	97.50182952314984
9.544962239583175	97.61926803152612
9.554962239583174	97.73670649435627
9.564962239583174	97.85414491164003
9.574962239583174	97.97158328337714
9.584962239583174	98.08902160956838
9.594962239583174	98.20645989021246
9.604962239583173	98.32389812531069
9.614962239583173	98.44133631486228
9.624962239583173	98.55877445886786
9.634962239583173	98.6762125573268
9.644962239583172	98.79365061023938
9.654962239583172	98.90128471198356
9.664962239583172	98.99896471315454
9.674962239583172	99.09664471432541
9.684962239583172	99.19432471549653
9.694962239583171	99.2920047166673
9.704962239583171	99.3896847178384
9.714962239583171	99.48736471900925
9.72496223958317	99.58504472018002
9.73496223958317	99.68272472135132
9.74496223958317	99.78040472252206
9.75496223958317	99.87808472369282
9.76496223958317	99.97576472486365
9.77496223958317	100.07344472603478
9.78496223958317	100.17112472720561
9.79496223958317	100.26880472837652
9.804962239583169	100.36648472954742
9.814962239583169	100.46416473071841
9.824962239583169	100.56184473188944
9.834962239583168	100.65952473306034
9.844962239583168	100.75720473423146
9.854962239583168	100.85488473540227
9.864962239583168	100.95256473657331
9.874962239583168	101.05024473774385
9.884962239583167	101.14792473891512
9.894962239583167	101.2456047400858
9.904962239583167	101.34328474125695
9.914962239583167	101.44096474242777
9.924962239583166	101.53864474359875
9.934962239583166	101.63632474476944
9.944962239583166	101.7340047459406
9.954962239583166	101.8316847471114
9.964962239583166	101.92936474828223
9.974962239583165	102.02704474945337
9.984962239583165	102.12472475062435
9.994962239583165	102.22240475179515
10.004962239583165	102.32008475296608
10.014962239583165	102.41776475413702
10.024962239583164	102.51544475530775
10.034962239583164	102.61312475647885
10.044962239583164	102.71080475764977
10.054962239583164	102.80848475882073
10.064962239583163	102.90616475999164
10.074962239583163	103.00384476116247
10.084962239583163	103.10152476233348
10.094962239583163	103.19920476350447
10.104962239583163	103.29688476467538
10.114962239583162	103.39456476584625
10.124962239583162	103.49224476701708
10.134962239583162	103.58992476818818
10.144962239583162	103.68760476935901
10.154962239583162	103.78528477053017
10.164962239583161	103.88296477170094
10.174962239583161	103.98064477287178
10.184962239583161	104.07832477404273
10.19496223958316	104.17600477521346
10.20496223958316	104.27368477638461
10.21496223958316	104.37136477755554
10.22496223958316	104.46904477872643
10.23496223958316	104.5667247798974
10.24496223958316	104.66440478106836
10.25496223958316	104.76208478223917
10.26496223958316	104.85976478341037
10.274962239583159	104.95744478458091
10.284962239583159	105.05512478575235
10.294962239583159	105.15280478692291
10.304962239583158	105.25048478809394
10.314962239583158	105.34816478926473
10.324962239583158	105.44584479043576
10.334962239583158	105.54352479160661
10.344962239583158	105.64120479277774
10.354962239583157	105.73888479394867
10.364962239583157	105.83656479511951
10.374962239583157	105.93424479629037
10.384962239583157	106.03192479746122
10.394962239583156	106.12960479863223
10.404962239583156	106.22728479980296
10.414962239583156	106.32496480097394
10.424962239583156	106.42264480214506
10.434962239583156	106.52032480331602
10.444962239583155	106.61800480448683
10.454962239583155	106.71568480565766
10.464962239583155	106.81336480682887
10.474962239583155	106.91104480799949
10.484962239583155	107.00872480917049
10.494962239583154	107.1064048103413
10.504962239583154	107.20408481151237
10.514962239583154	107.30176481268347
10.524962239583154	107.39944481385439
10.534962239583153	107.49712481502534
10.544962239583153	107.59480481619597
10.554962239583153	107.69248481736707
10.564962239583153	107.790164818538
10.574962239583153	107.88784492850858
10.584962239583152	107.98552492617166
10.594962239583152	108.08320492383419
10.604962239583152	108.18088492149721
10.614962239583152	108.2785649191602
10.624962239583152	108.37624491682301
10.634962239583151	108.47392491448575
10.644962239583151	108.57160491214889
10.654962239583151	108.66928490981178
10.66496223958315	108.76696490747462
10.67496223958315	108.86464490513747
10.68496223958315	108.9623249028001
10.69496223958315	109.06000490046326
10.70496223958315	109.15768489812625
10.71496223958315	109.25536489578884
10.72496223958315	109.35304489345188
10.73496223958315	109.45072489111475
10.744962239583149	109.54840488877768
10.754962239583149	109.64608488644059
10.764962239583149	109.74376488410329
10.774962239583148	109.84144488176636
10.784962239583148	109.93912487942926
10.794962239583148	110.03680487709242
10.804962239583148	110.13448487475507
10.814962239583148	110.23216487241797
10.824962239583147	110.32984487008056
10.834962239583147	110.4275248677435
10.844962239583147	110.52520486540641
10.854962239583147	110.62288486306925
10.864962239583146	110.72056486073227
10.874962239583146	110.8182448583952
10.884962239583146	110.91592485605791
10.894962239583146	111.01360485372098
10.904962239583146	111.11128485138376
10.914962239583145	111.2089648490465
10.924962239583145	111.30664484670963
10.934962239583145	111.40432484437254
10.944962239583145	111.50200484203528
10.954962239583145	111.5996848396981
10.964962239583144	111.69736483736104
10.974962239583144	111.79504483502406
10.984962239583144	111.89272483268674
10.994962239583144	111.99040483034972
11.004962239583143	112.08808482801251
11.014962239583143	112.18576482567555
11.024962239583143	112.28344482333854
11.034962239583143	112.38112471870123
11.044962239583143	112.4788047203315
11.054962239583142	112.57648472196236
11.064962239583142	112.67416472359274
11.074962239583142	112.77184472522327
11.084962239583142	112.8695247268537
11.094962239583142	112.96720472848443
11.104962239583141	113.06488473011476
11.114962239583141	113.16256473174562
11.124962239583141	113.26024473337597
11.13496223958314	113.35792473500673
11.14496223958314	113.4556047366371
11.15496223958314	113.55328473826772
11.16496223958314	113.6509647398983
11.17496223958314	113.74864474152862
11.18496223958314	113.84632474315917
11.19496223958314	113.94400474479005
11.20496223958314	114.04168474642033
11.214962239583139	114.13936474805104
11.224962239583139	114.23704474968142
11.234962239583139	114.33472475131205
11.244962239583138	114.4324047529425
11.254962239583138	114.53008475457324
11.264962239583138	114.62776475620358
11.274962239583138	114.7254447578343
11.284962239583137	114.8231247594649
11.294962239583137	114.92080476109524
11.304962239583137	115.01848476272605
11.314962239583137	115.11616476435634
11.324962239583137	115.21384476598705
11.334962239583136	115.31152476761736
11.344962239583136	115.409204769248
11.354962239583136	115.50688477087868
11.364962239583136	115.60456477250912
11.374962239583136	115.70224477413967
11.384962239583135	115.7999247757701
11.394962239583135	115.8976047774006
11.404962239583135	115.99528477903138
11.414962239583135	116.09296478066173
11.424962239583135	116.19064478229276
11.434962239583134	116.28832478392307
11.444962239583134	116.38600478555358
11.454962239583134	116.48368478718416
11.464962239583134	116.58136478881478
11.474962239583133	116.67904479044498
11.484962239583133	116.77672479207565
11.494962239583133	116.87440479370628
11.504962239583133	116.97208479533674
11.514962239583133	117.06976479696728
11.524962239583132	117.16744479859797
11.534962239583132	117.26512480022863
11.544962239583132	117.36280480185877
11.554962239583132	117.46048480348948
11.564962239583132	117.55816480511992
11.574962239583131	117.65584480675041
11.584962239583131	117.75352480838104
11.59496223958313	117.85120481001162
11.60496223958313	117.94888481164226
11.61496223958313	118.04656481327277
11.62496223958313	118.14424481490315
11.63496223958313	118.24192481653374
11.64496223958313	118.33960481816416
11.65496223958313	118.43728481979481
11.66496223958313	118.53496482142549
11.67496223958313	118.63264482305614
11.684962239583129	118.7303248246866
11.694962239583129	118.82800492672831
11.704962239583129	118.9256849144678
11.714962239583128	119.02336490220772
11.724962239583128	119.12104488994717
11.734962239583128	119.21872487768671
11.744962239583128	119.31640486542672
11.754962239583127	119.41408485316627
11.764962239583127	119.51176484090615
11.774962239583127	119.60944482864547
11.784962239583127	119.70712473022016
11.794962239583127	119.80480473633797
11.804962239583126	119.90248474245607
11.814962239583126	120.00016474857352
11.824962239583126	120.09784475469142
11.834962239583126	120.19552476080905
11.844962239583126	120.29320476692699
11.854962239583125	120.3908847730449
11.864962239583125	120.48856477916252
11.874962239583125	120.58624478528048
11.884962239583125	120.68392479139843
11.894962239583124	120.78160479751617
11.904962239583124	120.8792848036337
11.914962239583124	120.97696480975173
11.924962239583124	121.07464481586948
11.934962239583124	121.17232482198727
11.944962239583123	121.27000482810553
11.950000000000001	121.31921374766628
1000011.95	121.31921374766628
