-100000	0
0	0
0.0003333333333333333	0.00173662913123394
0.0008333333333333333	0.004346383693572206
0.0015833333333333333	0.008271766516645816
0.0027083333333333334	0.014183782501737664
0.004395833333333333	0.023104837252815476
0.006927083333333334	0.03660272263225009
0.010723958333333335	0.05710031479663171
0.016419270833333336	0.08833458368796938
0.024962239583333337	0.13609023378008533
0.03496223958333334	0.1931446445117829
0.04496223958333334	0.25124793042530735
0.05496223958333334	0.31029205758230455
0.06496223958333334	0.3701451005217721
0.07496223958333334	0.4307448486305476
0.08496223958333333	0.49204939249864116
0.09496223958333333	0.5540026195836278
0.10496223958333332	0.6165475989964344
0.11496223958333332	0.679662270534916
0.12496223958333331	0.7433176383330493
0.1349622395833333	0.8074865332592113
0.14496223958333332	0.8721339496992456
0.15496223958333333	0.9372443280074723
0.16496223958333334	1.0027989868169285
0.17496223958333335	1.0687728683489233
0.18496223958333335	1.1351502395103203
0.19496223958333336	1.2019233332565238
0.20496223958333337	1.269075359784606
0.21496223958333338	1.3365922468212788
0.2249622395833334	1.4044606914083015
0.2349622395833334	1.4726666714571524
0.2449622395833334	1.541196290813282
0.2549622395833334	1.610045568996679
0.2649622395833334	1.6792095970401446
0.27496223958333343	1.7486801956070093
0.28496223958333344	1.818451121866026
0.29496223958333345	1.8885078952254504
0.30496223958333346	1.9588395621947465
0.31496223958333347	2.02944409807358
0.3249622395833335	2.1003187883902257
0.3349622395833335	2.171455663139621
0.3449622395833335	2.242850615142574
0.3549622395833335	2.3144969998095632
0.3649622395833335	2.386383756808567
0.3749622395833335	2.458506594820597
0.38496223958333353	2.5308629633109194
0.39496223958333354	2.6034487339989587
0.40496223958333355	2.676257567143236
0.41496223958333356	2.7492859831073484
0.42496223958333357	2.822531386784214
0.4349622395833336	2.895988687756251
0.4449622395833336	2.969649164796613
0.4549622395833336	3.0435074147287593
0.4649622395833336	3.1175618077213767
0.4749622395833336	3.1918117243538298
0.4849622395833336	3.266255968245878
0.49496223958333363	3.3408891975224564
0.5049622395833336	3.4157052373667094
0.5149622395833336	3.490697139830338
0.5249622395833337	3.5658621743374836
0.5349622395833337	3.64120035941698
0.5449622395833337	3.716711495546319
0.5549622395833337	3.7923943193981025
0.5649622395833337	3.8682454185449715
0.5749622395833337	3.944260041589361
0.5849622395833337	4.020435139804012
0.5949622395833337	4.096768316465438
0.6049622395833337	4.173256672384992
0.6149622395833337	4.249897893449797
0.6249622395833337	4.326689590447866
0.6349622395833338	4.4036283431479255
0.6449622395833338	4.4807109279868165
0.6549622395833338	4.557935222091885
0.6649622395833338	4.635299749255598
0.6749622395833338	4.71280362842741
0.6849622395833338	4.790446229209149
0.6949622395833338	4.868225034764265
0.7049622395833338	4.946135774488099
0.7149622395833338	5.024175077767851
0.7249622395833338	5.1023407994890295
0.7349622395833338	5.18063189384959
0.7449622395833339	5.2590478362772295
0.7549622395833339	5.33758805353401
0.7649622395833339	5.416250868994025
0.7749622395833339	5.495035297020689
0.7849622395833339	5.573940683878925
0.7949622395833339	5.6529650555824285
0.8049622395833339	5.732102294891044
0.8149622395833339	5.811350359870116
0.8249622395833339	5.890708375484528
0.8349622395833339	5.970174952962163
0.8449622395833339	6.049749094818404
0.854962239583334	6.129429784505799
0.864962239583334	6.209216450978944
0.874962239583334	6.289108725412495
0.884962239583334	6.369105867815673
0.894962239583334	6.449206496713223
0.904962239583334	6.529406657207703
0.914962239583334	6.609703144162463
0.924962239583334	6.690095162843506
0.934962239583334	6.770582209023256
0.944962239583334	6.851163508572281
0.954962239583334	6.931838689037269
0.964962239583334	7.012607191326692
0.9749622395833341	7.093468586340936
0.9849622395833341	7.1744223502095466
0.9949622395833341	7.255468039210269
1.004962239583334	7.3366027645998235
1.014962239583334	7.4178231972025594
1.024962239583334	7.499126075667439
1.034962239583334	7.580510754331179
1.044962239583334	7.66197669293268
1.054962239583334	7.743523830580184
1.064962239583334	7.825151778515217
1.074962239583334	7.906860553263209
1.084962239583334	7.988649877670895
1.094962239583334	8.07051954267068
1.104962239583334	8.152469414130614
1.114962239583334	8.234499295067053
1.124962239583334	8.316608952904739
1.134962239583334	8.398794096266633
1.144962239583334	8.481051752656988
1.154962239583334	8.563381834705154
1.1649622395833341	8.645784511579803
1.1749622395833341	8.728259604437861
1.1849622395833341	8.810807280459018
1.1949622395833341	8.893427351110631
1.2049622395833341	8.976119885430576
1.2149622395833342	9.058884936914987
1.2249622395833342	9.141722492010251
1.2349622395833342	9.224632570515096
1.2449622395833342	9.307615496823255
1.2549622395833342	9.39067163316443
1.2649622395833342	9.47380177390529
1.2749622395833342	9.557006642667487
1.2849622395833342	9.640286440408348
1.2949622395833342	9.723641467905903
1.3049622395833342	9.807071971709956
1.3149622395833342	9.890578538931914
1.3249622395833343	9.974161443045798
1.3349622395833343	10.057821406859647
1.3449622395833343	10.141559016397103
1.3549622395833343	10.22537424568096
1.3649622395833343	10.309267130125992
1.3749622395833343	10.393238071105356
1.3849622395833343	10.47728730906647
1.3949622395833343	10.561415253178831
1.4049622395833343	10.645622471478319
1.4149622395833343	10.72990911818696
1.4249622395833343	10.81427530800162
1.4349622395833344	10.898720974524641
1.4449622395833344	10.98324611490514
1.4549622395833344	11.0678509183232
1.4649622395833344	11.152535570706904
1.4749622395833344	11.237300469576905
1.4849622395833344	11.322146092151137
1.4949622395833344	11.407072698730488
1.5049622395833344	11.492080638938768
1.5149622395833344	11.577170225016609
1.5249622395833344	11.662341939594297
1.5349622395833344	11.747596426830492
1.5449622395833345	11.83293436368449
1.5549622395833345	11.918355623229514
1.5649622395833345	12.003860199984127
1.5749622395833345	12.08944811382396
1.5849622395833345	12.17511931709243
1.5949622395833345	12.260873784744971
1.6049622395833345	12.346711491264564
1.6149622395833345	12.43263245672335
1.6249622395833345	12.518636715716871
1.6349622395833345	12.604724481465478
1.6449622395833345	12.69089579249398
1.6549622395833345	12.777150978512019
1.6649622395833346	12.863490271861757
1.6749622395833346	12.949913917665155
1.6849622395833346	13.036422035496537
1.6949622395833346	13.123014727062102
1.7049622395833346	13.209692174825669
1.7149622395833346	13.296454672384074
1.7249622395833346	13.383302678508555
1.7349622395833346	13.470236766016837
1.7449622395833346	13.557257371824527
1.7549622395833346	13.64436465246275
1.7649622395833346	13.731558730487164
1.7749622395833347	13.818839469935138
1.7849622395833347	13.906206890517208
1.7949622395833347	13.993661066136905
1.8049622395833347	14.081202085036805
1.8149622395833347	14.16883011069913
1.8249622395833347	14.256545301284051
1.8349622395833347	14.344347741422627
1.8449622395833347	14.432237609593765
1.8549622395833347	14.520215052531789
1.8649622395833347	14.608280180765645
1.8749622395833347	14.69643306131668
1.8849622395833348	14.784673775049095
1.8949622395833348	14.87300240462371
1.9049622395833348	14.961419252013066
1.9149622395833348	15.049924458732056
1.9249622395833348	15.138518168102934
1.9349622395833348	15.227200482045554
1.9449622395833348	15.315971482182785
1.9549622395833348	15.404831249243141
1.9649622395833348	15.493779863955114
1.9749622395833348	15.582817454058713
1.9849622395833348	15.671943963907925
1.9949622395833349	15.761159464241812
2.004962239583335	15.850463912653822
2.0149622395833346	15.939857276444977
2.0249622395833344	16.0293396527516
2.034962239583334	16.118911128692012
2.044962239583334	16.208571795427808
2.054962239583334	16.298321631504137
2.0649622395833336	16.388160615466134
2.0749622395833334	16.47808872585919
2.084962239583333	16.568105941228403
2.094962239583333	16.658212240119024
2.1049622395833327	16.748407601076234
2.1149622395833325	16.83869200264531
2.1249622395833323	16.929065423371416
2.134962239583332	17.01952784179985
2.144962239583332	17.11007925949599
2.1549622395833317	17.20071963285461
2.1649622395833314	17.291449022553667
2.1749622395833312	17.382267546591883
2.184962239583331	17.473175253144184
2.194962239583331	17.564172184343953
2.2049622395833306	17.655258283151426
2.2149622395833304	17.746433776557726
2.22496223958333	17.83769853644165
2.23496223958333	17.92905258754614
2.2449622395833297	18.020496029265466
2.2549622395833295	18.112028788222705
2.2649622395833293	18.203650892092785
2.274962239583329	18.29536244040227
2.284962239583329	18.387163412616736
2.2949622395833287	18.479053804250785
2.3049622395833285	18.571033619084165
2.3149622395833283	18.66310283283754
2.324962239583328	18.755261394580934
2.334962239583328	18.847509160755923
2.3449622395833276	18.939846208802656
2.3549622395833274	19.03227251598876
2.364962239583327	19.124788087800088
2.374962239583327	19.217392929722518
2.3849622395833268	19.31008702255076
2.3949622395833265	19.40287040729226
2.4049622395833263	19.495743050457463
2.414962239583326	19.588704919218408
2.424962239583326	19.68175604667722
2.4349622395833257	19.77489645847625
2.4449622395833255	19.868126020652657
2.4549622395833253	19.961444798667397
2.464962239583325	20.05485256437305
2.474962239583325	20.14834933682454
2.4849622395833246	20.24193511064198
2.4949622395833244	20.335609687113436
2.504962239583324	20.42937315153844
2.514962239583324	20.52322545810212
2.5249622395833238	20.61716649111031
2.5349622395833236	20.7111962108381
2.5449622395833233	20.805314620244463
2.554962239583323	20.899521681559065
2.564962239583323	20.993817334013713
2.5749622395833227	21.08820157627596
2.5849622395833225	21.182674357872713
2.5949622395833223	21.27723575984725
2.604962239583322	21.371885861758905
2.614962239583322	21.466624613518483
2.6249622395833216	21.56145191377626
2.6349622395833214	21.656367483098215
2.644962239583321	21.75137093413887
2.654962239583321	21.846461971005947
2.664962239583321	21.94164049794856
2.6749622395833206	22.036906363878597
2.6849622395833204	22.132259574671654
2.69496223958332	22.227700019804487
2.70496223958332	22.323227641552386
2.7149622395833197	22.418842418768737
2.7249622395833195	22.514544251106063
2.7349622395833193	22.610333026803993
2.744962239583319	22.70620838521857
2.754962239583319	22.8021702244817
2.7649622395833187	22.89821851537097
2.7749622395833184	22.994353123079247
2.7849622395833182	23.090574047039766
2.794962239583318	23.186881286097293
2.804962239583318	23.28327483458606
2.8149622395833176	23.379754698176413
2.8249622395833174	23.47632082780901
2.834962239583317	23.572973172798154
2.844962239583317	23.669711666450716
2.8549622395833167	23.766536194874586
2.8649622395833165	23.86344658885197
2.8749622395833163	23.960442719866553
2.884962239583316	24.057524433024884
2.894962239583316	24.154691584512335
2.9049622395833157	24.25194397110873
2.9149622395833155	24.349281462436146
2.9249622395833152	24.446703781837357
2.934962239583315	24.544210458913252
2.944962239583315	24.641801368956063
2.9549622395833146	24.739476274831635
2.9649622395833144	24.837235059418013
2.974962239583314	24.935077461536206
2.984962239583314	25.03300328318332
2.9949622395833138	25.13101233497237
3.0049622395833135	25.22910450089937
3.0149622395833133	25.327279657319348
3.024962239583313	25.425537708942304
3.034962239583313	25.523878536711806
3.0449622395833127	25.62230207785571
3.0549622395833125	25.72080832780205
3.0649622395833123	25.819397233441993
3.074962239583312	25.91806883469107
3.084962239583312	26.016822912204375
3.0949622395833116	26.11565959486081
3.1049622395833114	26.214578743670874
3.114962239583311	26.31358015733635
3.124962239583311	26.412663603848003
3.1349622395833108	26.51182885119681
3.1449622395833106	26.611075689217415
3.1549622395833103	26.710403872220972
3.16496223958331	26.809813394433185
3.17496223958331	26.909304145339302
3.1849622395833097	27.008876029864062
3.1949622395833095	27.108528961157603
3.2049622395833093	27.208262849486854
3.214962239583309	27.308077558538095
3.224962239583309	27.407973093588893
3.2349622395833086	27.507949253531542
3.2449622395833084	27.608005877763624
3.254962239583308	27.7081428651321
3.264962239583308	27.80835992054764
3.274962239583308	27.90865665752997
3.2849622395833076	28.009032814794537
3.2949622395833074	28.10948795606433
3.304962239583307	28.21002184059372
3.314962239583307	28.31063400937926
3.3249622395833067	28.411324200354066
3.3349622395833065	28.5120921206043
3.3449622395833063	28.61293754157055
3.354962239583306	28.71386022760346
3.364962239583306	28.81485985304883
3.3749622395833057	28.915936266573308
3.3849622395833054	29.017089253867717
3.3949622395833052	29.118318778152243
3.404962239583305	29.219624809364905
3.414962239583305	29.32100731744326
3.4249622395833046	29.42246625016009
3.4349622395833044	29.524001627549676
3.444962239583304	29.625613403600184
3.454962239583304	29.72730155425784
3.4649622395833037	29.829066055727292
3.4749622395833035	29.93090692759477
3.4849622395833033	30.032824055864754
3.494962239583303	30.13481742438631
3.504962239583303	30.236887018909062
3.5149622395833027	30.33903251733671
3.5249622395833025	30.441253232887288
3.5349622395833022	30.54354888797076
3.544962239583302	30.64591923207843
3.554962239583302	30.74836395486772
3.5649622395833016	30.85088282103041
3.5749622395833014	30.953475566694305
3.584962239583301	31.056142019117146
3.594962239583301	31.1588818910686
3.6049622395833008	31.261695099706202
3.6149622395833005	31.364581403055208
3.6249622395833003	31.46754060595275
3.6349622395833	31.57057254668856
3.6449622395833	31.67367688821505
3.6549622395832997	31.776853448316487
3.6649622395832995	31.880101713641675
3.6749622395832993	31.983421317515084
3.684962239583299	32.086812102611226
3.694962239583299	32.19027388122453
3.7049622395832986	32.293806509278106
3.7149622395832984	32.39740984269518
3.724962239583298	32.50108371552439
3.734962239583298	32.60482802858985
3.7449622395832978	32.70864258182618
3.7549622395832976	32.81252720355802
3.7649622395832973	32.91648175768526
3.774962239583297	33.020506092380536
3.784962239583297	33.12460013425922
3.7949622395832967	33.22876383291519
3.8049622395832965	33.33299697348593
3.8149622395832963	33.43729956312488
3.824962239583296	33.54167148662455
3.834962239583296	33.64611267703191
3.8449622395832956	33.75062290926315
3.8549622395832954	33.855201517803316
3.864962239583295	33.959847763329925
3.874962239583295	34.064561213991084
3.884962239583295	34.16934172080038
3.8949622395832946	34.2741891917621
3.9049622395832944	34.379103483966354
3.914962239583294	34.48408463758104
3.924962239583294	34.589132517514244
3.9349622395832937	34.69424685271118
3.9449622395832935	34.79942754087661
3.9549622395832933	34.90467439106191
3.964962239583293	35.009987187827385
3.974962239583293	35.11536580818857
3.9849622395832927	35.22081000900945
3.9949622395832924	35.32631953236281
4.004962239583293	35.43189429737705
4.0149622395832925	35.537533977202116
4.024962239583292	35.643238313633674
4.034962239583292	35.74900708201566
4.044962239583292	35.854840021698244
4.054962239583292	35.9607367713963
4.064962239583291	36.066697029316266
4.074962239583291	36.17272040134122
4.084962239583291	36.27880653358464
4.094962239583291	36.384955141180875
4.1049622395832905	36.49116606422761
4.11496223958329	36.59743904938349
4.12496223958329	36.703774121325466
4.13496223958329	36.81017122316813
4.14496223958329	36.91663031851119
4.1549622395832895	37.02315147571245
4.164962239583289	37.129734464060384
4.174962239583289	37.23637930564971
4.184962239583289	37.34308596387978
4.194962239583289	37.449854397780136
4.204962239583288	37.556684389438324
4.214962239583288	37.66357573681107
4.224962239583288	37.77052819737772
4.234962239583288	37.877541652227904
4.2449622395832876	37.984615848720644
4.254962239583287	38.091750415634394
4.264962239583287	38.198944776428576
4.274962239583287	38.306198371400505
4.284962239583287	38.413510856049534
4.2949622395832865	38.52088155036561
4.304962239583286	38.62831006898178
4.314962239583286	38.735796028013866
4.324962239583286	38.84333926217059
4.334962239583286	38.95093953124539
4.344962239583285	39.05859674998499
4.354962239583285	39.16631094643298
4.364962239583285	39.274082078723254
4.374962239583285	39.38191014825956
4.384962239583285	39.48979508911527
4.394962239583284	39.59773689650023
4.404962239583284	39.70573554403274
4.414962239583284	39.81379100533057
4.424962239583284	39.921903188570646
4.4349622395832835	40.030072165715225
4.444962239583283	40.13829769780698
4.454962239583283	40.24657963264428
4.464962239583283	40.354917648298056
4.474962239583283	40.46331148391074
4.484962239583282	40.57176082783256
4.494962239583282	40.6802653077202
4.504962239583282	40.788824677946984
4.514962239583282	40.89743834790298
4.524962239583282	41.00610587275745
4.534962239583281	41.114826853810904
4.544962239583281	41.22360097307395
4.554962239583281	41.33242766788838
4.564962239583281	41.44130677223696
4.5749622395832805	41.550238028457045
4.58496223958328	41.65922123996537
4.59496223958328	41.76825623828712
4.60496223958328	41.87734291225494
4.61496223958328	41.98648114336816
4.6249622395832795	42.09567087441471
4.634962239583279	42.20491207720591
4.644962239583279	42.3142047347026
4.654962239583279	42.42354876872128
4.664962239583279	42.53294429341262
4.674962239583278	42.6423911871334
4.684962239583278	42.75188948323587
4.694962239583278	42.86143900694616
4.704962239583278	42.97103967676969
4.7149622395832775	43.080691390673785
4.724962239583277	43.1903939803743
4.734962239583277	43.30014736952649
4.744962239583277	43.40995126479684
4.754962239583277	43.51980541796735
4.7649622395832765	43.629709542959155
4.774962239583276	43.73966325681334
4.784962239583276	43.84966589558838
4.794962239583276	43.95971619706277
4.804962239583276	44.069813324230374
4.814962239583275	44.179957009698036
4.824962239583275	44.29014711441235
4.834962239583275	44.400383529251854
4.844962239583275	44.510666186586
4.8549622395832746	44.620994998947374
4.864962239583274	44.731369979759705
4.874962239583274	44.84179112188753
4.884962239583274	44.95225841819479
4.894962239583274	45.0627718812308
4.9049622395832735	45.17333146481903
4.914962239583273	45.283937142039385
4.924962239583273	45.39458890424859
4.934962239583273	45.505286694601146
4.944962239583273	45.616030368896
4.954962239583272	45.72681980123287
4.964962239583272	45.837654957626405
4.974962239583272	45.94853576296458
4.984962239583272	46.05946208254574
4.994962239583272	46.17043403833336
5.004962239583271	46.28145153111249
5.014962239583271	46.392514415304724
5.024962239583271	46.50362252481679
5.034962239583271	46.61477521650729
5.0449622395832705	46.72597206948615
5.05496223958327	46.83721285018254
5.06496223958327	46.94849730068118
5.07496223958327	47.059825171190575
5.08496223958327	47.171196211919316
5.094962239583269	47.28261013164262
5.104962239583269	47.39406676368654
5.114962239583269	47.50556580064745
5.124962239583269	47.617106931275615
5.134962239583269	47.72868979886187
5.144962239583268	47.8403138659969
5.154962239583268	47.95197901789847
5.164962239583268	48.06368507451351
5.174962239583268	48.17543185578947
5.1849622395832675	48.28721914096187
5.194962239583267	48.39904682880928
5.204962239583267	48.51091470547334
5.214962239583267	48.622822632496565
5.224962239583267	48.734770485725385
5.2349622395832665	48.84675811566615
5.244962239583266	48.95878534343106
5.254962239583266	49.070851988985915
5.264962239583266	49.18295786765066
5.274962239583266	49.29510271241355
5.284962239583265	49.407286483529305
5.294962239583265	49.51950884071962
5.304962239583265	49.631769758463996
5.314962239583265	49.744069128187725
5.3249622395832645	49.856406761747586
5.334962239583264	49.96878258324276
5.344962239583264	50.081196535457735
5.354962239583264	50.19364837049769
5.364962239583264	50.30613805958566
5.3749622395832635	50.418665452193295
5.384962239583263	50.531230490874385
5.394962239583263	50.643832907710326
5.404962239583263	50.75647271064733
5.414962239583263	50.869149777147165
5.424962239583262	50.98186414595215
5.434962239583262	51.09461561995657
5.444962239583262	51.207404058554744
5.454962239583262	51.320229291386234
5.4649622395832615	51.433090944514944
5.474962239583261	51.5459883432155
5.484962239583261	51.65892083204105
5.494962239583261	51.771887819064894
5.504962239583261	51.88488895839954
5.5149622395832605	51.99792407992079
5.52496223958326	52.11099310293026
5.53496223958326	52.22409594255036
5.54496223958326	52.33723251694394
5.55496223958326	52.45040274523292
5.564962239583259	52.56360654795705
5.574962239583259	52.67684390725545
5.584962239583259	52.790114641248735
5.594962239583259	52.903418775883296
5.604962239583259	53.01675617527787
5.614962239583258	53.13012676987761
5.624962239583258	53.243530588756954
5.634962239583258	53.356967628803375
5.644962239583258	53.470437569143755
5.6549622395832575	53.583940351459404
5.664962239583257	53.69747583529398
5.674962239583257	53.81104397372542
5.684962239583257	53.92464431183994
5.694962239583257	54.038276750203934
5.704962239583256	54.15194113099219
5.714962239583256	54.2656372302412
5.724962239583256	54.37936484217053
5.734962239583256	54.49312379356168
5.744962239583256	54.60691367211408
5.754962239583255	54.720734117310826
5.764962239583255	54.83458488345576
5.774962239583255	54.94846560580422
5.784962239583255	55.0623760150477
5.7949622395832545	55.17631590713267
5.804962239583254	55.290285169016656
5.814962239583254	55.404283692330004
5.824962239583254	55.51831130704836
5.834962239583254	55.63236799530577
5.8449622395832534	55.74645360832904
5.854962239583253	55.86056801206163
5.864962239583253	55.97471106353262
5.874962239583253	56.0888825550141
5.884962239583253	56.20308230882571
5.894962239583252	56.31731019391672
5.904962239583252	56.43156609539435
5.914962239583252	56.545849897814435
5.924962239583252	56.6601615208043
5.9349622395832515	56.77450087021091
5.944962239583251	56.888867844568615
5.954962239583251	57.00326234211173
5.964962239583251	57.11768424107009
5.974962239583251	57.232133366671015
5.9849622395832505	57.346609539452835
5.99496223958325	57.46111269826342
6.00496223958325	57.57564273447269
6.01496223958325	57.690199625110104
6.02496223958325	57.804783142518566
6.034962239583249	57.91939322810833
6.044962239583249	58.034029781497225
6.054962239583249	58.148692585654175
6.064962239583249	58.263381394878415
6.0749622395832485	58.37809606607091
6.084962239583248	58.49283650107839
6.094962239583248	58.60760257621675
6.104962239583248	58.72239409769821
6.114962239583248	58.83721075286376
6.1249622395832475	58.952052171429294
6.134962239583247	59.06691812057998
6.144962239583247	59.18180845791945
6.154962239583247	59.29672310071061
6.164962239583247	59.41166192850926
6.174962239583246	59.52662479457856
6.184962239583246	59.64161163769562
6.194962239583246	59.756622382249546
6.204962239583246	59.871657012936936
6.214962239583246	59.98671513430822
6.224962239583245	60.10179636934312
6.234962239583245	60.216900651049485
6.244962239583245	60.33202793088932
6.254962239583245	60.44717801813432
6.2649622395832445	60.56235061732261
6.274962239583244	60.67754544931754
6.284962239583244	60.79276241199321
6.294962239583244	60.90800143989716
6.304962239583244	61.02326245264699
6.314962239583243	61.138545158145305
6.324962239583243	61.25384929780694
6.334962239583243	61.369174675011365
6.344962239583243	61.48452124416768
6.354962239583243	61.599888967293424
6.364962239583242	61.715277717584506
6.374962239583242	61.83068739191169
6.384962239583242	61.946117878210636
6.394962239583242	62.061569026326126
6.4049622395832415	62.17704080084374
6.414962239583241	62.29253311253362
6.424962239583241	62.40804566404047
6.434962239583241	62.523578261658905
6.444962239583241	62.63913089912911
6.4549622395832404	62.75470318288325
6.46496223958324	62.87029510040354
6.47496223958324	62.98590653771293
6.48496223958324	63.101537437707485
6.49496223958324	63.21718772535306
6.504962239583239	63.332857378554344
6.514962239583239	63.4485464032689
6.524962239583239	63.56425460883363
6.534962239583239	63.67998191284656
6.5449622395832385	63.79572843920511
6.554962239583238	63.91149407431243
6.564962239583238	64.02727877501643
6.574962239583238	64.14308245509478
6.584962239583238	64.25890512169335
6.5949622395832375	64.37474643601458
6.604962239583237	64.49060621140868
6.614962239583237	64.60648419009144
6.624962239583237	64.72238013910399
6.634962239583237	64.83829350723954
6.644962239583236	64.95422393742837
6.654962239583236	65.07017128009616
6.664962239583236	65.18613540835226
6.674962239583236	65.30211617841643
6.6849622395832355	65.41811346561953
6.694962239583235	65.5341271181887
6.704962239583235	65.6501570621031
6.714962239583235	65.76620319479181
6.724962239583235	65.88226522246809
6.7349622395832345	65.99834284823302
6.744962239583234	66.11443587200478
6.754962239583234	66.2305441848927
6.764962239583234	66.34666770615574
6.774962239583234	66.4628064477892
6.784962239583233	66.5789603716937
6.794962239583233	66.69512945713143
6.804962239583233	66.81131368336482
6.814962239583233	66.92751302965563
6.824962239583233	67.04372747526595
6.834962239583232	67.15995699945829
6.844962239583232	67.27620158132488
6.854962239583232	67.3924611960668
6.864962239583232	67.50873581566309
6.8749622395832315	67.62502539798867
6.884962239583231	67.74133000560559
6.894962239583231	67.85764954549826
6.904962239583231	67.97398399904723
6.914962239583231	68.09033354561598
6.92496223958323	68.20669803375365
6.93496223958323	68.32307724259674
6.94496223958323	68.43947078975563
6.95496223958323	68.5558784366986
6.96496223958323	68.67230017684852
6.974962239583229	68.78873571457163
6.984962239583229	68.90518481415361
6.994962239583229	69.02164696766575
7.004962239583229	69.13812248269625
7.0149622395832285	69.25461074227117
7.024962239583228	69.37111172025739
7.034962239583228	69.48762515233162
7.044962239583228	69.60415103068686
7.054962239583228	69.72068921933581
7.064962239583227	69.83723946935832
7.074962239583227	69.95380193912293
7.084962239583227	70.07037629960462
7.094962239583227	70.18696257276615
7.104962239583227	70.30356056868261
7.114962239583226	70.42017023984918
7.124962239583226	70.53679155267703
7.134962239583226	70.65342421437332
7.144962239583226	70.77006856286988
7.1549622395832255	70.886723986869
7.164962239583225	71.00339061314111
7.174962239583225	71.12006830130848
7.184962239583225	71.23675695546956
7.194962239583225	71.35345651559872
7.2049622395832245	71.47016688627009
7.214962239583224	71.58688793752148
7.224962239583224	71.70361950846112
7.234962239583224	71.82036162840667
7.244962239583224	71.93711403034706
7.254962239583223	72.05387665150762
7.264962239583223	72.17064937497899
7.274962239583223	72.28743207764934
7.284962239583223	72.40422472363318
7.2949622395832225	72.52102727514946
7.304962239583222	72.63783979653994
7.314962239583222	72.75466209980841
7.324962239583222	72.87149418995998
7.334962239583222	72.98833597888274
7.3449622395832215	73.1051873784656
7.354962239583221	73.22204826372057
7.364962239583221	73.33891860531902
7.374962239583221	73.45579826301021
7.384962239583221	73.57268715705278
7.39496223958322	73.68958529882472
7.40496223958322	73.80649210780241
7.41496223958322	73.9234077046273
7.42496223958322	74.04033198840823
7.43496223958322	74.15726474687229
7.444962239583219	74.27420601660745
7.454962239583219	74.3911554863923
7.464962239583219	74.50811322225324
7.474962239583219	74.62507923637583
7.4849622395832185	74.74205345746012
7.494962239583218	74.85903583540212
7.504962239583218	74.9760263674265
7.514962239583218	75.09302496858308
7.524962239583218	75.21003158835036
7.534962239583217	75.32704610330846
7.544962239583217	75.44406847766012
7.554962239583217	75.56109865082345
7.564962239583217	75.67813654954804
7.574962239583217	75.79518217443014
7.584962239583216	75.91223542806073
7.594962239583216	76.02929628664381
7.604962239583216	76.14636472300137
7.614962239583216	76.26344063692846
7.6249622395832155	76.38052398676793
7.634962239583215	76.49761473103317
7.644962239583215	76.61471279040983
7.654962239583215	76.73181806379979
7.664962239583215	76.84893047910805
7.674962239583214	76.96604994304396
7.684962239583214	77.0831763766868
7.694962239583214	77.20030955290846
7.704962239583214	77.31744924955834
7.714962239583214	77.4345953616701
7.724962239583213	77.55174764952496
7.734962239583213	77.66890592182823
7.744962239583213	77.78606993762284
7.754962239583213	77.90323935025427
7.7649622395832125	78.02041417861606
7.774962239583212	78.13759427080707
7.784962239583212	78.25477967051528
7.794962239583212	78.37197008095131
7.804962239583212	78.48916564080218
7.8149622395832115	78.6063663331749
7.824962239583211	78.72357214117596
7.834962239583211	78.84078304791242
7.844962239583211	78.9579990532723
7.854962239583211	79.07522013531529
7.86496223958321	79.19244629393809
7.87496223958321	79.30967753002132
7.88496223958321	79.42691384531278
7.89496223958321	79.54415524236994
7.9049622395832095	79.6614016885983
7.914962239583209	79.77865320354445
7.924962239583209	79.89590969439017
7.934962239583209	80.01317118090184
7.944962239583209	80.13043755267698
7.9549622395832085	80.24770877999536
7.964962239583208	80.3649848011261
7.974962239583208	80.48226561156596
7.984962239583208	80.5995510971956
7.994962239583208	80.71684116939585
8.004962239583207	80.83413583155165
8.014962239583207	80.95143485425744
8.024962239583207	81.06873801398984
8.034962239583207	81.18604490036196
8.044962239583207	81.30335534866138
8.054962239583206	81.42066926486494
8.064962239583206	81.53798670280196
8.074962239583206	81.65530757990386
8.084962239583206	81.77263184667646
8.094962239583205	81.88995946777897
8.104962239583205	82.00729040721002
8.114962239583205	82.1246246282624
8.124962239583205	82.2419620934636
8.134962239583205	82.35930273149623
8.144962239583204	82.47664657056288
8.154962239583204	82.5939935364656
8.164962239583204	82.71134358824243
8.174962239583204	82.82869668387549
8.184962239583204	82.94605273493134
8.194962239583203	83.06341178764124
8.204962239583203	83.18077375087466
8.214962239583203	83.298138607462
8.224962239583203	83.41550627165255
8.234962239583203	83.53287675787958
8.244962239583202	83.65025004735881
8.254962239583202	83.76762607344797
8.264962239583202	83.8850048950816
8.274962239583202	84.00238635457687
8.284962239583201	84.11977073894353
8.294962239583201	84.23715752612625
8.304962239583201	84.35454703156414
8.3149622395832	84.471939117166
8.3249622395832	84.58933361180011
8.3349622395832	84.7067306594797
8.3449622395832	84.8241300957177
8.3549622395832	84.94153192530473
8.3649622395832	85.05893616729921
8.3749622395832	85.17634257887012
8.3849622395832	85.29375126131343
8.394962239583199	85.41116217826436
8.404962239583199	85.52857481054129
8.414962239583199	85.64598957079022
8.424962239583198	85.76340567942695
8.434962239583198	85.88082325985398
8.444962239583198	85.99824209531918
8.454962239583198	86.11566218413495
8.464962239583198	86.23308345111877
8.474962239583197	86.35050587080826
8.484962239583197	86.46792941387224
8.494962239583197	86.58535402899955
8.504962239583197	86.70277968449824
8.514962239583197	86.82020633623725
8.524962239583196	86.93763398540051
8.534962239583196	87.05506256733894
8.544962239583196	87.17249201468583
8.554962239583196	87.28992230055967
8.564962239583195	87.40735334292117
8.574962239583195	87.52478509803677
8.584962239583195	87.64221751571779
8.594962239583195	87.7596506028759
8.604962239583195	87.87708428665118
8.614962239583194	87.99451858000847
8.624962239583194	88.11195346641261
8.634962239583194	88.22938892933018
8.644962239583194	88.34682495222711
8.654962239583194	88.46426151856909
8.664962239583193	88.58169861182196
8.674962239583193	88.69913621545172
8.684962239583193	88.81657428062663
8.694962239583193	88.93401285796931
8.704962239583192	89.05145190132419
8.714962239583192	89.16889139732646
8.724962239583192	89.28633130646679
8.734962239583192	89.40377167765344
8.744962239583192	89.52121253109092
8.754962239583191	89.63865385419601
8.764962239583191	89.75609571619091
8.774962239583191	89.87353772488326
8.78496223958319	89.99097967444814
8.79496223958319	90.1084215838396
8.80496223958319	90.22586343723385
8.81496223958319	90.34330527207845
8.82496223958319	90.46074700858152
8.83496223958319	90.57818864313116
8.84496223958319	90.69563027325091
8.85496223958319	90.81307185093625
8.864962239583189	90.93051337691074
8.874962239583189	91.04795485189811
8.884962239583189	91.16539627662316
8.894962239583188	91.28283765180888
8.904962239583188	91.40027897817903
8.914962239583188	91.51772025645784
8.924962239583188	91.6351614873691
8.934962239583188	91.75260267163655
8.944962239583187	91.87004380998408
8.954962239583187	91.98748490313571
8.964962239583187	92.10492595181455
8.974962239583187	92.22236698200885
8.984962239583187	92.33980794183616
8.994962239583186	92.45724885813944
9.004962239583186	92.57468978246717
9.014962239583186	92.6921306100593
9.024962239583186	92.80957139393044
9.034962239583185	92.92701213401573
9.044962239583185	93.04445283024957
9.054962239583185	93.16189348256724
9.064962239583185	93.27933409090274
9.074962239583185	93.39677465519172
9.084962239583184	93.51421517536802
9.094962239583184	93.63165565136718
9.104962239583184	93.74909608312339
9.114962239583184	93.86653647057177
9.124962239583184	93.98397681364662
9.134962239583183	94.10141711228309
9.144962239583183	94.2188573664162
9.154962239583183	94.33629757598003
9.164962239583183	94.45373774090986
9.174962239583182	94.57117786114026
9.184962239583182	94.6886179366058
9.194962239583182	94.80605790362873
9.204962239583182	94.92349789069603
9.214962239583182	95.04093783389058
9.224962239583181	95.1583777329699
9.234962239583181	95.27581757197031
9.244962239583181	95.39325738348151
9.25496223958318	95.51069715118095
9.26496223958318	95.62813687531467
9.27496223958318	95.74557655613046
9.28496223958318	95.86301619387463
9.29496223958318	95.9804557887942
9.30496223958318	96.09789534113568
9.31496223958318	96.21533485114631
9.32496223958318	96.33277431907268
9.334962239583179	96.4502137451618
9.344962239583179	96.56765312966027
9.354962239583179	96.68509247281547
9.364962239583178	96.80253181217363
9.374962239583178	96.91997107046753
9.384962239583178	97.03741028625117
9.394962239583178	97.15484945873565
9.404962239583178	97.2722886248147
9.414962239583177	97.38972770539041
9.424962239583177	97.50716673844465
9.434962239583177	97.62460573954978
9.444962239583177	97.74204469508389
9.454962239583176	97.85948359049951
9.464962239583176	97.97692245371806
9.474962239583176	98.09436126036924
9.484962239583176	98.21180002437588
9.494962239583176	98.32923874507708
9.504962239583175	98.44667740612167
9.514962239583175	98.56411604024447
9.524962239583175	98.68155462929374
9.534962239583175	98.79899317518804
9.544962239583175	98.91643167558837
9.554962239583174	99.03387013044275
9.564962239583174	99.15130853975063
9.574962239583174	99.2687469035121
9.584962239583174	99.38618522172717
9.594962239583174	99.5036234943958
9.604962239583173	99.6210617215182
9.614962239583173	99.73849990309427
9.624962239583173	99.85593803912407
9.634962239583173	99.97337612960722
9.644962239583172	100.09081417454414
9.654962239583172	100.1984471479702
9.664962239583172	100.296127146589
9.674962239583172	100.39380714520803
9.684962239583172	100.49148714382699
9.694962239583171	100.5891671424458
9.704962239583171	100.68684714106458
9.714962239583171	100.78452713968375
9.72496223958317	100.88220713830248
9.73496223958317	100.97988713692135
9.74496223958317	101.07756713554033
9.75496223958317	101.17524713415901
9.76496223958317	101.27292713277787
9.77496223958317	101.37060713139694
9.78496223958317	101.46828713001565
9.79496223958317	101.56596712863448
9.804962239583169	101.66364712725365
9.814962239583169	101.76132712587227
9.824962239583169	101.85900712449111
9.834962239583168	101.95668712311023
9.844962239583168	102.05436712172902
9.854962239583168	102.15204712034799
9.864962239583168	102.24972711896673
9.874962239583168	102.34740711758579
9.884962239583167	102.44508711620456
9.894962239583167	102.54276711482325
9.904962239583167	102.6404471134422
9.914962239583167	102.73812711206122
9.924962239583166	102.83580711067991
9.934962239583166	102.93348710929888
9.944962239583166	103.03116710791763
9.954962239583166	103.12884710653678
9.964962239583166	103.22652710515555
9.974962239583165	103.32420710377421
9.984962239583165	103.42188710239331
9.994962239583165	103.51956710101203
10.004962239583165	103.61724709963109
10.014962239583165	103.71492709824986
10.024962239583164	103.81260709686865
10.034962239583164	103.91028709548762
10.044962239583164	104.00796709410636
10.054962239583164	104.10564709272526
10.064962239583163	104.2033270913443
10.074962239583163	104.30100708996324
10.084962239583163	104.3986870885821
10.094962239583163	104.49636708720092
10.104962239583163	104.59404708581984
10.114962239583162	104.69172701775177
10.124962239583162	104.78940701912933
10.134962239583162	104.8870870205071
10.144962239583162	104.9847670218846
10.154962239583162	105.08244702326238
10.164962239583161	105.18012702464002
10.174962239583161	105.27780702601775
10.184962239583161	105.37548702739517
10.19496223958316	105.47316702877289
10.20496223958316	105.57084703015046
10.21496223958316	105.66852703152819
10.22496223958316	105.76620703290581
10.23496223958316	105.86388703428338
10.24496223958316	105.9615670356613
10.25496223958316	106.05924703703874
10.26496223958316	106.15692703841634
10.274962239583159	106.25460703979401
10.284962239583159	106.35228704117168
10.294962239583159	106.44996704254925
10.304962239583158	106.54764704392674
10.314962239583158	106.64532704530451
10.324962239583158	106.74300704668212
10.334962239583158	106.84068704805968
10.344962239583158	106.93836704943746
10.354962239583157	107.03604705081487
10.364962239583157	107.13372705219247
10.374962239583157	107.23140705357027
10.384962239583157	107.3290870549479
10.394962239583156	107.4267670563256
10.404962239583156	107.52444705770327
10.414962239583156	107.62212705908088
10.424962239583156	107.71980706045836
10.434962239583156	107.81748706183596
10.444962239583155	107.91516706321374
10.454962239583155	108.01284706459136
10.464962239583155	108.11052706596895
10.474962239583155	108.20820706734652
10.484962239583155	108.30588706872418
10.494962239583154	108.4035670701018
10.504962239583154	108.50124707147954
10.514962239583154	108.59892707285722
10.524962239583154	108.69660707423483
10.534962239583153	108.79428707561233
10.544962239583153	108.89196707698996
10.554962239583153	108.9896470783678
10.564962239583153	109.08732707974528
10.574962239583153	109.1850071386856
10.584962239583152	109.28268713807233
10.594962239583152	109.38036713745906
10.604962239583152	109.47804713684559
10.614962239583152	109.57572713623242
10.624962239583152	109.67340713561907
10.634962239583151	109.77108713500562
10.644962239583151	109.86876713439254
10.654962239583151	109.96644713377921
10.66496223958315	110.06412713316581
10.67496223958315	110.16180713255267
10.68496223958315	110.25948713193922
10.69496223958315	110.35716713132585
10.70496223958315	110.4548471307127
10.71496223958315	110.55252713009942
10.72496223958315	110.65020712948612
10.73496223958315	110.74788712887273
10.744962239583149	110.84556712825936
10.754962239583149	110.94324712764593
10.764962239583149	111.04092712703267
10.774962239583148	111.13860712641953
10.784962239583148	111.23628712580611
10.794962239583148	111.33396712519288
10.804962239583148	111.43164712457953
10.814962239583148	111.52932712396638
10.824962239583147	111.62700712335287
10.834962239583147	111.72468712273968
10.844962239583147	111.8223671221262
10.854962239583147	111.9200471215129
10.864962239583146	112.01772712089945
10.874962239583146	112.11540712028652
10.884962239583146	112.21308711967315
10.894962239583146	112.31076711905988
10.904962239583146	112.40844711844639
10.914962239583145	112.50612711783326
10.924962239583145	112.60380711721969
10.934962239583145	112.70148711660646
10.944962239583145	112.7991671159931
10.954962239583145	112.89684711537993
10.964962239583144	112.99452711476671
10.974962239583144	113.09220711415321
10.984962239583144	113.18988711353985
10.994962239583144	113.28756711292655
11.004962239583143	113.38524711231338
11.014962239583143	113.48292711170015
11.024962239583143	113.58060711108656
11.034962239583143	113.67828711047325
11.044962239583143	113.77596710986013
11.054962239583142	113.87364710924672
11.064962239583142	113.97132710863343
11.074962239583142	114.06900710802009
11.084962239583142	114.16668710740693
11.094962239583142	114.2643671067935
11.104962239583141	114.36204710618017
11.114962239583141	114.45972710556696
11.124962239583141	114.55740710495351
11.13496223958314	114.65508710434007
11.14496223958314	114.75276710372681
11.15496223958314	114.85044710311364
11.16496223958314	114.9481271025003
11.17496223958314	115.04580710188706
11.18496223958314	115.14348710127369
11.19496223958314	115.24116710066032
11.20496223958314	115.33884710004726
11.214962239583139	115.4365270994339
11.224962239583139	115.53420709882052
11.234962239583139	115.63188709820733
11.244962239583138	115.72956709759404
11.254962239583138	115.82724709698063
11.264962239583138	115.92492709636733
11.274962239583138	116.02260709575393
11.284962239583137	116.12028709514074
11.294962239583137	116.21796709452725
11.304962239583137	116.31564709391395
11.314962239583137	116.41332709330058
11.324962239583137	116.51100709268748
11.334962239583136	116.6086870920741
11.344962239583136	116.70636709146085
11.354962239583136	116.80404709084762
11.364962239583136	116.90172709023423
11.374962239583136	116.99940708962102
11.384962239583135	117.09708708900742
11.394962239583135	117.19476708839423
11.404962239583135	117.29244708778106
11.414962239583135	117.3901270871676
11.424962239583135	117.48780708655433
11.434962239583134	117.58548708594093
11.444962239583134	117.68316708532761
11.454962239583134	117.78084708471447
11.464962239583134	117.87852708410117
11.474962239583133	117.97620708348768
11.484962239583133	118.07388708287434
11.494962239583133	118.17156708226118
11.504962239583133	118.26924708164765
11.514962239583133	118.36692708103455
11.524962239583132	118.4646070804211
11.534962239583132	118.56228707980792
11.544962239583132	118.65996707919464
11.554962239583132	118.75764707858137
11.564962239583132	118.85532707796808
11.574962239583131	118.95300707735463
11.584962239583131	119.05068707674137
11.59496223958313	119.14836707612812
11.60496223958313	119.24604701118945
11.61496223958313	119.34372701840903
11.62496223958313	119.4414070256286
11.63496223958313	119.53908703284863
11.64496223958313	119.63676704006835
11.65496223958313	119.73444704728803
11.66496223958313	119.8321270545078
11.67496223958313	119.92980706172774
11.684962239583129	120.02748706894741
11.694962239583129	120.12516712774973
11.704962239583129	120.22284712534942
11.714962239583128	120.32052712294865
11.724962239583128	120.41820712054817
11.734962239583128	120.51588711814755
11.744962239583128	120.61356711574682
11.754962239583127	120.71124711334625
11.764962239583127	120.80892711094565
11.774962239583127	120.90660710854532
11.784962239583127	121.00428710614456
11.794962239583127	121.10196710374417
11.804962239583126	121.19964710134337
11.814962239583126	121.29732709894306
11.824962239583126	121.39500709654237
11.834962239583126	121.4926870941419
11.844962239583126	121.59036709174144
11.854962239583125	121.68804708934069
11.864962239583125	121.78572708694008
11.874962239583125	121.88340708453956
11.884962239583125	121.98108708213903
11.894962239583124	122.07876707973833
11.904962239583124	122.1764470773379
11.914962239583124	122.27412707493724
11.924962239583124	122.37180707253675
11.934962239583124	122.4694870701362
11.944962239583123	122.56716706773571
11.950000000000001	122.61637597483846
1000011.95	122.61637597483846
