-100000	0
0	0
0.0003333333333333333	0.0021142347532757833
0.0008333333333333333	0.00529172336331012
0.0015833333333333333	0.010071631961389042
0.0027083333333333334	0.017271808021147254
0.004395833333333333	0.02813880778065124
0.006927083333333334	0.04458410750617827
0.010723958333333335	0.0695497486421472
0.016419270833333336	0.10750110118051784
0.024962239583333337	0.16539291010797105
0.03496223958333334	0.23438402769006633
0.04496223958333334	0.3045168229744159
0.05496223958333334	0.37561049749649816
0.06496223958333334	0.4475459112563453
0.07496223958333334	0.5202839929924877
0.08496223958333333	0.593752050732494
0.09496223958333333	0.6678727535655583
0.10496223958333332	0.7426147299735458
0.11496223958333332	0.8179505027142866
0.12496223958333331	0.8938412667262297
0.1349622395833333	0.9702442504778909
0.14496223958333332	1.0471409583721498
0.15496223958333333	1.124519989096479
0.16496223958333334	1.2023674040201275
0.17496223958333335	1.2806406129520493
0.18496223958333335	1.3593214040477344
0.19496223958333336	1.4384030096662628
0.20496223958333337	1.517878169049864
0.21496223958333338	1.5977381820580325
0.2249622395833334	1.677969547542963
0.2349622395833334	1.7585381846450971
0.2449622395833334	1.8394345144709585
0.2549622395833334	1.9206580312947323
0.2649622395833334	2.0022071612431316
0.27496223958333343	2.0840799824175837
0.28496223958333344	2.1662719171346727
0.29496223958333345	2.2487495754340614
0.30496223958333346	2.3315029302462538
0.31496223958333347	2.4145317330095732
0.3249622395833335	2.497835528439444
0.3349622395833335	2.5814130151998804
0.3449622395833335	2.665261374500445
0.3549622395833335	2.7493733233165547
0.3649622395833335	2.8337334243909478
0.3749622395833335	2.918331536882044
0.38496223958333353	3.003166586846791
0.39496223958333354	3.0882325550416123
0.40496223958333355	3.1735258178261314
0.41496223958333356	3.259045176391482
0.42496223958333357	3.344788628602833
0.4349622395833336	3.4307481685391923
0.4449622395833336	3.5169181362371935
0.4549622395833336	3.603287326436168
0.4649622395833336	3.689854052377521
0.4749622395833336	3.7766181303278783
0.4849622395833336	3.863579030533208
0.49496223958333363	3.950735731717546
0.5049622395833336	4.038084672789812
0.5149622395833336	4.125617664189405
0.5249622395833337	4.213332517666375
0.5349622395833337	4.301228128086851
0.5449622395833337	4.389296631480629
0.5549622395833337	4.477534281796029
0.5649622395833337	4.565940271552928
0.5749622395833337	4.654512085538911
0.5849622395833337	4.7432487965837975
0.5949622395833337	4.8321484787638305
0.6049622395833337	4.9212065727404575
0.6149622395833337	5.010421408607919
0.6249622395833337	5.099791223459555
0.6349622395833338	5.1893131014779526
0.6449622395833338	5.278982024112531
0.6549622395833338	5.368792824174708
0.6649622395833338	5.458745237397792
0.6749622395833338	5.548839007174971
0.6849622395833338	5.639073758009637
0.6949622395833338	5.729444902568432
0.7049622395833338	5.819947638147569
0.7149622395833338	5.910580848520286
0.7249622395833338	6.001344303107144
0.7349622395833338	6.092237834682157
0.7449622395833339	6.183261329871918
0.7549622395833339	6.2744118484305345
0.7649622395833339	6.365684294877918
0.7749622395833339	6.457078258529627
0.7849622395833339	6.54859343823254
0.7949622395833339	6.640225333793629
0.8049622395833339	6.731969191311745
0.8149622395833339	6.8238246511786524
0.8249622395833339	6.915791371315765
0.8349622395833339	7.007869123073338
0.8449622395833339	7.100057657412116
0.854962239583334	7.192356718326466
0.864962239583334	7.284766049824011
0.874962239583334	7.377282542183294
0.884962239583334	7.469902536524689
0.894962239583334	7.562625841977341
0.904962239583334	7.655448005483048
0.914962239583334	7.7483667322852705
0.924962239583334	7.8413817677645214
0.934962239583334	7.934492755690497
0.944962239583334	8.027698594850001
0.954962239583334	8.120998641407772
0.964962239583334	8.214392665459545
0.9749622395833341	8.30788042657467
0.9849622395833341	8.401461534633443
0.9949622395833341	8.495135248493343
1.004962239583334	8.588897225411886
1.014962239583334	8.682744110751699
1.024962239583334	8.77667311423874
1.034962239583334	8.870683469697568
1.044962239583334	8.964774655669252
1.054962239583334	9.058946370570816
1.064962239583334	9.15319835045205
1.074962239583334	9.247530347124785
1.084962239583334	9.341942126570467
1.094962239583334	9.436433465171584
1.104962239583334	9.531004146300837
1.114962239583334	9.625653954371858
1.124962239583334	9.720382573657814
1.134962239583334	9.815173388193173
1.144962239583334	9.910014461241477
1.154962239583334	10.004905791596787
1.1649622395833341	10.09984737803974
1.1749622395833341	10.194839219350953
1.1849622395833341	10.289881314311023
1.1949622395833341	10.384973661700547
1.2049622395833341	10.480116260392938
1.2149622395833342	10.575309110669492
1.2249622395833342	10.670552212909225
1.2349622395833342	10.765845567590786
1.2449622395833342	10.86118917519279
1.2549622395833342	10.956583036193983
1.2649622395833342	11.052027151072929
1.2749622395833342	11.147521520308299
1.2849622395833342	11.243066144378727
1.2949622395833342	11.338661023762882
1.3049622395833342	11.434306159085182
1.3149622395833342	11.53000155015139
1.3249622395833343	11.625747196958775
1.3349622395833343	11.721543099330491
1.3449622395833343	11.817389258270337
1.3549622395833343	11.913285674501413
1.3649622395833343	12.009232348905568
1.3749622395833343	12.105229282364565
1.3849622395833343	12.201276475760372
1.3949622395833343	12.297373929974736
1.4049622395833343	12.393521875355503
1.4149622395833343	12.489723180865111
1.4249622395833343	12.585978730062784
1.4349622395833344	12.682288537161266
1.4449622395833344	12.778652619276878
1.4549622395833344	12.875070993239525
1.4649622395833344	12.971543675213827
1.4749622395833344	13.068070681317623
1.4849622395833344	13.164652028455397
1.4949622395833344	13.261287738097987
1.5049622395833344	13.357977830338486
1.5149622395833344	13.454722323040409
1.5249622395833344	13.55152123406103
1.5349622395833344	13.648374581257663
1.5449622395833345	13.745282699063514
1.5549622395833345	13.842246997012717
1.5649622395833345	13.939267651654326
1.5749622395833345	14.036344668677355
1.5849622395833345	14.133478052769814
1.5949622395833345	14.230667807298582
1.6049622395833345	14.327913935548464
1.6149622395833345	14.425216440804334
1.6249622395833345	14.522575326350989
1.6349622395833345	14.619990595473311
1.6449622395833345	14.717462251456087
1.6549622395833345	14.814990297584258
1.6649622395833346	14.912574737169093
1.6749622395833346	15.010215573247233
1.6849622395833346	15.107913653265747
1.6949622395833346	15.205670339578795
1.7049622395833346	15.303485662418433
1.7149622395833346	15.401359623676036
1.7249622395833346	15.499292225038749
1.7349622395833346	15.597283468193583
1.7449622395833346	15.695333354827548
1.7549622395833346	15.793441886627816
1.7649622395833346	15.891609065281404
1.7749622395833347	15.989834892475294
1.7849622395833347	16.08811936989664
1.7949622395833347	16.186462499232448
1.8049622395833347	16.284864282169817
1.8149622395833347	16.383324720395773
1.8249622395833347	16.481843815597358
1.8349622395833347	16.580421569455655
1.8449622395833347	16.67905798438793
1.8549622395833347	16.77775306343267
1.8649622395833347	16.876506809693957
1.8749622395833347	16.97531922627614
1.8849622395833348	17.074190316283218
1.8949622395833348	17.173120082819448
1.9049622395833348	17.27210852898886
1.9149622395833348	17.3711556578957
1.9249622395833348	17.47026147264407
1.9349622395833348	17.569425976338206
1.9449622395833348	17.668649172082137
1.9549622395833348	17.767931360400446
1.9649622395833348	17.867273718113758
1.9749622395833348	17.96667640475487
1.9849622395833348	18.066139429111587
1.9949622395833349	18.165662799943238
2.004962239583335	18.26524652600905
2.0149622395833346	18.364890616068372
2.0249622395833344	18.464595078880503
2.034962239583334	18.564359923204805
2.044962239583334	18.66418515780053
2.054962239583334	18.764070791427066
2.0649622395833336	18.864016832843692
2.0749622395833334	18.964023290834128
2.084962239583333	19.064090175322757
2.094962239583333	19.164217497105984
2.1049622395833327	19.264405267044847
2.1149622395833325	19.364653496000074
2.1249622395833323	19.464962194832538
2.134962239583332	19.56533137440318
2.144962239583332	19.665761045572822
2.1549622395833317	19.76625121920226
2.1649622395833314	19.866801906152457
2.1749622395833312	19.967413117284316
2.184962239583331	20.06808486317874
2.194962239583331	20.168817152560894
2.2049622395833306	20.26960999350507
2.2149622395833304	20.370463394070573
2.22496223958333	20.471377362316694
2.23496223958333	20.572351906302732
2.2449622395833297	20.673387034087998
2.2549622395833295	20.77448275373178
2.2649622395833293	20.875639073417528
2.274962239583329	20.976856002804393
2.284962239583329	21.07813355219854
2.2949622395833287	21.17947173194232
2.3049622395833285	21.280870552377984
2.3149622395833283	21.38233002384793
2.324962239583328	21.48385015669444
2.334962239583328	21.585430961259675
2.3449622395833276	21.68707244788615
2.3549622395833274	21.7887746258662
2.364962239583327	21.890537357334217
2.374962239583327	21.992360419759628
2.3849622395833268	22.094243791468994
2.3949622395833265	22.19618746004246
2.4049622395833263	22.298191413060042
2.414962239583326	22.400255638058116
2.424962239583326	22.50238012284018
2.4349622395833257	22.60456485467258
2.4449622395833255	22.706809815155165
2.4549622395833253	22.80911498355665
2.464962239583325	22.911480339979622
2.474962239583325	23.013905875161058
2.4849622395833246	23.116391587141198
2.4949622395833244	23.218937467308777
2.504962239583324	23.321543470502448
2.514962239583324	23.424209557537125
2.5249622395833238	23.526935708828212
2.5349622395833236	23.629721914845966
2.5449622395833233	23.732568166180286
2.554962239583323	23.83547445279554
2.564962239583323	23.93844072315153
2.5749622395833227	24.04146687904278
2.5849622395833225	24.144552921188748
2.5949622395833223	24.247698854537667
2.604962239583322	24.350904684037612
2.614962239583322	24.45417041463683
2.6249622395833216	24.557496051283298
2.6349622395833214	24.660881598925208
2.644962239583321	24.764327062510702
2.654962239583321	24.867832448969715
2.664962239583321	24.97139777494991
2.6749622395833206	25.07502305989009
2.6849622395833204	25.17870832325865
2.69496223958332	25.28245358377344
2.70496223958332	25.386258833108382
2.7149622395833197	25.490124030189023
2.7249622395833195	25.594049131902615
2.7349622395833193	25.698034095135892
2.744962239583319	25.80207887677597
2.754962239583319	25.906183433709764
2.7649622395833187	26.010347685381873
2.7749622395833184	26.114570737480147
2.7849622395833182	26.21885179232736
2.794962239583318	26.323190824275635
2.804962239583318	26.42758783258863
2.8149622395833176	26.532042816575444
2.8249622395833174	26.63655577554492
2.834962239583317	26.741126708806085
2.844962239583317	26.84575561566779
2.8549622395833167	26.9504424954391
2.8649622395833165	27.05518734742887
2.8749622395833163	27.15999017094615
2.884962239583316	27.26485096529984
2.894962239583316	27.36976972979891
2.9049622395833157	27.47474646375235
2.9149622395833155	27.579781166455557
2.9249622395833152	27.684873836986927
2.934962239583315	27.79002447439762
2.944962239583315	27.89523307772532
2.9549622395833146	28.000499646006944
2.9649622395833144	28.1058241782802
2.974962239583314	28.211206673582357
2.984962239583314	28.316647130950674
2.9949622395833138	28.42214554942262
3.0049622395833135	28.52770192680523
3.0149622395833133	28.633316249512998
3.024962239583313	28.738988498474974
3.034962239583313	28.844718651213793
3.0449622395833127	28.950506159763314
3.0549622395833125	29.05634992310273
3.0649622395833123	29.16224975758943
3.074962239583312	29.268205681686222
3.084962239583312	29.374217693835227
3.0949622395833116	29.48028577540224
3.1049622395833114	29.586409907207308
3.114962239583311	29.692590070111187
3.124962239583311	29.79882624497437
3.1349622395833108	29.905118412657473
3.1449622395833106	30.01146655402118
3.1549622395833103	30.117870649926033
3.16496223958331	30.224330681232733
3.17496223958331	30.33084656680606
3.1849622395833097	30.437417563385477
3.1949622395833095	30.544043203700493
3.2049622395833093	30.65072347423876
3.214962239583309	30.75745837135689
3.224962239583309	30.864247891378106
3.2349622395833086	30.971092030655722
3.2449622395833084	31.07799078541288
3.254962239583308	31.184944131823357
3.264962239583308	31.29195200461845
3.274962239583308	31.399014333402025
3.2849622395833076	31.50613104777801
3.2949622395833074	31.613302077350422
3.304962239583307	31.72052735172306
3.314962239583307	31.82780666593141
3.3249622395833067	31.935138986729214
3.3349622395833065	32.04252369154403
3.3449622395833063	32.14996071645476
3.354962239583306	32.257450014520245
3.364962239583306	32.36499153879876
3.3749622395833057	32.472585242348906
3.3849622395833054	32.58023107824202
3.3949622395833052	32.687928998266415
3.404962239583305	32.79567895048305
3.414962239583305	32.9034808822308
3.4249622395833046	33.01133474084853
3.4349622395833044	33.11924047398499
3.444962239583304	33.22719803036784
3.454962239583304	33.335207366629646
3.4649622395833037	33.44326848143045
3.4749622395833035	33.551381387502076
3.4849622395833033	33.65954609769086
3.494962239583303	33.767762624568356
3.504962239583303	33.876030958692624
3.5149622395833027	33.984351057339765
3.5249622395833025	34.0927228750495
3.5349622395833022	34.20114636623058
3.544962239583302	34.30962147166614
3.554962239583302	34.41814807546481
3.5649622395833016	34.5267260492557
3.5749622395833014	34.6353552752804
3.584962239583301	34.7440356309991
3.594962239583301	34.85276656231868
3.6049622395833008	34.961546867600575
3.6149622395833005	35.07037619673682
3.6249622395833003	35.179254518467985
3.6349622395833	35.28818180347021
3.6449622395833	35.397158022904314
3.6549622395832997	35.50618314799838
3.6649622395832995	35.61525714998019
3.6749622395832993	35.72437999698192
3.684962239583299	35.833551641459316
3.694962239583299	35.942772030595975
3.7049622395832986	36.052041111436196
3.7149622395832984	36.16135883102421
3.724962239583298	36.270725124605164
3.734962239583298	36.38013954550052
3.7449622395832978	36.48960167020142
3.7549622395832976	36.59911147461331
3.7649622395832973	36.70866895395801
3.774962239583297	36.81827411206869
3.784962239583297	36.92792696215938
3.7949622395832967	37.037627495082276
3.8049622395832965	37.147375477093384
3.8149622395832963	37.257170456923376
3.824962239583296	37.36701229003615
3.834962239583296	37.47690087784132
3.8449622395832956	37.58683610987386
3.8549622395832954	37.69681787550961
3.864962239583295	37.80684604972782
3.874962239583295	37.91692024810154
3.884962239583295	38.0270398296408
3.8949622395832946	38.13720454951378
3.9049622395832944	38.24741431567403
3.914962239583294	38.35766903649053
3.924962239583294	38.46796862547424
3.9349622395832937	38.578313017021266
3.9449622395832935	38.68870215224999
3.9549622395832933	38.79913596994732
3.964962239583293	38.90961439329621
3.974962239583293	39.020137340776756
3.9849622395832927	39.130704759414485
3.9949622395832924	39.24131660662896
4.004962239583293	39.35197281732852
4.0149622395832925	39.46267290867944
4.024962239583292	39.57341608495799
4.034962239583292	39.68420207721076
4.044962239583292	39.795030837318144
4.054962239583292	39.90590231960898
4.064962239583291	40.016816480699724
4.074962239583291	40.12777327738744
4.084962239583291	40.23877266643227
4.094962239583291	40.349814604607666
4.1049622395832905	40.46089904868656
4.11496223958329	40.57202595042586
4.12496223958329	40.683195197386134
4.13496223958329	40.794406631805536
4.14496223958329	40.905660094611214
4.1549622395832895	41.0169554261428
4.164962239583289	41.12829246699694
4.174962239583289	41.2396710839152
4.184962239583289	41.3510911604346
4.194962239583289	41.46255257926481
4.204962239583288	41.57405522294583
4.214962239583288	41.685598957513385
4.224962239583288	41.797183231331374
4.234962239583288	41.90880716049397
4.2449622395832876	42.02047037280604
4.254962239583287	42.132172820851956
4.264962239583287	42.24391446034258
4.274962239583287	42.35569524698912
4.284962239583287	42.46751513650709
4.2949622395832865	42.579374084323376
4.304962239583286	42.69127204179405
4.314962239583286	42.80320896126029
4.324962239583286	42.91518479026946
4.334962239583286	43.02719941402108
4.344962239583285	43.13925269013389
4.354962239583285	43.25134453340773
4.364962239583285	43.363474903835325
4.374962239583285	43.475643764434736
4.384962239583285	43.58785108145372
4.394962239583284	43.7000968128288
4.404962239583284	43.81238091499549
4.414962239583284	43.92470331783112
4.424962239583284	44.03706385847004
4.4349622395832835	44.1494621214103
4.444962239583283	44.26189757393247
4.454962239583283	44.37436977030579
4.464962239583283	44.48687855349058
4.474962239583283	44.59942378439153
4.484962239583282	44.71200532366151
4.494962239583282	44.82462303186514
4.504962239583282	44.93727676884963
4.514962239583282	45.04996638331449
4.524962239583282	45.162691715323064
4.534962239583281	45.27545260470703
4.544962239583281	45.388248900424756
4.554962239583281	45.50108049322295
4.564962239583281	45.61394728595658
4.5749622395832805	45.726849114192234
4.58496223958328	45.83978576673823
4.59496223958328	45.952756998162535
4.60496223958328	46.065762644042046
4.61496223958328	46.17880256179457
4.6249622395832795	46.291876602679714
4.634962239583279	46.404984602568376
4.644962239583279	46.51812634963997
4.654962239583279	46.631301533365445
4.664962239583279	46.74450978076432
4.674962239583278	46.85775086871572
4.684962239583278	46.971024636855525
4.694962239583278	47.08433092486315
4.704962239583278	47.197669589443755
4.7149622395832775	47.311040509926805
4.724962239583277	47.42444343713743
4.734962239583277	47.53787808698297
4.744962239583277	47.65134426798988
4.754962239583277	47.76484184584026
4.7649622395832765	47.87837070868068
4.774962239583276	47.99193079152682
4.784962239583276	48.1055220352305
4.794962239583276	48.21914438076078
4.804962239583276	48.33279776907477
4.814962239583275	48.44648214112988
4.824962239583275	48.56019743788363
4.834962239583275	48.67394360105789
4.844962239583275	48.787720582627706
4.8549622395832746	48.901528323913325
4.864962239583274	49.0153665768206
4.874962239583274	49.12923508200251
4.884962239583274	49.24313360965566
4.894962239583274	49.357062073121824
4.9049622395832735	49.471020387217045
4.914962239583273	49.58500846675716
4.924962239583273	49.699026226558395
4.934962239583273	49.813073581436555
4.944962239583273	49.92715044620751
4.954962239583272	50.04125673568743
4.964962239583272	50.15539236469208
4.974962239583272	50.269557248037714
4.984962239583272	50.38375130054011
4.994962239583272	50.49797443612345
5.004962239583271	50.61222646163146
5.014962239583271	50.72650709678397
5.024962239583271	50.840815960770065
5.034962239583271	50.955152731416135
5.0449622395832705	51.06951711999593
5.05496223958327	51.18390890560961
5.06496223958327	51.29832787934815
5.07496223958327	51.41277370654722
5.08496223958327	51.527245768849184
5.094962239583269	51.64174377682909
5.104962239583269	51.75626766952766
5.114962239583269	51.870817406357084
5.124962239583269	51.985392949696866
5.134962239583269	52.09999426654871
5.144962239583268	52.214621319663536
5.154962239583268	52.32927390597672
5.164962239583268	52.44395171404825
5.174962239583268	52.558654686041734
5.1849622395832675	52.673382821953346
5.194962239583267	52.78813612348376
5.204962239583267	52.90291459519564
5.214962239583267	53.017718241848556
5.224962239583267	53.13254706816135
5.2349622395832665	53.24740107876861
5.244962239583266	53.36228027801567
5.254962239583266	53.47718467023303
5.264962239583266	53.592114249437536
5.274962239583266	53.70706896758403
5.284962239583265	53.822048675901186
5.294962239583265	53.937052556327075
5.304962239583265	54.05207901262946
5.314962239583265	54.16712751111624
5.3249622395832645	54.282197948512206
5.334962239583264	54.39729022782516
5.344962239583264	54.51240429160343
5.354962239583264	54.62754014512521
5.364962239583264	54.74269779923082
5.3749622395832635	54.85787726462849
5.384962239583263	54.973078548637055
5.394962239583263	55.088301655038215
5.404962239583263	55.20354658739542
5.414962239583263	55.318813349392514
5.424962239583262	55.4341019451937
5.434962239583262	55.549412379399925
5.444962239583262	55.66474465656912
5.454962239583262	55.78009878125929
5.4649622395832615	55.89547475803377
5.474962239583261	56.01087259140021
5.484962239583261	56.12629227286102
5.494962239583261	56.241733764530956
5.504962239583261	56.357196881313115
5.5149622395832605	56.4726808517665
5.52496223958326	56.58818467458327
5.53496223958326	56.70370805956791
5.54496223958326	56.81925089206473
5.55496223958326	56.934813057632475
5.564962239583259	57.0503944419867
5.574962239583259	57.16599492809736
5.584962239583259	57.281614394396826
5.594962239583259	57.39725271878834
5.604962239583259	57.512909779477475
5.614962239583258	57.62858545774159
5.624962239583258	57.74427963666114
5.634962239583258	57.85999218390501
5.644962239583258	57.975722916575776
5.6549622395832575	58.09147169295002
5.664962239583257	58.20723844048449
5.674962239583257	58.323023092637946
5.684962239583257	58.43882558297519
5.694962239583257	58.55464582290627
5.704962239583256	58.67048367636253
5.714962239583256	58.78633906008806
5.724962239583256	58.90221190579395
5.734962239583256	59.01810219499327
5.744962239583256	59.1340099236119
5.754962239583255	59.24993508760432
5.764962239583255	59.3658776829257
5.774962239583255	59.48183770553029
5.784962239583255	59.59781515137295
5.7949622395832545	59.71381001563261
5.804962239583254	59.82982225649199
5.814962239583254	59.94585177209945
5.824962239583254	60.06189844211491
5.834962239583254	60.17796214478319
5.8449622395832534	60.294042758364945
5.854962239583253	60.4101400840057
5.864962239583253	60.52625366095805
5.874962239583253	60.64238300574106
5.884962239583253	60.75852745670084
5.894962239583252	60.87468668683096
5.904962239583252	60.99086048256941
5.914962239583252	61.10704873249351
5.924962239583252	61.22325140959493
5.9349622395832515	61.33946848941631
5.944962239583251	61.45569994751035
5.954962239583251	61.571945759430186
5.964962239583251	61.68820590072918
5.974962239583251	61.80448034696056
5.9849622395832505	61.92076907367787
5.99496223958325	62.03707205751001
6.00496223958325	62.15338928383051
6.01496223958325	62.26972074444992
6.02496223958325	62.38606643351648
6.034962239583249	62.50242634511108
6.044962239583249	62.618800467565876
6.054962239583249	62.73518873228435
6.064962239583249	62.85159070486738
6.0749622395832485	62.96800572917352
6.084962239583248	63.08443328816009
6.094962239583248	63.200872990292964
6.104962239583248	63.31732462235171
6.114962239583248	63.433788103495445
6.1249622395832475	63.55026339016216
6.134962239583247	63.666750436182994
6.144962239583247	63.78324919357954
6.154962239583247	63.8997596133921
6.164962239583247	64.01628163022224
6.174962239583246	64.13281516219811
6.184962239583246	64.24936015650106
6.194962239583246	64.3659165942906
6.204962239583246	64.48248445854287
6.214962239583246	64.59906373240587
6.224962239583245	64.71565439899491
6.234962239583245	64.83225644145841
6.244962239583245	64.94886983361238
6.254962239583245	65.06549450536886
6.2649622395832445	65.18213041258247
6.274962239583244	65.29877752732921
6.284962239583244	65.41543582175835
6.294962239583244	65.53210526799772
6.304962239583244	65.64878583797176
6.314962239583243	65.7654775051563
6.324962239583243	65.88218023277986
6.334962239583243	65.99889396009686
6.344962239583243	66.11561852068763
6.354962239583243	66.23235358698957
6.364962239583242	66.34909885554946
6.374962239583242	66.46585401323811
6.384962239583242	66.58261877550811
6.394962239583242	66.69939298009346
6.4049622395832415	66.8161764856539
6.414962239583241	66.93296909343944
6.424962239583241	67.04977057426163
6.434962239583241	67.16658072763144
6.444962239583241	67.28339938885797
6.4549622395832404	67.4002264542557
6.46496223958324	67.51706186519847
6.47496223958324	67.63390558381587
6.48496223958324	67.75075757148731
6.49496223958324	67.86761779006673
6.504962239583239	67.98448619887483
6.514962239583239	68.10136275614498
6.524962239583239	68.21824741703307
6.534962239583239	68.33514013084418
6.5449622395832385	68.4520408501587
6.554962239583238	68.56894952656052
6.564962239583238	68.6858661120966
6.574962239583238	68.8027905603672
6.584962239583238	68.91972282408122
6.5949622395832375	69.03666285914677
6.604962239583237	69.15361061665172
6.614962239583237	69.27056606528082
6.624962239583237	69.38752917424183
6.634962239583237	69.50449991598956
6.644962239583236	69.62147826354179
6.654962239583236	69.73846415446755
6.664962239583236	69.85545748796726
6.674962239583236	69.97245815953382
6.6849622395832355	70.08946606466097
6.694962239583235	70.20648109884166
6.704962239583235	70.32350315756926
6.714962239583235	70.44053213633697
6.724962239583235	70.55756793063809
6.7349622395832345	70.67461043596631
6.744962239583234	70.79165954934062
6.754962239583234	70.90871516304645
6.764962239583234	71.025777165281
6.774962239583234	71.14284543939641
6.784962239583233	71.25991985475683
6.794962239583233	71.3770002815683
6.804962239583233	71.4940865909198
6.814962239583233	71.61117867465134
6.824962239583233	71.72827645501677
6.834962239583232	71.84537987892773
6.844962239583232	71.96248889495797
6.854962239583232	72.07960345283496
6.864962239583232	72.19672351649845
6.8749622395832315	72.31384906765282
6.884962239583231	72.43098008824339
6.894962239583231	72.54811656063785
6.904962239583231	72.6652584623361
6.914962239583231	72.78240576295228
6.92496223958323	72.89955843021946
6.93496223958323	73.01671643187193
6.94496223958323	73.13387973564237
6.95496223958323	73.25104830926556
6.96496223958323	73.36822212047433
6.974962239583229	73.48540113700264
6.984962239583229	73.60258532658354
6.994962239583229	73.71977465733174
7.004962239583229	73.83696908685609
7.0149622395832285	73.95416855316006
7.024962239583228	74.07137298608909
7.034962239583228	74.18858231884818
7.044962239583228	74.30579646917217
7.054962239583228	74.42301528220746
7.064962239583227	74.54023856627035
7.074962239583227	74.65746613035722
7.084962239583227	74.7746978078415
7.094962239583227	74.8919334525852
7.104962239583227	75.00917291794404
7.114962239583226	75.12641605847473
7.124962239583226	75.24366274072784
7.134962239583226	75.3609128389841
7.144962239583226	75.47816622755388
7.1549622395832255	75.59542278232615
7.164962239583225	75.71268238728628
7.174962239583225	75.82994497354048
7.184962239583225	75.94721053362879
7.194962239583225	76.06447906684102
7.2049622395832245	76.18175057347032
7.214962239583224	76.29902505114991
7.224962239583224	76.41630250120174
7.234962239583224	76.53358292402912
7.244962239583224	76.65086632003542
7.254962239583223	76.76815268962342
7.264962239583223	76.88544203319609
7.274962239583223	77.00273435115682
7.284962239583223	77.1200296439085
7.2949622395832225	77.23732791227354
7.304962239583222	77.3546291564363
7.314962239583222	77.47193336470085
7.324962239583222	77.589240504137
7.334962239583222	77.70655053905406
7.3449622395832215	77.82386343376189
7.354962239583221	77.94117915256942
7.364962239583221	78.05849765978714
7.374962239583221	78.17581891972418
7.384962239583221	78.29314289669031
7.39496223958322	78.41046955499509
7.40496223958322	78.52779885894802
7.41496223958322	78.6451307728591
7.42496223958322	78.76246526103739
7.43496223958322	78.87980228970825
7.444962239583219	78.99714181270386
7.454962239583219	79.11448376407138
7.464962239583219	79.23182806981188
7.474962239583219	79.34917465450366
7.4849622395832185	79.46652344082652
7.494962239583218	79.58387434409985
7.504962239583218	79.70122728217206
7.514962239583218	79.81858217289407
7.524962239583218	79.93593893411706
7.534962239583217	80.05329748417665
7.544962239583217	80.17065774077072
7.554962239583217	80.28801963081023
7.564962239583217	80.40538311108618
7.574962239583217	80.5227481501046
7.584962239583216	80.64011471596385
7.594962239583216	80.75748277676236
7.604962239583216	80.87485230059967
7.614962239583216	80.99222325557405
7.6249622395832155	81.1095956097845
7.634962239583215	81.22696933132993
7.644962239583215	81.3443443883088
7.654962239583215	81.46172075853916
7.664962239583215	81.57909839148049
7.674962239583214	81.69647726695158
7.684962239583214	81.81385735519682
7.694962239583214	81.93123862646
7.704962239583214	82.04862105098555
7.714962239583214	82.16600459901733
7.724962239583213	82.28338924079902
7.734962239583213	82.40077494657544
7.744962239583213	82.51816169034737
7.754962239583213	82.63554947050132
7.7649622395832125	82.75293826594026
7.774962239583212	82.87032808639859
7.784962239583212	82.9877189318782
7.794962239583212	83.10511080238051
7.804962239583212	83.22250369790791
7.8149622395832115	83.33989761846237
7.824962239583211	83.45729256404567
7.834962239583211	83.57468853465997
7.844962239583211	83.69208553030678
7.854962239583211	83.80948355098829
7.86496223958321	83.92688259670665
7.87496223958321	84.04428266746349
7.88496223958321	84.16168376326108
7.89496223958321	84.27908588410081
7.9049622395832095	84.39648902998528
7.914962239583209	84.51389320091579
7.924962239583209	84.6312983968944
7.934962239583209	84.7487046165799
7.944962239583209	84.8661118626661
7.9549622395832085	84.98352013380635
7.964962239583208	85.10092943141483
7.974962239583208	85.21833974270855
7.984962239583208	85.33575104061323
7.994962239583208	85.45316328694338
8.004962239583207	85.57057644390126
8.014962239583207	85.68799047271686
8.024962239583207	85.80540533461988
8.034962239583207	85.92282099084076
8.044962239583207	86.04023740260922
8.054962239583206	86.1576545311557
8.064962239583206	86.27507233870398
8.074962239583206	86.39249080207962
8.084962239583206	86.50990991496903
8.094962239583205	86.62732967622463
8.104962239583205	86.74475008887003
8.114962239583205	86.8621711561665
8.124962239583205	86.97959288137433
8.134962239583205	87.09701526775476
8.144962239583204	87.21443831856836
8.154962239583204	87.3318620370763
8.164962239583204	87.44928642653908
8.174962239583204	87.56671149021787
8.184962239583204	87.68413722999081
8.194962239583203	87.80156364899797
8.204962239583203	87.9189907350407
8.214962239583203	88.03641847459332
8.224962239583203	88.15384685413001
8.234962239583203	88.27127586012492
8.244962239583202	88.38870547905202
8.254962239583202	88.50613569647173
8.264962239583202	88.62356649356978
8.274962239583202	88.7409978600522
8.284962239583201	88.85842978767609
8.294962239583201	88.97586226905608
8.304962239583201	89.0932952924349
8.3149622395832	89.21072884738649
8.3249622395832	89.32816292249316
8.3349622395832	89.44559750633843
8.3449622395832	89.56303258750441
8.3549622395832	89.68046815417311
8.3649622395832	89.79790417883659
8.3749622395832	89.9153406147803
8.3849622395832	90.03277741477294
8.394962239583199	90.1502145315818
8.404962239583199	90.26765191797514
8.414962239583199	90.38508952672115
8.424962239583198	90.50252731109181
8.434962239583198	90.61996522325742
8.444962239583198	90.73740321935814
8.454962239583198	90.85484127722232
8.464962239583198	90.97227939649909
8.474962239583197	91.08971757674745
8.484962239583197	91.2071558179673
8.494962239583197	91.32459412015852
8.504962239583197	91.44203248332124
8.514962239583197	91.55947090745546
8.524962239583196	91.6769093925611
8.534962239583196	91.79434793863837
8.544962239583196	91.9117865456871
8.554962239583196	92.02922521370722
8.564962239583195	92.14666394269871
8.574962239583195	92.26410273266177
8.584962239583195	92.38154158359639
8.594962239583195	92.498980494569
8.604962239583195	92.61641946575443
8.614962239583194	92.73385849180674
8.624962239583194	92.85129756802712
8.634962239583194	92.96873668971642
8.644962239583194	93.08617585217536
8.654962239583194	93.20361505070464
8.664962239583193	93.3210542806054
8.674962239583193	93.43849353674251
8.684962239583193	93.55593281630108
8.694962239583193	93.67337211826127
8.704962239583192	93.79081144262271
8.714962239583192	93.90825078938556
8.724962239583192	94.02569015855005
8.734962239583192	94.14312955011597
8.744962239583192	94.26056896408372
8.754962239583191	94.37800840045223
8.764962239583191	94.4954478592227
8.774962239583191	94.6128873403946
8.78496223958319	94.73032684396816
8.79496223958319	94.84776635256263
8.80496223958319	94.96520581900262
8.81496223958319	95.08264523800493
8.82496223958319	95.20008460956936
8.83496223958319	95.31752393369646
8.84496223958319	95.43496320909793
8.85496223958319	95.55240243931857
8.864962239583189	95.66984162670015
8.874962239583189	95.78728077361161
8.884962239583189	95.90471988619586
8.894962239583188	96.02215896879918
8.904962239583188	96.1395980278768
8.914962239583188	96.25703706542231
8.924962239583188	96.37447608317824
8.934962239583188	96.49191508188535
8.944962239583187	96.60935406202267
8.954962239583187	96.72679302406813
8.964962239583187	96.84423196849995
8.974962239583187	96.96167089366139
8.984962239583187	97.07910980434538
8.994962239583186	97.19654869901477
9.004962239583186	97.31398757870329
9.014962239583186	97.4314264429492
9.024962239583186	97.54886529221072
9.034962239583185	97.66630412786435
9.044962239583185	97.78374294727013
9.054962239583185	97.90118175194074
9.064962239583185	98.0186205420196
9.074962239583185	98.13605931765038
9.084962239583184	98.2534980789756
9.094962239583184	98.37093682613907
9.104962239583184	98.48837555928358
9.114962239583184	98.60581427855247
9.124962239583184	98.72325298408924
9.134962239583183	98.84069167603697
9.144962239583183	98.9581303545384
9.154962239583183	99.07556901973739
9.164962239583183	99.19300767177697
9.174962239583182	99.31044631079997
9.184962239583182	99.4278849369503
9.194962239583182	99.54532355037058
9.204962239583182	99.6627621512045
9.214962239583182	99.78020074195086
9.224962239583181	99.89763931832157
9.234962239583181	100.01507788139875
9.244962239583181	100.13251643244236
9.25496223958318	100.24995497097619
9.26496223958318	100.36739349689749
9.27496223958318	100.48483201010455
9.28496223958318	100.60227051184528
9.29496223958318	100.71970899933369
9.30496223958318	100.83714747385667
9.31496223958318	100.9545859353541
9.32496223958318	101.07202438376521
9.334962239583179	101.18946281902952
9.344962239583179	101.30690124108622
9.354962239583179	101.4243396498749
9.364962239583178	101.54177804533475
9.374962239583178	101.65921642740521
9.384962239583178	101.77665479602558
9.394962239583178	101.89409315113554
9.404962239583178	102.0115314926742
9.414962239583177	102.12896982194613
9.424962239583177	102.24640813636493
9.434962239583177	102.3638464378945
9.444962239583177	102.48128472551275
9.454962239583176	102.59872299780349
9.464962239583176	102.71616125574276
9.474962239583176	102.83359949836179
9.484962239583176	102.95103772548225
9.494962239583176	103.06847593737895
9.504962239583175	103.1859141328767
9.514962239583175	103.30335231216
9.524962239583175	103.42079047450768
9.534962239583175	103.53822862053798
9.544962239583175	103.65566674735577
9.554962239583174	103.77310485941226
9.564962239583174	103.89054295509845
9.574962239583174	104.0079810351089
9.584962239583174	104.12541909968826
9.594962239583174	104.2428571508799
9.604962239583173	104.3602951872025
9.614962239583173	104.47773321236403
9.624962239583173	104.59517122589199
9.634962239583173	104.71260923184619
9.644962239583172	104.83004723635234
9.654962239583172	104.94748523665508
9.664962239583172	105.06492323662586
9.674962239583172	105.18236123659668
9.684962239583172	105.29979923656722
9.694962239583171	105.41723723653807
9.704962239583171	105.534675236509
9.714962239583171	105.65211323647964
9.72496223958317	105.76955123645052
9.73496223958317	105.88698923642143
9.74496223958317	106.00442723639216
9.75496223958317	106.12186523636291
9.76496223958317	106.23930323633381
9.77496223958317	106.35674123630459
9.78496223958317	106.47417923627529
9.79496223958317	106.59161723624604
9.804962239583169	106.70905523621687
9.814962239583169	106.82649323618782
9.824962239583169	106.94393123615849
9.834962239583168	107.06136923612942
9.844962239583168	107.17880723610048
9.854962239583168	107.29624523607093
9.864962239583168	107.41368323604179
9.874962239583168	107.53112123601261
9.884962239583167	107.64855923598343
9.894962239583167	107.76599723595415
9.904962239583167	107.88343523592503
9.914962239583167	108.00087323589577
9.924962239583166	108.1183112358665
9.934962239583166	108.23574923583739
9.944962239583166	108.35318723580822
9.954962239583166	108.47062523577878
9.964962239583166	108.58806323574976
9.974962239583165	108.7055012357207
9.984962239583165	108.82293923569152
9.994962239583165	108.94037723566235
10.004962239583165	109.05781523563269
10.014962239583165	109.17525323560389
10.024962239583164	109.29269123557461
10.034962239583164	109.41012923554538
10.044962239583164	109.52756723551616
10.054962239583164	109.64500523548713
10.064962239583163	109.76244323545778
10.074962239583163	109.87988123542868
10.084962239583163	109.99731923539952
10.094962239583163	110.11475723537015
10.104962239583163	110.2321952353411
10.114962239583162	110.34963323531177
10.124962239583162	110.46707123528266
10.134962239583162	110.58450923525348
10.144962239583162	110.70194723522415
10.154962239583162	110.81938523519493
10.164962239583161	110.93682323516569
10.174962239583161	111.05426123513675
10.184962239583161	111.17169923510741
10.19496223958316	111.28913723507823
10.20496223958316	111.40657523504906
10.21496223958316	111.52401323501984
10.22496223958316	111.64145123499051
10.23496223958316	111.75888923496149
10.24496223958316	111.87632723493219
10.25496223958316	111.99376523490315
10.26496223958316	112.11120323487388
10.274962239583159	112.22864123484453
10.284962239583159	112.34607923481526
10.294962239583159	112.46351723478605
10.304962239583158	112.580955234757
10.314962239583158	112.69839323472767
10.324962239583158	112.8158312346985
10.334962239583158	112.9332692346696
10.344962239583158	113.05070723464024
10.354962239583157	113.16814523461095
10.364962239583157	113.28558323458194
10.374962239583157	113.40302123455245
10.384962239583157	113.5204592345234
10.394962239583156	113.63789723449413
10.404962239583156	113.75533523446514
10.414962239583156	113.87260776234749
10.424962239583156	113.98936912313081
10.434962239583156	114.10560847598795
10.444962239583155	114.22132582091919
10.454962239583155	114.33652115792428
10.464962239583155	114.45119448700349
10.474962239583155	114.56534580815662
10.484962239583155	114.67897512138364
10.494962239583154	114.79208242668477
10.504962239583154	114.90466772405966
10.514962239583154	115.01673101350862
10.524962239583154	115.1282722950317
10.534962239583153	115.23929156862867
10.544962239583153	115.34978883429989
10.554962239583153	115.4597640920448
10.564962239583153	115.56921734186362
10.574962239583153	115.67814858375652
10.584962239583152	115.78655781772324
10.594962239583152	115.89444504376405
10.604962239583152	116.00181026187892
10.614962239583152	116.10865347206774
10.624962239583152	116.21497467433056
10.634962239583151	116.32077386866709
10.644962239583151	116.42605105507785
10.654962239583151	116.5308062335626
10.66496223958315	116.63503940412116
10.67496223958315	116.73875056675398
10.68496223958315	116.84193972146052
10.69496223958315	116.94460686824127
10.70496223958315	117.04675200709579
10.71496223958315	117.14837513802445
10.72496223958315	117.24947626102691
10.73496223958315	117.35005537610353
10.744962239583149	117.4501124832538
10.754962239583149	117.5496475824785
10.764962239583149	117.64866067377692
10.774962239583148	117.74715175714894
10.784962239583148	117.84512083259557
10.794962239583148	117.94280158618491
10.804962239583148	118.04048158616025
10.814962239583148	118.13816158613524
10.824962239583147	118.2358415861104
10.834962239583147	118.33352158608555
10.844962239583147	118.43120158606074
10.854962239583147	118.5288815860357
10.864962239583146	118.62656158601085
10.874962239583146	118.72424158598616
10.884962239583146	118.82192158596132
10.894962239583146	118.91960158593636
10.904962239583146	119.01728158591142
10.914962239583145	119.11496158588663
10.924962239583145	119.21264158586176
10.934962239583145	119.31032158583689
10.944962239583145	119.40800158581207
10.954962239583145	119.50568158578714
10.964962239583144	119.60336158576227
10.974962239583144	119.70104158573756
10.984962239583144	119.79872158571263
10.994962239583144	119.89640158568784
11.004962239583143	119.99408158566271
11.014962239583143	120.09176158563785
11.024962239583143	120.18944158561312
11.034962239583143	120.28712158558815
11.044962239583143	120.38480158556345
11.054962239583142	120.48248158553832
11.064962239583142	120.58016158551358
11.074962239583142	120.67784158548895
11.084962239583142	120.7755215854638
11.094962239583142	120.87320158543909
11.104962239583141	120.97088158541418
11.114962239583141	121.06856158538928
11.124962239583141	121.16624158536452
11.13496223958314	121.2639215853397
11.14496223958314	121.3616015853148
11.15496223958314	121.45928158528984
11.16496223958314	121.556961585265
11.17496223958314	121.65464158524007
11.18496223958314	121.75232158521524
11.19496223958314	121.85000158519034
11.20496223958314	121.94768158516563
11.214962239583139	122.04536158514067
11.224962239583139	122.14304158511577
11.234962239583139	122.2407215850909
11.244962239583138	122.33840158506612
11.254962239583138	122.43608158505106
11.264962239583138	122.53376158503032
11.274962239583138	122.63144158501015
11.284962239583137	122.72912158498976
11.294962239583137	122.82680158496937
11.304962239583137	122.92448158494906
11.314962239583137	123.0221615849287
11.324962239583137	123.11984158490813
11.334962239583136	123.21752158488789
11.344962239583136	123.31520158490564
11.354962239583136	123.41288158487947
11.364962239583136	123.51056158485316
11.374962239583136	123.60824158482711
11.384962239583135	123.70592158480065
11.394962239583135	123.80360158477471
11.404962239583135	123.90128158474833
11.414962239583135	123.99896158472207
11.424962239583135	124.09664158469555
11.434962239583134	124.19432158466945
11.444962239583134	124.29200158464332
11.454962239583134	124.389681584617
11.464962239583134	124.48736158459097
11.474962239583133	124.58504158456456
11.484962239583133	124.68272158453834
11.494962239583133	124.78040158451232
11.504962239583133	124.87808158448591
11.514962239583133	124.97576158445976
11.524962239583132	125.07344158443343
11.534962239583132	125.17112158440716
11.544962239583132	125.26880158438101
11.554962239583132	125.36648158435469
11.564962239583132	125.46416158432852
11.574962239583131	125.56184158430217
11.584962239583131	125.65952158427608
11.59496223958313	125.75720158425003
11.60496223958313	125.8548815842238
11.61496223958313	125.95256158419738
11.62496223958313	126.05024158417103
11.63496223958313	126.14792158414478
11.64496223958313	126.24560158411877
11.65496223958313	126.34328158409222
11.66496223958313	126.44096158406632
11.67496223958313	126.53864158403975
11.684962239583129	126.63632158401361
11.694962239583129	126.73400158398748
11.704962239583129	126.83168158396113
11.714962239583128	126.92936158393479
11.724962239583128	127.0270415839089
11.734962239583128	127.12472158388252
11.744962239583128	127.22240158385631
11.754962239583127	127.32008158383023
11.764962239583127	127.41776158380404
11.774962239583127	127.5154415837777
11.784962239583127	127.61312158375141
11.794962239583127	127.710801583725
11.804962239583126	127.80848158369866
11.814962239583126	127.90616158367267
11.824962239583126	128.00384158364622
11.834962239583126	128.10152158362013
11.844962239583126	128.19920158359398
11.854962239583125	128.29688158356774
11.864962239583125	128.39456158354153
11.874962239583125	128.49224158351524
11.884962239583125	128.58992158348894
11.894962239583124	128.6876015834627
11.904962239583124	128.78528158343659
11.914962239583124	128.88296158341012
11.924962239583124	128.980641583384
11.934962239583124	129.07832158335805
11.944962239583123	129.17600158333158
11.950000000000001	129.22521042435903
1000011.95	129.22521042435903
