-100000	0
0	0
0.0033333333333333335	0.022237419577700205
0.008333333333333333	0.0561866142570343
0.01583333333333333	0.10815685917135923
0.02708333333333333	0.18780525853258914
0.043958333333333335	0.31026292870016237
0.06927083333333334	0.4990981429537036
0.10723958333333333	0.7912833222784551
0.16419270833333333	1.2447340799850328
0.24962239583333334	1.9508035841679952
0.3496223958333333	2.80739357464332
0.4496223958333333	3.6894017713967195
0.5496223958333333	4.591843986952244
0.6496223958333333	5.5113390066072325
0.7496223958333332	6.44520707119103
0.8496223958333332	7.391384694106408
0.9496223958333332	8.348180022987112
1.0496223958333333	9.31418209781647
1.1496223958333334	10.288075655828974
1.2496223958333335	11.267345072878841
1.3496223958333335	12.251093139511394
1.4496223958333336	13.239359693574277
1.5496223958333337	14.232424843362862
1.6496223958333338	15.230445887952799
1.749622395833334	16.233548848624714
1.849622395833334	17.241898823016317
1.949622395833334	18.255506025805676
2.049622395833334	19.274410601130537
2.149622395833334	20.298691851628945
2.249622395833334	21.328372118380386
2.349622395833334	22.363479944761675
2.4496223958333343	23.403989498908217
2.5496223958333344	24.449878622921556
2.6496223958333345	25.501154707376926
2.7496223958333346	26.557786975671853
2.8496223958333347	27.619717050452994
2.9496223958333347	28.68683582815573
3.049622395833335	29.759092498176027
3.149622395833335	30.83639748096179
3.249622395833335	31.91866183615534
3.349622395833335	33.005780016522884
3.449622395833335	34.09760914548943
3.5496223958333353	35.194026789995526
3.6496223958333354	36.294967055929284
3.7496223958333355	37.4002646942793
3.8496223958333355	38.509797069315525
3.9496223958333356	39.62340358759388
4.049622395833335	40.740987742082645
4.149622395833335	41.862354198849495
4.249622395833335	42.987384580601535
4.349622395833334	44.11592814869056
4.449622395833334	45.24782334770109
4.5496223958333335	46.38294148065179
4.649622395833333	47.52116239473959
4.749622395833333	48.66229338128423
4.849622395833332	49.80618471419433
4.949622395833332	50.952701229633675
5.049622395833332	52.101667623300166
5.149622395833331	53.252960407661064
5.249622395833331	54.40642224576418
5.349622395833331	55.56191790630413
5.44962239583333	56.719317865925355
5.54962239583333	57.878525274559564
5.64962239583333	59.03933944566965
5.749622395833329	60.201688261868235
5.849622395833329	61.36543762771819
5.9496223958333285	62.53044329933742
6.049622395833328	63.69660788651151
6.149622395833328	64.86383794466579
6.2496223958333275	66.03200723595931
6.349622395833327	67.20103090406471
6.449622395833327	68.37081595865662
6.549622395833326	69.54124561183953
6.649622395833326	70.71226246301322
6.749622395833326	71.88381498741005
6.849622395833325	73.05584834026115
6.949622395833325	74.22830586566631
7.049622395833325	75.40111732456253
7.149622395833324	76.574223371006
7.249622395833324	77.7475728981177
7.3496223958333236	78.9211162908492
7.449622395833323	80.09481999105058
7.549622395833323	81.26864582402462
7.6496223958333225	82.44258337508211
7.749622395833322	83.61662547594736
7.849622395833322	84.79076144020853
7.949622395833321	85.96497978864346
8.049622395833321	87.13926402083351
8.14962239583332	88.31359225781156
8.24962239583332	89.48794312275135
8.34962239583332	90.66230627375074
8.44962239583332	91.83667905940463
8.54962239583332	93.01105966016513
8.649622395833319	94.1854456355799
8.749622395833319	95.3598344692238
8.849622395833318	96.5342246223869
8.949622395833318	97.70861200440758
9.049622395833318	98.8829980419743
9.149622395833317	100.05738305797844
9.249622395833317	101.23176711467683
9.349622395833316	102.40615030317686
9.449622395833316	103.58053269439763
9.549622395833316	104.75491422297799
9.649622395833315	105.9292945692133
9.749622395833315	107.10367456921357
9.849622395833315	108.27805456921382
9.949622395833314	109.4524345692141
10.049622395833314	110.62681456921418
10.149622395833314	111.8011945692145
10.249622395833313	112.97557456921483
10.349622395833313	114.14995456921493
10.449622395833313	115.32433456921514
10.549622395833312	116.49871456921538
10.649622395833312	117.67309456921554
10.749622395833311	118.84747456921598
10.849622395833311	120.01112291716133
10.94962239583331	121.1259301219951
11.04962239583331	122.18853653422629
11.14962239583331	123.19894215385523
11.24962239583331	124.17628168952648
11.34962239583331	125.15308168952848
11.449622395833309	126.1298816895282
11.549622395833309	127.10668168952787
11.649622395833308	128.08348168952733
11.749622395833308	129.06028168952713
11.849622395833308	130.03708168952676
11.949622395833307	131.0138816895263
11.950000000000001	131.0175701270296
1000011.95	131.0175701270296
