-100000	0
0	0
0.0033333333333333335	0.02318528633785936
0.008333333333333333	0.058585335691242975
0.01583333333333333	0.11272483128642141
0.02708333333333333	0.19568724859248524
0.043958333333333335	0.32311477881472417
0.06927083333333334	0.5193372168796807
0.10723958333333333	0.8225391971427942
0.16419270833333333	1.292453261481248
0.24962239583333334	2.0230622276545445
0.3496223958333333	2.9081593268356083
0.4496223958333333	3.8184741692283426
0.5496223958333333	4.749022362775327
0.6496223958333333	5.696423163540631
0.7496223958333332	6.657963901695204
0.8496223958333332	7.631586231906213
0.9496223958333332	8.615620780946125
1.0496223958333333	9.608651344729454
1.1496223958333334	10.609333636945982
1.2496223958333335	11.614962293283924
1.3496223958333335	12.624552768696617
1.4496223958333336	13.63813633669425
1.5496223958333337	14.655962934726324
1.6496223958333338	15.678177837124403
1.749622395833334	16.70489308695606
1.849622395833334	17.73623742527966
1.949622395833334	18.77223059008079
2.049622395833334	19.8129390980029
2.149622395833334	20.858421282353213
2.249622395833334	21.908675803496642
2.349622395833334	22.963718755894227
2.4496223958333343	24.0235844855494
2.5496223958333344	25.088231428139647
2.6496223958333345	26.157626267853225
2.7496223958333346	27.231739291393293
2.8496223958333347	28.310539618779732
2.9496223958333347	29.39392705251437
3.049622395833335	30.48186936080708
3.149622395833335	31.574276984715205
3.249622395833335	32.6710387160493
3.349622395833335	33.77209155046109
3.449622395833335	34.87731524167519
3.5496223958333353	35.98656973300465
3.6496223958333354	37.09981293889058
3.7496223958333355	38.216872095270595
3.8496223958333355	39.337654195655155
3.9496223958333356	40.46200935313211
4.049622395833335	41.58980586215405
4.149622395833335	42.72089058242325
4.249622395833335	43.85514316900322
4.349622395833334	44.992438421516304
4.449622395833334	46.132611835269984
4.5496223958333335	47.275565506816044
4.649622395833333	48.42114326077267
4.749622395833333	49.569210116218564
4.849622395833332	50.71958967357575
4.949622395833332	51.8721816121003
5.049622395833332	53.026797703769475
5.149622395833331	54.18337746970082
5.249622395833331	55.34175517987253
5.349622395833331	56.50181007142356
5.44962239583333	57.66341042749594
5.54962239583333	58.826458427064956
5.64962239583333	59.99079403127725
5.749622395833329	61.156355113639485
5.849622395833329	62.32301438575111
5.9496223958333285	63.49061958648561
6.049622395833328	64.6591201074916
6.149622395833328	65.82847690342722
6.2496223958333275	66.99860341690892
6.349622395833327	68.16933775852856
6.449622395833327	69.34066000534145
6.549622395833326	70.5124951921943
6.649622395833326	71.68475859380582
6.749622395833326	72.85737493118606
6.849622395833325	74.0303129110045
6.949622395833325	75.20350925568624
7.049622395833325	76.37691051844075
7.149622395833324	77.55050194360165
7.249622395833324	78.72425835135469
7.3496223958333236	79.89815115597732
7.449622395833323	81.07215907488701
7.549622395833323	82.24626396889214
7.6496223958333225	83.42044386053608
7.749622395833322	84.59469223650487
7.849622395833322	85.76898865921603
7.949622395833321	86.9433071512713
8.049622395833321	88.11763592290869
8.14962239583332	89.29197467582732
8.24962239583332	90.46632410315877
8.34962239583332	91.64068456808748
8.44962239583332	92.81505522582378
8.54962239583332	93.98943316821824
8.649622395833319	95.16381587460023
8.749622395833319	96.3382019679491
8.849622395833318	97.51258926249419
8.949622395833318	98.68697469394243
9.049622395833318	99.86135919853535
9.149622395833317	101.03574284888371
9.249622395833317	102.21012581328938
9.349622395833316	103.38450822647299
9.449622395833316	104.55889013307771
9.549622395833316	105.73327137454518
9.649622395833315	106.9076516518124
9.749622395833315	108.08203159667441
9.849622395833315	109.25641143045902
9.949622395833314	110.4307911532291
10.049622395833314	111.6051707650457
10.149622395833314	112.77955026597056
10.249622395833313	113.9539296560648
10.349622395833313	115.12830893538968
10.449622395833313	116.30268810400688
10.549622395833312	117.47706716197781
10.649622395833312	118.65144610936396
10.749622395833311	119.82582494622649
10.849622395833311	121.00020367262681
10.94962239583331	122.17458228862674
11.04962239583331	123.34896084322719
11.14962239583331	124.5233392390366
11.24962239583331	125.52854628649585
11.34962239583331	126.50534628218524
11.449622395833309	127.48214627787489
11.549622395833309	128.4589462735643
11.649622395833308	129.43574626925363
11.749622395833308	130.41254626494327
11.849622395833308	131.38934626063252
11.949622395833307	132.3661462563222
11.950000000000001	132.36983476614228
1000011.95	132.36983476614228
