-100000	0
0	0
0.0033333333333333335	0.024123984878330812
0.008333333333333333	0.06093619824576048
0.01583333333333333	0.11723263312073547
0.02708333333333333	0.20347096987503152
0.043958333333333335	0.3357769661598159
0.06927083333333334	0.5392805486411474
0.10723958333333333	0.8532340495114733
0.16419270833333333	1.3392188463720174
0.24962239583333334	2.093711632817068
0.3496223958333333	3.00642497584532
0.4496223958333333	3.944031339401679
0.5496223958333333	4.901551427128159
0.6496223958333333	5.875649336652663
0.7496223958333332	6.863575031618779
0.8496223958333332	7.863318370293819
0.9496223958333332	8.873180758408123
1.0496223958333333	9.891743751241034
1.1496223958333334	10.917650131714248
1.2496223958333335	11.948037509342443
1.3496223958333335	12.981895741719677
1.4496223958333336	14.019255644449967
1.5496223958333337	15.060341016836334
1.6496223958333338	16.105274884480576
1.749622395833334	17.154160179816515
1.849622395833334	18.20711517021923
1.949622395833334	19.26415120147071
2.049622395833334	20.325314580969998
2.149622395833334	21.390680000117907
2.249622395833334	22.46025075871897
2.349622395833334	23.534029209399183
2.4496223958333343	24.612004232422212
2.5496223958333344	25.69413039865363
2.6496223958333345	26.780402571506013
2.7496223958333346	27.87082785805629
2.8496223958333347	28.96539884297478
2.9496223958333347	30.06397265875986
3.049622395833335	31.16652272959416
3.149622395833335	32.2730057379805
3.249622395833335	33.383303089146835
3.349622395833335	34.49731500578911
3.449622395833335	35.614918485342
3.5496223958333353	36.73599512399543
3.6496223958333354	37.860542748055636
3.7496223958333355	38.988396916664385
3.8496223958333355	40.119445692275285
3.9496223958333356	41.253549764868374
4.049622395833335	42.390592213655715
4.149622395833335	43.53045754481282
4.249622395833335	44.67299554641327
4.349622395833334	45.818116271946515
4.449622395833334	46.965623613078975
4.5496223958333335	48.1154694944929
4.649622395833333	49.26749768194571
4.749622395833333	50.421572989262906
4.849622395833332	51.577551976041654
4.949622395833332	52.73536516191837
5.049622395833332	53.89482546307992
5.149622395833331	55.055841793663376
5.249622395833331	56.21830142261469
5.349622395833331	57.38212493552609
5.44962239583333	58.54716659872968
5.54962239583333	59.713296638835885
5.64962239583333	60.880469030594625
5.749622395833329	62.048591662251624
5.849622395833329	63.21754681834868
5.9496223958333285	64.38727017618227
6.049622395833328	65.55767694811561
6.149622395833328	66.72872355558704
6.2496223958333275	67.90027487223357
6.349622395833327	69.07226406035375
6.449622395833327	70.2446497313065
6.549622395833326	71.4173898393717
6.649622395833326	72.59046139289882
6.749622395833326	73.76377739871148
6.849622395833325	74.93727777450583
6.949622395833325	76.11093490980663
7.049622395833325	77.2847422751096
7.149622395833324	78.45866928490251
7.249622395833324	79.632692831464
7.3496223958333236	80.80680598060742
7.449622395833323	81.98100351017126
7.549622395833323	83.15526677178053
7.6496223958333225	84.32957000154525
7.749622395833322	85.50389027099784
7.849622395833322	86.67821778731522
7.949622395833321	87.85255461384551
8.049622395833321	89.02690037925697
8.14962239583332	90.20125500910898
8.24962239583332	91.37561839866437
8.34962239583332	92.5499913942484
8.44962239583332	93.72437238390766
8.54962239583332	94.89875669176287
8.649622395833319	96.07314186634808
8.749622395833319	97.24752723550624
8.849622395833318	98.4219128088662
8.949622395833318	99.59629673127807
9.049622395833318	100.77067965624347
9.149622395833317	101.94506208517079
9.249622395833317	103.1194440745685
9.349622395833316	104.29382563371352
9.449622395833316	105.46820685102254
9.549622395833316	106.64258785613522
9.649622395833315	107.81696799338359
9.749622395833315	108.99134769097786
9.849622395833315	110.16572720020679
9.949622395833314	111.34010638055109
10.049622395833314	112.51448523207416
10.149622395833314	113.68886375483986
10.249622395833313	114.86324194891198
10.349622395833313	116.03761981435353
10.449622395833313	117.21199735122903
10.549622395833312	118.38637455960196
10.649622395833312	119.56075143953518
10.749622395833311	120.73512799109322
10.849622395833311	121.90950421433955
10.94962239583331	123.08388035404835
11.04962239583331	124.25825541571353
11.14962239583331	125.4326307588796
11.24962239583331	126.43783741309261
11.34962239583331	127.41463737983524
11.449622395833309	128.3914373465779
11.549622395833309	129.36823731332052
11.649622395833308	130.34503728006328
11.749622395833308	131.3218372468059
11.849622395833308	132.29863721354852
11.949622395833307	133.27543718029116
11.950000000000001	133.2791258531213
1000011.95	133.2791258531213
