-100000	0
0	0
0.0033333333333333335	0.025058395747520945
0.008333333333333333	0.06333014132373985
0.01583333333333333	0.12178848099498794
0.02708333333333333	0.21122229886893396
0.043958333333333335	0.3482842314010355
0.06927083333333334	0.5588725013535906
0.10723958333333333	0.8833819416799737
0.16419270833333333	1.3849789409719717
0.24962239583333334	2.162537366435719
0.3496223958333333	3.1017975206049675
0.4496223958333333	4.065497044408973
0.5496223958333333	5.048708641482686
0.6496223958333333	6.048092567956761
0.7496223958333332	7.060949849197901
0.8496223958333332	8.085243050866223
0.9496223958333332	9.119313769637404
1.0496223958333333	10.161732353939042
1.1496223958333334	11.21113751759968
1.2496223958333335	12.264606822298528
1.3496223958333335	13.32108642401859
1.4496223958333336	14.38059819589327
1.5496223958333337	15.443341450193772
1.6496223958333338	16.50943093661438
1.749622395833334	17.578948471186848
1.849622395833334	18.652009711601323
1.949622395833334	19.728622761956544
2.049622395833334	20.80880661245995
2.149622395833334	21.8926337361976
2.249622395833334	22.980119876548137
2.349622395833334	24.071263985681735
2.4496223958333343	25.16604319791542
2.5496223958333344	26.2644287476455
2.6496223958333345	27.366435304662865
2.7496223958333346	28.472039893334944
2.8496223958333347	29.581177050286847
2.9496223958333347	30.69375511958756
3.049622395833335	31.809751032981815
3.149622395833335	32.92912117717996
3.249622395833335	34.05174506591069
3.349622395833335	35.1775554711169
3.449622395833335	36.306444832527596
3.5496223958333353	37.4382847454006
3.6496223958333354	38.573022506077116
3.7496223958333355	39.71054883712274
3.8496223958333355	40.85076402074813
3.9496223958333356	41.993554482293234
4.049622395833335	43.138802524480234
4.149622395833335	44.286416801421325
4.249622395833335	45.43623004320498
4.349622395833334	46.588165881298465
4.449622395833334	47.74207906487348
4.5496223958333335	48.89787523282749
4.649622395833333	50.05539677099796
4.749622395833333	51.21458690638744
4.849622395833332	52.37530903234617
4.949622395833332	53.537482071667455
5.049622395833332	54.700971720239146
5.149622395833331	55.86569688859938
5.249622395833331	57.031539716113535
5.349622395833331	58.19842117722558
5.44962239583333	59.36624116655667
5.54962239583333	60.534900754835256
5.64962239583333	61.70434380607446
5.749622395833329	62.874469015967364
5.849622395833329	64.04523124273878
5.9496223958333285	65.21654116179094
6.049622395833328	66.38832178454358
6.149622395833328	67.56053205623768
6.2496223958333275	68.73310751208435
6.349622395833327	69.90598389968214
6.449622395833327	71.07913378488573
6.549622395833326	72.25252431435905
6.649622395833326	73.42610195970724
6.749622395833326	74.59983820828728
6.849622395833325	75.77372066312095
6.949622395833325	76.94773216226889
7.049622395833325	78.12183175949423
7.149622395833324	79.2959951822719
7.249622395833324	80.47021127847277
7.3496223958333236	81.64446438336424
7.449622395833323	82.81873834302169
7.549622395833323	83.99302471578149
7.6496223958333225	85.16732276050377
7.749622395833322	86.34163207651115
7.849622395833322	87.51595189899142
7.949622395833321	88.69028480686856
8.049622395833321	89.86462739000841
8.14962239583332	91.03898034104392
8.24962239583332	92.21334165284392
8.34962239583332	93.38770920020815
8.44962239583332	94.5620818525908
8.54962239583332	95.73645957786951
8.649622395833319	96.91084108914303
8.749622395833319	98.0852242119309
8.849622395833318	99.25960773613156
8.949622395833318	100.43399066964066
9.049622395833318	101.60837257113575
9.149622395833317	102.78275427047782
9.249622395833317	103.9571353429713
9.349622395833316	105.13151608563707
9.449622395833316	106.30589674576589
9.549622395833316	107.48027739576592
9.649622395833315	108.65465744593722
9.749622395833315	109.82903722688039
9.849622395833315	111.0034163862103
9.949622395833314	112.17779499790916
10.049622395833314	113.35217306205682
10.149622395833314	114.52655057873426
10.249622395833313	115.7009275480211
10.349622395833313	116.87530396999814
10.449622395833313	118.0496798447457
10.549622395833312	119.22405517234392
10.649622395833312	120.398429952873
10.749622395833311	121.57280418641344
10.849622395833311	122.74717763893777
10.94962239583331	123.92155113785215
11.04962239583331	125.09592366871448
11.14962239583331	126.27029572616316
11.24962239583331	127.27550183265168
11.34962239583331	128.252301847158
11.449622395833309	129.22910186166433
11.549622395833309	130.2059018761706
11.649622395833308	131.1827018906769
11.749622395833308	132.15950190518308
11.849622395833308	133.1363019196895
11.949622395833307	134.11310193419575
11.950000000000001	134.11679034219748
1000011.95	134.11679034219748
