-100000	0
0	0
0.0033333333333333335	0.025976973095549402
0.008333333333333333	0.06565052087924257
0.01583333333333333	0.12620214170551428
0.02708333333333333	0.21875602404403136
0.043958333333333335	0.36046284103491844
0.06927083333333334	0.5779535783078702
0.10723958333333333	0.9126390612865728
0.16419270833333333	1.4293038889660403
0.24962239583333334	2.229034494263859
0.3496223958333333	3.1936717224502265
0.4496223958333333	4.182180573621841
0.5496223958333333	5.189718166807814
0.6496223958333333	6.212961505994121
0.7496223958333332	7.249233356575254
0.8496223958333332	8.29650387731591
0.9496223958333332	9.353114344345249
1.0496223958333333	10.417674062422934
1.1496223958333334	11.488798411814871
1.2496223958333335	12.563549026863365
1.3496223958333335	13.640860903143052
1.4496223958333336	14.72076608690783
1.5496223958333337	15.803484218273697
1.6496223958333338	16.889076527786028
1.749622395833334	17.977596163972592
1.849622395833334	19.069113444476745
1.949622395833334	20.16370512135724
2.049622395833334	21.2613990152942
2.149622395833334	22.36220205318161
2.249622395833334	23.466085517655735
2.349622395833334	24.573084368307793
2.4496223958333343	25.68324201925011
2.5496223958333344	26.796504461542707
2.6496223958333345	27.91283144086988
2.7496223958333346	29.032185308443328
2.8496223958333347	30.15453731998085
2.9496223958333347	31.279798424385188
3.049622395833335	32.40791815098551
3.149622395833335	33.53886450451908
3.249622395833335	34.672558041847765
3.349622395833335	35.80890745590232
3.449622395833335	36.94781423713126
3.5496223958333353	38.08917791916373
3.6496223958333354	39.23296115822765
3.7496223958333355	40.3790664892281
3.8496223958333355	41.5272950261777
3.9496223958333356	42.677610217827244
4.049622395833335	43.829952758332965
4.149622395833335	44.984235507897424
4.249622395833335	46.14030182063691
4.349622395833334	47.29806185101876
4.449622395833334	48.457376582446784
4.5496223958333335	49.618180509171395
4.649622395833333	50.780319230168416
4.749622395833333	51.94369602443992
4.849622395833332	53.108277604280346
4.949622395833332	54.27400393853347
5.049622395833332	55.44074243683652
5.149622395833331	56.60832788880442
5.249622395833331	57.77674304001683
5.349622395833331	58.94597554971675
5.44962239583333	60.11591661260708
5.54962239583333	61.28644998629648
5.64962239583333	62.45755516995643
5.749622395833329	63.62916191759099
5.849622395833329	64.80120833016325
5.9496223958333285	65.97358438502458
6.049622395833328	67.14626164980687
6.149622395833328	68.31925631117633
6.2496223958333275	69.49255484326595
6.349622395833327	70.66604561621584
6.449622395833327	71.83965408683443
6.549622395833326	73.01337773604948
6.649622395833326	74.18721938272175
6.749622395833326	75.36117897702269
6.849622395833325	76.53525861454722
6.949622395833325	77.70944629090282
7.049622395833325	78.88368771607162
7.149622395833324	80.05796598318223
7.249622395833324	81.23225828939403
7.3496223958333236	82.40655656994288
7.449622395833323	83.58086095121192
7.549622395833323	84.7551687390501
7.6496223958333225	85.92948521152118
7.749622395833322	87.1037972617806
7.849622395833322	88.27813403753272
7.949622395833321	89.45248594087732
8.049622395833321	90.62683389787274
8.14962239583332	91.80118829168549
8.24962239583332	92.97554635244613
8.34962239583332	94.14990909804517
8.44962239583332	95.32427839545625
8.54962239583332	96.49865136945297
8.649622395833319	97.67302532335219
8.749622395833319	98.84740551986543
8.849622395833318	100.02178977516954
8.949622395833318	101.19617351230043
9.049622395833318	102.37055514187945
9.149622395833317	103.54493623955142
9.249622395833317	104.71931874160215
9.349622395833316	105.89369750476412
9.449622395833316	107.06807636657278
9.549622395833316	108.2424565653061
9.649622395833315	109.41683554716799
9.749622395833315	110.5912138818804
9.849622395833315	111.76559357617289
9.949622395833314	112.93997292154229
10.049622395833314	114.11435191775549
10.149622395833314	115.2887305645787
10.249622395833313	116.46310886177842
10.349622395833313	117.6374868091207
10.449622395833313	118.81186440637248
10.549622395833312	119.98624165330001
10.649622395833312	121.16061854966958
10.749622395833311	122.33499762077072
10.849622395833311	123.50936853429013
10.94962239583331	124.68374487136046
11.04962239583331	125.85812085312946
11.14962239583331	127.03249583143854
11.24962239583331	128.03770394864736
11.34962239583331	129.0145036498404
11.449622395833309	129.99130335103357
11.549622395833309	130.96810305222687
11.649622395833308	131.94490275341994
11.749622395833308	132.92170245461284
11.849622395833308	133.8985021558061
11.949622395833307	134.8753018569993
11.950000000000001	134.87899677353616
1000011.95	134.87899677353616
