-100000	0
0	0
0.0003333333333333333	0.0026674787206486237
0.0008333333333333333	0.006677056583899721
0.0015833333333333333	0.012709829301105311
0.0027083333333333334	0.02179913754908943
0.004395833333333333	0.035519684463629735
0.006927083333333334	0.056285148997521454
0.010723958333333335	0.08773620292464014
0.016419270833333336	0.13542377328721691
0.024962239583333337	0.2079212326310036
0.03496223958333334	0.2939458648357868
0.04496223958333334	0.3810517971516822
0.05496223958333334	0.4690561390817317
0.06496223958333334	0.5578987391288281
0.07496223958333334	0.647475841936672
0.08496223958333333	0.7377200892266631
0.09496223958333333	0.8285951481387155
0.10496223958333332	0.9200488718007924
0.11496223958333332	1.0120526786792803
0.12496223958333331	1.1045757999932133
0.1349622395833333	1.1975918587067935
0.14496223958333332	1.291069427000671
0.15496223958333333	1.3849939081146396
0.16496223958333334	1.4793445674305061
0.17496223958333335	1.5740974922940008
0.18496223958333335	1.6692377064510213
0.19496223958333336	1.7647608531607806
0.20496223958333337	1.8606467814976229
0.21496223958333338	1.9568800598631062
0.2249622395833334	2.053445569456808
0.2349622395833334	2.150322739512639
0.2449622395833334	2.2475102514972964
0.2549622395833334	2.3450058077866345
0.2649622395833334	2.4428049844791984
0.27496223958333343	2.5408999248956947
0.28496223958333344	2.6392746612868567
0.29496223958333345	2.737908552822014
0.30496223958333346	2.8368003623280877
0.31496223958333347	2.935949820201407
0.3249622395833335	3.035354146854115
0.3349622395833335	3.135011960108124
0.3449622395833335	3.2349165066433536
0.3549622395833335	3.335051725512535
0.3649622395833335	3.435409620852242
0.3749622395833335	3.5359874846886785
0.38496223958333353	3.6367820717548254
0.39496223958333354	3.7377874498786343
0.40496223958333355	3.839002027546129
0.41496223958333356	3.9404231869042077
0.42496223958333357	4.042041441922826
0.4349622395833336	4.143847389618779
0.4449622395833336	4.245838278696111
0.4549622395833336	4.348011514385798
0.4649622395833336	4.450365608531248
0.4749622395833336	4.552901075810795
0.4849622395833336	4.655615834175964
0.49496223958333363	4.758507579294617
0.5049622395833336	4.8615668012166235
0.5149622395833336	4.964787309192828
0.5249622395833337	5.068167935254921
0.5349622395833337	5.171706254450944
0.5449622395833337	5.275400312403541
0.5549622395833337	5.379245584727833
0.5649622395833337	5.483239660915469
0.5749622395833337	5.587380387187497
0.5849622395833337	5.6916642526601695
0.5949622395833337	5.79608854177202
0.6049622395833337	5.9006510502260205
0.6149622395833337	6.005349948184501
0.6249622395833337	6.1101821733022215
0.6349622395833338	6.215144534050598
0.6449622395833338	6.320234636178534
0.6549622395833338	6.4254509930626025
0.6649622395833338	6.530791373861473
0.6749622395833338	6.6362543963845715
0.6849622395833338	6.741837988437976
0.6949622395833338	6.8475354008053415
0.7049622395833338	6.953345577079102
0.7149622395833338	7.059268227366776
0.7249622395833338	7.1653026240899536
0.7349622395833338	7.271448230401566
0.7449622395833339	7.377701609488911
0.7549622395833339	7.484061407819612
0.7649622395833339	7.590526146906164
0.7749622395833339	7.69709364016911
0.7849622395833339	7.803763362560793
0.7949622395833339	7.910528590539643
0.8049622395833339	8.017387991976404
0.8149622395833339	8.124341329793394
0.8249622395833339	8.231387427553754
0.8349622395833339	8.338525281642555
0.8449622395833339	8.445754229792886
0.854962239583334	8.553073461019979
0.864962239583334	8.660480582594467
0.874962239583334	8.767975490748976
0.884962239583334	8.875556963896964
0.894962239583334	8.983221338230118
0.904962239583334	9.090966512360573
0.914962239583334	9.198789519322808
0.924962239583334	9.306690946777568
0.934962239583334	9.41467102903388
0.944962239583334	9.522727968803569
0.954962239583334	9.630860429999924
0.964962239583334	9.739069812818036
0.9749622395833341	9.847350537241507
0.9849622395833341	9.955704246837124
0.9949622395833341	10.064126566885237
1.004962239583334	10.172616597850714
1.014962239583334	10.281173307158557
1.024962239583334	10.38979547751128
1.034962239583334	10.498482655567736
1.044962239583334	10.60723412052647
1.054962239583334	10.716048766388576
1.064962239583334	10.824922182157854
1.074962239583334	10.93385497024357
1.084962239583334	11.04284591518474
1.094962239583334	11.15189553224466
1.104962239583334	11.261003703115941
1.114962239583334	11.37016963562613
1.124962239583334	11.47939386068655
1.134962239583334	11.588655676748285
1.144962239583334	11.697939696885484
1.154962239583334	11.807245233608977
1.1649622395833341	11.916572599533454
1.1749622395833341	12.025921795064614
1.1849622395833341	12.13529282060831
1.1949622395833341	12.244685676570395
1.2049622395833341	12.354100363356682
1.2149622395833342	12.463536881373086
1.2249622395833342	12.572995231025342
1.2349622395833342	12.682475412719247
1.2449622395833342	12.791977426860772
1.2549622395833342	12.901501273855633
1.2649622395833342	13.011047504011751
1.2749622395833342	13.120615027150205
1.2849622395833342	13.230204392336354
1.2949622395833342	13.339815606475092
1.3049622395833342	13.44944867647153
1.3149622395833342	13.559103609230776
1.3249622395833343	13.668780411657762
1.3349622395833343	13.778475744017793
1.3449622395833343	13.888196283413569
1.3549622395833343	13.997938712854214
1.3649622395833343	14.107703038860532
1.3749622395833343	14.217489267953447
1.3849622395833343	14.327297406653928
1.3949622395833343	14.43712746148287
1.4049622395833343	14.546983966227499
1.4149622395833343	14.656859683499176
1.4249622395833343	14.766758029914936
1.4349622395833344	14.876680486845421
1.4449622395833344	14.986626691142138
1.4549622395833344	15.096597251991899
1.4649622395833344	15.20659184538587
1.4749622395833344	15.316610445867036
1.4849622395833344	15.426653027978393
1.4949622395833344	15.536719565243239
1.5049622395833344	15.64681002215863
1.5149622395833344	15.756925274604749
1.5249622395833344	15.867063601792625
1.5349622395833344	15.977225829550234
1.5449622395833345	16.087411627386018
1.5549622395833345	16.19762181943484
1.5649622395833345	16.307856379363223
1.5749622395833345	16.418115618406627
1.5849622395833345	16.528399249089247
1.5949622395833345	16.63870797194569
1.6049622395833345	16.749041526960905
1.6149622395833345	16.859403913258554
1.6249622395833345	16.96978733828526
1.6349622395833345	17.080195067062675
1.6449622395833345	17.190628387382624
1.6549622395833345	17.301086674247394
1.6649622395833346	17.41156993720894
1.6749622395833346	17.522078185818966
1.6849622395833346	17.632611429629275
1.6949622395833346	17.74317001759807
1.7049622395833346	17.85375369321921
1.7149622395833346	17.96436308404246
1.7249622395833346	18.074998184955202
1.7349622395833346	18.18565899084487
1.7449622395833346	18.296345496598484
1.7549622395833346	18.407057697103568
1.7649622395833346	18.517795587247257
1.7749622395833347	18.628559161916993
1.7849622395833347	18.73934841599993
1.7949622395833347	18.850163344383503
1.8049622395833347	18.961003941954907
1.8149622395833347	19.07186921572448
1.8249622395833347	19.182765365017136
1.8349622395833347	19.293682534129484
1.8449622395833347	19.404625839625407
1.8549622395833347	19.515596303790797
1.8649622395833347	19.626592522416182
1.8749622395833347	19.737608798000284
1.8849622395833348	19.84865511989756
1.8949622395833348	19.95972724833865
1.9049622395833348	20.070825210005665
1.9149622395833348	20.18194903158056
1.9249622395833348	20.293098739745236
1.9349622395833348	20.40427436118162
1.9449622395833348	20.515475922571802
1.9549622395833348	20.626705403188872
1.9649622395833348	20.737958898945738
1.9749622395833348	20.849237422248
1.9849622395833348	20.960533766029393
1.9949622395833349	21.07186556531355
2.004962239583335	21.18322365760834
2.0149622395833346	21.294608039431584
2.0249622395833344	21.40601870730094
2.034962239583334	21.51745565773407
2.044962239583334	21.628920348188338
2.054962239583334	21.740410843247318
2.0649622395833336	21.851926670716406
2.0749622395833334	21.963468765604393
2.084962239583333	22.075037123296205
2.094962239583333	22.186631739176665
2.1049622395833327	22.298252608630737
2.1149622395833325	22.409899727043292
2.1249622395833323	22.521573089799134
2.134962239583332	22.63327269100127
2.144962239583332	22.74499852179424
2.1549622395833317	22.856750582610623
2.1649622395833314	22.968528868437325
2.1749622395833312	23.080333374260807
2.184962239583331	23.19216409506793
2.194962239583331	23.304021025845202
2.2049622395833306	23.41590416157924
2.2149622395833304	23.527813497256954
2.22496223958333	23.639749027864685
2.23496223958333	23.75171074838933
2.2449622395833297	23.863698653817515
2.2549622395833295	23.97571273913573
2.2649622395833293	24.087752356871267
2.274962239583329	24.199818782630096
2.284962239583329	24.311911372485056
2.2949622395833287	24.424030120928506
2.3049622395833285	24.536175022452632
2.3149622395833283	24.64834607154925
2.324962239583328	24.7605432627107
2.334962239583328	24.872766590428846
2.3449622395833276	24.985016049195853
2.3549622395833274	25.09729163350385
2.364962239583327	25.20959285138247
2.374962239583327	25.32192164393995
2.3849622395833268	25.43427561962182
2.3949622395833265	25.54665574286185
2.4049622395833263	25.659055971359127
2.414962239583326	25.771488670802064
2.424962239583326	25.883945469681912
2.4349622395833257	25.996428318576612
2.4449622395833255	26.108936587999384
2.4549622395833253	26.22147174176275
2.464962239583325	26.334030814412454
2.474962239583325	26.44661527689639
2.4849622395833246	26.55922510534436
2.4949622395833244	26.671860285146696
2.504962239583324	26.78452080238683
2.514962239583324	26.89720615391551
2.5249622395833238	27.009917320731116
2.5349622395833236	27.122653794157447
2.5449622395833233	27.235415281203913
2.554962239583323	27.348202314347557
2.564962239583323	27.461014599914254
2.5749622395833227	27.573852150296318
2.5849622395833225	27.68671493252532
2.5949622395833223	27.799602942731706
2.604962239583322	27.912516177045443
2.614962239583322	28.02545410287286
2.6249622395833216	28.13841764651268
2.6349622395833214	28.251406262257184
2.644962239583321	28.36442098703501
2.654962239583321	28.47745981015083
2.664962239583321	28.590523726440978
2.6749622395833206	28.703612740310753
2.6849622395833204	28.816726856165374
2.69496223958332	28.92986607841016
2.70496223958332	29.04303092616799
2.7149622395833197	29.15622039500361
2.7249622395833195	29.269434415437996
2.7349622395833193	29.38267417287787
2.744962239583319	29.49593909961822
2.754962239583319	29.60922921098099
2.7649622395833187	29.722544522288583
2.7749622395833184	29.83588504886286
2.7849622395833182	29.94925080602597
2.794962239583318	30.06264180910013
2.804962239583318	30.17605807340723
2.8149622395833176	30.289499614269506
2.8249622395833174	30.40296638053489
2.834962239583317	30.516458649511936
2.844962239583317	30.629974300867538
2.8549622395833167	30.743513675339095
2.8649622395833165	30.857076755734596
2.8749622395833163	30.970663524862008
2.884962239583316	31.084273965529203
2.894962239583316	31.197908060544187
2.9049622395833157	31.311565792714894
2.9149622395833155	31.425247143456392
2.9249622395833152	31.53895180932814
2.934962239583315	31.652680339423043
2.944962239583315	31.76643243693704
2.9549622395833146	31.88020808422005
2.9649622395833144	31.994007263622223
2.974962239583314	32.107829957493365
2.984962239583314	32.22167614818343
2.9949622395833138	32.335545818042455
3.0049622395833135	32.44943894942034
3.0149622395833133	32.56335552466706
3.024962239583313	32.677295528802205
3.034962239583313	32.79125894249815
3.0449622395833127	32.90524574733869
3.0549622395833125	33.0192559258029
3.0649622395833123	33.133289460370165
3.074962239583312	33.24734633351942
3.084962239583312	33.36142706929778
3.0949622395833116	33.4755305887153
3.1049622395833114	33.58965635606879
3.114962239583311	33.703800663642525
3.124962239583311	33.81797428495065
3.1349622395833108	33.93216904922332
3.1449622395833106	34.04638522203044
3.1549622395833103	34.16062332057753
3.16496223958331	34.27488335156964
3.17496223958331	34.38916531902965
3.1849622395833097	34.50346975028856
3.1949622395833095	34.61779562239378
3.2049622395833093	34.7321434507443
3.214962239583309	34.84651272113971
3.224962239583309	34.96090448587515
3.2349622395833086	35.075318226611444
3.2449622395833084	35.18975394875299
3.254962239583308	35.30420740446421
3.264962239583308	35.41868918800884
3.274962239583308	35.53318955788962
3.2849622395833076	35.64771024905688
3.2949622395833074	35.76225280521724
3.304962239583307	35.876816457210474
3.314962239583307	35.991401201178775
3.3249622395833067	36.10600703326371
3.3349622395833065	36.22063394960731
3.3449622395833063	36.33528194635134
3.354962239583306	36.44995100720688
3.364962239583306	36.56464113876527
3.3749622395833057	36.67935233745071
3.3849622395833054	36.79408485018706
3.3949622395833052	36.90883807319366
3.404962239583305	37.023612516809436
3.414962239583305	37.13840612618856
3.4249622395833046	37.25321906985124
3.4349622395833044	37.36805179872501
3.444962239583304	37.48290401814289
3.454962239583304	37.59777568896781
3.4649622395833037	37.712666624604125
3.4749622395833035	37.82757671913
3.4849622395833033	37.94250597583044
3.494962239583303	38.05745439042103
3.504962239583303	38.17242195861719
3.5149622395833027	38.28740867613477
3.5249622395833025	38.40241453868953
3.5349622395833022	38.51743800588795
3.544962239583302	38.63248220717395
3.554962239583302	38.74754556483171
3.5649622395833016	38.86262808260167
3.5749622395833014	38.977731098738
3.584962239583301	39.09285197043513
3.594962239583301	39.20799203321062
3.6049622395833008	39.323151297362045
3.6149622395833005	39.43832977318645
3.6249622395833003	39.55352747098176
3.6349622395833	39.66874440104498
3.6449622395833	39.783980573673546
3.6549622395832997	39.89923599916518
3.6649622395832995	40.01451068781728
3.6749622395832993	40.12980272186587
3.684962239583299	40.24511540394369
3.694962239583299	40.360444663334775
3.7049622395832986	40.475791345932564
3.7149622395832984	40.59115327234961
3.724962239583298	40.70653139335625
3.734962239583298	40.82192571740781
3.7449622395832978	40.93733625295895
3.7549622395832976	41.05276300846478
3.7649622395832973	41.1682059923803
3.774962239583297	41.28366521316027
3.784962239583297	41.399140679259766
3.7949622395832967	41.51463239913369
3.8049622395832965	41.63014038123698
3.8149622395832963	41.74566547467059
3.824962239583296	41.86120600994469
3.834962239583296	41.97676283277197
3.8449622395832956	42.09233595156017
3.8549622395832954	42.20792537471703
3.864962239583295	42.3235311106506
3.874962239583295	42.43915316776875
3.884962239583295	42.55479155447918
3.8949622395832946	42.67044595106563
3.9049622395832944	42.78611698967254
3.914962239583294	42.90180433602162
3.924962239583294	43.01750795422217
3.9349622395832937	43.133227808384
3.9449622395832935	43.248963862616655
3.9549622395832933	43.36471608102968
3.964962239583293	43.48048442773258
3.974962239583293	43.59626886683497
3.9849622395832927	43.71206936244636
3.9949622395832924	43.82788587867663
4.004962239583293	43.943718379635065
4.0149622395832925	44.059566829431276
4.024962239583292	44.17543119217483
4.034962239583292	44.29131200058229
4.044962239583292	44.407207451823176
4.054962239583292	44.52311936305789
4.064962239583291	44.63904704430457
4.074962239583291	44.75499045985479
4.084962239583291	44.87094957399974
4.094962239583291	44.98692380634949
4.1049622395832905	45.10291130546316
4.11496223958329	45.21891616445492
4.12496223958329	45.3349357135177
4.13496223958329	45.45096790703158
4.14496223958329	45.56701332156724
4.1549622395832895	45.68307195847505
4.164962239583289	45.79914359547433
4.174962239583289	45.91522866501391
4.184962239583289	46.03132696041386
4.194962239583289	46.1474384827194
4.204962239583288	46.26356323297512
4.214962239583288	46.37970121222597
4.224962239583288	46.49585242151666
4.234962239583288	46.612017612106925
4.2449622395832876	46.72819528880629
4.254962239583287	46.84438619918594
4.264962239583287	46.96059034466497
4.274962239583287	47.076807522161836
4.284962239583287	47.19303813797882
4.2949622395832865	47.309281992701806
4.304962239583286	47.42553908734689
4.314962239583286	47.541808461877444
4.324962239583286	47.658088005612676
4.334962239583286	47.77438497115515
4.344962239583285	47.89069264004624
4.354962239583285	48.007011582792266
4.364962239583285	48.12334202678967
4.374962239583285	48.23968423231161
4.384962239583285	48.35603774956518
4.394962239583284	48.47240252408941
4.404962239583284	48.58877850142331
4.414962239583284	48.705164047090214
4.424962239583284	48.82156231648006
4.4349622395832835	48.937971672863654
4.444962239583283	49.05439210909228
4.454962239583283	49.170823618017465
4.464962239583283	49.28726599353367
4.474962239583283	49.40371961893903
4.484962239583282	49.52018538297667
4.494962239583282	49.63666111448107
4.504962239583282	49.75314788289248
4.514962239583282	49.869645681164876
4.524962239583282	49.986154502326606
4.534962239583281	50.102673608402036
4.544962239583281	50.21920375265704
4.554962239583281	50.33574290475834
4.564962239583281	50.45229255107504
4.5749622395832805	50.568851788994664
4.58496223958328	50.685420579024345
4.59496223958328	50.801998881672155
4.60496223958328	50.918586657445786
4.61496223958328	51.03518416809282
4.6249622395832795	51.15179082190385
4.634962239583279	51.26840680654961
4.644962239583279	51.385032076433454
4.654962239583279	51.501666541863614
4.664962239583279	51.61831014712347
4.674962239583278	51.73496287529332
4.684962239583278	51.851624665321474
4.694962239583278	51.968295456156774
4.704962239583278	52.08497518674775
4.7149622395832775	52.20166379604333
4.724962239583277	52.31836122299172
4.734962239583277	52.435067406541904
4.744962239583277	52.55178228564215
4.754962239583277	52.66850484374077
4.7649622395832765	52.78523678193853
4.774962239583276	52.901978209468595
4.784962239583276	53.0187268135114
4.794962239583276	53.13548367786083
4.804962239583276	53.252248817645864
4.814962239583275	53.36902224799631
4.824962239583275	53.48580398404174
4.834962239583275	53.602594040911065
4.844962239583275	53.71939301140294
4.8549622395832746	53.83619978743722
4.864962239583274	53.95301493427187
4.874962239583274	54.06983829516079
4.884962239583274	54.1866702329656
4.894962239583274	54.30351059491671
4.9049622395832735	54.42035939794011
4.914962239583273	54.537216658961626
4.924962239583273	54.654082394907675
4.934962239583273	54.77095662270391
4.944962239583273	54.88783935927641
4.954962239583272	55.00473062155114
4.964962239583272	55.12163051828426
4.974962239583272	55.23853782108537
4.984962239583272	55.35545227637871
4.994962239583272	55.472373446188136
5.004962239583271	55.589301154636715
5.014962239583271	55.706235225847855
5.024962239583271	55.82317548394464
5.034962239583271	55.94012011695987
5.0449622395832705	56.05707230396652
5.05496223958327	56.174030893043515
5.06496223958327	56.29099450570017
5.07496223958327	56.40796374044604
5.08496223958327	56.524938587301506
5.094962239583269	56.641919036286794
5.104962239583269	56.75890507742259
5.114962239583269	56.875896700729086
5.124962239583269	56.99289389622679
5.134962239583269	57.10989665393635
5.144962239583268	57.22690496387785
5.154962239583268	57.343918653803065
5.164962239583268	57.460938034978035
5.174962239583268	57.57796293854043
5.1849622395832675	57.694993037317346
5.194962239583267	57.8120289213836
5.204962239583267	57.92907032702309
5.214962239583267	58.04611727109798
5.224962239583267	58.163169770471136
5.2349622395832665	58.28022784200457
5.244962239583266	58.39729150256119
5.254962239583266	58.514360769003
5.264962239583266	58.6314356581931
5.274962239583266	58.74851618699311
5.284962239583265	58.86560206074263
5.294962239583265	58.98269388922724
5.304962239583265	59.09979137904151
5.314962239583265	59.21689452958527
5.3249622395832645	59.33400330110733
5.334962239583264	59.45111769566259
5.344962239583264	59.56823768594427
5.354962239583264	59.68536148012307
5.364962239583264	59.80249082951203
5.3749622395832635	59.91962689281055
5.384962239583263	60.03676901768575
5.394962239583263	60.153910253359726
5.404962239583263	60.27106244411018
5.414962239583263	60.38821933329971
5.424962239583262	60.505380655966405
5.434962239583262	60.622546378570696
5.444962239583262	60.739716467574
5.454962239583262	60.85689088943668
5.4649622395832615	60.974069610619914
5.474962239583261	61.091252597584074
5.484962239583261	61.20843981679063
5.494962239583261	61.325631234699756
5.504962239583261	61.44282681777279
5.5149622395832605	61.56002653247004
5.52496223958326	61.67722976615063
5.53496223958326	61.79443765359622
5.54496223958326	61.911649577903084
5.55496223958326	62.028865511209474
5.564962239583259	62.14608542565293
5.574962239583259	62.26330929337093
5.584962239583259	62.380537086501775
5.594962239583259	62.49776877718258
5.604962239583259	62.614998048942155
5.614962239583258	62.732234679607515
5.624962239583258	62.849476230581004
5.634962239583258	62.96672187462473
5.644962239583258	63.08396897394616
5.6549622395832575	63.20121866544139
5.664962239583257	63.318470948507986
5.674962239583257	63.43572697487653
5.684962239583257	63.552984444769386
5.694962239583257	63.6702445045515
5.704962239583256	63.78750687798173
5.714962239583256	63.9047720817338
5.724962239583256	64.02203987214473
5.734962239583256	64.1393102471078
5.744962239583256	64.25658320451595
5.754962239583255	64.37385874226152
5.764962239583255	64.49113685823838
5.774962239583255	64.60841755033914
5.784962239583255	64.72570081645668
5.7949622395832545	64.84298665448405
5.804962239583254	64.96027506231434
5.814962239583254	65.07756603784043
5.824962239583254	65.19486028738642
5.834962239583254	65.31215620897078
5.8449622395832534	65.42945437350681
5.854962239583253	65.5467547860125
5.864962239583253	65.66405745150657
5.874962239583253	65.78136237500762
5.884962239583253	65.89866954469728
5.894962239583252	66.01597896959983
5.904962239583252	66.13329065977746
5.914962239583252	66.2506046154709
5.924962239583252	66.36792083692023
5.9349622395832515	66.48523932436647
5.944962239583251	66.6025600780496
5.954962239583251	66.71988309821032
5.964962239583251	66.83720838508876
5.974962239583251	66.9545359389258
5.9849622395832505	67.07186550091919
5.99496223958325	67.18919755862375
6.00496223958325	67.3065318862615
6.01496223958325	67.42386788941306
6.02496223958325	67.54120677609446
6.034962239583249	67.65854829063187
6.044962239583249	67.77589171467669
6.054962239583249	67.89323740751051
6.064962239583249	68.01058536222752
6.0749622395832485	68.1279355719223
6.084962239583248	68.2452880296893
6.094962239583248	68.36264272862286
6.104962239583248	68.48000086543395
6.114962239583248	68.59736002912881
6.1249622395832475	68.71472141329217
6.134962239583247	68.83208501103555
6.144962239583247	68.94945081547151
6.154962239583247	69.06681865924091
6.164962239583247	69.18418874318681
6.174962239583246	69.30156086348882
6.184962239583246	69.41893494897899
6.194962239583246	69.53630956572272
6.204962239583246	69.65368627728627
6.214962239583246	69.77106433333692
6.224962239583245	69.88844369079727
6.234962239583245	70.00582430659001
6.244962239583245	70.12320613763848
6.254962239583245	70.24058707050746
6.2649622395832445	70.35797114384154
6.274962239583244	70.47535577865384
6.284962239583244	70.59274118691783
6.294962239583244	70.71012737104223
6.304962239583244	70.82751433343508
6.314962239583243	70.94490207650512
6.324962239583243	71.06229060266101
6.334962239583243	71.17967991431055
6.344962239583243	71.29707001386298
6.354962239583243	71.4144609037264
6.364962239583242	71.53185258630928
6.374962239583242	71.6492450640202
6.384962239583242	71.76663833926749
6.394962239583242	71.88403241445965
6.4049622395832415	72.00142729200539
6.414962239583241	72.11882297431283
6.424962239583241	72.23621946379095
6.434962239583241	72.35361694998073
6.444962239583241	72.47101504422922
6.4549622395832404	72.58841345556199
6.46496223958324	72.70581315214602
6.47496223958324	72.82321366245422
6.48496223958324	72.94061498621673
6.49496223958324	73.05801712316516
6.504962239583239	73.17542007303058
6.514962239583239	73.29282383554373
6.524962239583239	73.41022841043586
6.534962239583239	73.52763379743807
6.5449622395832385	73.6450399962816
6.554962239583238	73.76244700669697
6.564962239583238	73.87985482841582
6.574962239583238	73.99726346116891
6.584962239583238	74.11467290468777
6.5949622395832375	74.23208315870265
6.604962239583237	74.34949422294493
6.614962239583237	74.46690609714626
6.624962239583237	74.58431878103704
6.634962239583237	74.70173227434884
6.644962239583236	74.81914657681224
6.654962239583236	74.9365616881586
6.664962239583236	75.05397760811871
6.674962239583236	75.17139433642402
6.6849622395832355	75.2888118728054
6.694962239583235	75.40623021699385
6.704962239583235	75.52364936872047
6.714962239583235	75.64106932771661
6.724962239583235	75.75849009371294
6.7349622395832345	75.87591166644071
6.744962239583234	75.99333426830187
6.754962239583234	76.11075739880486
6.764962239583234	76.22818130381528
6.774962239583234	76.34560596402514
6.784962239583233	76.46303118314991
6.794962239583233	76.58045597606979
6.804962239583233	76.6978827176395
6.814962239583233	76.81531009008395
6.824962239583233	76.93273805437067
6.834962239583232	77.05016601649537
6.844962239583232	77.16759504778099
6.854962239583232	77.28502455278013
6.864962239583232	77.40245449189226
6.8749622395832315	77.51988482551691
6.884962239583231	77.63731742665433
6.894962239583231	77.75474573231386
6.904962239583231	77.87218065437753
6.914962239583231	77.98961211467335
6.92496223958323	78.1070430612444
6.93496223958323	78.22447478901329
6.94496223958323	78.34190662507596
6.95496223958323	78.45933856851015
6.96496223958323	78.57677061839422
6.974962239583229	78.69420277380574
6.984962239583229	78.81163567943781
6.994962239583229	78.92906804719514
7.004962239583229	79.04650051771044
7.0149622395832285	79.16393309005912
7.024962239583228	79.28136576331664
7.034962239583228	79.39879853655722
7.044962239583228	79.5162314088571
7.054962239583228	79.63366437929044
7.064962239583227	79.75109679971028
7.074962239583227	79.86852997232015
7.084962239583227	79.98596324057783
7.094962239583227	80.10339660323307
7.104962239583227	80.22083005934543
7.114962239583226	80.33826360797404
7.124962239583226	80.4556972481785
7.134962239583226	80.57313097901776
7.144962239583226	80.69056414913999
7.1549622395832255	80.80799806174905
7.164962239583225	80.92543207471637
7.174962239583225	81.04286617753651
7.184962239583225	81.16030036775966
7.194962239583225	81.27773464524452
7.2049622395832245	81.39516901182772
7.214962239583224	81.51260346750117
7.224962239583224	81.6300380100069
7.234962239583224	81.74747263919923
7.244962239583224	81.86490705565103
7.254962239583223	81.98234184202533
7.264962239583223	82.09977671883796
7.274962239583223	82.21721168279139
7.284962239583223	82.33464673345702
7.2949622395832225	82.45208057539402
7.304962239583222	82.56951583102307
7.314962239583222	82.68695117405888
7.324962239583222	82.8043865992338
7.334962239583222	82.92182210421977
7.3449622395832215	83.03925768721494
7.354962239583221	83.15669268331035
7.364962239583221	83.27412842106118
7.374962239583221	83.39156423140994
7.384962239583221	83.50900011255
7.39496223958322	83.62643549424479
7.40496223958322	83.74387150639092
7.41496223958322	83.8613075839143
7.42496223958322	83.97874372501195
7.43496223958322	84.0961792637631
7.444962239583219	84.21361553115625
7.454962239583219	84.3310518567053
7.464962239583219	84.44848757161506
7.474962239583219	84.56592401281205
7.4849622395832185	84.6833605067283
7.494962239583218	84.80079705218922
7.504962239583218	84.91823365166115
7.514962239583218	85.03567029839368
7.524962239583218	85.15310644378481
7.534962239583217	85.27054316835104
7.544962239583217	85.38797993299119
7.554962239583217	85.5054160367029
7.564962239583217	85.62285283664932
7.574962239583217	85.74028900179407
7.584962239583216	85.85772587539775
7.594962239583216	85.97516289785521
7.604962239583216	86.09259916040807
7.614962239583216	86.21003612346195
7.6249622395832155	86.32747245067644
7.634962239583215	86.4449094774245
7.644962239583215	86.56234586636788
7.654962239583215	86.67978295294566
7.664962239583215	86.7972194006214
7.674962239583214	86.91465587413758
7.684962239583214	87.0320930464324
7.694962239583214	87.14953159060553
7.704962239583214	87.26698039229834
7.714962239583214	87.38441765410703
7.724962239583213	87.5018549353747
7.734962239583213	87.61929223557648
7.744962239583213	87.73672955418782
7.754962239583213	87.85416689068366
7.7649622395832125	87.9716042445394
7.774962239583212	88.08904161523012
7.784962239583212	88.2064790022309
7.794962239583212	88.32391503579288
7.804962239583212	88.44135248164827
7.8149622395832115	88.55878994362064
7.824962239583211	88.6762274220664
7.834962239583211	88.79366491734247
7.844962239583211	88.91110242980584
7.854962239583211	89.0285399598133
7.86496223958321	89.14597750772128
7.87496223958321	89.26341507388669
7.88496223958321	89.38085265866611
7.89496223958321	89.49829026241683
7.9049622395832095	89.61572788549518
7.914962239583209	89.73316518739159
7.924962239583209	89.85060284989336
7.934962239583209	89.96803911540755
7.944962239583209	90.0854768621552
7.9549622395832085	90.20291458025214
7.964962239583208	90.32035231744725
7.974962239583208	90.43779007352464
7.984962239583208	90.55522784826815
7.994962239583208	90.67266564146065
8.004962239583207	90.79010345288661
8.014962239583207	90.90754128232898
8.024962239583207	91.02497912957229
8.034962239583207	91.14241699439897
8.044962239583207	91.2598548765933
8.054962239583206	91.37729277593914
8.064962239583206	91.49473069221989
8.074962239583206	91.61216862521879
8.084962239583206	91.72960657472002
8.094962239583205	91.84704454050706
8.104962239583205	91.96448252236324
8.114962239583205	92.08192052007264
8.124962239583205	92.19935853341859
8.134962239583205	92.31679656218498
8.144962239583204	92.4342331876526
8.154962239583204	92.55167128387775
8.164962239583204	92.66910939494726
8.174962239583204	92.78654752069403
8.184962239583204	92.90399666612272
8.194962239583203	93.02143474674094
8.204962239583203	93.13887284078673
8.214962239583203	93.25631094736761
8.224962239583203	93.37374906559091
8.234962239583203	93.49118719456375
8.244962239583202	93.60862533339352
8.254962239583202	93.72606348118738
8.264962239583202	93.84350163705271
8.274962239583202	93.96093980009687
8.284962239583201	94.07837796942677
8.294962239583201	94.19581614415003
8.304962239583201	94.31325432337418
8.3149622395832	94.43069250620556
8.3249622395832	94.54813069175252
8.3349622395832	94.6655688791215
8.3449622395832	94.78300706742023
8.3549622395832	94.90044525575638
8.3649622395832	95.01788344323607
8.3749622395832	95.13532162896763
8.3849622395832	95.25275981205787
8.394962239583199	95.37019574932877
8.404962239583199	95.48763459574174
8.414962239583199	95.60507266076468
8.424962239583198	95.72251072219316
8.434962239583198	95.83994878311142
8.444962239583198	95.95738539944037
8.454962239583198	96.07482355298873
8.464962239583198	96.1922616749265
8.474962239583197	96.3096998110118
8.484962239583197	96.42713648241907
8.494962239583197	96.54457472452103
8.504962239583197	96.66201296478611
8.514962239583197	96.779451203215
8.524962239583196	96.89688943980735
8.534962239583196	97.014327548548
8.544962239583196	97.13176564516735
8.554962239583196	97.24920374024113
8.564962239583195	97.36664183393532
8.574962239583195	97.48407992641569
8.584962239583195	97.60151801784811
8.594962239583195	97.71895610839843
8.604962239583195	97.83639419823292
8.614962239583194	97.95383228751737
8.624962239583194	98.07127037641744
8.634962239583194	98.18870846509961
8.644962239583194	98.3061465537295
8.654962239583194	98.42358464247334
8.664962239583193	98.5410227314962
8.674962239583193	98.65846082096508
8.684962239583193	98.77589891104542
8.694962239583193	98.89333700190302
8.704962239583192	99.01077372001524
8.714962239583192	99.12821199718391
8.724962239583192	99.24565027532654
8.734962239583192	99.3630885544433
8.744962239583192	99.48052683453407
8.754962239583191	99.59796482861967
8.764962239583191	99.71540279139168
8.774962239583191	99.83284075606042
8.78496223958319	99.9502787231752
8.79496223958319	100.06771536573609
8.80496223958319	100.1851536945639
8.81496223958319	100.3025920266262
8.82496223958319	100.42002535227739
8.83496223958319	100.53746408740268
8.84496223958319	100.65490101186309
8.85496223958319	100.77233950389706
8.864962239583189	100.8897774992865
8.874962239583189	101.00721538090248
8.884962239583189	101.12465101635115
8.894962239583188	101.24208927264759
8.904962239583188	101.35952752248653
8.914962239583188	101.47696576598136
8.924962239583188	101.59440400324516
8.934962239583188	101.71184223439096
8.944962239583187	101.8292804595316
8.954962239583187	101.94671851442436
8.964962239583187	102.06415648654827
8.974962239583187	102.1815944054997
8.984962239583187	102.29903228878128
8.994962239583186	102.41647016842076
9.004962239583186	102.53390804502371
9.014962239583186	102.65134591919589
9.024962239583186	102.76878379154367
9.034962239583185	102.88622099942964
9.044962239583185	103.00365677178112
9.054962239583185	103.12109488326385
9.064962239583185	103.2385329934967
9.074962239583185	103.35597110246005
9.084962239583184	103.47340921013429
9.094962239583184	103.59084731649969
9.104962239583184	103.70828313183888
9.114962239583184	103.82572124080318
9.124962239583184	103.94315916463154
9.134962239583183	104.0605971736006
9.144962239583183	104.17803518125581
9.154962239583183	104.29547318762577
9.164962239583183	104.41291119273869
9.174962239583182	104.53034905916776
9.184962239583182	104.64778697423353
9.194962239583182	104.76522488815573
9.204962239583182	104.88266280098247
9.214962239583182	105.0001007127615
9.224962239583181	105.11753709963699
9.234962239583181	105.23497514002055
9.244962239583181	105.35241317944998
9.25496223958318	105.4698489958813
9.26496223958318	105.58728711357884
9.27496223958318	105.70472523020388
9.28496223958318	105.82216315737695
9.29496223958318	105.93960117531246
9.30496223958318	106.0570391920868
9.31496223958318	106.17447720771584
9.32496223958318	106.29191522221316
9.334962239583179	106.40935090128193
9.344962239583179	106.52678885026006
9.354962239583179	106.64422655830403
9.364962239583178	106.76166368482939
9.374962239583178	106.87910159443175
9.384962239583178	106.9965395031422
9.394962239583178	107.11397741101402
9.404962239583178	107.23141531809966
9.414962239583177	107.34885309794295
9.424962239583177	107.4662909199546
9.434962239583177	107.58372814841648
9.444962239583177	107.70116618672238
9.454962239583176	107.8186042244727
9.464962239583176	107.93604226166693
9.474962239583176	108.05348029830533
9.484962239583176	108.17091833438758
9.494962239583176	108.28835636991397
9.504962239583175	108.40579440488429
9.514962239583175	108.5232324392987
9.524962239583175	108.64067047315761
9.534962239583175	108.7581085064599
9.544962239583175	108.87554653920688
9.554962239583174	108.99298457139753
9.564962239583174	109.11042260303228
9.574962239583174	109.22785907644034
9.584962239583174	109.34529529444119
9.594962239583174	109.46273327126717
9.604962239583173	109.58017124610083
9.614962239583173	109.69760582000053
9.624962239583173	109.81504378051599
9.634962239583173	109.93248173896853
9.644962239583172	110.04991969535872
9.654962239583172	110.16735036198666
9.664962239583172	110.28478831569649
9.674962239583172	110.40222626940637
9.684962239583172	110.5196642231161
9.694962239583171	110.63710217682579
9.704962239583171	110.7545401305356
9.714962239583171	110.87197808424557
9.72496223958317	110.9894160379556
9.73496223958317	111.10685399166515
9.74496223958317	111.22429194537517
9.75496223958317	111.34172989908492
9.76496223958317	111.45916785279454
9.77496223958317	111.5766058065044
9.78496223958317	111.69404376021436
9.79496223958317	111.81148171392415
9.804962239583169	111.92891966763368
9.814962239583169	112.04635762134372
9.824962239583169	112.1637955750535
9.834962239583168	112.2812335287634
9.844962239583168	112.39867148247336
9.854962239583168	112.516109436183
9.864962239583168	112.63354738989294
9.874962239583168	112.75098534360276
9.884962239583167	112.86842329731262
9.894962239583167	112.98586125102246
9.904962239583167	113.1032992047321
9.914962239583167	113.22073715844184
9.924962239583166	113.3381751121517
9.934962239583166	113.45561306586158
9.944962239583166	113.57305101957145
9.954962239583166	113.69048897328123
9.964962239583166	113.80792692699106
9.974962239583165	113.92536488070088
9.984962239583165	114.04280283441078
9.994962239583165	114.16024078812039
10.004962239583165	114.27767874183046
10.014962239583165	114.39511669554042
10.024962239583164	114.51255464925013
10.034962239583164	114.62999260295986
10.044962239583164	114.74743055666987
10.054962239583164	114.8648685103794
10.064962239583163	114.98230646408938
10.074962239583163	115.09974441779914
10.084962239583163	115.21718237150927
10.094962239583163	115.33462032521898
10.104962239583163	115.4520582789288
10.114962239583162	115.56949623263849
10.124962239583162	115.68693418634822
10.134962239583162	115.804372140058
10.144962239583162	115.9218100937678
10.154962239583162	116.03924804747774
10.164962239583161	116.15668600118747
10.174962239583161	116.27412395489735
10.184962239583161	116.39156190860726
10.19496223958316	116.50899986231704
10.20496223958316	116.62643781602684
10.21496223958316	116.74387576973665
10.22496223958316	116.86131372344649
10.23496223958316	116.97875167715628
10.24496223958316	117.09618963086615
10.25496223958316	117.21362758457596
10.26496223958316	117.33106553828601
10.274962239583159	117.44850349199567
10.284962239583159	117.56594144570548
10.294962239583159	117.68337939941532
10.304962239583158	117.80081735312511
10.314962239583158	117.91825530683487
10.324962239583158	118.03569326054466
10.334962239583158	118.15313121425442
10.344962239583158	118.27056916796441
10.354962239583157	118.38800712167414
10.364962239583157	118.50544507538393
10.374962239583157	118.62288302909381
10.384962239583157	118.74032098280381
10.394962239583156	118.85775893651368
10.404962239583156	118.97519689022332
10.414962239583156	119.09263484393325
10.424962239583156	119.21007279764294
10.434962239583156	119.32751075135266
10.444962239583155	119.44494870506274
10.454962239583155	119.56238665877234
10.464962239583155	119.6798246124823
10.474962239583155	119.7972625661921
10.484962239583155	119.91470051990188
10.494962239583154	120.03213847361172
10.504962239583154	120.14957642732153
10.514962239583154	120.26701438103143
10.524962239583154	120.38445233474121
10.534962239583153	120.50189028845118
10.544962239583153	120.61932824216107
10.554962239583153	120.73676619587076
10.564962239583153	120.85420414958034
10.574962239583153	120.97164210329016
10.584962239583152	121.0890792331567
10.594962239583152	121.20651705082648
10.604962239583152	121.32395486849623
10.614962239583152	121.44139268616586
10.624962239583152	121.55883050383574
10.634962239583151	121.67626832150555
10.644962239583151	121.79370613917534
10.654962239583151	121.91114395684518
10.66496223958315	122.02858177451503
10.67496223958315	122.14601959218483
10.68496223958315	122.26345740985472
10.69496223958315	122.38089522752438
10.70496223958315	122.49832752319254
10.71496223958315	122.61576548934741
10.72496223958315	122.73320345550157
10.73496223958315	122.85064142165614
10.744962239583149	122.96807938781093
10.754962239583149	123.08551735396541
10.764962239583149	123.20295532011987
10.774962239583148	123.32039328627461
10.784962239583148	123.43783125242899
10.794962239583148	123.55526921858356
10.804962239583148	123.67270718473824
10.814962239583148	123.79014515089273
10.824962239583147	123.90758311704727
10.834962239583147	124.02502108320188
10.844962239583147	124.14245904935635
10.854962239583147	124.25989701551073
10.864962239583146	124.37733498166541
10.874962239583146	124.49477294782025
10.884962239583146	124.61221091397418
10.894962239583146	124.72964888012895
10.904962239583146	124.84708684628362
10.914962239583145	124.96452481243793
10.924962239583145	125.08196277859263
10.934962239583145	125.19940074474707
10.944962239583145	125.31683871090158
10.954962239583145	125.43427667705619
10.964962239583144	125.55171464321079
10.974962239583144	125.66915260936534
10.984962239583144	125.78659057551982
10.994962239583144	125.90402854167436
11.004962239583143	126.02146650782896
11.014962239583143	126.13890447398354
11.024962239583143	126.2563424401379
11.034962239583143	126.37378040629268
11.044962239583143	126.4912183724471
11.054962239583142	126.60865633860162
11.064962239583142	126.72609430475613
11.074962239583142	126.84353227091064
11.084962239583142	126.9609702370652
11.094962239583142	127.07840752374936
11.104962239583141	127.19584357922844
11.114962239583141	127.3132816365096
11.124962239583141	127.4307196937904
11.13496223958314	127.54815775107117
11.14496223958314	127.66559580835217
11.15496223958314	127.7830338656333
11.16496223958314	127.89859289948899
11.17496223958314	127.99627259054414
11.18496223958314	128.09395228159931
11.19496223958314	128.19163197265462
11.20496223958314	128.28931166370964
11.214962239583139	128.38698796101656
11.224962239583139	128.48466903630936
11.234962239583139	128.5823486404522
11.244962239583138	128.6800285875649
11.254962239583138	128.777708534678
11.264962239583138	128.8753884817911
11.274962239583138	128.9730684289038
11.284962239583137	129.07074837601698
11.294962239583137	129.1684283231299
11.304962239583137	129.26610827024282
11.314962239583137	129.3637882173559
11.324962239583137	129.46146816446876
11.334962239583136	129.5591481115817
11.344962239583136	129.65682805869466
11.354962239583136	129.75450800580768
11.364962239583136	129.85218795292047
11.374962239583136	129.94986790003352
11.384962239583135	130.0475478471464
11.394962239583135	130.14522779425945
11.404962239583135	130.2429077413724
11.414962239583135	130.3405876884855
11.424962239583135	130.4382676355984
11.434962239583134	130.53594758271146
11.444962239583134	130.63362752982408
11.454962239583134	130.73130747693725
11.464962239583134	130.82898742405024
11.474962239583133	130.92666737116298
11.484962239583133	131.02434731827626
11.494962239583133	131.12202726538928
11.504962239583133	131.21970721250193
11.514962239583133	131.3173871596152
11.524962239583132	131.41506710672806
11.534962239583132	131.51274705384085
11.544962239583132	131.61042700095385
11.554962239583132	131.70810694806684
11.564962239583132	131.80578689517975
11.574962239583131	131.90346684229277
11.584962239583131	132.00114678940585
11.59496223958313	132.0988267365187
11.60496223958313	132.19650668363158
11.61496223958313	132.29418663074466
11.62496223958313	132.3918665778575
11.63496223958313	132.48954652497062
11.64496223958313	132.5872264720833
11.65496223958313	132.68490641919655
11.66496223958313	132.7825863663095
11.67496223958313	132.88026631342242
11.684962239583129	132.9779462605353
11.694962239583129	133.07562620764838
11.704962239583129	133.17330615476124
11.714962239583128	133.270986101874
11.724962239583128	133.36866604898697
11.734962239583128	133.46634599610022
11.744962239583128	133.56402594321293
11.754962239583127	133.66170589032603
11.764962239583127	133.75938583743914
11.774962239583127	133.85706578455213
11.784962239583127	133.95474573166484
11.794962239583127	134.05242567877798
11.804962239583126	134.1501056258907
11.814962239583126	134.24778557300363
11.824962239583126	134.34546552011665
11.834962239583126	134.44314546722964
11.844962239583126	134.54082541434252
11.854962239583125	134.63850536145551
11.864962239583125	134.7361853085686
11.874962239583125	134.83386525568156
11.884962239583125	134.93154520279447
11.894962239583124	135.0292251499074
11.904962239583124	135.12690509702063
11.914962239583124	135.22458504413356
11.924962239583124	135.3222649912462
11.934962239583124	135.41994493835944
11.944962239583123	135.51762488547234
11.950000000000001	135.56686128823955
1000011.95	135.56686128823955
