-100000	0
0	0
0.0003333333333333333	0.002838507640271304
0.0008333333333333333	0.007105365292772337
0.0015833333333333333	0.013525567432356826
0.0027083333333333334	0.02319888265407981
0.004395833333333333	0.037800151422208834
0.006927083333333334	0.0598881495786289
0.010723958333333335	0.09332040632795971
0.016419270833333336	0.14397479073146724
0.024962239583333337	0.22085810793812655
0.03496223958333334	0.3119964530176412
0.04496223958333334	0.4041481143709441
0.05496223958333334	0.49716652045034654
0.06496223958333334	0.590989888310092
0.07496223958333334	0.6854999436483609
0.08496223958333333	0.7806517889401055
0.09496223958333333	0.8764093866738348
0.10496223958333332	0.972714660790418
0.11496223958333332	1.0695333715347164
0.12496223958333331	1.166845777648756
0.1349622395833333	1.26461782053467
0.14496223958333332	1.362826287315849
0.15496223958333333	1.4614546515870426
0.16496223958333334	1.5604898357230852
0.17496223958333335	1.6599168220722107
0.18496223958333335	1.7597156691824667
0.19496223958333336	1.8598680339848668
0.20496223958333337	1.9603542207930342
0.21496223958333338	2.0611663314373905
0.2249622395833334	2.162293773378176
0.2349622395833334	2.263719458462537
0.2449622395833334	2.365439232508028
0.2549622395833334	2.4674447155818435
0.2649622395833334	2.5697300715523426
0.27496223958333343	2.6722916974528075
0.28496223958333344	2.775115023919614
0.29496223958333345	2.878185044314286
0.30496223958333346	2.9814987219841242
0.31496223958333347	3.0850526723988
0.3249622395833335	3.188843014045867
0.3349622395833335	3.2928669572138145
0.3449622395833335	3.39711964282923
0.3549622395833335	3.501586567371537
0.3649622395833335	3.6062627393126494
0.3749622395833335	3.7111468398963416
0.38496223958333353	3.8162332985795917
0.39496223958333354	3.921513356199213
0.40496223958333355	4.026986339535846
0.41496223958333356	4.1326498465426384
0.42496223958333357	4.23849288878723
0.4349622395833336	4.344509577897577
0.4449622395833336	4.4506973319449585
0.4549622395833336	4.557053896349566
0.4649622395833336	4.663577076409792
0.4749622395833336	4.770265539460879
0.4849622395833336	4.877117496381075
0.49496223958333363	4.984131463302457
0.5049622395833336	5.091297550084648
0.5149622395833336	5.198612576033884
0.5249622395833337	5.3060746256971365
0.5349622395833337	5.413682764499618
0.5449622395833337	5.521434615624613
0.5549622395833337	5.62932783247837
0.5649622395833337	5.7373565878925525
0.5749622395833337	5.845518049422084
0.5849622395833337	5.953810971064667
0.5949622395833337	6.062230249946067
0.6049622395833337	6.170774797983154
0.6149622395833337	6.2794426928831255
0.6249622395833337	6.388227554517822
0.6349622395833338	6.497127562152616
0.6449622395833338	6.606142435968223
0.6549622395833338	6.7152706190466
0.6649622395833338	6.824511592296041
0.6749622395833338	6.933863727165344
0.6849622395833338	7.043322608182927
0.6949622395833338	7.1528818780198575
0.7049622395833338	7.26254175481614
0.7149622395833338	7.372300878881592
0.7249622395833338	7.482158613588739
0.7349622395833338	7.59211408679563
0.7449622395833339	7.70216632967448
0.7549622395833339	7.812313827457714
0.7649622395833339	7.92255601259587
0.7749622395833339	8.032891751810595
0.7849622395833339	8.143316990643806
0.7949622395833339	8.253825527746747
0.8049622395833339	8.364415808113165
0.8149622395833339	8.475087083428892
0.8249622395833339	8.585838804225627
0.8349622395833339	8.696670549760182
0.8449622395833339	8.807582147865324
0.854962239583334	8.918572756198161
0.864962239583334	9.02964220763359
0.874962239583334	9.140788584541623
0.884962239583334	9.252010821107216
0.894962239583334	9.36330548848468
0.904962239583334	9.47466734515689
0.914962239583334	9.586096702548657
0.924962239583334	9.6975918231306
0.934962239583334	9.809153204856434
0.944962239583334	9.920779601424474
0.954962239583334	10.032470597100975
0.964962239583334	10.14422539888799
0.9749622395833341	10.256040516460011
0.9849622395833341	10.36791497394124
0.9949622395833341	10.479847266060721
1.004962239583334	10.59183811040882
1.014962239583334	10.703884763572178
1.024962239583334	10.815985961241458
1.034962239583334	10.92814133338664
1.044962239583334	11.040351869924176
1.054962239583334	11.15261185717672
1.064962239583334	11.26492027017229
1.074962239583334	11.377276615972761
1.084962239583334	11.489680604249275
1.094962239583334	11.602131498538967
1.104962239583334	11.714629597816888
1.114962239583334	11.827174793311451
1.124962239583334	11.93976682557468
1.134962239583334	12.052387507325736
1.144962239583334	12.165022510785294
1.154962239583334	12.277672180634205
1.1649622395833341	12.390336515367888
1.1749622395833341	12.503014935077266
1.1849622395833341	12.61570857703314
1.1949622395833341	12.728416880037583
1.2049622395833341	12.841139843004916
1.2149622395833342	12.95387746484939
1.2249622395833342	13.066628577556257
1.2349622395833342	13.179395504748534
1.2449622395833342	13.292177088159464
1.2549622395833342	13.40497332710371
1.2649622395833342	13.51778422089585
1.2749622395833342	13.630609768850471
1.2849622395833342	13.743449970282239
1.2949622395833342	13.856304824505713
1.3049622395833342	13.969174330835546
1.3149622395833342	14.082058488586318
1.3249622395833343	14.19495729707273
1.3349622395833343	14.307870755609237
1.3449622395833343	14.420798863510589
1.3549622395833343	14.533741620091286
1.3649622395833343	14.646699024666033
1.3749622395833343	14.759671076549408
1.3849622395833343	14.872660179813563
1.3949622395833343	14.98566155459355
1.4049622395833343	15.09867757446767
1.4149622395833343	15.21170735491866
1.4249622395833343	15.324753764971513
1.4349622395833344	15.437816793116177
1.4449622395833344	15.550895230997758
1.4549622395833344	15.663989679147098
1.4649622395833344	15.777100143948273
1.4749622395833344	15.890225963555164
1.4849622395833344	16.003368467815232
1.4949622395833344	16.11652701098921
1.5049622395833344	16.22970160146211
1.5149622395833344	16.342892005624652
1.5249622395833344	16.456098713920984
1.5349622395833344	16.569321493307108
1.5449622395833345	16.682560352216324
1.5549622395833345	16.79581597877314
1.5649622395833345	16.909087119922937
1.5749622395833345	17.022375011902778
1.5849622395833345	17.135679491337683
1.5949622395833345	17.249000096449485
1.6049622395833345	17.36233774198731
1.6149622395833345	17.475692641991763
1.6249622395833345	17.589063481978314
1.6349622395833345	17.70245091535393
1.6449622395833345	17.81585561214376
1.6549622395833345	17.929276243303296
1.6649622395833346	18.042713473297688
1.6749622395833346	18.156167986328004
1.6849622395833346	18.26963792892208
1.6949622395833346	18.383127894657783
1.7049622395833346	18.496632285533575
1.7149622395833346	18.610153016963107
1.7249622395833346	18.72368929875786
1.7349622395833346	18.837244061152074
1.7449622395833346	18.95081587241064
1.7549622395833346	19.064404738706155
1.7649622395833346	19.178010666211208
1.7749622395833347	19.291633661098377
1.7849622395833347	19.405273729540294
1.7949622395833347	19.518930877709508
1.8049622395833347	19.632608732255807
1.8149622395833347	19.74629634344755
1.8249622395833347	19.860004778829985
1.8349622395833347	19.973730314136596
1.8449622395833347	20.087472953899248
1.8549622395833347	20.20123270264979
1.8649622395833347	20.31500956492016
1.8749622395833347	20.428803545242467
1.8849622395833348	20.542614648148483
1.8949622395833348	20.656442878169976
1.9049622395833348	20.770288239839047
1.9149622395833348	20.88415073768768
1.9249622395833348	20.99803037624758
1.9349622395833348	21.111927160050858
1.9449622395833348	21.225841093629306
1.9549622395833348	21.339772181514963
1.9649622395833348	21.453720443836463
1.9749622395833348	21.56768587227061
1.9849622395833348	21.68166944405839
1.9949622395833349	21.79566823731923
2.004962239583335	21.9096849164388
2.0149622395833346	22.023718570064407
2.0249622395833344	22.137769200105435
2.034962239583334	22.251836808471676
2.044962239583334	22.36592139707249
2.054962239583334	22.480022967817657
2.0649622395833336	22.594141522616518
2.0749622395833334	22.708277063378883
2.084962239583333	22.822429592014217
2.094962239583333	22.93659911043197
2.1049622395833327	23.050785620541806
2.1149622395833325	23.16498912486218
2.1249622395833323	23.279209625284984
2.134962239583332	23.39344712308458
2.144962239583332	23.50770162013957
2.1549622395833317	23.62197311832877
2.1649622395833314	23.736261619530993
2.1749622395833312	23.850567125624853
2.184962239583331	23.96488963848928
2.194962239583331	24.07922916000283
2.2049622395833306	24.193585692044334
2.2149622395833304	24.307959235468218
2.22496223958333	24.422349790547802
2.23496223958333	24.53675736231453
2.2449622395833297	24.651181953061794
2.2549622395833295	24.765623565083235
2.2649622395833293	24.880082200672533
2.274962239583329	24.994557862122964
2.284962239583329	25.109050551728497
2.2949622395833287	25.223560271782365
2.3049622395833285	25.33808702457843
2.3149622395833283	25.452630812410042
2.324962239583328	25.567191637570946
2.334962239583328	25.68176950235449
2.3449622395833276	25.796364409054544
2.3549622395833274	25.91097635996453
2.364962239583327	26.025605357378012
2.374962239583327	26.14025810354665
2.3849622395833268	26.254921206363903
2.3949622395833265	26.369601361813796
2.4049622395833263	26.484286693170354
2.414962239583326	26.59900287222909
2.424962239583326	26.713740844605923
2.4349622395833257	26.82848732641796
2.4449622395833255	26.943249327946084
2.4549622395833253	27.058025772036938
2.464962239583325	27.172818847219453
2.474962239583325	27.287627477490766
2.4849622395833246	27.402451674668026
2.4949622395833244	27.517291987492907
2.504962239583324	27.632147367770575
2.514962239583324	27.74701835086225
2.5249622395833238	27.86190494898616
2.5349622395833236	27.976807174360903
2.5449622395833233	28.09172503920464
2.554962239583323	28.20665882774445
2.564962239583323	28.321608013713075
2.5749622395833227	28.436573685720678
2.5849622395833225	28.5515542436856
2.5949622395833223	28.666550507383487
2.604962239583322	28.781562490401857
2.614962239583322	28.8965902063285
2.6249622395833216	29.01163422032977
2.6349622395833214	29.126693446545925
2.644962239583321	29.24176841284381
2.654962239583321	29.35685911319594
2.664962239583321	29.471965541574914
2.6749622395833206	29.58708769195334
2.6849622395833204	29.702225558303738
2.69496223958332	29.817379134598777
2.70496223958332	29.93254841481088
2.7149622395833197	30.04773339291269
2.7249622395833195	30.16293406287684
2.7349622395833193	30.278150418675892
2.744962239583319	30.393382454282456
2.754962239583319	30.508630163668975
2.7649622395833187	30.623893540807977
2.7749622395833184	30.739172579672257
2.7849622395833182	30.854467273643255
2.794962239583318	30.969777616908186
2.804962239583318	31.085103341184524
2.8149622395833176	31.200444951212994
2.8249622395833174	31.3158021448707
2.834962239583317	31.431174890812624
2.844962239583317	31.546563046045105
2.8549622395833167	31.66196631998592
2.8649622395833165	31.77738418405815
2.8749622395833163	31.892816345114756
2.884962239583316	32.00826277891919
2.894962239583316	32.12372346123537
2.9049622395833157	32.23919811454677
2.9149622395833155	32.35468724115624
2.9249622395833152	32.470190537153876
2.934962239583315	32.58570797736905
2.944962239583315	32.701239535785064
2.9549622395833146	32.81678518589542
2.9649622395833144	32.93234490119387
2.974962239583314	33.04791865517384
2.984962239583314	33.163506421329004
2.9949622395833138	33.27910816621249
3.0049622395833135	33.39472380414247
3.0149622395833133	33.51035393441323
3.024962239583313	33.62599746541318
3.034962239583313	33.741654941135955
3.0449622395833127	33.857326376791725
3.0549622395833125	33.9730114368382
3.0649622395833123	34.08871065056371
3.074962239583312	34.20442372891865
3.084962239583312	34.3201506550139
3.0949622395833116	34.435891411959965
3.1049622395833114	34.55164598286769
3.114962239583311	34.667414350847814
3.124962239583311	34.78319649901109
3.1349622395833108	34.89899479454702
3.1449622395833106	35.0148024958674
3.1549622395833103	35.130624431442286
3.16496223958331	35.24645952494552
3.17496223958331	35.362307465875915
3.1849622395833097	35.478168487261584
3.1949622395833095	35.594042275162984
3.2049622395833093	35.70992852082356
3.214962239583309	35.82582743865387
3.224962239583309	35.9417389849995
3.2349622395833086	36.05766311344093
3.2449622395833084	36.17359978437742
3.254962239583308	36.28954894558216
3.264962239583308	36.40551056344098
3.274962239583308	36.52148601121298
3.2849622395833076	36.63747235912933
3.2949622395833074	36.75347014085871
3.304962239583307	36.86947993530143
3.314962239583307	36.985501481775664
3.3249622395833067	37.10153479364484
3.3349622395833065	37.217579884272865
3.3449622395833063	37.33363676702312
3.354962239583306	37.44970545393217
3.364962239583306	37.56578595760843
3.3749622395833057	37.681878293482114
3.3849622395833054	37.797982474905716
3.3949622395833052	37.91409851523125
3.404962239583305	38.03022669000001
3.414962239583305	38.14636649014279
3.4249622395833046	38.26251795096001
3.4349622395833044	38.37868109999274
3.444962239583304	38.4948549938567
3.454962239583304	38.611039836371816
3.4649622395833037	38.72723560527107
3.4749622395833035	38.84344227828739
3.4849622395833033	38.95965983159507
3.494962239583303	39.075888243870615
3.504962239583303	39.19212749379964
3.5149622395833027	39.30837755931664
3.5249622395833025	39.424638418355904
3.5349622395833022	39.54091004885204
3.544962239583302	39.657192428739386
3.554962239583302	39.77348553595237
3.5649622395833016	39.889789348425545
3.5749622395833014	40.0061037139876
3.584962239583301	40.12242887747515
3.594962239583301	40.23876467503247
3.6049622395833008	40.35511107529895
3.6149622395833005	40.47146804695646
3.6249622395833003	40.58783556297097
3.6349622395833	40.70421359577931
3.6449622395833	40.82060211708172
3.6549622395832997	40.93700136304902
3.6649622395832995	41.05341079117478
3.6749622395832993	41.16983061770982
3.684962239583299	41.28626080922486
3.694962239583299	41.40270133229113
3.7049622395832986	41.51915280297696
3.7149622395832984	41.63561335969449
3.724962239583298	41.75208310646945
3.734962239583298	41.868561575679216
3.7449622395832978	41.98504878943622
3.7549622395832976	42.101544752200674
3.7649622395832973	42.21804946843258
3.774962239583297	42.33456294259201
3.784962239583297	42.45108517913911
3.7949622395832967	42.56761619457247
3.8049622395832965	42.68415597227006
3.8149622395832963	42.80070448085464
3.824962239583296	42.917261696959805
3.834962239583296	43.033827333546384
3.8449622395832956	43.1504018924054
3.8549622395832954	43.26698508894405
3.864962239583295	43.38357689996305
3.874962239583295	43.50017730226285
3.884962239583295	43.61678627264413
3.8949622395832946	43.73340405324856
3.9049622395832944	43.8500300934972
3.914962239583294	43.96666463202239
3.924962239583294	44.0833076454932
3.9349622395832937	44.19995904418144
3.9449622395832935	44.3166188413728
3.9549622395832933	44.433287346872575
3.964962239583293	44.54996400856899
3.974962239583293	44.666649006691074
3.9849622395832927	44.78334231028145
3.9949622395832924	44.90004388838317
4.004962239583293	45.01675371003873
4.0149622395832925	45.13347174429122
4.024962239583292	45.25019796018316
4.034962239583292	45.36693232675779
4.044962239583292	45.48367402365234
4.054962239583292	45.60042459723364
4.064962239583291	45.71718322873491
4.074962239583291	45.83394988730499
4.084962239583291	45.95072454209301
4.094962239583291	46.067507162247935
4.1049622395832905	46.18429771691868
4.11496223958329	46.30109617525421
4.12496223958329	46.417902506403706
4.13496223958329	46.53471726261112
4.14496223958329	46.651538972639
4.1549622395832895	46.76836704705542
4.164962239583289	46.885202418600144
4.174962239583289	47.002044389341975
4.184962239583289	47.11889294663713
4.194962239583289	47.235748077842004
4.204962239583288	47.352609770312995
4.214962239583288	47.469478011406416
4.224962239583288	47.58635278847842
4.234962239583288	47.7032333018416
4.2449622395832876	47.820121108027315
4.254962239583287	47.93701541226926
4.264962239583287	48.05391620192832
4.274962239583287	48.17082346296157
4.284962239583287	48.287737182646374
4.2949622395832865	48.40465734993905
4.304962239583286	48.52158421488167
4.314962239583286	48.63851725170636
4.324962239583286	48.75545668779597
4.334962239583286	48.87240251968161
4.344962239583285	48.989354734711455
4.354962239583285	49.10631457634869
4.364962239583285	49.22327791165453
4.374962239583285	49.340248874032646
4.384962239583285	49.45722478347849
4.394962239583284	49.574206645288136
4.404962239583284	49.69119418172987
4.414962239583284	49.80818735999691
4.424962239583284	49.925186135052975
4.4349622395832835	50.04219046695163
4.444962239583283	50.15920031574579
4.454962239583283	50.276215641489024
4.464962239583283	50.39323640423465
4.474962239583283	50.51026256403595
4.484962239583282	50.62729408094598
4.494962239583282	50.74433091501839
4.504962239583282	50.86137320835513
4.514962239583282	50.97842064828268
4.524962239583282	51.09547380686529
4.534962239583281	51.21253171425782
4.544962239583281	51.329594882792236
4.554962239583281	51.44666356586636
4.564962239583281	51.5637376675806
4.5749622395832805	51.680816219831875
4.58496223958328	51.7978987802789
4.59496223958328	51.91498634493446
4.60496223958328	52.03207820244331
4.61496223958328	52.14917435821988
4.6249622395832795	52.266275638737625
4.634962239583279	52.3833804597508
4.644962239583279	52.500489554573306
4.654962239583279	52.6176029042998
4.664962239583279	52.73472049002547
4.674962239583278	52.85184229284496
4.684962239583278	52.96896842010677
4.694962239583278	53.08609849086428
4.704962239583278	53.203232579970624
4.7149622395832775	53.32037059343403
4.724962239583277	53.437512545649966
4.734962239583277	53.554658216958096
4.744962239583277	53.67180766668832
4.754962239583277	53.78896088846963
4.7649622395832765	53.906117869735326
4.774962239583276	54.02327859547908
4.784962239583276	54.140443257417445
4.794962239583276	54.257611422516526
4.804962239583276	54.374783272276
4.814962239583275	54.49195878231458
4.824962239583275	54.609137667076794
4.834962239583275	54.72632042121748
4.844962239583275	54.84350679215499
4.8549622395832746	54.960696777680376
4.864962239583274	55.077890375584666
4.874962239583274	55.195087583659415
4.884962239583274	55.31228839969581
4.894962239583274	55.42949385887438
4.9049622395832735	55.5467019072253
4.914962239583273	55.66391355099333
4.924962239583273	55.78112800837238
4.934962239583273	55.8983468146789
4.944962239583273	56.01556919555884
4.954962239583272	56.132795145346485
4.964962239583272	56.25002465837766
4.974962239583272	56.36725772898673
4.984962239583272	56.48449435150935
4.994962239583272	56.60173485560054
5.004962239583271	56.71897783923821
5.014962239583271	56.83622469980285
5.024962239583271	56.95347359806819
5.034962239583271	57.07072497381567
5.0449622395832705	57.1879788223894
5.05496223958327	57.30523513913376
5.06496223958327	57.42249391939294
5.07496223958327	57.539755158510864
5.08496223958327	57.65701885183201
5.094962239583269	57.77428499470056
5.104962239583269	57.89155358246059
5.114962239583269	58.008824610456536
5.124962239583269	58.1260980740324
5.134962239583269	58.24337396853225
5.144962239583268	58.360652289300624
5.154962239583268	58.47793303168167
5.164962239583268	58.595216191019425
5.174962239583268	58.71250176265817
5.1849622395832675	58.829789741942356
5.194962239583267	58.94708012421561
5.204962239583267	59.0643729048227
5.214962239583267	59.18166807910769
5.224962239583267	59.29896564241445
5.2349622395832665	59.416265590087804
5.244962239583266	59.53356791747133
5.254962239583266	59.65087236292563
5.264962239583266	59.76817943402727
5.274962239583266	59.885488870927446
5.284962239583265	60.002800669018605
5.294962239583265	60.12011482369395
5.304962239583265	60.23743081539428
5.314962239583265	60.35474991740645
5.3249622395832645	60.47207109879039
5.334962239583264	60.58939460646166
5.344962239583264	60.706720430027865
5.354962239583264	60.82404855909596
5.364962239583264	60.941378983274724
5.3749622395832635	61.058711692170895
5.384962239583263	61.17604667539248
5.394962239583263	61.2933839225469
5.404962239583263	61.41072342324197
5.414962239583263	61.528066467367125
5.424962239583262	61.64541152410877
5.434962239583262	61.7627577141635
5.444962239583262	61.8801046252339
5.454962239583262	61.997453899606896
5.4649622395832615	62.11480393868411
5.474962239583261	62.232156255141604
5.484962239583261	62.34951009897752
5.494962239583261	62.466865466837675
5.504962239583261	62.58422235536718
5.5149622395832605	62.701580761211474
5.52496223958326	62.81894068101653
5.53496223958326	62.936302111427416
5.54496223958326	63.05366504909011
5.55496223958326	63.171029490649666
5.564962239583259	63.288395432751784
5.574962239583259	63.40576287204213
5.584962239583259	63.52313180516615
5.594962239583259	63.64050222876908
5.604962239583259	63.75787413949656
5.614962239583258	63.87524753187504
5.624962239583258	63.9926223974793
5.634962239583258	64.10999834230309
5.644962239583258	64.22737734234524
5.6549622395832575	64.3447545971435
5.664962239583257	64.46213487364216
5.674962239583257	64.5795161856935
5.684962239583257	64.6968985208236
5.694962239583257	64.81428211283387
5.704962239583256	64.93166645226516
5.714962239583256	65.04905153281213
5.724962239583256	65.16643807866822
5.734962239583256	65.28382683084406
5.744962239583256	65.40121528130312
5.754962239583255	65.5186046553887
5.764962239583255	65.63599493451473
5.774962239583255	65.75338609999415
5.784962239583255	65.87077813301208
5.7949622395832545	65.98817077760707
5.804962239583254	66.10556427538788
5.814962239583254	66.22295861434442
5.824962239583254	66.34035378246527
5.834962239583254	66.45774976773991
5.8449622395832534	66.57514655815761
5.854962239583253	66.69254299781693
5.864962239583253	66.80994143295399
5.874962239583253	66.92734009889597
5.884962239583253	67.04473953891159
5.894962239583252	67.16213949412648
5.904962239583252	67.2795399503652
5.914962239583252	67.39693963726127
5.924962239583252	67.5143410484933
5.9349622395832515	67.63174294011242
5.944962239583251	67.74914531215241
5.954962239583251	67.86654816464748
5.964962239583251	67.98395149763174
5.974962239583251	68.10135531113922
5.9849622395832505	68.2187596052044
5.99496223958325	68.33616437986097
6.00496223958325	68.45356963953733
6.01496223958325	68.57097538067384
6.02496223958325	68.68838160254806
6.034962239583249	68.80578830521748
6.044962239583249	68.92319548873985
6.054962239583249	69.04060315317297
6.064962239583249	69.15801129857456
6.0749622395832485	69.27541992500193
6.084962239583248	69.39282903251342
6.094962239583248	69.51023862116614
6.104962239583248	69.6276486910182
6.114962239583248	69.74505924212734
6.1249622395832475	69.86247027455069
6.134962239583247	69.97988178834667
6.144962239583247	70.09729378357252
6.154962239583247	70.214706260286
6.164962239583247	70.3321192185451
6.174962239583246	70.44953265840716
6.184962239583246	70.56694657993033
6.194962239583246	70.68436098317184
6.204962239583246	70.80177586818964
6.214962239583246	70.91919123504152
6.224962239583245	71.03660708378476
6.234962239583245	71.15402391319365
6.244962239583245	71.27144071170684
6.254962239583245	71.38885800069109
6.2649622395832445	71.5062757876483
6.274962239583244	71.62369404770561
6.284962239583244	71.7411125446562
6.294962239583244	71.85853092123781
6.304962239583244	71.97595041086511
6.314962239583243	72.09336970908818
6.324962239583243	72.21078979046358
6.334962239583243	72.3282101565568
6.344962239583243	72.44563129209655
6.354962239583243	72.56305220549525
6.364962239583242	72.68047339749046
6.374962239583242	72.79789486813878
6.384962239583242	72.91531661749725
6.394962239583242	73.03273864562168
6.4049622395832415	73.15016095256874
6.414962239583241	73.26758353839485
6.424962239583241	73.38500640315645
6.434962239583241	73.50242954691001
6.444962239583241	73.61985147485501
6.4549622395832404	73.73727516554415
6.46496223958324	73.85469913882781
6.47496223958324	73.97212339658124
6.48496223958324	74.08954794067948
6.49496223958324	74.2069727729971
6.504962239583239	74.3243978954095
6.514962239583239	74.44182330979123
6.524962239583239	74.55924901801752
6.534962239583239	74.67667502196336
6.5449622395832385	74.79410132350361
6.554962239583238	74.91152792451318
6.564962239583238	75.028954826867
6.574962239583238	75.14638203244016
6.584962239583238	75.26380954310743
6.5949622395832375	75.38123736074398
6.604962239583237	75.49866548722468
6.614962239583237	75.61609392442456
6.624962239583237	75.73352267421843
6.634962239583237	75.85095173848134
6.644962239583236	75.96838111908825
6.654962239583236	76.08581081791404
6.664962239583236	76.20324083683381
6.674962239583236	76.32067117772243
6.6849622395832355	76.43810184245494
6.694962239583235	76.55553283290605
6.704962239583235	76.67296415095093
6.714962239583235	76.79039579846469
6.724962239583235	76.90782777732186
6.7349622395832345	77.02526008939783
6.744962239583234	77.14269273656737
6.754962239583234	77.26012572070537
6.764962239583234	77.37755904368674
6.774962239583234	77.49499270738656
6.784962239583233	77.61242594633869
6.794962239583233	77.7298602570749
6.804962239583233	77.84729488848446
6.814962239583233	77.9647298272624
6.824962239583233	78.08216506010324
6.834962239583232	78.19960057370282
6.844962239583232	78.31703635475625
6.854962239583232	78.43447238995819
6.864962239583232	78.55190866600417
6.8749622395832315	78.6693473740548
6.884962239583231	78.78678407832405
6.894962239583231	78.90422097631044
6.904962239583231	79.02165804892441
6.914962239583231	79.13909455883415
6.92496223958323	79.2565319506918
6.93496223958323	79.37397016725718
6.94496223958323	79.49140772409913
6.95496223958323	79.60884532106036
6.96496223958323	79.72628295611518
6.974962239583229	79.8437206272368
6.984962239583229	79.96115833239917
6.994962239583229	80.07859730991657
7.004962239583229	80.1960350963915
7.0149622395832285	80.31347291120994
7.024962239583228	80.43091075259338
7.034962239583228	80.54834886275661
7.044962239583228	80.66578674234816
7.054962239583228	80.78322464478128
7.064962239583227	80.9006625693925
7.074962239583227	81.01810051551892
7.084962239583227	81.13553848249678
7.094962239583227	81.25297646966301
7.104962239583227	81.37041447635463
7.114962239583226	81.48785250190784
7.124962239583226	81.60529054565956
7.134962239583226	81.72272860694676
7.144962239583226	81.84016668510594
7.1549622395832255	81.95760477947404
7.164962239583225	82.07504288938757
7.174962239583225	82.19248101418307
7.184962239583225	82.30991915319775
7.194962239583225	82.4273573057681
7.2049622395832245	82.54479547123086
7.214962239583224	82.6622336489227
7.224962239583224	82.77967183818059
7.234962239583224	82.89711003834093
7.244962239583224	83.01454824874043
7.254962239583223	83.13198646871606
7.264962239583223	83.24942469760458
7.274962239583223	83.36686293474249
7.284962239583223	83.48430117946698
7.2949622395832225	83.60173943111414
7.304962239583222	83.7191776890207
7.314962239583222	83.83661595252403
7.324962239583222	83.95405422096056
7.334962239583222	84.07149249366674
7.3449622395832215	84.1889307699795
7.354962239583221	84.30636904923588
7.364962239583221	84.42380733077215
7.374962239583221	84.54124561392535
7.384962239583221	84.65868389803177
7.39496223958322	84.7761209357552
7.40496223958322	84.89355921047368
7.41496223958322	85.01099748500735
7.42496223958322	85.12843575935909
7.43496223958322	85.24587403353158
7.444962239583219	85.36331230752788
7.454962239583219	85.48075058135043
7.464962239583219	85.5981888550024
7.474962239583219	85.71562712848625
7.4849622395832185	85.83306540180484
7.494962239583218	85.95050367496155
7.504962239583218	86.06794194795825
7.514962239583218	86.18538022079834
7.524962239583218	86.30281849348472
7.534962239583217	86.42025676601963
7.544962239583217	86.53769503840633
7.554962239583217	86.65513331064753
7.564962239583217	86.77257158274608
7.574962239583217	86.89000985470463
7.584962239583216	87.00744812652604
7.594962239583216	87.12488639821345
7.604962239583216	87.2423246697691
7.614962239583216	87.35976294119587
7.6249622395832155	87.47720121249696
7.634962239583215	87.59463948367484
7.644962239583215	87.71207775473272
7.654962239583215	87.82951602567286
7.664962239583215	87.94695429649835
7.674962239583214	88.0643925672119
7.684962239583214	88.18183083781655
7.694962239583214	88.29926910831486
7.704962239583214	88.41670737870979
7.714962239583214	88.53414564900389
7.724962239583213	88.65157860618251
7.734962239583213	88.76901686113298
7.744962239583213	88.88645511594369
7.754962239583213	89.00389337058093
7.7649622395832125	89.12133162501102
7.774962239583212	89.23876987920092
7.784962239583212	89.35620813311634
7.794962239583212	89.47364638672416
7.804962239583212	89.59108463999016
7.8149622395832115	89.70852289288133
7.824962239583211	89.82596114536396
7.834962239583211	89.94339939740448
7.844962239583211	90.06083764896923
7.854962239583211	90.17827590002436
7.86496223958321	90.29571415053675
7.87496223958321	90.41315240047263
7.88496223958321	90.53059064979811
7.89496223958321	90.64802889847977
7.9049622395832095	90.76546714648447
7.914962239583209	90.88290539377778
7.924962239583209	91.00034364032662
7.934962239583209	91.11778213734443
7.944962239583209	91.23522637617353
7.9549622395832085	91.35266459663643
7.964962239583208	91.47010281617075
7.974962239583208	91.58754103471998
7.984962239583208	91.70497925222844
7.994962239583208	91.82241746864018
8.004962239583207	91.93985568389898
8.014962239583207	92.05729389794915
8.024962239583207	92.1747321107344
8.034962239583207	92.29217032219894
8.044962239583207	92.40960853228668
8.054962239583206	92.52704674094171
8.064962239583206	92.6444849481081
8.074962239583206	92.76192315372973
8.084962239583206	92.87936135775084
8.094962239583205	92.99679956011506
8.104962239583205	93.11423776076678
8.114962239583205	93.23167595964979
8.124962239583205	93.34911415670818
8.134962239583205	93.46655235188602
8.144962239583204	93.58399054512712
8.154962239583204	93.70142873637587
8.164962239583204	93.8188661686363
8.174962239583204	93.93630436559707
8.184962239583204	94.05374256037055
8.194962239583203	94.17118000397278
8.204962239583203	94.28861822493965
8.214962239583203	94.4060570633072
8.224962239583203	94.52349526613308
8.234962239583203	94.64093346658613
8.244962239583202	94.75837166465718
8.254962239583202	94.87580986033583
8.264962239583202	94.99324805361259
8.274962239583202	95.11068624447816
8.284962239583201	95.22812443292241
8.294962239583201	95.34556261893582
8.304962239583201	95.46300080250889
8.3149622395832	95.58043898363167
8.3249622395832	95.6978771622942
8.3349622395832	95.81531533848732
8.3449622395832	95.93275351220134
8.3549622395832	96.0501916834261
8.3649622395832	96.16762985215239
8.3749622395832	96.2850680183702
8.3849622395832	96.402506945678
8.394962239583199	96.51994509965006
8.404962239583199	96.6373832509438
8.414962239583199	96.75482139944083
8.424962239583198	96.87225954502347
8.434962239583198	96.98969768757372
8.444962239583198	97.10713582697272
8.454962239583198	97.22457396310314
8.464962239583198	97.3420120958464
8.474962239583197	97.4594502250847
8.484962239583197	97.57688835069943
8.494962239583197	97.69432647257304
8.504962239583197	97.81176459058726
8.514962239583197	97.92920195479923
8.524962239583196	98.04664007155687
8.534962239583196	98.16407818409103
8.544962239583196	98.28151579265918
8.554962239583196	98.39895391136409
8.564962239583195	98.51639202548498
8.574962239583195	98.63383013490943
8.584962239583195	98.7512682395244
8.594962239583195	98.86870633921713
8.604962239583195	98.98614443387505
8.614962239583194	99.10358326995106
8.624962239583194	99.22102130936048
8.634962239583194	99.33845934403244
8.644962239583194	99.45589737431918
8.654962239583194	99.57333540057269
8.664962239583193	99.69077342314513
8.674962239583193	99.8082108014388
8.684962239583193	99.9256497202953
8.694962239583193	100.0430875041776
8.704962239583192	100.16052566653768
8.714962239583192	100.2779639856464
8.724962239583192	100.39540202597959
8.734962239583192	100.5128400667344
8.744962239583192	100.63027810809105
8.754962239583191	100.74771615023069
8.764962239583191	100.86515419333466
8.774962239583191	100.98259223758402
8.78496223958319	101.10002956517673
8.79496223958319	101.21746764556181
8.80496223958319	101.33490572776458
8.81496223958319	101.45234381203761
8.82496223958319	101.56978189863207
8.83496223958319	101.6872199878002
8.84496223958319	101.80465834853963
8.85496223958319	101.92209648528615
8.864962239583189	102.03953441889993
8.874962239583189	102.15697265211892
8.884962239583189	102.2744114666452
8.894962239583188	102.39184926988085
8.904962239583188	102.50928640265968
8.914962239583188	102.62672449950402
8.924962239583188	102.74416259424315
8.934962239583188	102.86160068688231
8.944962239583187	102.97903877742742
8.954962239583187	103.0964768658843
8.964962239583187	103.21391495225777
8.974962239583187	103.3313530365541
8.984962239583187	103.4487911187789
8.994962239583186	103.56622919893726
9.004962239583186	103.68366727703543
9.014962239583186	103.80110453298316
9.024962239583186	103.91854292308915
9.034962239583185	104.03598123211603
9.044962239583185	104.15341935879094
9.054962239583185	104.27085748514318
9.064962239583185	104.38829634167607
9.074962239583185	104.50573430469156
9.084962239583184	104.62317226740583
9.094962239583184	104.74061022982734
9.104962239583184	104.85804819196531
9.114962239583184	104.97548615382864
9.124962239583184	105.0929250174825
9.134962239583183	105.21036280185515
9.144962239583183	105.32780058597616
9.154962239583183	105.44523846437137
9.164962239583183	105.56267646449015
9.174962239583182	105.68011446436303
9.184962239583182	105.79755246398746
9.194962239583182	105.91499046336087
9.204962239583182	106.0324284624803
9.214962239583182	106.14986646134349
9.224962239583181	106.26730445994724
9.234962239583181	106.38474245828954
9.244962239583181	106.5021804563672
9.25496223958318	106.61961845417767
9.26496223958318	106.73705645171835
9.27496223958318	106.85449444898637
9.28496223958318	106.97193244597933
9.29496223958318	107.08937009718713
9.30496223958318	107.20680867995732
9.31496223958318	107.32424663595337
9.32496223958318	107.44168459168561
9.334962239583179	107.55912254716661
9.344962239583179	107.67656143066361
9.354962239583179	107.79399930874575
9.364962239583178	107.91143718660717
9.374962239583178	108.0288750642563
9.384962239583178	108.14631294170117
9.394962239583178	108.26375081895033
9.404962239583178	108.38118835297803
9.414962239583177	108.49862650338798
9.424962239583177	108.61606495929176
9.434962239583177	108.7335028433328
9.444962239583177	108.85094077076995
9.454962239583176	108.96837869801922
9.464962239583176	109.08581662506361
9.474962239583176	109.20325455188706
9.484962239583176	109.32069247847296
9.494962239583176	109.43813133627305
9.504962239583175	109.55556862990356
9.514962239583175	109.6730065412049
9.524962239583175	109.79044445214426
9.534962239583175	109.90788236268693
9.544962239583175	110.02532032131373
9.554962239583174	110.14275768049183
9.564962239583174	110.26019634761094
9.574962239583174	110.37763421350195
9.584962239583174	110.4950720415041
9.594962239583174	110.61251016618723
9.604962239583173	110.7299476836605
9.614962239583173	110.84738582133609
9.624962239583173	110.96482372188024
9.634962239583173	111.08226179027945
9.644962239583172	111.19969985661568
9.654962239583172	111.31713839573798
9.664962239583172	111.43457638193969
9.674962239583172	111.55201436814136
9.684962239583172	111.6694523543429
9.694962239583171	111.78689034054466
9.704962239583171	111.90432832674631
9.714962239583171	112.02176631294797
9.72496223958317	112.13920429914961
9.73496223958317	112.25664228535126
9.74496223958317	112.37408027155301
9.75496223958317	112.49151825775485
9.76496223958317	112.6089562439562
9.77496223958317	112.72639423015802
9.78496223958317	112.8438322163597
9.79496223958317	112.96127020256135
9.804962239583169	113.07870818876276
9.814962239583169	113.19614617496471
9.824962239583169	113.31358416116626
9.834962239583168	113.4310221473676
9.844962239583168	113.54846013356948
9.854962239583168	113.6658981197712
9.864962239583168	113.78333610597292
9.874962239583168	113.9007740921746
9.884962239583167	114.01821207837617
9.894962239583167	114.13565006457782
9.904962239583167	114.25308805077955
9.914962239583167	114.37052603698126
9.924962239583166	114.48796402318304
9.934962239583166	114.60540200938453
9.944962239583166	114.7228399955862
9.954962239583166	114.84027798178789
9.964962239583166	114.95771596798961
9.974962239583165	115.07515395419122
9.984962239583165	115.19259194039311
9.994962239583165	115.31002992659438
10.004962239583165	115.4274679127963
10.014962239583165	115.54490589899788
10.024962239583164	115.66234388519958
10.034962239583164	115.77978187140124
10.044962239583164	115.89721985760283
10.054962239583164	116.01465784380461
10.064962239583163	116.13209583000608
10.074962239583163	116.24953381620779
10.084962239583163	116.36697180240947
10.094962239583163	116.48440978861125
10.104962239583163	116.60184777481292
10.114962239583162	116.71928576101472
10.124962239583162	116.83672374721648
10.134962239583162	116.95416173341809
10.144962239583162	117.07159971961971
10.154962239583162	117.1890377058211
10.164962239583161	117.3064756920228
10.174962239583161	117.42391367822465
10.184962239583161	117.5413516644261
10.19496223958316	117.65878965062767
10.20496223958316	117.77622763682952
10.21496223958316	117.89366562303111
10.22496223958316	118.01110360923303
10.23496223958316	118.12854159543434
10.24496223958316	118.24597958163618
10.25496223958316	118.36341756783786
10.26496223958316	118.48085555403948
10.274962239583159	118.59829354024123
10.284962239583159	118.71573152644287
10.294962239583159	118.83316951264456
10.304962239583158	118.9506074988463
10.314962239583158	119.06804548504796
10.324962239583158	119.18548347124951
10.334962239583158	119.30292145745133
10.344962239583158	119.42035944365279
10.354962239583157	119.53779582472126
10.364962239583157	119.65523390716349
10.374962239583157	119.77267198960567
10.384962239583157	119.89011007204843
10.394962239583156	120.00754815449056
10.404962239583156	120.12498623693261
10.414962239583156	120.24242431937512
10.424962239583156	120.35986240181745
10.434962239583156	120.47730048425996
10.444962239583155	120.59473856670228
10.454962239583155	120.71217664914444
10.464962239583155	120.829614731587
10.474962239583155	120.9470544108481
10.484962239583155	121.06449239589706
10.494962239583154	121.18193038094626
10.504962239583154	121.2993683659952
10.514962239583154	121.41680635104446
10.524962239583154	121.53424433609356
10.534962239583153	121.65168232114257
10.544962239583153	121.76912030619188
10.554962239583153	121.88655829124073
10.564962239583153	122.00399627628983
10.574962239583153	122.12143426133872
10.584962239583152	122.23887224638808
10.594962239583152	122.356310231437
10.604962239583152	122.4737482164865
10.614962239583152	122.5911862015353
10.624962239583152	122.70862418658436
10.634962239583151	122.8260621716337
10.644962239583151	122.94350015668243
10.654962239583151	123.06093814173143
10.66496223958315	123.17837612678093
10.67496223958315	123.29581411182986
10.68496223958315	123.41325209687896
10.69496223958315	123.530690081928
10.70496223958315	123.64812806697697
10.71496223958315	123.76556605202619
10.72496223958315	123.8830040370754
10.73496223958315	124.00044202212445
10.744962239583149	124.1178800071734
10.754962239583149	124.23531799222252
10.764962239583149	124.35275597727173
10.774962239583148	124.47019396232085
10.784962239583148	124.5876319473701
10.794962239583148	124.70506993241918
10.804962239583148	124.82250791746816
10.814962239583148	124.93994590251721
10.824962239583147	125.05738388756632
10.834962239583147	125.17482187261527
10.844962239583147	125.29225985766442
10.854962239583147	125.40969784271331
10.864962239583146	125.52713582776276
10.874962239583146	125.64457381281183
10.884962239583146	125.76201179786098
10.894962239583146	125.87944978290982
10.904962239583146	125.99688776795924
10.914962239583145	126.1143257530081
10.924962239583145	126.23176373805734
10.934962239583145	126.34920172310615
10.944962239583145	126.46663970815541
10.954962239583145	126.58407769320445
10.964962239583144	126.70151567825341
10.974962239583144	126.81895366330254
10.984962239583144	126.93639164835189
10.994962239583144	127.05382963340082
11.004962239583143	127.17126761844986
11.014962239583143	127.28870560349901
11.024962239583143	127.4061435885479
11.034962239583143	127.52358157359718
11.044962239583143	127.64101955864619
11.054962239583142	127.75845707739293
11.064962239583142	127.87589537648124
11.074962239583142	127.99333399220804
11.084962239583142	128.11077193445684
11.094962239583142	128.2282098767056
11.104962239583141	128.34564781895438
11.114962239583141	128.4630857612029
11.124962239583141	128.58052370345135
11.13496223958314	128.69796164569988
11.14496223958314	128.81539958794863
11.15496223958314	128.93283753019742
11.16496223958314	129.0483751786038
11.17496223958314	129.14605530737987
11.18496223958314	129.2437354361555
11.19496223958314	129.3414155649313
11.20496223958314	129.4390956937071
11.214962239583139	129.536775822483
11.224962239583139	129.6344559512588
11.234962239583139	129.7321360800346
11.244962239583138	129.82981674974855
11.254962239583138	129.92749518281795
11.264962239583138	130.0251751967977
11.274962239583138	130.12285521077774
11.284962239583137	130.22053522475736
11.294962239583137	130.31821523873742
11.304962239583137	130.4158952527172
11.314962239583137	130.51357526669685
11.324962239583137	130.61125528067646
11.334962239583136	130.70893529465636
11.344962239583136	130.80661530863637
11.354962239583136	130.90429532261615
11.364962239583136	131.00197533659585
11.374962239583136	131.09965535057574
11.384962239583135	131.19733536455587
11.394962239583135	131.29501537853554
11.404962239583135	131.39269539251524
11.414962239583135	131.4903754064951
11.424962239583135	131.58805542047477
11.434962239583134	131.6857354344547
11.444962239583134	131.78341544843477
11.454962239583134	131.8810954624144
11.464962239583134	131.9787754763941
11.474962239583133	132.07645549037403
11.484962239583133	132.17413550435379
11.494962239583133	132.27181551833357
11.504962239583133	132.36949553231344
11.514962239583133	132.46717554629342
11.524962239583132	132.56485556027312
11.534962239583132	132.66253557425287
11.544962239583132	132.7602155882327
11.554962239583132	132.8578956022126
11.564962239583132	132.95557561619248
11.574962239583131	133.05325563017223
11.584962239583131	133.15093564415196
11.59496223958313	133.24861565813188
11.60496223958313	133.3462956721116
11.61496223958313	133.44397568609148
11.62496223958313	133.5416557000714
11.63496223958313	133.639335714051
11.64496223958313	133.73701572803097
11.65496223958313	133.8346957420109
11.66496223958313	133.93237575599062
11.67496223958313	134.03005576997052
11.684962239583129	134.12773578395002
11.694962239583129	134.22541579793005
11.704962239583129	134.32309581191
11.714962239583128	134.4207758258898
11.724962239583128	134.5184558398697
11.734962239583128	134.61613585384924
11.744962239583128	134.7138158678292
11.754962239583127	134.81149588180912
11.764962239583127	134.90917589578876
11.774962239583127	135.00685590976866
11.784962239583127	135.10453592374822
11.794962239583127	135.2022159377284
11.804962239583126	135.29989595170792
11.814962239583126	135.3975759656879
11.824962239583126	135.49525597966786
11.834962239583126	135.59293599364753
11.844962239583126	135.69061600762745
11.854962239583125	135.78829602160744
11.864962239583125	135.885976035587
11.874962239583125	135.98365604956678
11.884962239583125	136.08133606354676
11.894962239583124	136.17901607752623
11.904962239583124	136.27669609150627
11.914962239583124	136.37437610548625
11.924962239583124	136.47205611946598
11.934962239583124	136.56973613344596
11.944962239583123	136.66741614742568
11.950000000000001	136.71662444540922
1000011.95	136.71662444540922
