-100000	0
0	0
0.0033333333333333335	0.02940374022274667
0.008333333333333333	0.07428632642604371
0.01583333333333333	0.14260820067399646
0.02708333333333333	0.24666716710528633
0.043958333333333335	0.4054198297664137
0.06927083333333334	0.6480391052605489
0.10723958333333333	1.0196448517963417
0.16419270833333333	1.5901147852135233
0.24962239583333334	2.4678972657242264
0.3496223958333333	3.5204722069024736
0.4496223958333333	4.593736168034497
0.5496223958333333	5.683190667124394
0.6496223958333333	6.7856603127076
0.7496223958333332	7.898664462655194
0.8496223958333332	9.020284424153163
0.9496223958333332	10.148944258805287
1.0496223958333333	11.28327759142528
1.1496223958333334	12.422015167053162
1.2496223958333335	13.562747669526441
1.3496223958333335	14.70463631343314
1.4496223958333336	15.847673340970948
1.5496223958333337	16.991925934811675
1.6496223958333338	18.137441072328425
1.749622395833334	19.2842449536496
1.849622395833334	20.432347446386675
1.949622395833334	21.581764085874667
2.049622395833334	22.732496108828247
2.149622395833334	23.884517183352653
2.249622395833334	25.03781541975843
2.349622395833334	26.19239208434968
2.4496223958333343	27.34821355045022
2.5496223958333344	28.505238195212204
2.6496223958333345	29.663386827889745
2.7496223958333346	30.822690361170093
2.8496223958333347	31.98311783378726
2.9496223958333347	33.144613607551626
3.049622395833335	34.30711960188052
3.149622395833335	35.470603959149024
3.249622395833335	36.635002742036924
3.349622395833335	37.80026441082201
3.449622395833335	38.96635371637881
3.5496223958333353	40.13320367591288
3.6496223958333354	41.30076684450171
3.7496223958333355	42.46901561936371
3.8496223958333355	43.63787404102518
3.9496223958333356	44.80729366534033
4.049622395833335	45.97725241481373
4.149622395833335	47.14773203406277
4.249622395833335	48.318684177928596
4.349622395833334	49.49005299065245
4.449622395833334	50.6618090310586
4.5496223958333335	51.83389707392531
4.649622395833333	53.006292431949056
4.749622395833333	54.17893917522087
4.849622395833332	55.351820838658035
4.949622395833332	56.52491776136026
5.049622395833332	57.698216731782196
5.149622395833331	58.87166123752065
5.249622395833331	60.045234218244346
5.349622395833331	61.21893428289375
5.44962239583333	62.39275768913095
5.54962239583333	63.56670253988832
5.64962239583333	64.7407460774904
5.749622395833329	65.91484966977812
5.849622395833329	67.08898960279768
5.9496223958333285	68.26316424164818
6.049622395833328	69.43737219339778
6.149622395833328	70.611610895147
6.2496223958333275	71.78587876898098
6.349622395833327	72.96017073624681
6.449622395833327	74.13448463567534
6.549622395833326	75.3088125255323
6.649622395833326	76.48316154142492
6.749622395833326	77.65752704127956
6.849622395833325	78.83190177295464
6.949622395833325	80.00627752012406
7.049622395833325	81.18065585531986
7.149622395833324	82.35503527919961
7.249622395833324	83.52941585898493
7.3496223958333236	84.70379699251048
7.449622395833323	85.87817843260643
7.549622395833323	87.05256170204392
7.6496223958333225	88.22694975408199
7.749622395833322	89.40133087851194
7.849622395833322	90.5757129985732
7.949622395833321	91.75008705268466
8.049622395833321	92.92446727075694
8.14962239583332	94.09884963869531
8.24962239583332	95.27322998327448
8.34962239583332	96.44761091162408
8.44962239583332	97.62199170187257
8.54962239583332	98.79637369949191
8.649622395833319	99.9707520893189
8.749622395833319	101.1451331565777
8.849622395833318	102.31951357610771
8.949622395833318	103.49389527120147
9.049622395833318	104.6682744898449
9.149622395833317	105.84265395272247
9.249622395833317	107.01703314366048
9.349622395833316	108.19141350184518
9.449622395833316	109.36579553559069
9.549622395833316	110.54017617817112
9.649622395833315	111.71455681383475
9.749622395833315	112.88893690545437
9.849622395833315	114.06331669282649
9.949622395833314	115.23769648019868
10.049622395833314	116.41207626757128
10.149622395833314	117.58645605494374
10.249622395833313	118.7608339029259
10.349622395833313	119.93521710013646
10.449622395833313	121.10959693599679
10.549622395833312	122.28397677185721
10.649622395833312	123.45835660771743
10.749622395833311	124.63273644357756
10.849622395833311	125.80711627943793
10.94962239583331	126.9814961152982
11.04962239583331	128.15587575869074
11.14962239583331	129.33025596438875
11.24962239583331	130.33546311420767
11.34962239583331	131.3122620571371
11.449622395833309	132.28906224010896
11.549622395833309	133.265862423081
11.649622395833308	134.24266260605313
11.749622395833308	135.219462789025
11.849622395833308	136.19626297199713
11.949622395833307	137.17306315496907
11.950000000000001	137.17675323376733
1000011.95	137.17675323376733
