-100000	0
0	0
0.0033333333333333335	0.03088896408813879
0.008333333333333333	0.07802088402690993
0.01583333333333333	0.14965099806151802
0.02708333333333333	0.2586057498554746
0.043958333333333335	0.4245213353566156
0.06927083333333334	0.6775693670045605
0.10723958333333333	1.064265936680988
0.16419270833333333	1.6565048797258697
0.24962239583333334	2.5651790976542532
0.3496223958333333	3.6517189456771972
0.4496223958333333	4.756835725680206
0.5496223958333333	5.87632619028745
0.6496223958333333	7.0071299316834255
0.7496223958333332	8.14693715584253
0.8496223958333332	9.293876727734467
0.9496223958333332	10.446402175936816
1.0496223958333333	11.603213897999407
1.1496223958333334	12.763135343259748
1.2496223958333335	13.92429677947572
1.3496223958333335	15.08606702490787
1.4496223958333336	16.248436924701664
1.5496223958333337	17.41141016463764
1.6496223958333338	18.575004546150897
1.749622395833334	19.73921657791117
1.849622395833334	20.90403673082874
1.949622395833334	22.069462541266123
2.049622395833334	23.235497292815186
2.149622395833334	24.402110396918637
2.249622395833334	25.56928426101211
2.349622395833334	26.736999951943247
2.4496223958333343	27.90523529792503
2.5496223958333344	29.073963313959922
2.6496223958333345	30.24316308511466
2.7496223958333346	31.412803323252025
2.8496223958333347	32.582853355263055
2.9496223958333347	33.753290564362885
3.049622395833335	34.924084924466975
3.149622395833335	36.095218284458575
3.249622395833335	37.26667282213763
3.349622395833335	38.43841640934363
3.449622395833335	39.61042786362073
3.5496223958333353	40.78269260151459
3.6496223958333354	41.955195798869006
3.7496223958333355	43.12791808396666
3.8496223958333355	44.300835227765035
3.9496223958333356	45.47392145949682
4.049622395833335	46.64716204704539
4.149622395833335	47.82054558070039
4.249622395833335	48.99405945882333
4.349622395833334	50.16768533054409
4.449622395833334	51.341405002133044
4.5496223958333335	52.515225784650724
4.649622395833333	53.68913435877206
4.749622395833333	54.86311357104161
4.849622395833332	56.03714917526369
4.949622395833332	57.21123178315209
5.049622395833332	58.38535314816015
5.149622395833331	59.55950538786155
5.249622395833331	60.733684205020154
5.349622395833331	61.907889646499804
5.44962239583333	63.082121769217714
5.54962239583333	64.25637877979842
5.64962239583333	65.4306543907958
5.749622395833329	66.60494202772917
5.849622395833329	67.77923912575298
5.9496223958333285	68.95354558687868
6.049622395833328	70.12786164006617
6.149622395833328	71.30218744285912
6.2496223958333275	72.47652312630551
6.349622395833327	73.65086860749254
6.449622395833327	74.82522313603224
6.549622395833326	75.99958450782609
6.649622395833326	77.17395137357639
6.749622395833326	78.34832335676975
6.849622395833325	79.5226997996851
6.949622395833325	80.69707915730604
7.049622395833325	81.87145942934106
7.149622395833324	83.045839895753
7.249622395833324	84.22022039651866
7.3496223958333236	85.39460090285326
7.449622395833323	86.56898140995753
7.549622395833323	87.74336191956183
7.6496223958333225	88.91774243269015
7.749622395833322	90.09212294988681
7.849622395833322	91.26650348432146
7.949622395833321	92.44088403523843
8.049622395833321	93.61526455323185
8.14962239583332	94.7896449826743
8.24962239583332	95.964025300469
8.34962239583332	97.13840550302179
8.44962239583332	98.31278560678808
8.54962239583332	99.48716566579563
8.649622395833319	100.66154571828596
8.749622395833319	101.83592580196097
8.849622395833318	103.01030598849
8.949622395833318	104.18468617309982
9.049622395833318	105.35906617461579
9.149622395833317	106.53344617461573
9.249622395833317	107.70782617461603
9.349622395833316	108.88220617461594
9.449622395833316	110.05658617461603
9.549622395833316	111.23096617461623
9.649622395833315	112.40534618555697
9.749622395833315	113.57972618555851
9.849622395833315	114.75410618555848
9.949622395833314	115.92848618555844
10.049622395833314	117.1028661855585
10.149622395833314	118.2772461855585
10.249622395833313	119.45162618555841
10.349622395833313	120.62600618555831
10.449622395833313	121.80038618555854
10.549622395833312	122.97476618555838
10.649622395833312	124.14914618555854
10.749622395833311	125.3235261855583
10.849622395833311	126.49790618555834
10.94962239583331	127.6722861855582
11.04962239583331	128.8466661855582
11.14962239583331	130.02104618555825
11.24962239583331	131.02625345587066
11.34962239583331	132.00305345587086
11.449622395833309	132.97985345587077
11.549622395833309	133.95665345587085
11.649622395833308	134.93345345587102
11.749622395833308	135.91025345587073
11.849622395833308	136.88705345587059
11.949622395833307	137.86385345587053
11.950000000000001	137.86754189337069
1000011.95	137.86754189337069
