-100000	0
0	0
0.0033333333333333335	0.03155989715919155
0.008333333333333333	0.07968332289909541
0.01583333333333333	0.15276854709547347
0.02708333333333333	0.2638543399171759
0.043958333333333335	0.4328670694261115
0.06927083333333334	0.6904165736952833
0.10723958333333333	1.083637899753397
0.16419270833333333	1.685083329857794
0.24962239583333334	2.606629723573716
0.3496223958333333	3.7070908804552993
0.4496223958333333	4.825013238695867
0.5496223958333333	5.95629968391943
0.6496223958333333	7.098020620800355
0.7496223958333332	8.247894634430187
0.8496223958333332	9.404135990697082
0.9496223958333332	10.565180524063656
1.0496223958333333	11.729796723289175
1.1496223958333334	12.896838582860957
1.2496223958333335	14.06475763288324
1.3496223958333335	15.23304151951437
1.4496223958333336	16.401681740904234
1.5496223958333337	17.57066969095359
1.6496223958333338	18.739997576274806
1.749622395833334	19.90966305545826
1.849622395833334	21.079669182351303
1.949622395833334	22.25001743222307
2.049622395833334	23.42071175257509
2.149622395833334	24.59169419273164
2.249622395833334	25.7629443722666
2.349622395833334	26.934460175486198
2.4496223958333343	28.106242619891145
2.5496223958333344	29.278259678412898
2.6496223958333345	30.450469782963296
2.7496223958333346	31.622865527774643
2.8496223958333347	32.79544515157442
2.9496223958333347	33.96820481819214
3.049622395833335	35.14111253357014
3.149622395833335	36.31415939051172
3.249622395833335	37.48734074923666
3.349622395833335	38.660649214723435
3.449622395833335	39.83407263957036
3.5496223958333353	41.00760463390184
3.6496223958333354	42.181240275191044
3.7496223958333355	43.35497938874263
3.8496223958333355	44.528815112620336
3.9496223958333356	45.70272618617229
4.049622395833335	46.87670160768211
4.149622395833335	48.05073051283114
4.249622395833335	49.224802109976736
4.349622395833334	50.398906722623714
4.449622395833334	51.57303659074979
4.5496223958333335	52.74718541627462
4.649622395833333	53.92135105861783
4.749622395833333	55.095533895781635
4.849622395833332	56.269735098899424
4.949622395833332	57.44396020248178
5.049622395833332	58.618216742673404
5.149622395833331	59.79250521520831
5.249622395833331	60.966817452302344
5.349622395833331	62.141148682912636
5.44962239583333	63.31549171320772
5.54962239583333	64.48984107212567
5.64962239583333	65.66419562631097
5.749622395833329	66.83855484808261
5.849622395833329	68.01291817869098
5.9496223958333285	69.18728498320775
6.049622395833328	70.36165476032431
6.149622395833328	71.53602714221677
6.2496223958333275	72.71040173256745
6.349622395833327	73.88477807716195
6.449622395833327	75.05915576456803
6.549622395833326	76.23353438503028
6.649622395833326	77.40791352239768
6.749622395833326	78.58229284190544
6.849622395833325	79.75667227833223
6.949622395833325	80.93105181758159
7.049622395833325	82.10543144653286
7.149622395833324	83.27981115227203
7.249622395833324	84.45419092188553
7.3496223958333236	85.62857074263825
7.449622395833323	86.80295060466501
7.549622395833323	87.97733049711415
7.6496223958333225	89.1517104057664
7.749622395833322	90.32609033368703
7.849622395833322	91.50047029528903
7.949622395833321	92.67485029265742
8.049622395833321	93.84923032658413
8.14962239583332	95.02361039211844
8.24962239583332	96.19799044918516
8.34962239583332	97.37237046641766
8.44962239583332	98.54675047746991
8.54962239583332	99.72113049019298
8.649622395833319	100.89551050997221
8.749622395833319	102.06989055291328
8.849622395833318	103.24427065429072
8.949622395833318	104.4186507679612
9.049622395833318	105.59303076796121
9.149622395833317	106.76741076796151
9.249622395833317	107.94179076796155
9.349622395833316	109.11617076796124
9.449622395833316	110.29055076796122
9.549622395833316	111.4649307679615
9.649622395833315	112.63931077357915
9.749622395833315	113.81369077358063
9.849622395833315	114.98807077358055
9.949622395833314	116.16245077358062
10.049622395833314	117.3368307735806
10.149622395833314	118.51121077358091
10.249622395833313	119.68559077358046
10.349622395833313	120.85997077358057
10.449622395833313	122.0343507735808
10.549622395833312	123.20873077358054
10.649622395833312	124.38311077358073
10.749622395833311	125.55749077358094
10.849622395833311	126.73187077358092
10.94962239583331	127.90625077358081
11.04962239583331	129.08063077358068
11.14962239583331	130.25501077358052
11.24962239583331	131.26021804389327
11.34962239583331	132.2370180438931
11.449622395833309	133.21381804389307
11.549622395833309	134.1906180438933
11.649622395833308	135.1674180438933
11.749622395833308	136.14421804389332
11.849622395833308	137.12101804389332
11.949622395833307	138.09781804389317
11.950000000000001	138.10150648139353
1000011.95	138.10150648139353
