-100000	0
0	0
0.0003333333333333333	0.0031887435947356335
0.0008333333333333333	0.007981253435507148
0.0015833333333333333	0.015191035639887357
0.0027083333333333334	0.026052605604813688
0.004395833333333333	0.04244920802994723
0.006927083333333334	0.06725000897919332
0.010723958333333335	0.10470362568318273
0.016419270833333336	0.1613155571818329
0.024962239583333337	0.2470097733215792
0.03496223958333334	0.34829767867070266
0.04496223958333334	0.4504387773036237
0.05496223958333334	0.5533177009228799
0.06496223958333334	0.6568403878501667
0.07496223958333334	0.7609576529882623
0.08496223958333333	0.8656170747813191
0.09496223958333333	0.9707677543883502
0.10496223958333332	1.0763721883841295
0.11496223958333332	1.1824062797432544
0.12496223958333331	1.2888461742680268
0.1349622395833333	1.3956650997748268
0.14496223958333332	1.50284094174036
0.15496223958333333	1.6103631419607476
0.16496223958333334	1.7182073303096925
0.17496223958333335	1.8263590178338975
0.18496223958333335	1.9348076771334237
0.19496223958333336	2.043537608288308
0.20496223958333337	2.152537491300678
0.21496223958333338	2.261799540430297
0.2249622395833334	2.3713160839385092
0.2349622395833334	2.481077858128124
0.2449622395833334	2.5910733525795253
0.2549622395833334	2.701289110839926
0.2649622395833334	2.811722263398978
0.27496223958333343	2.9223687207308067
0.28496223958333344	3.033220022543512
0.29496223958333345	3.1442689561260506
0.30496223958333346	3.255508481668507
0.31496223958333347	3.3669318104941173
0.3249622395833335	3.478534036384189
0.3349622395833335	3.590310280409835
0.3449622395833335	3.702255914999891
0.3549622395833335	3.8143664399914816
0.3649622395833335	3.9266368179785403
0.3749622395833335	4.039061840086573
0.38496223958333353	4.151637063601868
0.39496223958333354	4.264358457286459
0.40496223958333355	4.377222909814422
0.41496223958333356	4.490227469864725
0.42496223958333357	4.603368719027854
0.4349622395833336	4.716642246939977
0.4449622395833336	4.830042951113417
0.4549622395833336	4.943567013541795
0.4649622395833336	5.057211199465903
0.4749622395833336	5.170973136330495
0.4849622395833336	5.284849854163355
0.49496223958333363	5.3988383836214835
0.5049622395833336	5.512935336590111
0.5149622395833336	5.627136825021001
0.5249622395833337	5.741439958058928
0.5349622395833337	5.855842528142457
0.5449622395833337	5.9703428607405975
0.5549622395833337	6.084939135273612
0.5649622395833337	6.1996294552538735
0.5749622395833337	6.31441153201876
0.5849622395833337	6.429282416761282
0.5949622395833337	6.544239436392346
0.6049622395833337	6.659280445981064
0.6149622395833337	6.774403453885187
0.6249622395833337	6.889606301053798
0.6349622395833338	7.004887031814427
0.6449622395833338	7.1202438647161195
0.6549622395833338	7.235674364545259
0.6649622395833338	7.351176258329378
0.6749622395833338	7.466748170701515
0.6849622395833338	7.582388502631702
0.6949622395833338	7.69809539812453
0.7049622395833338	7.813867058041291
0.7149622395833338	7.929701456036608
0.7249622395833338	8.045596399660111
0.7349622395833338	8.161550013679875
0.7449622395833339	8.277560585078382
0.7549622395833339	8.393626266203922
0.7649622395833339	8.509745269204492
0.7749622395833339	8.625916254330122
0.7849622395833339	8.742137950097943
0.7949622395833339	8.85840900599835
0.8049622395833339	8.974728028135743
0.8149622395833339	9.091093673137019
0.8249622395833339	9.207504738101619
0.8349622395833339	9.323960058154832
0.8449622395833339	9.440458329523388
0.854962239583334	9.556998357446222
0.864962239583334	9.673578423773057
0.874962239583334	9.79019688978405
0.884962239583334	9.906852644922376
0.894962239583334	10.023543646540478
0.904962239583334	10.14026848949949
0.914962239583334	10.257026615584797
0.924962239583334	10.373817398042046
0.934962239583334	10.490639524834595
0.944962239583334	10.607491489887883
0.954962239583334	10.724371974297707
0.964962239583334	10.841279679565371
0.9749622395833341	10.958213452008904
0.9849622395833341	11.07517222730054
0.9949622395833341	11.192154941020409
1.004962239583334	11.309161007423965
1.014962239583334	11.426189927321841
1.024962239583334	11.543241138177594
1.034962239583334	11.660313858636648
1.044962239583334	11.777406356586985
1.054962239583334	11.894516291262551
1.064962239583334	12.011641727369618
1.074962239583334	12.128782030419924
1.084962239583334	12.245936959157955
1.094962239583334	12.363106320818908
1.104962239583334	12.48028993496771
1.114962239583334	12.597487614720098
1.124962239583334	12.714699121027007
1.134962239583334	12.831917191292021
1.144962239583334	12.949136653589347
1.154962239583334	13.066357507869819
1.1649622395833341	13.183579754083969
1.1749622395833341	13.300803392182731
1.1849622395833341	13.418028422116711
1.1949622395833341	13.535254843836707
1.2049622395833341	13.652482657293461
1.2149622395833342	13.7697118624377
1.2249622395833342	13.88694245922016
1.2349622395833342	14.004174447603315
1.2449622395833342	14.121407827575792
1.2549622395833342	14.238642599129976
1.2649622395833342	14.355878762258154
1.2749622395833342	14.4731163169527
1.2849622395833342	14.590355263205893
1.2949622395833342	14.707595601010066
1.3049622395833342	14.824837330357658
1.3149622395833342	14.942080451240956
1.3249622395833343	15.05932496366346
1.3349622395833343	15.176570867695851
1.3449622395833343	15.293818163433459
1.3549622395833343	15.411066850971503
1.3649622395833343	15.528316930405333
1.3749622395833343	15.645568401830255
1.3849622395833343	15.762821265341536
1.3949622395833343	15.880075521034561
1.4049622395833343	15.997331169004573
1.4149622395833343	16.114588209346884
1.4249622395833343	16.231846642156864
1.4349622395833344	16.349106467529676
1.4449622395833344	16.466367685560822
1.4549622395833344	16.583630296345454
1.4649622395833344	16.700894299978913
1.4749622395833344	16.818159696556588
1.4849622395833344	16.935426486173704
1.4949622395833344	17.052694668925593
1.5049622395833344	17.169964244907558
1.5149622395833344	17.287235214214903
1.5249622395833344	17.40450757694296
1.5349622395833344	17.521781333186958
1.5449622395833345	17.63905648304228
1.5549622395833345	17.75633302660424
1.5649622395833345	17.87361096396809
1.5749622395833345	17.990890295229235
1.5849622395833345	18.108171020482835
1.5949622395833345	18.225453139824275
1.6049622395833345	18.34273665334896
1.6149622395833345	18.460021561152004
1.6249622395833345	18.577307863328816
1.6349622395833345	18.69459555994997
1.6449622395833345	18.811884651025725
1.6549622395833345	18.929175136557465
1.6649622395833346	19.046467016546337
1.6749622395833346	19.16376029099355
1.6849622395833346	19.281054959900416
1.6949622395833346	19.39835102326809
1.7049622395833346	19.515648481097845
1.7149622395833346	19.63294733339092
1.7249622395833346	19.750247580146972
1.7349622395833346	19.86754922134109
1.7449622395833346	19.984852256928484
1.7549622395833346	20.102156686863985
1.7649622395833346	20.219462511102467
1.7749622395833347	20.336769729598352
1.7849622395833347	20.454078342294864
1.7949622395833347	20.571388348986517
1.8049622395833347	20.68869974936783
1.8149622395833347	20.8060125431317
1.8249622395833347	20.923326729970814
1.8349622395833347	21.040642309577912
1.8449622395833347	21.157959281645788
1.8549622395833347	21.275277645778104
1.8649622395833347	21.39259740123641
1.8749622395833347	21.50991854719953
1.8849622395833348	21.62724108284141
1.8949622395833348	21.744565007022832
1.9049622395833348	21.8618903181146
1.9149622395833348	21.97921701424089
1.9249622395833348	22.09654509266631
1.9349622395833348	22.213874549803226
1.9449622395833348	22.331205380870575
1.9549622395833348	22.448537584385363
1.9649622395833348	22.565871161314856
1.9749622395833348	22.683206112659153
1.9849622395833348	22.800542439418237
1.9949622395833349	22.917880142592136
2.004962239583335	23.035219223180846
2.0149622395833346	23.152559576159476
2.0249622395833344	23.269900795358122
2.034962239583334	23.387242831834808
2.044962239583334	23.504585685379773
2.054962239583334	23.621929355782903
2.0649622395833336	23.739273842834354
2.0749622395833334	23.856619146324014
2.084962239583333	23.973965266042043
2.094962239583333	24.09131220177834
2.1049622395833327	24.208659953322964
2.1149622395833325	24.32600852046609
2.1249622395833323	24.443357902997484
2.134962239583332	24.560708100707455
2.144962239583332	24.67805911338579
2.1549622395833317	24.795410940822716
2.1649622395833314	24.912763582807347
2.1749622395833312	25.030117039098837
2.184962239583331	25.147471309414204
2.194962239583331	25.264826393467665
2.2049622395833306	25.382182290973482
2.2149622395833304	25.49953900164583
2.22496223958333	25.616896525198726
2.23496223958333	25.734254861346532
2.2449622395833297	25.851614009803413
2.2549622395833295	25.968973970283454
2.2649622395833293	26.086334742500853
2.274962239583329	26.20369632616988
2.284962239583329	26.321058721004714
2.2949622395833287	26.43842192671949
2.3049622395833285	26.55578594302831
2.3149622395833283	26.673150769645485
2.324962239583328	26.790516406285075
2.334962239583328	26.90788285266226
2.3449622395833276	27.025250108503336
2.3549622395833274	27.142618173542207
2.364962239583327	27.25998704751367
2.374962239583327	27.377356730199445
2.3849622395833268	27.494727221473283
2.3949622395833265	27.612098521220048
2.4049622395833263	27.729470629322098
2.414962239583326	27.846843545660477
2.424962239583326	27.964217270179063
2.4349622395833257	28.081591802899005
2.4449622395833255	28.198967143846836
2.4549622395833253	28.316343289671323
2.464962239583325	28.433720103018786
2.474962239583325	28.551097475954354
2.4849622395833246	28.66847540685132
2.4949622395833244	28.785853895211638
2.504962239583324	28.903232940535876
2.514962239583324	29.020612542324645
2.5249622395833238	29.13799270000975
2.5349622395833236	29.2553734125529
2.5449622395833233	29.37275467871873
2.554962239583323	29.49013649727183
2.564962239583323	29.607518866975933
2.5749622395833227	29.724901786595435
2.5849622395833225	29.842285254895405
2.5949622395833223	29.95966927064771
2.604962239583322	30.077053832627353
2.614962239583322	30.194438939608997
2.6249622395833216	30.311824590367948
2.6349622395833214	30.42921078367914
2.644962239583321	30.546597518317288
2.654962239583321	30.66398479305762
2.664962239583321	30.781372606674907
2.6749622395833206	30.89876095794601
2.6849622395833204	31.016149845661126
2.69496223958332	31.133539268617277
2.70496223958332	31.250929225611213
2.7149622395833197	31.368319715439892
2.7249622395833195	31.485710736900263
2.7349622395833193	31.603102288789138
2.744962239583319	31.72049436990329
2.754962239583319	31.837886979039713
2.7649622395833187	31.955280114995116
2.7749622395833184	32.07267377656672
2.7849622395833182	32.19006796255108
2.794962239583318	32.30746267174516
2.804962239583318	32.424857902945945
2.8149622395833176	32.54225365495018
2.8249622395833174	32.65964992655493
2.834962239583317	32.77704671655664
2.844962239583317	32.894444023752776
2.8549622395833167	33.01184184693976
2.8649622395833165	33.12924018491468
2.8749622395833163	33.24663903647434
2.884962239583316	33.36403840041568
2.894962239583316	33.48143827553534
2.9049622395833157	33.598838624746236
2.9149622395833155	33.71623929841997
2.9249622395833152	33.83364026639696
2.934962239583315	33.95104152502155
2.944962239583315	34.068443071559805
2.9549622395833146	34.18584490364705
2.9649622395833144	34.303247018919514
2.974962239583314	34.42064941501366
2.984962239583314	34.5380520897285
2.9949622395833138	34.65545504276381
3.0049622395833135	34.772858275049984
3.0149622395833133	34.89026178753779
3.024962239583313	35.00766558117832
3.034962239583313	35.12506965692228
3.0449622395833127	35.242474015720774
3.0549622395833125	35.35987865852475
3.0649622395833123	35.47728358628518
3.074962239583312	35.594688799952465
3.084962239583312	35.7120943004782
3.0949622395833116	35.82950008881305
3.1049622395833114	35.946906165907855
3.114962239583311	36.06431253271386
3.124962239583311	36.18171919018149
3.1349622395833108	36.299126139262135
3.1449622395833106	36.41653338090645
3.1549622395833103	36.53394091606544
3.16496223958331	36.65134874569009
3.17496223958331	36.768756870731245
3.1849622395833097	36.88616529213998
3.1949622395833095	37.003574010840346
3.2049622395833093	37.120983027494056
3.214962239583309	37.238392342613125
3.224962239583309	37.35580195669262
3.2349622395833086	37.47321186990193
3.2449622395833084	37.59062208209892
3.254962239583308	37.708032593143166
3.264962239583308	37.82544340290426
3.274962239583308	37.94285451125505
3.2849622395833076	38.06026591808623
3.2949622395833074	38.17767762329398
3.304962239583307	38.29508962677429
3.314962239583307	38.412501928423474
3.3249622395833067	38.52991452814683
3.3349622395833065	38.64732742586861
3.3449622395833063	38.7647406215275
3.354962239583306	38.88215411506883
3.364962239583306	38.99956790643809
3.3749622395833057	39.116981995580545
3.3849622395833054	39.2343963824414
3.3949622395833052	39.351811066966086
3.404962239583305	39.469226049099895
3.414962239583305	39.586641328787884
3.4249622395833046	39.70405690597875
3.4349622395833044	39.82147278063442
3.444962239583304	39.93888895272827
3.454962239583304	40.056305422236036
3.4649622395833037	40.17372218913344
3.4749622395833035	40.2911392533964
3.4849622395833033	40.40855661500071
3.494962239583303	40.5259742739222
3.504962239583303	40.64339223013653
3.5149622395833027	40.76081048361964
3.5249622395833025	40.87822903434732
3.5349622395833022	40.99564788229555
3.544962239583302	41.11306702743976
3.554962239583302	41.230486469756464
3.5649622395833016	41.34790620922771
3.5749622395833014	41.46532624584127
3.584962239583301	41.58274657958451
3.594962239583301	41.70016721044516
3.6049622395833008	41.81758813841056
3.6149622395833005	41.935009363468694
3.6249622395833003	42.05243088560699
3.6349622395833	42.1698527048131
3.6449622395833	42.28727482107782
3.6549622395832997	42.40469723439666
3.6649622395832995	42.522119945230905
3.6749622395832993	42.639542955670926
3.684962239583299	42.75696626816259
3.694962239583299	42.87438988515203
3.7049622395832986	42.9918138090856
3.7149622395832984	43.109238042409075
3.724962239583298	43.22666258756874
3.734962239583298	43.34408744701068
3.7449622395832978	43.46151262318102
3.7549622395832976	43.57893811852551
3.7649622395832973	43.696363935486524
3.774962239583297	43.813790076436064
3.784962239583297	43.93121653337325
3.7949622395832967	44.04864318749232
3.8049622395832965	44.16606994343155
3.8149622395832963	44.28349678698294
3.824962239583296	44.40092371337473
3.834962239583296	44.518350717846666
3.8449622395832956	44.635777796397626
3.8549622395832954	44.753204946838366
3.864962239583295	44.87063216886732
3.874962239583295	44.98805946250808
3.884962239583295	45.10548682778305
3.8949622395832946	45.222914264714724
3.9049622395832944	45.340341773325385
3.914962239583294	45.457769353637325
3.924962239583294	45.57519700567219
3.9349622395832937	45.69262472945293
3.9449622395832935	45.81005252500116
3.9549622395832933	45.927480392339056
3.964962239583293	46.04490833148926
3.974962239583293	46.16233634247349
3.9849622395832927	46.27976442531418
3.9949622395832924	46.397192580033305
4.004962239583293	46.51462080665335
4.0149622395832925	46.63204910519614
4.024962239583292	46.7494774756842
4.034962239583292	46.866905918139494
4.044962239583292	46.984334432584326
4.054962239583292	47.101763019040725
4.064962239583291	47.219191677530915
4.074962239583291	47.33662040807722
4.084962239583291	47.454049210701676
4.094962239583291	47.57147808542653
4.1049622395832905	47.688907032273846
4.11496223958329	47.80633605126608
4.12496223958329	47.92376514242523
4.13496223958329	48.041194305773395
4.14496223958329	48.158623541333014
4.1549622395832895	48.27605284912583
4.164962239583289	48.39348222917453
4.174962239583289	48.510911681501014
4.184962239583289	48.62834120612738
4.194962239583289	48.74577080307606
4.204962239583288	48.86320047236919
4.214962239583288	48.980630214028885
4.224962239583288	49.098060028077256
4.234962239583288	49.21548991453647
4.2449622395832876	49.33291987342892
4.254962239583287	49.45034990477663
4.264962239583287	49.5677800086018
4.274962239583287	49.68521018492653
4.284962239583287	49.80264043377331
4.2949622395832865	49.92007075516392
4.304962239583286	50.0375011491207
4.314962239583286	50.1549316156661
4.324962239583286	50.27236215482187
4.334962239583286	50.38979276661043
4.344962239583285	50.50722345105398
4.354962239583285	50.624654208174825
4.364962239583285	50.742085037994556
4.374962239583285	50.85951594053594
4.384962239583285	50.976946915820996
4.394962239583284	51.094377963871935
4.404962239583284	51.2118090847108
4.414962239583284	51.32924027835991
4.424962239583284	51.446671544841344
4.4349622395832835	51.56410288417741
4.444962239583283	51.681534296390204
4.454962239583283	51.798965781501956
4.464962239583283	51.916397339534754
4.474962239583283	52.033828970510925
4.484962239583282	52.151260674452416
4.494962239583282	52.26869245138177
4.504962239583282	52.386124301320834
4.514962239583282	52.50355622429204
4.524962239583282	52.62098822031732
4.534962239583281	52.73842028941908
4.544962239583281	52.85585243161924
4.554962239583281	52.973284646940286
4.564962239583281	53.09071693540429
4.5749622395832805	53.20814929703326
4.58496223958328	53.325581731849496
4.59496223958328	53.4430142398754
4.60496223958328	53.56044682113285
4.61496223958328	53.67787947564429
4.6249622395832795	53.795312203431486
4.634962239583279	53.912745004517234
4.644962239583279	54.0301778789229
4.654962239583279	54.14761082667151
4.664962239583279	54.2650438477848
4.674962239583278	54.38247694228485
4.684962239583278	54.49991011019408
4.694962239583278	54.61734335153477
4.704962239583278	54.73477666632885
4.7149622395832775	54.852210054598515
4.724962239583277	54.96964351636607
4.734962239583277	55.08707705165362
4.744962239583277	55.20451066048329
4.754962239583277	55.321944342877295
4.7649622395832765	55.439378098859926
4.774962239583276	55.556811928669994
4.784962239583276	55.674245832868394
4.794962239583276	55.791679812043775
4.804962239583276	55.90911386678418
4.814962239583275	56.02654799767781
4.824962239583275	56.14398220531312
4.834962239583275	56.261416490278116
4.844962239583275	56.37885085316139
4.8549622395832746	56.496285294550816
4.864962239583274	56.613719815035104
4.874962239583274	56.73115441520201
4.884962239583274	56.848589095639916
4.894962239583274	56.96602385693564
4.9049622395832735	57.08345869930971
4.914962239583273	57.200893622165594
4.924962239583273	57.31832862479634
4.934962239583273	57.435763706495024
4.944962239583273	57.553198866555185
4.954962239583272	57.6706341042688
4.964962239583272	57.78806941892977
4.974962239583272	57.90550480983053
4.984962239583272	58.02294027626495
4.994962239583272	58.14037581752515
5.004962239583271	58.2578114343197
5.014962239583271	58.3752471321329
5.024962239583271	58.492682917946325
5.034962239583271	58.61011879953179
5.0449622395832705	58.72755478473199
5.05496223958327	58.84499088138986
5.06496223958327	58.9624270973474
5.07496223958327	59.07986344043186
5.08496223958327	59.19729991713122
5.094962239583269	59.314736511633804
5.104962239583269	59.432173196856546
5.114962239583269	59.54960995995036
5.124962239583269	59.66704679341786
5.134962239583269	59.78448368980363
5.144962239583268	59.90192064165109
5.154962239583268	60.019357641503966
5.164962239583268	60.136794681906345
5.174962239583268	60.25423175540181
5.1849622395832675	60.37166885453421
5.194962239583267	60.48910597271063
5.204962239583267	60.60654310798664
5.214962239583267	60.72398025997258
5.224962239583267	60.84141742827782
5.2349622395832665	60.958854612512155
5.244962239583266	61.07629181228473
5.254962239583266	61.19372902720406
5.264962239583266	61.31116625687784
5.274962239583266	61.42860350091408
5.284962239583265	61.546040758920746
5.294962239583265	61.663478030505935
5.304962239583265	61.780915315277255
5.314962239583265	61.89835261284279
5.3249622395832645	62.01578992281072
5.334962239583264	62.13322724478618
5.344962239583264	62.2506645783726
5.354962239583264	62.368101923172716
5.364962239583264	62.48553927878949
5.3749622395832635	62.602976644824814
5.384962239583263	62.72041402087952
5.394962239583263	62.83785140654986
5.404962239583263	62.955288801446244
5.414962239583263	63.07272620525677
5.424962239583262	63.190163617699504
5.434962239583262	63.30760103848636
5.444962239583262	63.42503846733009
5.454962239583262	63.54247590395558
5.4649622395832615	63.65991334810666
5.474962239583261	63.77735079952706
5.484962239583261	63.89478825796216
5.494962239583261	64.0122257232349
5.504962239583261	64.12966319527808
5.5149622395832605	64.24710067403251
5.52496223958326	64.36453815943635
5.53496223958326	64.48197565142458
5.54496223958326	64.59941314993243
5.55496223958326	64.71685065489366
5.564962239583259	64.83428816623668
5.574962239583259	64.95172568389052
5.584962239583259	65.06916320778383
5.594962239583259	65.18660073784436
5.604962239583259	65.30403827399755
5.614962239583258	65.42147581616679
5.624962239583258	65.5389133642758
5.634962239583258	65.6563509182476
5.644962239583258	65.77378847800631
5.6549622395832575	65.89122604347344
5.664962239583257	66.0086636145637
5.674962239583257	66.12610119119078
5.684962239583257	66.24353877326764
5.694962239583257	66.36097636070696
5.704962239583256	66.47841395341479
5.714962239583256	66.59585155129143
5.724962239583256	66.71328915423726
5.734962239583256	66.83072676217624
5.744962239583256	66.94816437512945
5.754962239583255	67.06560199314403
5.764962239583255	67.18303961626702
5.774962239583255	67.30047724454546
5.784962239583255	67.41791487802595
5.7949622395832545	67.53535251675596
5.804962239583254	67.65279016078246
5.814962239583254	67.77022781015204
5.824962239583254	67.88766546491209
5.834962239583254	68.00510312510958
5.8449622395832534	68.12254079079122
5.854962239583253	68.23997846200362
5.864962239583253	68.35741613879276
5.874962239583253	68.47485382120486
5.884962239583253	68.59229150928532
5.894962239583252	68.70972920308046
5.904962239583252	68.82716690263584
5.914962239583252	68.94460460799752
5.924962239583252	69.06204231921181
5.9349622395832515	69.17948003632398
5.944962239583251	69.29691775938059
5.954962239583251	69.41435548842725
5.964962239583251	69.5317932235097
5.974962239583251	69.64923096467399
5.9849622395832505	69.76666871196606
5.99496223958325	69.88410646543194
6.00496223958325	70.00154422511748
6.01496223958325	70.11898199106842
6.02496223958325	70.23641976333104
6.034962239583249	70.35385754195102
6.044962239583249	70.47129532697026
6.054962239583249	70.58873311812157
6.064962239583249	70.70617091492912
6.0749622395832485	70.82360871698434
6.084962239583248	70.94104652387955
6.094962239583248	71.05848433520651
6.104962239583248	71.17592215055718
6.114962239583248	71.29335996952314
6.1249622395832475	71.41079779169633
6.134962239583247	71.52823561666784
6.144962239583247	71.64567344402897
6.154962239583247	71.76311127337065
6.164962239583247	71.88054910432405
6.174962239583246	71.99798693678459
6.184962239583246	72.11542477075186
6.194962239583246	72.23286260622685
6.204962239583246	72.35030044321071
6.214962239583246	72.46773828170372
6.224962239583245	72.58517612170674
6.234962239583245	72.70261396322032
6.244962239583245	72.82005180624567
6.254962239583245	72.93748965078272
6.2649622395832445	73.05492749683299
6.274962239583244	73.17236534439702
6.284962239583244	73.28980319347532
6.294962239583244	73.40724104406853
6.304962239583244	73.52467889617786
6.314962239583243	73.64211674980336
6.324962239583243	73.75955460494603
6.334962239583243	73.87699246160524
6.344962239583243	73.99443031978045
6.354962239583243	74.11186817947198
6.364962239583242	74.22930604067905
6.374962239583242	74.34674390340162
6.384962239583242	74.46418176763945
6.394962239583242	74.58161963339214
6.4049622395832415	74.69905750065908
6.414962239583241	74.81649536943901
6.424962239583241	74.93393323973015
6.434962239583241	75.05137111153138
6.444962239583241	75.16880898484126
6.4549622395832404	75.28624685965806
6.46496223958324	75.4036847359809
6.47496223958324	75.52112261380842
6.48496223958324	75.6385604931403
6.49496223958324	75.75599837397682
6.504962239583239	75.87343625631767
6.514962239583239	75.99087414016257
6.524962239583239	76.10831202551162
6.534962239583239	76.22574991236458
6.5449622395832385	76.34318780071978
6.554962239583238	76.46062569057612
6.564962239583238	76.57806358193156
6.574962239583238	76.69550147478516
6.584962239583238	76.81293936913484
6.5949622395832375	76.93037726497913
6.604962239583237	77.04781516231552
6.614962239583237	77.1652530611414
6.624962239583237	77.28269096145355
6.634962239583237	77.40012886324979
6.644962239583236	77.51756676652461
6.654962239583236	77.63500467127206
6.664962239583236	77.75244257748605
6.674962239583236	77.86988048516054
6.6849622395832355	77.98731839428983
6.694962239583235	78.10475630486705
6.704962239583235	78.22219421688659
6.714962239583235	78.33963213034231
6.724962239583235	78.45707004522819
6.7349622395832345	78.57450796153803
6.744962239583234	78.69194587926579
6.754962239583234	78.80938379840528
6.764962239583234	78.92682171895068
6.774962239583234	79.04425964089579
6.784962239583233	79.16169756423436
6.794962239583233	79.27913548896069
6.804962239583233	79.3965734150681
6.814962239583233	79.51401134255116
6.824962239583233	79.63144927140357
6.834962239583232	79.74888720161873
6.844962239583232	79.86632513319137
6.854962239583232	79.98376306611488
6.864962239583232	80.10120100038355
6.8749622395832315	80.21863893599068
6.884962239583231	80.33607687293103
6.894962239583231	80.45351481119764
6.904962239583231	80.57095275078515
6.914962239583231	80.68839069168723
6.92496223958323	80.80582863389763
6.93496223958323	80.92326657741046
6.94496223958323	81.04070452221946
6.95496223958323	81.15814246831883
6.96496223958323	81.27558041570205
6.974962239583229	81.39301836436391
6.984962239583229	81.51045631429713
6.994962239583229	81.62789426549658
7.004962239583229	81.74533221795456
7.0149622395832285	81.86277017165065
7.024962239583228	81.98020812656924
7.034962239583228	82.09764608269822
7.044962239583228	82.21508404002509
7.054962239583228	82.33252199853763
7.064962239583227	82.44995995822372
7.074962239583227	82.56739791907073
7.084962239583227	82.68483588106636
7.094962239583227	82.80227384419844
7.104962239583227	82.91971180845464
7.114962239583226	83.03714977382229
7.124962239583226	83.15458774028964
7.134962239583226	83.27202570784394
7.144962239583226	83.38946367647294
7.1549622395832255	83.50690164616444
7.164962239583225	83.62433961690604
7.174962239583225	83.74177758868535
7.184962239583225	83.85921556149002
7.194962239583225	83.97665353530782
7.2049622395832245	84.09409151012649
7.214962239583224	84.21152948593365
7.224962239583224	84.32896746271658
7.234962239583224	84.44640544046372
7.244962239583224	84.56384341916227
7.254962239583223	84.6812813988
7.264962239583223	84.79871937936439
7.274962239583223	84.91615736084351
7.284962239583223	85.03359534322463
7.2949622395832225	85.15103332649582
7.304962239583222	85.2684713106442
7.314962239583222	85.38590929565513
7.324962239583222	85.50334728150261
7.334962239583222	85.62078526815888
7.3449622395832215	85.73822325559638
7.354962239583221	85.85566124378653
7.364962239583221	85.97309923270218
7.374962239583221	86.09053722231513
7.384962239583221	86.2079752125973
7.39496223958322	86.32541320352136
7.40496223958322	86.44285119505899
7.41496223958322	86.56028918718243
7.42496223958322	86.67772717986448
7.43496223958322	86.79516517308176
7.444962239583219	86.91260316681193
7.454962239583219	87.03004116103435
7.464962239583219	87.14747915572694
7.474962239583219	87.26491715086813
7.4849622395832185	87.38235514643625
7.494962239583218	87.4997931424095
7.504962239583218	87.61723113876654
7.514962239583218	87.73466913548542
7.524962239583218	87.85210713254503
7.534962239583217	87.9695451299233
7.544962239583217	88.08698312759857
7.554962239583217	88.20442112554937
7.564962239583217	88.32185912375424
7.574962239583217	88.43929712219125
7.584962239583216	88.55673512083855
7.594962239583216	88.67417311967509
7.604962239583216	88.791611118679
7.614962239583216	88.90904911782863
7.6249622395832155	89.02648711710226
7.634962239583215	89.14392511648612
7.644962239583215	89.2613631159755
7.654962239583215	89.37880111556676
7.664962239583215	89.49623911525626
7.674962239583214	89.61367711503974
7.684962239583214	89.73111511491423
7.694962239583214	89.8485531148758
7.704962239583214	89.96599111492054
7.714962239583214	90.08342911504495
7.724962239583213	90.20086711524523
7.734962239583213	90.31830511551776
7.744962239583213	90.43574311585856
7.754962239583213	90.55318111626391
7.7649622395832125	90.67061911673062
7.774962239583212	90.78805711725464
7.784962239583212	90.90549511783196
7.794962239583212	91.02293311845975
7.804962239583212	91.14037111913318
7.8149622395832115	91.25780911984909
7.824962239583211	91.37524712060396
7.834962239583211	91.49268512139379
7.844962239583211	91.61012312221527
7.854962239583211	91.72756112306357
7.86496223958321	91.84499912393498
7.87496223958321	91.96243712482496
7.88496223958321	92.07987512572922
7.89496223958321	92.19731312664285
7.9049622395832095	92.31475112756141
7.914962239583209	92.43218912848087
7.924962239583209	92.54962712939623
7.934962239583209	92.66706513030381
7.944962239583209	92.78450313120149
7.9549622395832085	92.9019411320882
7.964962239583208	93.01937913296341
7.974962239583208	93.13681713382651
7.984962239583208	93.25425513467663
7.994962239583208	93.37169313551288
8.004962239583207	93.48913113633462
8.014962239583207	93.60656913714134
8.024962239583207	93.72400713793198
8.034962239583207	93.84144513870596
8.044962239583207	93.95888313946243
8.054962239583206	94.07632114020063
8.064962239583206	94.19375914091981
8.074962239583206	94.31119714161912
8.084962239583206	94.42863514229836
8.094962239583205	94.54607314295609
8.104962239583205	94.66351114359196
8.114962239583205	94.7809491442048
8.124962239583205	94.89838714479477
8.134962239583205	95.01582514536001
8.144962239583204	95.13326314590056
8.154962239583204	95.25070114641501
8.164962239583204	95.3681391469033
8.174962239583204	95.4855771473643
8.184962239583204	95.60301514779721
8.194962239583203	95.72045314820144
8.204962239583203	95.83789114857619
8.214962239583203	95.95532914892081
8.224962239583203	96.0727671492343
8.234962239583203	96.19020514951639
8.244962239583202	96.30764314976561
8.254962239583202	96.42508114998196
8.264962239583202	96.54251915016597
8.274962239583202	96.65995715032005
8.284962239583201	96.77739515044698
8.294962239583201	96.89483315054953
8.304962239583201	97.0122711506304
8.3149622395832	97.1297091506917
8.3249622395832	97.24714715073638
8.3349622395832	97.36458515076711
8.3449622395832	97.48202315078643
8.3549622395832	97.59946115079732
8.3649622395832	97.71689915080329
8.3749622395832	97.83433715080818
8.3849622395832	97.95177515081696
8.394962239583199	98.06921315083122
8.404962239583199	98.18665115085352
8.414962239583199	98.30408915088508
8.424962239583198	98.42152715092749
8.434962239583198	98.5389651509824
8.444962239583198	98.65640315105175
8.454962239583198	98.7738411511366
8.464962239583198	98.89127915123898
8.474962239583197	99.00871715136041
8.484962239583197	99.12615515150286
8.494962239583197	99.24359315166716
8.504962239583197	99.36103115185557
8.514962239583197	99.47846915206947
8.524962239583196	99.59590715231056
8.534962239583196	99.71334515258043
8.544962239583196	99.83078315288074
8.554962239583196	99.94822115321313
8.564962239583195	100.06565915357923
8.574962239583195	100.18309715398061
8.584962239583195	100.30053515441914
8.594962239583195	100.41797315489603
8.604962239583195	100.53541115541317
8.614962239583194	100.65284915597216
8.624962239583194	100.77028715657393
8.634962239583194	100.8877251572194
8.644962239583194	101.00516315790814
8.654962239583194	101.12260115864045
8.664962239583193	101.24003915941601
8.674962239583193	101.35747716024241
8.684962239583193	101.47491516113875
8.694962239583193	101.59235316212413
8.704962239583192	101.70979116321888
8.714962239583192	101.82722916444251
8.724962239583192	101.94466716581464
8.734962239583192	102.06210516735668
8.744962239583192	102.17954316909649
8.754962239583191	102.29698117106386
8.764962239583191	102.41441917328866
8.774962239583191	102.53185717580043
8.78496223958319	102.64929517862113
8.79496223958319	102.76673318176196
8.80496223958319	102.88417118523297
8.81496223958319	103.00160918904118
8.82496223958319	103.11904719321984
8.83496223958319	103.23648519820095
8.84496223958319	103.35392320469046
8.85496223958319	103.47136121338421
8.864962239583189	103.58879922463302
8.874962239583189	103.70623723800158
8.884962239583189	103.82367524927234
8.894962239583188	103.94111325698711
8.904962239583188	104.05855126116137
8.914962239583188	104.17598926247949
8.924962239583188	104.29342726258909
8.934962239583188	104.4108652625888
8.944962239583187	104.52830326258893
8.954962239583187	104.64574126258891
8.964962239583187	104.7631792625889
8.974962239583187	104.88061726258891
8.984962239583187	104.99805526258878
8.994962239583186	105.11549326258877
9.004962239583186	105.23293126258905
9.014962239583186	105.3503692625889
9.024962239583186	105.46780726258893
9.034962239583185	105.58524526258884
9.044962239583185	105.70268326258893
9.054962239583185	105.82012126258881
9.064962239583185	105.9375592625888
9.074962239583185	106.05499726258884
9.084962239583184	106.17243526258876
9.094962239583184	106.28987326258887
9.104962239583184	106.40731126258889
9.114962239583184	106.524749262589
9.124962239583184	106.64218726258882
9.134962239583183	106.75962526258898
9.144962239583183	106.87706326258875
9.154962239583183	106.99450126258884
9.164962239583183	107.11193926258878
9.174962239583182	107.2293772625888
9.184962239583182	107.34681526258875
9.194962239583182	107.46425326258893
9.204962239583182	107.58169126258899
9.214962239583182	107.69912926258871
9.224962239583181	107.81656726258872
9.234962239583181	107.93400526258894
9.244962239583181	108.05144326258889
9.25496223958318	108.1688812625889
9.26496223958318	108.2863192625888
9.27496223958318	108.40375726258883
9.28496223958318	108.5211952625889
9.29496223958318	108.63863326258894
9.30496223958318	108.75607126258882
9.31496223958318	108.87350926258888
9.32496223958318	108.99094726258896
9.334962239583179	109.10838526258885
9.344962239583179	109.22582326258897
9.354962239583179	109.34326126258871
9.364962239583178	109.46069926258883
9.374962239583178	109.57813726258881
9.384962239583178	109.69557526258889
9.394962239583178	109.81301326258895
9.404962239583178	109.93045126258883
9.414962239583177	110.04788926258881
9.424962239583177	110.16532726258902
9.434962239583177	110.28276526258878
9.444962239583177	110.40020326258897
9.454962239583176	110.51764126258891
9.464962239583176	110.63507926258896
9.474962239583176	110.75251726258881
9.484962239583176	110.86995526258883
9.494962239583176	110.98739326258898
9.504962239583175	111.10483126258879
9.514962239583175	111.22226926258904
9.524962239583175	111.33970726258895
9.534962239583175	111.45714526258901
9.544962239583175	111.57458326258885
9.554962239583174	111.6920212625889
9.564962239583174	111.80945926258883
9.574962239583174	111.92689726258874
9.584962239583174	112.04433526258882
9.594962239583174	112.16177326258902
9.604962239583173	112.2792112625888
9.614962239583173	112.39664926258918
9.624962239583173	112.51408726269207
9.634962239583173	112.63152526324183
9.644962239583172	112.74896326439737
9.654962239583172	112.8664012646588
9.664962239583172	112.98383926465924
9.674962239583172	113.10127726465915
9.684962239583172	113.21871526465902
9.694962239583171	113.33615326465916
9.704962239583171	113.45359126465928
9.714962239583171	113.57102926465909
9.72496223958317	113.68846726465915
9.73496223958317	113.80590526465903
9.74496223958317	113.9233432646591
9.75496223958317	114.04078126465886
9.76496223958317	114.15821926465912
9.77496223958317	114.27565726465913
9.78496223958317	114.39309526465902
9.79496223958317	114.51053326465906
9.804962239583169	114.6279712646591
9.814962239583169	114.74540926465893
9.824962239583169	114.86284726465892
9.834962239583168	114.98028526465903
9.844962239583168	115.09772326465895
9.854962239583168	115.21516126465923
9.864962239583168	115.33259926465904
9.874962239583168	115.45003726465919
9.884962239583167	115.56747526465917
9.894962239583167	115.68491326465907
9.904962239583167	115.80235126465887
9.914962239583167	115.91978926465893
9.924962239583166	116.03722726465907
9.934962239583166	116.15466526465885
9.944962239583166	116.2721032646591
9.954962239583166	116.38954126465907
9.964962239583166	116.5069792646592
9.974962239583165	116.62441726465909
9.984962239583165	116.74185526465892
9.994962239583165	116.85929326465879
10.004962239583165	116.97673126465891
10.014962239583165	117.09416926465907
10.024962239583164	117.21160726465895
10.034962239583164	117.32904526465902
10.044962239583164	117.44648326465914
10.054962239583164	117.56392126465902
10.064962239583163	117.68135926465905
10.074962239583163	117.79879726465907
10.084962239583163	117.91623526465918
10.094962239583163	118.03367326465897
10.104962239583163	118.15111126465888
10.114962239583162	118.26854926465892
10.124962239583162	118.38598726465881
10.134962239583162	118.50342526465889
10.144962239583162	118.62086326465912
10.154962239583162	118.73830126465893
10.164962239583161	118.85573926465896
10.174962239583161	118.97317726465889
10.184962239583161	119.09061526465898
10.19496223958316	119.20805326465899
10.20496223958316	119.32549126465915
10.21496223958316	119.44292926465901
10.22496223958316	119.56036726465916
10.23496223958316	119.67780526465906
10.24496223958316	119.79524326465908
10.25496223958316	119.9126812646588
10.26496223958316	120.03011926465886
10.274962239583159	120.1475572646592
10.284962239583159	120.26499526465896
10.294962239583159	120.38243326465887
10.304962239583158	120.4998712646591
10.314962239583158	120.61730926465906
10.324962239583158	120.73474726465881
10.334962239583158	120.8521852646591
10.344962239583158	120.9696232646591
10.354962239583157	121.08706126465896
10.364962239583157	121.20449926465893
10.374962239583157	121.3219372646591
10.384962239583157	121.43937526465895
10.394962239583156	121.55681326465901
10.404962239583156	121.67425126465908
10.414962239583156	121.79168926465888
10.424962239583156	121.90912726465909
10.434962239583156	122.02656526465891
10.444962239583155	122.14400326465913
10.454962239583155	122.26144126465925
10.464962239583155	122.378879264659
10.474962239583155	122.49631726465901
10.484962239583155	122.6137552646589
10.494962239583154	122.73119326465925
10.504962239583154	122.84863126465902
10.514962239583154	122.96606926465903
10.524962239583154	123.08350726465892
10.534962239583153	123.20094526465894
10.544962239583153	123.3183832646591
10.554962239583153	123.43582126465914
10.564962239583153	123.5532592646587
10.574962239583153	123.67069726465908
10.584962239583152	123.78813526465913
10.594962239583152	123.90557326465887
10.604962239583152	124.02301126465908
10.614962239583152	124.1404492646588
10.624962239583152	124.25788726465895
10.634962239583151	124.37532526465907
10.644962239583151	124.49276326465892
10.654962239583151	124.61020126465904
10.66496223958315	124.72763926465912
10.67496223958315	124.84507726465904
10.68496223958315	124.96251526465893
10.69496223958315	125.07995326465883
10.70496223958315	125.19739126465896
10.71496223958315	125.31482926465894
10.72496223958315	125.43226726465909
10.73496223958315	125.549705264659
10.744962239583149	125.66714326465909
10.754962239583149	125.78458126465891
10.764962239583149	125.90201926465902
10.774962239583148	126.01945726465885
10.784962239583148	126.13689526465893
10.794962239583148	126.25433326465861
10.804962239583148	126.37177126465895
10.814962239583148	126.48920926465905
10.824962239583147	126.60664726465906
10.834962239583147	126.72408526465907
10.844962239583147	126.84152326465907
10.854962239583147	126.95896126465891
10.864962239583146	127.07639926465889
10.874962239583146	127.19383726465887
10.884962239583146	127.31127526465903
10.894962239583146	127.42871326465892
10.904962239583146	127.54615126465919
10.914962239583145	127.66358926465871
10.924962239583145	127.78102726465895
10.934962239583145	127.89846526465897
10.944962239583145	128.01590326465916
10.954962239583145	128.1333412646588
10.964962239583144	128.25077926465912
10.974962239583144	128.36821726465902
10.984962239583144	128.48565526465913
10.994962239583144	128.60309326465907
11.004962239583143	128.7205312646589
11.014962239583143	128.83796926465888
11.024962239583143	128.95540726465893
11.034962239583143	129.07284526465898
11.044962239583143	129.19028326465892
11.054962239583142	129.30772126465905
11.064962239583142	129.425159264659
11.074962239583142	129.54259726465895
11.084962239583142	129.66003526465886
11.094962239583142	129.777473264659
11.104962239583141	129.89491126465913
11.114962239583141	130.01234926465884
11.124962239583141	130.1297872646592
11.13496223958314	130.24722526465902
11.14496223958314	130.36466326465913
11.15496223958314	130.48210126465892
11.16496223958314	130.59763807169074
11.17496223958314	130.6953180716907
11.18496223958314	130.79299807169048
11.19496223958314	130.89067807169073
11.20496223958314	130.98835807169064
11.214962239583139	131.08603807169052
11.224962239583139	131.18371807169058
11.234962239583139	131.28139807169052
11.244962239583138	131.37907807169063
11.254962239583138	131.47675807169054
11.264962239583138	131.57443807169048
11.274962239583138	131.67211807169068
11.284962239583137	131.76979807169064
11.294962239583137	131.8674780716906
11.304962239583137	131.96515807169052
11.314962239583137	132.06283807169055
11.324962239583137	132.16051807169057
11.334962239583136	132.2581980716905
11.344962239583136	132.35587807169057
11.354962239583136	132.45355807169057
11.364962239583136	132.55123807169053
11.374962239583136	132.64891807169045
11.384962239583135	132.7465980716906
11.394962239583135	132.84427807169055
11.404962239583135	132.94195807169044
11.414962239583135	133.0396380716905
11.424962239583135	133.13731807169046
11.434962239583134	133.2349980716908
11.444962239583134	133.3326780716904
11.454962239583134	133.4303580716906
11.464962239583134	133.5280380716908
11.474962239583133	133.6257180716905
11.484962239583133	133.72339807169053
11.494962239583133	133.82107807169044
11.504962239583133	133.91875807169035
11.514962239583133	134.0164380716904
11.524962239583132	134.11411807169054
11.534962239583132	134.21179807169057
11.544962239583132	134.30947807169065
11.554962239583132	134.40715807169065
11.564962239583132	134.5048380716905
11.574962239583131	134.60251807169075
11.584962239583131	134.70019807169058
11.59496223958313	134.79787807169058
11.60496223958313	134.89555807169057
11.61496223958313	134.99323807169037
11.62496223958313	135.09091807169074
11.63496223958313	135.18859807169042
11.64496223958313	135.28627807169056
11.65496223958313	135.38395807169044
11.66496223958313	135.48163807169072
11.67496223958313	135.5793180716908
11.684962239583129	135.67699807169063
11.694962239583129	135.77467807169077
11.704962239583129	135.87235807169048
11.714962239583128	135.97003807169054
11.724962239583128	136.06771807169056
11.734962239583128	136.16539807169048
11.744962239583128	136.26307807169053
11.754962239583127	136.3607580716903
11.764962239583127	136.45843807169058
11.774962239583127	136.55611807169046
11.784962239583127	136.65379807169063
11.794962239583127	136.75147807169063
11.804962239583126	136.84915807169062
11.814962239583126	136.9468380716906
11.824962239583126	137.04451807169067
11.834962239583126	137.1421980716904
11.844962239583126	137.23987807169053
11.854962239583125	137.3375580716904
11.864962239583125	137.43523807169063
11.874962239583125	137.53291807169035
11.884962239583125	137.6305980716905
11.894962239583124	137.72827807169045
11.904962239583124	137.82595807169037
11.914962239583124	137.92363807169068
11.924962239583124	138.02131807169053
11.934962239583124	138.11899807169064
11.944962239583123	138.21667807169038
11.950000000000001	138.2658869154426
1000011.95	138.2658869154426
