-100000	0
0	0
0.0003333333333333333	0.003240136915410861
0.0008333333333333333	0.008113252008907577
0.0015833333333333333	0.015450732726902392
0.0027083333333333334	0.02651142345492061
0.004395833333333333	0.04319313994408758
0.006927083333333334	0.0683815319823537
0.010723958333333335	0.10639897990516517
0.016419270833333336	0.16384873583190887
0.024962239583333337	0.2507961899199661
0.03496223958333334	0.35348590458035395
0.04496223958333334	0.4570081341366119
0.05496223958333334	0.5612239107720535
0.06496223958333334	0.6660535587378323
0.07496223958333334	0.7714625862656326
0.08496223958333333	0.8773785631410542
0.09496223958333333	0.9837549884867991
0.10496223958333332	1.090576495959039
0.11496223958333332	1.1978150941466488
0.12496223958333331	1.3054300663530363
0.1349622395833333	1.413398402732156
0.14496223958333332	1.5217079527811157
0.15496223958333333	1.6303458895017533
0.16496223958333334	1.7392966324592156
0.17496223958333335	1.848539255995563
0.18496223958333335	1.9580613394178004
0.19496223958333336	2.067852667128863
0.20496223958333337	2.177902326314059
0.21496223958333338	2.2882003938563242
0.2249622395833334	2.3987355468262814
0.2349622395833334	2.5094964758371603
0.2449622395833334	2.620477445425293
0.2549622395833334	2.7316735809936246
0.2649622395833334	2.8430788431172713
0.27496223958333343	2.9546838878049404
0.28496223958333344	3.0664751108795594
0.29496223958333345	3.1784475210408965
0.30496223958333346	3.2905987257346183
0.31496223958333347	3.402925681502489
0.3249622395833335	3.5154236559704115
0.3349622395833335	3.6280852418001412
0.3449622395833335	3.7409030791227798
0.3549622395833335	3.8538702053527487
0.3649622395833335	3.9669823607038577
0.3749622395833335	4.08023806505366
0.38496223958333353	4.193636175311046
0.39496223958333354	4.307174044989953
0.40496223958333355	4.420846702289055
0.41496223958333356	4.534648311576822
0.42496223958333357	4.648572118406294
0.4349622395833336	4.762613859184906
0.4449622395833336	4.876770825473654
0.4549622395833336	4.991040635023915
0.4649622395833336	5.105421196864165
0.4749622395833336	5.219910681202149
0.4849622395833336	5.33450708340157
0.49496223958333363	5.449207059084562
0.5049622395833336	5.564006751729808
0.5149622395833336	5.67890260541354
0.5249622395833337	5.793891676889252
0.5349622395833337	5.908972038930465
0.5449622395833337	6.024141727169139
0.5549622395833337	6.139397566151783
0.5649622395833337	6.254737692580834
0.5749622395833337	6.370161052792287
0.5849622395833337	6.4856659473922385
0.5949622395833337	6.601249686882189
0.6049622395833337	6.716907959523615
0.6149622395833337	6.832636125424496
0.6249622395833337	6.948432203568875
0.6349622395833338	7.0642947587577885
0.6449622395833338	7.180222722785698
0.6549622395833338	7.296215074386
0.6649622395833338	7.412270815065683
0.6749622395833338	7.528388881381101
0.6849622395833338	7.644567957782089
0.6949622395833338	7.760805837003495
0.7049622395833338	7.877100083426366
0.7149622395833338	7.99344837552828
0.7249622395833338	8.1098487956028
0.7349622395833338	8.226299525076769
0.7449622395833339	8.342799022661483
0.7549622395833339	8.459345661924825
0.7649622395833339	8.575938044854558
0.7749622395833339	8.692575306370381
0.7849622395833339	8.809256409065569
0.7949622395833339	8.925979864137084
0.8049622395833339	9.042743532441222
0.8149622395833339	9.15954562949053
0.8249622395833339	9.276384994920484
0.8349622395833339	9.393260730787373
0.8449622395833339	9.510171954005028
0.854962239583334	9.6271175102521
0.864962239583334	9.7440948636134
0.874962239583334	9.86110182072842
0.884962239583334	9.978137544796578
0.894962239583334	10.095201578334137
0.904962239583334	10.21229324770626
0.914962239583334	10.32941141822761
0.924962239583334	10.446554500624174
0.934962239583334	10.563720941117403
0.944962239583334	10.680909474704592
0.954962239583334	10.798118713641045
0.964962239583334	10.915347452199406
0.9749622395833341	11.032594717538073
0.9849622395833341	11.149859598623664
0.9949622395833341	11.26714145067312
1.004962239583334	11.384439830143188
1.014962239583334	11.501754255250017
1.024962239583334	11.61908397771287
1.034962239583334	11.736427966771576
1.044962239583334	11.853784423000233
1.054962239583334	11.971151173433519
1.064962239583334	12.088526291323271
1.074962239583334	12.205909190732259
1.084962239583334	12.323299614309766
1.094962239583334	12.440697367957886
1.104962239583334	12.558102283015621
1.114962239583334	12.675514125051782
1.124962239583334	12.792932560488461
1.134962239583334	12.910353741857286
1.144962239583334	13.027775023383537
1.154962239583334	13.145196404908036
1.1649622395833341	13.262617886271382
1.1749622395833341	13.380039467314361
1.1849622395833341	13.497461147877575
1.1949622395833341	13.614882927801894
1.2049622395833341	13.73230480692793
1.2149622395833342	13.84972678509635
1.2249622395833342	13.967148862147972
1.2349622395833342	14.084571037923387
1.2449622395833342	14.201993312263506
1.2549622395833342	14.319415685008794
1.2649622395833342	14.436838156000203
1.2749622395833342	14.55426072507819
1.2849622395833342	14.671683392083697
1.2949622395833342	14.789106156857278
1.3049622395833342	14.90652901923972
1.3149622395833342	15.023951979071715
1.3249622395833343	15.141375036193978
1.3349622395833343	15.258798190447278
1.3449622395833343	15.376221441672163
1.3549622395833343	15.493644789709485
1.3649622395833343	15.611068234399937
1.3749622395833343	15.728491775584166
1.3849622395833343	15.845915413102972
1.3949622395833343	15.963339146797033
1.4049622395833343	16.080762976507007
1.4149622395833343	16.198186902073704
1.4249622395833343	16.315610923337704
1.4349622395833344	16.433035040139828
1.4449622395833344	16.55045925232078
1.4549622395833344	16.66788355972118
1.4649622395833344	16.78530796218187
1.4749622395833344	16.90273245954344
1.4849622395833344	17.020157051646663
1.4949622395833344	17.137581738332237
1.5049622395833344	17.25500651944089
1.5149622395833344	17.372431394813315
1.5249622395833344	17.48985636429027
1.5349622395833344	17.607281427712383
1.5449622395833345	17.72470658492042
1.5549622395833345	17.842131835755023
1.5649622395833345	17.959557180056997
1.5749622395833345	18.076982617667067
1.5849622395833345	18.19440814842585
1.5949622395833345	18.311833772174072
1.6049622395833345	18.429259488752564
1.6149622395833345	18.54668529800186
1.6249622395833345	18.66411119976289
1.6349622395833345	18.781537193900895
1.6449622395833345	18.898963280341622
1.6549622395833345	19.016389459019887
1.6649622395833346	19.133815729870385
1.6749622395833346	19.25124209282803
1.6849622395833346	19.36866854782751
1.6949622395833346	19.486095094803677
1.7049622395833346	19.603521733691277
1.7149622395833346	19.72094846442502
1.7249622395833346	19.838375286941336
1.7349622395833346	19.95580220120126
1.7449622395833346	20.073229207185417
1.7549622395833346	20.19065630487509
1.7649622395833346	20.308083494251477
1.7749622395833347	20.42551077529588
1.7849622395833347	20.54293814800149
1.7949622395833347	20.660365612509636
1.8049622395833347	20.777793169061635
1.8149622395833347	20.89522081790101
1.8249622395833347	21.012648559270783
1.8349622395833347	21.130076393414303
1.8449622395833347	21.24750432057487
1.8549622395833347	21.364932341084753
1.8649622395833347	21.48236045561843
1.8749622395833347	21.59978866493318
1.8849622395833348	21.71721696979093
1.8949622395833348	21.834645371267005
1.9049622395833348	21.95207387092663
1.9149622395833348	22.069502470581654
1.9249622395833348	22.18693117290342
1.9349622395833348	22.304359981415587
1.9449622395833348	22.42178890083541
1.9549622395833348	22.539217932581675
1.9649622395833348	22.656647075623173
1.9749622395833348	22.774076328895948
1.9849622395833348	22.891505691335993
1.9949622395833349	23.008935161879236
2.004962239583335	23.12636473946165
2.0149622395833346	23.243794422705534
2.0249622395833344	23.361224206368153
2.034962239583334	23.478654087702473
2.044962239583334	23.596084065158625
2.054962239583334	23.713514137186525
2.0649622395833336	23.830944302236485
2.0749622395833334	23.948374558758342
2.084962239583333	24.06580490520232
2.094962239583333	24.183235340018456
2.1049622395833327	24.300665861656793
2.1149622395833325	24.418096468567562
2.1249622395833323	24.53552715920061
2.134962239583332	24.652957932006206
2.144962239583332	24.77038878543442
2.1549622395833317	24.88781971793527
2.1649622395833314	25.005250727959485
2.1749622395833312	25.122681813988372
2.184962239583331	25.240112974544804
2.194962239583331	25.357544208154625
2.2049622395833306	25.47497551334391
2.2149622395833304	25.592406888638415
2.22496223958333	25.709838332564185
2.23496223958333	25.827269843647137
2.2449622395833297	25.944701420413185
2.2549622395833295	26.062133061388256
2.2649622395833293	26.179564765098206
2.274962239583329	26.296996530069112
2.284962239583329	26.414428354826732
2.2949622395833287	26.531860237897078
2.3049622395833285	26.64929217780608
2.3149622395833283	26.76672417307965
2.324962239583328	26.884156222243725
2.334962239583328	27.001588323823263
2.3449622395833276	27.11902047633236
2.3549622395833274	27.236452678276805
2.364962239583327	27.35388492816244
2.374962239583327	27.471317224495326
2.3849622395833268	27.588749565781153
2.3949622395833265	27.706181950525956
2.4049622395833263	27.823614377238012
2.414962239583326	27.941046844428353
2.424962239583326	28.058479350608465
2.4349622395833257	28.175911894289957
2.4449622395833255	28.293344473984035
2.4549622395833253	28.410777088203552
2.464962239583325	28.528209735536045
2.474962239583325	28.645642414649046
2.4849622395833246	28.763075124655256
2.4949622395833244	28.88050786472508
2.504962239583324	28.99794063403016
2.514962239583324	29.115373431742373
2.5249622395833238	29.232806257102066
2.5349622395833236	29.35023910981982
2.5449622395833233	29.467671989803215
2.554962239583323	29.585104896960427
2.564962239583323	29.702537831199404
2.5749622395833227	29.8199707924284
2.5849622395833225	29.937403780555577
2.5949622395833223	30.05483679548894
2.604962239583322	30.172269837136753
2.614962239583322	30.289702905407175
2.6249622395833216	30.407136000208226
2.6349622395833214	30.524569121448142
2.644962239583321	30.642002269034975
2.654962239583321	30.75943544287685
2.664962239583321	30.876868642882076
2.6749622395833206	30.9943018689585
2.6849622395833204	31.111735121014554
2.69496223958332	31.229168398958244
2.70496223958332	31.34660170269767
2.7149622395833197	31.464035032140984
2.7249622395833195	31.58146838719632
2.7349622395833193	31.698901767771883
2.744962239583319	31.816335173775627
2.754962239583319	31.933768605115954
2.7649622395833187	32.05120206170077
2.7749622395833184	32.16863554343834
2.7849622395833182	32.28606905023668
2.794962239583318	32.40350258200424
2.804962239583318	32.520936138648686
2.8149622395833176	32.638369720078494
2.8249622395833174	32.75580332620172
2.834962239583317	32.87323695692653
2.844962239583317	32.99067061216083
2.8549622395833167	33.10810429181299
2.8649622395833165	33.225537995791065
2.8749622395833163	33.34297172400324
2.884962239583316	33.460405476357664
2.894962239583316	33.577839252762324
2.9049622395833157	33.69527305312561
2.9149622395833155	33.81270687735531
2.9249622395833152	33.930140725360005
2.934962239583315	34.04757459704745
2.944962239583315	34.165008492325995
2.9549622395833146	34.28244241110359
2.9649622395833144	34.39987635328849
2.974962239583314	34.517310318788795
2.984962239583314	34.63474430751279
2.9949622395833138	34.75217831936827
3.0049622395833135	34.869612354263765
3.0149622395833133	34.9870464121072
3.024962239583313	35.10448049280665
3.034962239583313	35.221914596270466
3.0449622395833127	35.33934872240657
3.0549622395833125	35.456782871123174
3.0649622395833123	35.574217042328456
3.074962239583312	35.69165123593057
3.084962239583312	35.809085451837504
3.0949622395833116	35.926519689957566
3.1049622395833114	36.04395395019882
3.114962239583311	36.161388232469236
3.124962239583311	36.278822536677225
3.1349622395833108	36.39625686273084
3.1449622395833106	36.51369121053816
3.1549622395833103	36.63112558000736
3.16496223958331	36.74855997104663
3.17496223958331	36.86599438356404
3.1849622395833097	36.98342881746764
3.1949622395833095	37.10086327269222
3.2049622395833093	37.21829774943538
3.214962239583309	37.33573224804418
3.224962239583309	37.45316676888245
3.2349622395833086	37.570601312640015
3.2449622395833084	37.68803588031813
3.254962239583308	37.80547047291598
3.264962239583308	37.92290509142331
3.274962239583308	38.040339736826326
3.2849622395833076	38.15777441009322
3.2949622395833074	38.27520911218701
3.304962239583307	38.39264384407077
3.314962239583307	38.51007860670724
3.3249622395833067	38.6275134010514
3.3349622395833065	38.74494822804575
3.3449622395833063	38.862383088618905
3.354962239583306	38.9798179836936
3.364962239583306	39.09725291419212
3.3749622395833057	39.214687881037236
3.3849622395833054	39.33212288515118
3.3949622395833052	39.44955792745651
3.404962239583305	39.56699300887585
3.414962239583305	39.68442813033149
3.4249622395833046	39.80186329274297
3.4349622395833044	39.919298497015994
3.444962239583304	40.036733744045165
3.454962239583304	40.15416903472244
3.4649622395833037	40.27160436993969
3.4749622395833035	40.38903975058918
3.4849622395833033	40.506475177562784
3.494962239583303	40.623910651752404
3.504962239583303	40.741346174050086
3.5149622395833027	40.85878174534787
3.5249622395833025	40.97621736653777
3.5349622395833022	41.0936530385117
3.544962239583302	41.21108876216179
3.554962239583302	41.32852453837947
3.5649622395833016	41.44596036805027
3.5749622395833014	41.563396252054794
3.584962239583301	41.68083219127294
3.594962239583301	41.79826818658497
3.6049622395833008	41.91570423887121
3.6149622395833005	42.033140349011624
3.6249622395833003	42.150576517886684
3.6349622395833	42.26801274637646
3.6449622395833	42.385449035357816
3.6549622395832997	42.502885385703216
3.6649622395832995	42.620321798284955
3.6749622395832993	42.73775827397472
3.684962239583299	42.85519481364484
3.694962239583299	42.972631418167154
3.7049622395832986	43.090068088413844
3.7149622395832984	43.207504825257
3.724962239583298	43.32494162956844
3.734962239583298	43.44237850222046
3.7449622395832978	43.559815444085125
3.7549622395832976	43.67725245603437
3.7649622395832973	43.79468953894021
3.774962239583297	43.9121266936748
3.784962239583297	44.02956392111003
3.7949622395832967	44.147001222092584
3.8049622395832965	44.264438575990724
3.8149622395832963	44.381875937378844
3.824962239583296	44.499313302802335
3.834962239583296	44.616750672267806
3.8449622395832956	44.73418804578195
3.8549622395832954	44.85162542335147
3.864962239583295	44.96906280498306
3.874962239583295	45.08650019068355
3.884962239583295	45.20393758045942
3.8949622395832946	45.3213749743184
3.9049622395832944	45.438812372268224
3.914962239583294	45.55624977431634
3.924962239583294	45.67368718047019
3.9349622395832937	45.791124590737425
3.9449622395832935	45.908562005125994
3.9549622395832933	46.025999423643356
3.964962239583293	46.14343684629682
3.974962239583293	46.26087427309433
3.9849622395832927	46.37831170404333
3.9949622395832924	46.49574913915148
4.004962239583293	46.613186578426415
4.0149622395832925	46.73062402187571
4.024962239583292	46.8480614695071
4.034962239583292	46.96549892132776
4.044962239583292	47.08293637734582
4.054962239583292	47.200373837568655
4.064962239583291	47.31781130200388
4.074962239583291	47.43524877065914
4.084962239583291	47.55268624354208
4.094962239583291	47.67012372066005
4.1049622395832905	47.78756120202087
4.11496223958329	47.90499868763206
4.12496223958329	48.02243617750148
4.13496223958329	48.1398736716366
4.14496223958329	48.25731117004473
4.1549622395832895	48.37474867273384
4.164962239583289	48.49218617971151
4.174962239583289	48.60962369098505
4.184962239583289	48.727061206562574
4.194962239583289	48.8444987264511
4.204962239583288	48.96193625065871
4.214962239583288	49.0793737791928
4.224962239583288	49.19681131206084
4.234962239583288	49.314248849270754
4.2449622395832876	49.43168639083005
4.254962239583287	49.5491239367461
4.264962239583287	49.666561487026804
4.274962239583287	49.7839990416796
4.284962239583287	49.901436600712195
4.2949622395832865	50.018874164132164
4.304962239583286	50.136311731947124
4.314962239583286	50.25374930416462
4.324962239583286	50.3711868807923
4.334962239583286	50.48862446183782
4.344962239583285	50.606062047308725
4.354962239583285	50.72349963721269
4.364962239583285	50.840937231557184
4.374962239583285	50.958374830349904
4.384962239583285	51.07581243359843
4.394962239583284	51.19325004131046
4.404962239583284	51.31068765349357
4.414962239583284	51.42812527015518
4.424962239583284	51.545562891303106
4.4349622395832835	51.66300051694495
4.444962239583283	51.7804381470883
4.454962239583283	51.897875781740666
4.464962239583283	52.015313420909756
4.474962239583283	52.13275106460303
4.484962239583282	52.25018871282846
4.494962239583282	52.36762636559312
4.504962239583282	52.48506402290497
4.514962239583282	52.60250168477164
4.524962239583282	52.719939351200644
4.534962239583281	52.8373770221995
4.544962239583281	52.95481469777588
4.554962239583281	53.07225237793745
4.564962239583281	53.18969006269198
4.5749622395832805	53.30712775204659
4.58496223958328	53.424565446009304
4.59496223958328	53.54200314458753
4.60496223958328	53.65944084778904
4.61496223958328	53.776878555621366
4.6249622395832795	53.89431626809208
4.634962239583279	54.01175398520863
4.644962239583279	54.129191706978965
4.654962239583279	54.24662943341055
4.664962239583279	54.364067164510864
4.674962239583278	54.48150490028769
4.684962239583278	54.59894264074853
4.694962239583278	54.71638038590096
4.704962239583278	54.833818135752736
4.7149622395832775	54.95125589031144
4.724962239583277	55.06869364958453
4.734962239583277	55.18613141357973
4.744962239583277	55.30356918230476
4.754962239583277	55.42100695576697
4.7649622395832765	55.53844473397581
4.774962239583276	55.65588251694007
4.784962239583276	55.7733203046686
4.794962239583276	55.890758097170114
4.804962239583276	56.008195894454396
4.814962239583275	56.12563369652963
4.824962239583275	56.243071503405346
4.834962239583275	56.36050931509027
4.844962239583275	56.47794713159348
4.8549622395832746	56.59538495292392
4.864962239583274	56.71282277909039
4.874962239583274	56.830260610102364
4.884962239583274	56.947698445968385
4.894962239583274	57.065136286697665
4.9049622395832735	57.18257413229918
4.914962239583273	57.30001198278171
4.924962239583273	57.4174498381543
4.934962239583273	57.534887698426324
4.944962239583273	57.65232556360643
4.954962239583272	57.76976343370352
4.964962239583272	57.88720130872671
4.974962239583272	58.00463918868516
4.984962239583272	58.12207707358749
4.994962239583272	58.239514963443035
5.004962239583271	58.35695285826054
5.014962239583271	58.474390758049125
5.024962239583271	58.59182866281774
5.034962239583271	58.70926657257532
5.0449622395832705	58.82670448733102
5.05496223958327	58.944142407093594
5.06496223958327	59.06158033187229
5.07496223958327	59.17901826167584
5.08496223958327	59.296456196513525
5.094962239583269	59.41389413639385
5.104962239583269	59.531332080997295
5.114962239583269	59.64877002832668
5.124962239583269	59.766207977401564
5.134962239583269	59.883645928079204
5.144962239583268	60.00108388031325
5.154962239583268	60.118521834057844
5.164962239583268	60.23595978926648
5.174962239583268	60.35339774589279
5.1849622395832675	60.470835703891204
5.194962239583267	60.588273663214956
5.204962239583267	60.705711623819134
5.214962239583267	60.82314958566388
5.224962239583267	60.94058754871025
5.2349622395832665	61.05802551292017
5.244962239583266	61.17546347825544
5.254962239583266	61.292901444677405
5.264962239583266	61.41033941214758
5.274962239583266	61.527777380627796
5.284962239583265	61.64521535007955
5.294962239583265	61.76265332046435
5.304962239583265	61.880091291744094
5.314962239583265	61.99752926387982
5.3249622395832645	62.11496723683338
5.334962239583264	62.23240521056866
5.344962239583264	62.34984318505186
5.354962239583264	62.46728116025016
5.364962239583264	62.58471913613006
5.3749622395832635	62.702157112658696
5.384962239583263	62.81959508980488
5.394962239583263	62.937033067542
5.404962239583263	63.054471045842064
5.414962239583263	63.171909024678506
5.424962239583262	63.28934700402532
5.434962239583262	63.406784983861435
5.444962239583262	63.52422296416634
5.454962239583262	63.64166094492018
5.4649622395832615	63.7590989261023
5.474962239583261	63.87653690769273
5.484962239583261	63.99397488967169
5.494962239583261	64.1114128720203
5.504962239583261	64.2288508547255
5.5149622395832605	64.3462888377761
5.52496223958326	64.46372682116105
5.53496223958326	64.58116480486913
5.54496223958326	64.69860278888878
5.55496223958326	64.81604077321117
5.564962239583259	64.93347875783115
5.574962239583259	65.05091674274398
5.584962239583259	65.16835472794509
5.594962239583259	65.28579271343003
5.604962239583259	65.40323069919407
5.614962239583258	65.52066868523261
5.624962239583258	65.63810667154095
5.634962239583258	65.75554465811462
5.644962239583258	65.87298264494908
5.6549622395832575	65.99042063203927
5.664962239583257	66.10785861938103
5.674962239583257	66.22529660696965
5.684962239583257	66.3427345948009
5.694962239583257	66.46017258287081
5.704962239583256	66.57761057117483
5.714962239583256	66.695048559709
5.724962239583256	66.81248654846915
5.734962239583256	66.92992453745126
5.744962239583256	67.0473625266507
5.754962239583255	67.16480051606386
5.764962239583255	67.28223850568594
5.774962239583255	67.39967649551338
5.784962239583255	67.51711448554164
5.7949622395832545	67.63455247576674
5.804962239583254	67.75199046618445
5.814962239583254	67.86942845679042
5.824962239583254	67.98686644758052
5.834962239583254	68.1043044385509
5.8449622395832534	68.22174242969706
5.854962239583253	68.3391804210155
5.864962239583253	68.456618412503
5.874962239583253	68.5740564041563
5.884962239583253	68.6914943959725
5.894962239583252	68.80893238794847
5.904962239583252	68.9263703800811
5.914962239583252	69.0438083723675
5.924962239583252	69.16124636480407
5.9349622395832515	69.27868435738804
5.944962239583251	69.39612235011634
5.954962239583251	69.5135603429857
5.964962239583251	69.6309983359933
5.974962239583251	69.74843632913567
5.9849622395832505	69.86587432240985
5.99496223958325	69.98331231581298
6.00496223958325	70.10075030934169
6.01496223958325	70.21818830299277
6.02496223958325	70.33562629676355
6.034962239583249	70.45306429065063
6.044962239583249	70.57050228465096
6.054962239583249	70.68794027876133
6.064962239583249	70.80537827297884
6.0749622395832485	70.92281626729992
6.084962239583248	71.04025426172211
6.094962239583248	71.15769225624199
6.104962239583248	71.27513025085628
6.114962239583248	71.39256824556233
6.1249622395832475	71.51000624035682
6.134962239583247	71.62744423523783
6.144962239583247	71.74488223020262
6.154962239583247	71.86232022524901
6.164962239583247	71.97975822037445
6.174962239583246	72.097196215577
6.184962239583246	72.21463421085384
6.194962239583246	72.33207220620291
6.204962239583246	72.44951020162183
6.214962239583246	72.56694819710803
6.224962239583245	72.6843861926593
6.234962239583245	72.80182418827334
6.244962239583245	72.91926218394791
6.254962239583245	73.03670017968012
6.2649622395832445	73.15413817546818
6.274962239583244	73.27157617130952
6.284962239583244	73.38901416720162
6.294962239583244	73.50645216314243
6.304962239583244	73.62389015912953
6.314962239583243	73.74132815516019
6.324962239583243	73.8587661512328
6.334962239583243	73.97620414734597
6.344962239583243	74.09364214349837
6.354962239583243	74.21108013968856
6.364962239583242	74.32851813591546
6.374962239583242	74.44595613217722
6.384962239583242	74.56339412847284
6.394962239583242	74.68083212480083
6.4049622395832415	74.7982701211604
6.414962239583241	74.91570811755118
6.424962239583241	75.03314611397282
6.434962239583241	75.15058411042536
6.444962239583241	75.26802210690853
6.4549622395832404	75.38546010342202
6.46496223958324	75.50289809996569
6.47496223958324	75.62033609653892
6.48496223958324	75.73777409314012
6.49496223958324	75.85521208976799
6.504962239583239	75.9726500864208
6.514962239583239	76.09008808309717
6.524962239583239	76.2075260797957
6.534962239583239	76.32496407651502
6.5449622395832385	76.44240207325454
6.554962239583238	76.55984007001423
6.564962239583238	76.67727806679453
6.574962239583238	76.79471606359444
6.584962239583238	76.91215406041489
6.5949622395832375	77.02959205725502
6.604962239583237	77.14703005411538
6.614962239583237	77.26446805099553
6.624962239583237	77.38190604789551
6.634962239583237	77.49934404481527
6.644962239583236	77.61678204175738
6.654962239583236	77.7342200387249
6.664962239583236	77.85165803572104
6.674962239583236	77.96909603274915
6.6849622395832355	78.08653402981244
6.694962239583235	78.20397202691451
6.704962239583235	78.32141002405835
6.714962239583235	78.43884802124751
6.724962239583235	78.556286018485
6.7349622395832345	78.67372401577416
6.744962239583234	78.79116201311825
6.754962239583234	78.90860001052091
6.764962239583234	79.0260380079849
6.774962239583234	79.14347600551397
6.784962239583233	79.2609140031112
6.794962239583233	79.37835200077981
6.804962239583233	79.49578999852308
6.814962239583233	79.61322799634453
6.824962239583233	79.73066599424726
6.834962239583232	79.84810399223475
6.844962239583232	79.96554199030989
6.854962239583232	80.08297998847648
6.864962239583232	80.20041798673726
6.8749622395832315	80.31785598509593
6.884962239583231	80.43529398355588
6.894962239583231	80.55273198211971
6.904962239583231	80.67016998079161
6.914962239583231	80.78760797957439
6.92496223958323	80.90504597847116
6.93496223958323	81.02248397748556
6.94496223958323	81.13992197662071
6.95496223958323	81.2573599758798
6.96496223958323	81.37479797526649
6.974962239583229	81.49223597478375
6.984962239583229	81.609673974435
6.994962239583229	81.7271119742234
7.004962239583229	81.84454997415122
7.0149622395832285	81.96198797414988
7.024962239583228	82.07942597414986
7.034962239583228	82.19686397414976
7.044962239583228	82.31430197414977
7.054962239583228	82.43173997414982
7.064962239583227	82.5491779741497
7.074962239583227	82.66661597414978
7.084962239583227	82.78405397414993
7.094962239583227	82.90149197414975
7.104962239583227	83.01892997414969
7.114962239583226	83.13636797414985
7.124962239583226	83.25380597414981
7.134962239583226	83.37124397414983
7.144962239583226	83.4886819741498
7.1549622395832255	83.60611997414955
7.164962239583225	83.72355797414954
7.174962239583225	83.84099597414964
7.184962239583225	83.95843397414968
7.194962239583225	84.0758719741499
7.2049622395832245	84.19330997414966
7.214962239583224	84.31074797414969
7.224962239583224	84.42818597414963
7.234962239583224	84.5456239741497
7.244962239583224	84.66306197414973
7.254962239583223	84.78049997414978
7.264962239583223	84.8979379741496
7.274962239583223	85.01537597414956
7.284962239583223	85.13281397414976
7.2949622395832225	85.25025197414962
7.304962239583222	85.36768997414968
7.314962239583222	85.48512797414968
7.324962239583222	85.60256597414978
7.334962239583222	85.72000397414969
7.3449622395832215	85.83744197414958
7.354962239583221	85.9548799741496
7.364962239583221	86.07231797414966
7.374962239583221	86.1897559741497
7.384962239583221	86.30719397414948
7.39496223958322	86.4246319741496
7.40496223958322	86.54206997414968
7.41496223958322	86.6595079741497
7.42496223958322	86.77694597414968
7.43496223958322	86.89438397414959
7.444962239583219	87.01182197414974
7.454962239583219	87.12925997414968
7.464962239583219	87.24669797414953
7.474962239583219	87.36413597414962
7.4849622395832185	87.48157397414974
7.494962239583218	87.59901197414943
7.504962239583218	87.71644997414954
7.514962239583218	87.83388797414973
7.524962239583218	87.9513259741496
7.534962239583217	88.06876397414977
7.544962239583217	88.18620197414958
7.554962239583217	88.30363997414972
7.564962239583217	88.42107797414978
7.574962239583217	88.5385159741494
7.584962239583216	88.65595397414972
7.594962239583216	88.77339197414952
7.604962239583216	88.89082997414964
7.614962239583216	89.0082679741496
7.6249622395832155	89.12570597414955
7.634962239583215	89.24314397414928
7.644962239583215	89.36058197414944
7.654962239583215	89.47801997414965
7.664962239583215	89.5954579741495
7.674962239583214	89.7128959741495
7.684962239583214	89.83033397414954
7.694962239583214	89.94777197414949
7.704962239583214	90.06520997414952
7.714962239583214	90.18264797414963
7.724962239583213	90.30008597414954
7.734962239583213	90.4175239741496
7.744962239583213	90.53496197414952
7.754962239583213	90.65239997414947
7.7649622395832125	90.76983797414948
7.774962239583212	90.88727597414959
7.784962239583212	91.00471397414933
7.794962239583212	91.12215197414946
7.804962239583212	91.23958997414957
7.8149622395832115	91.3570279741495
7.824962239583211	91.47446597414934
7.834962239583211	91.59190397414933
7.844962239583211	91.70934197414951
7.854962239583211	91.82677997414945
7.86496223958321	91.94421797414948
7.87496223958321	92.06165597414966
7.88496223958321	92.17909397414957
7.89496223958321	92.29653197414946
7.9049622395832095	92.41396997414947
7.914962239583209	92.53140797414952
7.924962239583209	92.64884597414948
7.934962239583209	92.7662839741495
7.944962239583209	92.88372197414947
7.9549622395832085	93.00115997414947
7.964962239583208	93.11859797414931
7.974962239583208	93.23603597414935
7.984962239583208	93.35347397414938
7.994962239583208	93.47091197414933
8.004962239583207	93.58834997414932
8.014962239583207	93.7057879741494
8.024962239583207	93.82322597414932
8.034962239583207	93.94066397414937
8.044962239583207	94.05810197414937
8.054962239583206	94.17553997414942
8.064962239583206	94.29297797414927
8.074962239583206	94.41041597414939
8.084962239583206	94.52785397414937
8.094962239583205	94.64529197414929
8.104962239583205	94.76272997414927
8.114962239583205	94.88016797414927
8.124962239583205	94.9976059741494
8.134962239583205	95.11504397414936
8.144962239583204	95.2324819741492
8.154962239583204	95.3499199741492
8.164962239583204	95.4673579741493
8.174962239583204	95.58479597414932
8.184962239583204	95.70223397414925
8.194962239583203	95.81967197414929
8.204962239583203	95.93710997414924
8.214962239583203	96.05454797414917
8.224962239583203	96.17198597414931
8.234962239583203	96.28942397414912
8.244962239583202	96.40686197414936
8.254962239583202	96.52429997414924
8.264962239583202	96.64173797414901
8.274962239583202	96.75917597414914
8.284962239583201	96.87661397414921
8.294962239583201	96.99405197414919
8.304962239583201	97.11148997414917
8.3149622395832	97.2289279741492
8.3249622395832	97.34636597414928
8.3349622395832	97.46380397414919
8.3449622395832	97.58124197414915
8.3549622395832	97.6986799741493
8.3649622395832	97.81611797414914
8.3749622395832	97.93355597414914
8.3849622395832	98.05099397414904
8.394962239583199	98.16843197414912
8.404962239583199	98.28586997414916
8.414962239583199	98.40330797414917
8.424962239583198	98.52074597414902
8.434962239583198	98.6381839741491
8.444962239583198	98.75562197414908
8.454962239583198	98.87305997414902
8.464962239583198	98.99049797414912
8.474962239583197	99.10793597414919
8.484962239583197	99.22537397414911
8.494962239583197	99.34281197414909
8.504962239583197	99.46024997414908
8.514962239583197	99.57768797414914
8.524962239583196	99.69512597414906
8.534962239583196	99.81256397414904
8.544962239583196	99.93000197414902
8.554962239583196	100.047439974149
8.564962239583195	100.16487797414896
8.574962239583195	100.28231597414916
8.584962239583195	100.39975397414905
8.594962239583195	100.51719197414917
8.604962239583195	100.63462997414885
8.614962239583194	100.75206797414906
8.624962239583194	100.86950597414936
8.634962239583194	100.9869439741514
8.644962239583194	101.10438197415677
8.654962239583194	101.22181997416713
8.664962239583193	101.33925797418372
8.674962239583193	101.4566959742089
8.684962239583193	101.57413397424384
8.694962239583193	101.69157197429014
8.704962239583192	101.80900997434962
8.714962239583192	101.92644797442378
8.724962239583192	102.04388597451434
8.734962239583192	102.16132397462273
8.744962239583192	102.27876197475067
8.754962239583191	102.3961999749001
8.764962239583191	102.51363797507221
8.774962239583191	102.6310759752687
8.78496223958319	102.74851397549943
8.79496223958319	102.86595197578457
8.80496223958319	102.98338997614543
8.81496223958319	103.10082797660614
8.82496223958319	103.21826597719694
8.83496223958319	103.3357039779495
8.84496223958319	103.45314197889512
8.85496223958319	103.57057998008102
8.864962239583189	103.68801798189925
8.874962239583189	103.80545598507844
8.884962239583189	103.92289398878908
8.894962239583188	104.04033199003284
8.904962239583188	104.15776999011833
8.914962239583188	104.27520799011842
8.924962239583188	104.39264599011841
8.934962239583188	104.5100839901184
8.944962239583187	104.62752199011837
8.954962239583187	104.74495999011862
8.964962239583187	104.86239799011862
8.974962239583187	104.97983599011839
8.984962239583187	105.09727399011821
8.994962239583186	105.21471199011842
9.004962239583186	105.33214999011844
9.014962239583186	105.44958799011864
9.024962239583186	105.56702599011851
9.034962239583185	105.68446399011837
9.044962239583185	105.80190199011832
9.054962239583185	105.91933999011839
9.064962239583185	106.03677799011834
9.074962239583185	106.15421599011832
9.084962239583184	106.27165399011845
9.094962239583184	106.38909199011837
9.104962239583184	106.50652999011842
9.114962239583184	106.6239679901183
9.124962239583184	106.74140599011845
9.134962239583183	106.85884399011834
9.144962239583183	106.97628199011822
9.154962239583183	107.09371999011839
9.164962239583183	107.2111579901185
9.174962239583182	107.32859599011849
9.184962239583182	107.4460339901184
9.194962239583182	107.56347199011834
9.204962239583182	107.68090999011837
9.214962239583182	107.79834799011824
9.224962239583181	107.91578599011821
9.234962239583181	108.0332239901184
9.244962239583181	108.15066199011835
9.25496223958318	108.26809999011832
9.26496223958318	108.38553799011837
9.27496223958318	108.5029759901183
9.28496223958318	108.62041399011845
9.29496223958318	108.73785199011833
9.30496223958318	108.85528999011828
9.31496223958318	108.97272799011844
9.32496223958318	109.0901659901183
9.334962239583179	109.20760399011826
9.344962239583179	109.32504199011818
9.354962239583179	109.4424799901184
9.364962239583178	109.55991799011817
9.374962239583178	109.67735599011823
9.384962239583178	109.79479399011831
9.394962239583178	109.91223199011836
9.404962239583178	110.02966999011845
9.414962239583177	110.1471079901184
9.424962239583177	110.2645459901184
9.434962239583177	110.38198399011831
9.444962239583177	110.49942199011824
9.454962239583176	110.61685999011837
9.464962239583176	110.73429799011843
9.474962239583176	110.85173599011834
9.484962239583176	110.96917399011822
9.494962239583176	111.08661199011854
9.504962239583175	111.20404999011835
9.514962239583175	111.32148799011837
9.524962239583175	111.43892599011838
9.534962239583175	111.55636399011846
9.544962239583175	111.67380199011838
9.554962239583174	111.79123999011834
9.564962239583174	111.90867799011832
9.574962239583174	112.02611599011838
9.584962239583174	112.14355399011818
9.594962239583174	112.26099199011836
9.604962239583173	112.3784299901184
9.614962239583173	112.49586799011827
9.624962239583173	112.61330599011816
9.634962239583173	112.73074399012067
9.644962239583172	112.84818199027013
9.654962239583172	112.96561999041414
9.664962239583172	113.08305799041402
9.674962239583172	113.20049599041383
9.684962239583172	113.3179339904142
9.694962239583171	113.43537199041424
9.704962239583171	113.55280999041396
9.714962239583171	113.67024799041407
9.72496223958317	113.78768599041398
9.73496223958317	113.90512399041413
9.74496223958317	114.02256199041396
9.75496223958317	114.13999999041408
9.76496223958317	114.25743799041415
9.77496223958317	114.3748759904141
9.78496223958317	114.49231399041395
9.79496223958317	114.60975199041413
9.804962239583169	114.72718999041406
9.814962239583169	114.84462799041411
9.824962239583169	114.96206599041402
9.834962239583168	115.07950399041397
9.844962239583168	115.19694199041389
9.854962239583168	115.31437999041381
9.864962239583168	115.43181799041412
9.874962239583168	115.54925599041398
9.884962239583167	115.66669399041416
9.894962239583167	115.78413199041407
9.904962239583167	115.90156999041405
9.914962239583167	116.01900799041417
9.924962239583166	116.13644599041396
9.934962239583166	116.25388399041391
9.944962239583166	116.37132199041424
9.954962239583166	116.48875999041388
9.964962239583166	116.60619799041405
9.974962239583165	116.72363599041374
9.984962239583165	116.84107399041407
9.994962239583165	116.958511990414
10.004962239583165	117.07594999041409
10.014962239583165	117.19338799041398
10.024962239583164	117.31082599041395
10.034962239583164	117.42826399041395
10.044962239583164	117.5457019904139
10.054962239583164	117.66313999041398
10.064962239583163	117.78057799041396
10.074962239583163	117.89801599041408
10.084962239583163	118.01545399041392
10.094962239583163	118.13289199041394
10.104962239583163	118.25032999041383
10.114962239583162	118.36776799041427
10.124962239583162	118.48520599041407
10.134962239583162	118.60264399041394
10.144962239583162	118.72008199041416
10.154962239583162	118.83751999041398
10.164962239583161	118.95495799041389
10.174962239583161	119.07239599041404
10.184962239583161	119.18983399041404
10.19496223958316	119.30727199041395
10.20496223958316	119.424709990414
10.21496223958316	119.54214799041401
10.22496223958316	119.6595859904139
10.23496223958316	119.77702399041387
10.24496223958316	119.89446199041373
10.25496223958316	120.01189999041387
10.26496223958316	120.12933799041384
10.274962239583159	120.24677599041388
10.284962239583159	120.36421399041389
10.294962239583159	120.48165199041397
10.304962239583158	120.59908999041397
10.314962239583158	120.71652799041405
10.324962239583158	120.8339659904141
10.334962239583158	120.95140399041404
10.344962239583158	121.06884199041397
10.354962239583157	121.1862799904141
10.364962239583157	121.30371799041404
10.374962239583157	121.42115599041391
10.384962239583157	121.5385939904141
10.394962239583156	121.65603199041391
10.404962239583156	121.77346999041404
10.414962239583156	121.89090799041392
10.424962239583156	122.00834599041391
10.434962239583156	122.12578399041404
10.444962239583155	122.24322199041387
10.454962239583155	122.36065999041382
10.464962239583155	122.47809799041403
10.474962239583155	122.59553599041402
10.484962239583155	122.7129739904138
10.494962239583154	122.83041199041392
10.504962239583154	122.9478499904139
10.514962239583154	123.06528799041395
10.524962239583154	123.18272599041394
10.534962239583153	123.30016399041382
10.544962239583153	123.41760199041384
10.554962239583153	123.5350399904138
10.564962239583153	123.65247799041404
10.574962239583153	123.76991599041388
10.584962239583152	123.88735399041387
10.594962239583152	124.00479199041384
10.604962239583152	124.12222999041401
10.614962239583152	124.23966799041408
10.624962239583152	124.35710599041391
10.634962239583151	124.4745439904138
10.644962239583151	124.59198199041381
10.654962239583151	124.70941999041386
10.66496223958315	124.8268579904138
10.67496223958315	124.94429599041402
10.68496223958315	125.06173399041401
10.69496223958315	125.17917199041398
10.70496223958315	125.29660999041405
10.71496223958315	125.41404799041399
10.72496223958315	125.53148599041391
10.73496223958315	125.6489239904138
10.744962239583149	125.76636199041405
10.754962239583149	125.88379999041386
10.764962239583149	126.00123799041384
10.774962239583148	126.11867599041399
10.784962239583148	126.23611399041387
10.794962239583148	126.35355199041378
10.804962239583148	126.47098999041401
10.814962239583148	126.58842799041392
10.824962239583147	126.70586599041387
10.834962239583147	126.8233039904139
10.844962239583147	126.94074199041385
10.854962239583147	127.05817999041385
10.864962239583146	127.17561799041391
10.874962239583146	127.29305599041402
10.884962239583146	127.4104939904139
10.894962239583146	127.52793199041395
10.904962239583146	127.64536999041384
10.914962239583145	127.76280799041398
10.924962239583145	127.88024599041388
10.934962239583145	127.99768399041388
10.944962239583145	128.1151219904138
10.954962239583145	128.23255999041388
10.964962239583144	128.34999799041398
10.974962239583144	128.46743599041383
10.984962239583144	128.58487399041394
10.994962239583144	128.70231199041382
11.004962239583143	128.81974999041395
11.014962239583143	128.93718799041383
11.024962239583143	129.05462599041377
11.034962239583143	129.17206399041387
11.044962239583143	129.28950199041387
11.054962239583142	129.4069399904138
11.064962239583142	129.52437799041385
11.074962239583142	129.6418159904139
11.084962239583142	129.75925399041387
11.094962239583142	129.8766919904139
11.104962239583141	129.99412999041394
11.114962239583141	130.11156799041385
11.124962239583141	130.229005990414
11.13496223958314	130.34644399041395
11.14496223958314	130.46388199041388
11.15496223958314	130.58131999041373
11.16496223958314	130.6968567974457
11.17496223958314	130.7945367974455
11.18496223958314	130.89221679744563
11.19496223958314	130.98989679744554
11.20496223958314	131.0875767974456
11.214962239583139	131.1852567974456
11.224962239583139	131.28293679744556
11.234962239583139	131.3806167974454
11.244962239583138	131.4782967974455
11.254962239583138	131.5759767974454
11.264962239583138	131.67365679744532
11.274962239583138	131.77133679744549
11.284962239583137	131.86901679744557
11.294962239583137	131.96669679744556
11.304962239583137	132.0643767974456
11.314962239583137	132.1620567974456
11.324962239583137	132.2597367974456
11.334962239583136	132.35741679744552
11.344962239583136	132.45509679744526
11.354962239583136	132.55277679744546
11.364962239583136	132.65045679744554
11.374962239583136	132.74813679744523
11.384962239583135	132.8458167974456
11.394962239583135	132.94349679744562
11.404962239583135	133.04117679744562
11.414962239583135	133.13885679744553
11.424962239583135	133.23653679744558
11.434962239583134	133.3342167974455
11.444962239583134	133.43189679744535
11.454962239583134	133.5295767974454
11.464962239583134	133.62725679744528
11.474962239583133	133.72493679744525
11.484962239583133	133.8226167974456
11.494962239583133	133.9202967974454
11.504962239583133	134.0179767974454
11.514962239583133	134.11565679744538
11.524962239583132	134.21333679744546
11.534962239583132	134.31101679744543
11.544962239583132	134.40869679744546
11.554962239583132	134.50637679744554
11.564962239583132	134.60405679744557
11.574962239583131	134.70173679744565
11.584962239583131	134.79941679744525
11.59496223958313	134.89709679744547
11.60496223958313	134.9947767974453
11.61496223958313	135.09245679744558
11.62496223958313	135.19013679744543
11.63496223958313	135.28781679744557
11.64496223958313	135.38549679744546
11.65496223958313	135.48317679744534
11.66496223958313	135.58085679744542
11.67496223958313	135.67853679744536
11.684962239583129	135.7762167974456
11.694962239583129	135.8738967974453
11.704962239583129	135.9715767974455
11.714962239583128	136.06925679744543
11.724962239583128	136.16693679744546
11.734962239583128	136.26461679744534
11.744962239583128	136.36229679744554
11.754962239583127	136.45997679744568
11.764962239583127	136.55765679744547
11.774962239583127	136.6553367974457
11.784962239583127	136.75301679744547
11.794962239583127	136.8506967974454
11.804962239583126	136.94837679744555
11.814962239583126	137.04605679744532
11.824962239583126	137.14373679744563
11.834962239583126	137.2414167974458
11.844962239583126	137.3390967974455
11.854962239583125	137.43677679744528
11.864962239583125	137.53445679744524
11.874962239583125	137.63213679744547
11.884962239583125	137.72981679744524
11.894962239583124	137.82749679744532
11.904962239583124	137.92517679744554
11.914962239583124	138.0228567974454
11.924962239583124	138.12053679744562
11.934962239583124	138.21821679744536
11.944962239583123	138.3158967974453
11.950000000000001	138.36510564119763
1000011.95	138.36510564119763
