-100000	0
0	0
0.0033333333333333335	0.03300118622894324
0.008333333333333333	0.08315992781049207
0.01583333333333333	0.1591927490334344
0.02708333333333333	0.2745335611206702
0.043958333333333335	0.44968442897191085
0.06927083333333334	0.7160423304980849
0.10723958333333333	1.121733006634579
0.16419270833333333	1.7405792445828085
0.24962239583333334	2.6857852491681418
0.3496223958333333	3.810887679200013
0.4496223958333333	4.950636868488878
0.5496223958333333	6.1012506160823445
0.6496223958333333	7.259953275984123
0.7496223958333332	8.424649229636028
0.8496223958333332	9.593648378634276
0.9496223958333332	10.765550781451156
1.0496223958333333	11.939168782074299
1.1496223958333334	13.113467630765324
1.2496223958333335	14.287847630552239
1.3496223958333335	15.46222763033924
1.4496223958333336	16.636607630126168
1.5496223958333337	17.810987629913104
1.6496223958333338	18.985367629700026
1.749622395833334	20.15974762948695
1.849622395833334	21.33412762927388
1.949622395833334	22.508507629060794
2.049622395833334	23.682887628847777
2.149622395833334	24.857267628634684
2.249622395833334	26.031647628421574
2.349622395833334	27.20602762820858
2.4496223958333343	28.380407627995474
2.5496223958333344	29.5547876277824
2.6496223958333345	30.72916762756934
2.7496223958333346	31.903547627356236
2.8496223958333347	33.07792762714311
2.9496223958333347	34.252307626929976
3.049622395833335	35.426687626716934
3.149622395833335	36.6010676265038
3.249622395833335	37.77544762629065
3.349622395833335	38.94982762607758
3.449622395833335	40.12420762586451
3.5496223958333353	41.2985876256514
3.6496223958333354	42.4729676254383
3.7496223958333355	43.64734762522513
3.8496223958333355	44.821727625012066
3.9496223958333356	45.99610762479895
4.049622395833335	47.17048762458578
4.149622395833335	48.344867624372654
4.249622395833335	49.51924762415958
4.349622395833334	50.69362762394649
4.449622395833334	51.86800762373333
4.5496223958333335	53.042387623520284
4.649622395833333	54.21676762330713
4.749622395833333	55.391147623093914
4.849622395833332	56.56552762288069
4.949622395833332	57.739907622667566
5.049622395833332	58.914287622454424
5.149622395833331	60.08866762224127
5.249622395833331	61.263047622028104
5.349622395833331	62.43742762181504
5.44962239583333	63.61180762160173
5.54962239583333	64.78618762138865
5.64962239583333	65.9605676211756
5.749622395833329	67.13494762096217
5.849622395833329	68.3093276207492
5.9496223958333285	69.48370762053624
6.049622395833328	70.65808762032277
6.149622395833328	71.83246762010991
6.2496223958333275	73.00684761989639
6.349622395833327	74.18122761968318
6.449622395833327	75.35560761946992
6.549622395833326	76.52998761925703
6.649622395833326	77.70436761904365
6.749622395833326	78.87874761883037
6.849622395833325	80.05312761861754
6.949622395833325	81.22750761840409
7.049622395833325	82.40188761819077
7.149622395833324	83.57626761797763
7.249622395833324	84.7506476177644
7.3496223958333236	85.92502761755131
7.449622395833323	87.0994076173379
7.549622395833323	88.27378761712475
7.6496223958333225	89.4481676169116
7.749622395833322	90.62254761669836
7.849622395833322	91.79692761648529
7.949622395833321	92.97130763405005
8.049622395833321	94.14568763387376
8.14962239583332	95.32006763369736
8.24962239583332	96.49444763352125
8.34962239583332	97.66882763334505
8.44962239583332	98.84320763316909
8.54962239583332	100.01758763299276
8.649622395833319	101.19196764977934
8.749622395833319	102.36634764341309
8.849622395833318	103.54072764250822
8.949622395833318	104.71510764154728
9.049622395833318	105.88948764176608
9.149622395833317	107.06386764198375
9.249622395833317	108.2382476422015
9.349622395833316	109.41262764242009
9.449622395833316	110.58700764263908
9.549622395833316	111.76138764285689
9.649622395833315	112.93576764307565
9.749622395833315	114.1101476397216
9.849622395833315	115.28452763967094
9.949622395833314	116.45890763962024
10.049622395833314	117.63328763956943
10.149622395833314	118.80766763951888
10.249622395833313	119.9820476394681
10.349622395833313	121.15642763941746
10.449622395833313	122.33080763936695
10.549622395833312	123.50518763931659
10.649622395833312	124.67956763926566
10.749622395833311	125.85394763921518
10.849622395833311	127.0283276391645
10.94962239583331	128.2027076400628
11.04962239583331	129.37708763968624
11.14962239583331	130.55146763930915
11.24962239583331	131.55667491004334
11.34962239583331	132.53347491098674
11.449622395833309	133.51027490878963
11.549622395833309	134.48707490907563
11.649622395833308	135.46387490936092
11.749622395833308	136.44067490964653
11.849622395833308	137.41747490993197
11.949622395833307	138.394274910217
11.950000000000001	138.3979633499625
1000011.95	138.3979633499625
