-100000	0
0	0
0.0033333333333333335	0.03301407593882184
0.008333333333333333	0.08315855087507204
0.01583333333333333	0.15919300716917162
0.02708333333333333	0.2745367932784952
0.043958333333333335	0.4496948297535569
0.06927083333333334	0.7160544890591383
0.10723958333333333	1.1217346282872651
0.16419270833333333	1.7405676057951007
0.24962239583333334	2.685767964187967
0.3496223958333333	3.810863628801428
0.4496223958333333	4.95061664586508
0.5496223958333333	6.101212759219491
0.6496223958333333	7.259909392606227
0.7496223958333332	8.424599683054915
0.8496223958333332	9.593594023700833
0.9496223958333332	10.765493302547993
1.0496223958333333	11.939110470923834
1.1496223958333334	13.113389570248472
1.2496223958333335	14.287769569649006
1.3496223958333335	15.46214956904948
1.4496223958333336	16.636529568450058
1.5496223958333337	17.810909567850537
1.6496223958333338	18.985289567251066
1.749622395833334	20.159669566651576
1.849622395833334	21.334049566052137
1.949622395833334	22.50842956545264
2.049622395833334	23.682809564853155
2.149622395833334	24.857189564253606
2.249622395833334	26.031569563654173
2.349622395833334	27.205949563054638
2.4496223958333343	28.380329562455163
2.5496223958333344	29.55470956185573
2.6496223958333345	30.729089561256206
2.7496223958333346	31.90346956065666
2.8496223958333347	33.07784956005714
2.9496223958333347	34.252229559457575
3.049622395833335	35.42660955885818
3.149622395833335	36.60098955825869
3.249622395833335	37.7753695576591
3.349622395833335	38.94974955705959
3.449622395833335	40.12412955646009
3.5496223958333353	41.29850955586043
3.6496223958333354	42.472889555261055
3.7496223958333355	43.64726955466138
3.8496223958333355	44.82164955406186
3.9496223958333356	45.99602955346245
4.049622395833335	47.170409552862836
4.149622395833335	48.34478955226323
4.249622395833335	49.519169551663715
4.349622395833334	50.69354955106418
4.449622395833334	51.86792955046467
4.5496223958333335	53.042309549865045
4.649622395833333	54.216689549265624
4.749622395833333	55.391069548665904
4.849622395833332	56.56544954806652
4.949622395833332	57.73982954746694
5.049622395833332	58.91420954686719
5.149622395833331	60.088589546267784
5.249622395833331	61.2629695456681
5.349622395833331	62.437349545068535
5.44962239583333	63.61172954446902
5.54962239583333	64.78610954386933
5.64962239583333	65.96048954326973
5.749622395833329	67.13486954267022
5.849622395833329	68.30924954207077
5.9496223958333285	69.483629541471
6.049622395833328	70.65800954087128
6.149622395833328	71.83238954027185
6.2496223958333275	73.00676953967225
6.349622395833327	74.1811495390726
6.449622395833327	75.35552953847291
6.549622395833326	76.52990953787346
6.649622395833326	77.70428953727391
6.749622395833326	78.87866953667454
6.849622395833325	80.05304953607433
6.949622395833325	81.22742953547518
7.049622395833325	82.40180953487534
7.149622395833324	83.57618953427567
7.249622395833324	84.75056953367601
7.3496223958333236	85.92494953307633
7.449622395833323	87.09932953247682
7.549622395833323	88.27370953187706
7.6496223958333225	89.44808953127736
7.749622395833322	90.62246953067812
7.849622395833322	91.79684953007816
7.949622395833321	92.97122957417443
8.049622395833321	94.1456095740984
8.14962239583332	95.31998957402172
8.24962239583332	96.49436956065365
8.34962239583332	97.66874955040568
8.44962239583332	98.84312955034466
8.54962239583332	100.0175095502835
8.649622395833319	101.19188955022297
8.749622395833319	102.36626955016187
8.849622395833318	103.5406495501017
8.949622395833318	104.71502954896589
9.049622395833318	105.88940954887921
9.149622395833317	107.06378954879213
9.249622395833317	108.23816954870522
9.349622395833316	109.41254954861871
9.449622395833316	110.58692954853191
9.549622395833316	111.76130954844565
9.649622395833315	112.93568954835835
9.749622395833315	114.11006954295036
9.849622395833315	115.28444954285163
9.949622395833314	116.45882954275352
10.049622395833314	117.63320954265414
10.149622395833314	118.80758954255592
10.249622395833313	119.9819695424566
10.349622395833313	121.15634954235817
10.449622395833313	122.33072954225952
10.549622395833312	123.50510954216087
10.649622395833312	124.67948954206204
10.749622395833311	125.85386954196353
10.849622395833311	127.02824954186454
10.94962239583331	128.20262954211907
11.04962239583331	129.37700954201625
11.14962239583331	130.55138954191406
11.24962239583331	131.5565968127694
11.34962239583331	132.5333968126705
11.449622395833309	133.5101968112766
11.549622395833309	134.4869968111874
11.649622395833308	135.46379681109815
11.749622395833308	136.44059681100867
11.849622395833308	137.41739681091912
11.949622395833307	138.39419681082907
11.950000000000001	138.39788525557861
1000011.95	138.39788525557861
