-100000	0
0	0
0.0003333333333333333	0.0032709494121593106
0.0008333333333333333	0.00819839446770391
0.0015833333333333333	0.015617133880580369
0.0027083333333333334	0.026789283444703205
0.004395833333333333	0.04362239854185329
0.006927083333333334	0.0690025230545558
0.010723958333333335	0.10730402728868176
0.016419270833333336	0.16516657475974064
0.024962239583333337	0.2526906611167899
0.03496223958333334	0.3560371327869887
0.04496223958333334	0.4601831938801368
0.05496223958333334	0.5650159186420189
0.06496223958333334	0.6704548281165129
0.07496223958333334	0.7764393173516329
0.08496223958333333	0.8829216031474642
0.09496223958333333	0.9898622265282976
0.10496223958333332	1.0972280575279956
0.11496223958333332	1.2049909629578364
0.12496223958333331	1.3131266066003016
0.1349622395833333	1.4216133011834433
0.14496223958333332	1.5304319884742235
0.15496223958333333	1.639565535689216
0.16496223958333334	1.748998768212836
0.17496223958333335	1.858717384688693
0.18496223958333335	1.9687085178834176
0.19496223958333336	2.078960483002968
0.20496223958333337	2.1894624303452135
0.21496223958333338	2.3002040770019603
0.2249622395833334	2.411175980993924
0.2349622395833334	2.5223694849702953
0.2449622395833334	2.633776252331141
0.2549622395833334	2.745388595245176
0.2649622395833334	2.857199182932985
0.27496223958333343	2.9692011235686455
0.28496223958333344	3.081387805179246
0.29496223958333345	3.1937530974502613
0.30496223958333346	3.306291064762084
0.31496223958333347	3.4189962265705316
0.3249622395833335	3.531863121653605
0.3349622395833335	3.644886627600003
0.3449622395833335	3.7580619474108805
0.3549622395833335	3.871384187972139
0.3649622395833335	3.9848491445131264
0.3749622395833335	4.098452458466493
0.38496223958333353	4.21218993459396
0.39496223958333354	4.326057599801795
0.40496223958333355	4.440051479725522
0.41496223958333356	4.554168140742404
0.42496223958333357	4.66840375286135
0.4349622395833336	4.782755034844959
0.4449622395833336	4.897218645721304
0.4549622395833336	5.011791199026992
0.4649622395833336	5.126469796355313
0.4749622395833336	5.241251286997916
0.4849622395833336	5.356132663404672
0.49496223958333363	5.47111106760812
0.5049622395833336	5.586183835403848
0.5149622395833336	5.701348231043145
0.5249622395833337	5.816601646813319
0.5349622395833337	5.931941529180712
0.5449622395833337	6.047365396632596
0.5549622395833337	6.16287081337673
0.5649622395833337	6.278455463587259
0.5749622395833337	6.394117062936808
0.5849622395833337	6.509853351654287
0.5949622395833337	6.625662133216627
0.6049622395833337	6.741541323804326
0.6149622395833337	6.8574888632323265
0.6249622395833337	6.973502745723158
0.6349622395833338	7.089580972018055
0.6449622395833338	7.20572148286112
0.6549622395833338	7.32192248502752
0.6649622395833338	7.438182021870573
0.6749622395833338	7.554498412865462
0.6849622395833338	7.6708698462269975
0.6949622395833338	7.787294505203607
0.7049622395833338	7.903770669058549
0.7149622395833338	8.020296752964148
0.7249622395833338	8.136871080829941
0.7349622395833338	8.253492098266717
0.7449622395833339	8.370158109513467
0.7549622395833339	8.4868676660008
0.7649622395833339	8.603619144977412
0.7749622395833339	8.720411145134266
0.7849622395833339	8.837242212245744
0.7949622395833339	8.95411092575087
0.8049622395833339	9.071015750018276
0.8149622395833339	9.18795543793854
0.8249622395833339	9.30492855826202
0.8349622395833339	9.421933845958378
0.8449622395833339	9.538969910264834
0.854962239583334	9.656035398666361
0.864962239583334	9.773129106195126
0.874962239583334	9.890249763171536
0.884962239583334	10.007396097253249
0.894962239583334	10.124567066462445
0.904962239583334	10.241761225601401
0.914962239583334	10.358977594095196
0.924962239583334	10.4762150030078
0.934962239583334	10.593472102250802
0.944962239583334	10.710748002083166
0.954962239583334	10.828041522859788
0.964962239583334	10.945351503495509
0.9749622395833341	11.062676926699096
0.9849622395833341	11.18001677512876
0.9949622395833341	11.297369995196284
1.004962239583334	11.41473540554521
1.014962239583334	11.53211213587476
1.024962239583334	11.649499154862577
1.034962239583334	11.766895311076716
1.044962239583334	11.884299909800845
1.054962239583334	12.00171184725664
1.064962239583334	12.119130156260953
1.074962239583334	12.23655401588225
1.084962239583334	12.353982380421606
1.094962239583334	12.471414378509813
1.104962239583334	12.588848958288535
1.114962239583334	12.7062855788446
1.124962239583334	12.823676685997933
1.134962239583334	12.941114685923237
1.144962239583334	13.058552685848433
1.154962239583334	13.175990685773778
1.1649622395833341	13.293428685698972
1.1749622395833341	13.41086668562436
1.1849622395833341	13.528304685549577
1.1949622395833341	13.645742685474863
1.2049622395833341	13.763180685400144
1.2149622395833342	13.880618685325455
1.2249622395833342	13.998056685250823
1.2349622395833342	14.115494685176099
1.2449622395833342	14.232932685101366
1.2549622395833342	14.350370685026622
1.2649622395833342	14.467808684951907
1.2749622395833342	14.585246684877124
1.2849622395833342	14.702684684802456
1.2949622395833342	14.820122684727814
1.3049622395833342	14.93756068465308
1.3149622395833342	15.054998684578308
1.3249622395833343	15.172436684503607
1.3349622395833343	15.289874684428982
1.3449622395833343	15.407312684354231
1.3549622395833343	15.524750684279534
1.3649622395833343	15.642188684204807
1.3749622395833343	15.759626684130097
1.3849622395833343	15.877064684055295
1.3949622395833343	15.994502683980567
1.4049622395833343	16.111940683905907
1.4149622395833343	16.229378683831218
1.4249622395833343	16.346816683756547
1.4349622395833344	16.46425468368177
1.4449622395833344	16.58169268360705
1.4549622395833344	16.69913068353233
1.4649622395833344	16.81656868345762
1.4749622395833344	16.934006683382904
1.4849622395833344	17.05144468330824
1.4949622395833344	17.168882683233516
1.5049622395833344	17.28632068315876
1.5149622395833344	17.40375868308409
1.5249622395833344	17.521196683009418
1.5349622395833344	17.638634682934633
1.5449622395833345	17.756072682859955
1.5549622395833345	17.873510682785206
1.5649622395833345	17.990948682710513
1.5749622395833345	18.1083866826358
1.5849622395833345	18.225824682561093
1.5949622395833345	18.343262682486454
1.6049622395833345	18.4607006824117
1.6149622395833345	18.57813868233696
1.6249622395833345	18.69557668226221
1.6349622395833345	18.8130146821875
1.6449622395833345	18.930452682112847
1.6549622395833345	19.04789068203812
1.6649622395833346	19.165328681963384
1.6749622395833346	19.282766681888667
1.6849622395833346	19.400204681813936
1.6949622395833346	19.517642681739225
1.7049622395833346	19.635080681664565
1.7149622395833346	19.75251868158978
1.7249622395833346	19.86995668151507
1.7349622395833346	19.987394681440342
1.7449622395833346	20.104832681365668
1.7549622395833346	20.22227068129092
1.7649622395833346	20.339708681216287
1.7749622395833347	20.45714668114151
1.7849622395833347	20.57458468106678
1.7949622395833347	20.69202268099206
1.8049622395833347	20.809460680917386
1.8149622395833347	20.926898680842687
1.8249622395833347	21.04433668076797
1.8349622395833347	21.161774680693227
1.8449622395833347	21.279212680618553
1.8549622395833347	21.39665068054384
1.8649622395833347	21.514088680469133
1.8749622395833347	21.631526680394416
1.8849622395833348	21.748964680319745
1.8949622395833348	21.866402680244956
1.9049622395833348	21.98384068017025
1.9149622395833348	22.10127868009554
1.9249622395833348	22.218716680020883
1.9349622395833348	22.336154679946105
1.9449622395833348	22.453592679871377
1.9549622395833348	22.571030679796653
1.9649622395833348	22.688468679721954
1.9749622395833348	22.805906679647197
1.9849622395833348	22.92334467957255
1.9949622395833349	23.040782679497767
2.004962239583335	23.158220679423057
2.0149622395833346	23.27565867934839
2.0249622395833344	23.393096679273615
2.034962239583334	23.510534679198972
2.044962239583334	23.627972679124262
2.054962239583334	23.74541067904951
2.0649622395833336	23.862848678974803
2.0749622395833334	23.980286678900004
2.084962239583333	24.097724678825333
2.094962239583333	24.215162678750637
2.1049622395833327	24.332600678675934
2.1149622395833325	24.45003867860122
2.1249622395833323	24.56747667852649
2.134962239583332	24.684914678451726
2.144962239583332	24.8023526783771
2.1549622395833317	24.919790678302405
2.1649622395833314	25.037228678227546
2.1749622395833312	25.154666678152847
2.184962239583331	25.272104678078218
2.194962239583331	25.38954267800346
2.2049622395833306	25.50698067792879
2.2149622395833304	25.624418677854035
2.22496223958333	25.741856677779296
2.23496223958333	25.859294677704607
2.2449622395833297	25.97673267762995
2.2549622395833295	26.09417067755514
2.2649622395833293	26.211608677480445
2.274962239583329	26.329046677405753
2.284962239583329	26.446484677331
2.2949622395833287	26.5639226772562
2.3049622395833285	26.68136067718162
2.3149622395833283	26.79879867710682
2.324962239583328	26.916236677032177
2.334962239583328	27.03367467695741
2.3449622395833276	27.15111267688267
2.3549622395833274	27.26855067680796
2.364962239583327	27.385988676733277
2.374962239583327	27.503426676658545
2.3849622395833268	27.6208646765838
2.3949622395833265	27.738302676509104
2.4049622395833263	27.8557406764344
2.414962239583326	27.973178676359705
2.424962239583326	28.09061667628497
2.4349622395833257	28.208054676210168
2.4449622395833255	28.325492676135536
2.4549622395833253	28.442930676060783
2.464962239583325	28.560368675986055
2.474962239583325	28.67780667591134
2.4849622395833246	28.795244675836685
2.4949622395833244	28.912682675761904
2.504962239583324	29.03012067568719
2.514962239583324	29.14755867561248
2.5249622395833238	29.264996675537798
2.5349622395833236	29.382434675462996
2.5449622395833233	29.499872675388357
2.554962239583323	29.617310675313654
2.564962239583323	29.734748675238908
2.5749622395833227	29.85218667516419
2.5849622395833225	29.96962467508949
2.5949622395833223	30.087062675014774
2.604962239583322	30.204500674940007
2.614962239583322	30.321938674865276
2.6249622395833216	30.439376674790612
2.6349622395833214	30.55681467471585
2.644962239583321	30.67425267464114
2.654962239583321	30.791690674566482
2.664962239583321	30.909128674491782
2.6749622395833206	31.026566674417023
2.6849622395833204	31.144004674342305
2.69496223958332	31.261442674267574
2.70496223958332	31.378880674192928
2.7149622395833197	31.49631867411814
2.7249622395833195	31.613756674043476
2.7349622395833193	31.731194673968762
2.744962239583319	31.84863267389395
2.754962239583319	31.966070673819193
2.7649622395833187	32.083508673744596
2.7749622395833184	32.20094667366985
2.7849622395833182	32.31838467359502
2.794962239583318	32.43582267352034
2.804962239583318	32.55326067344564
2.8149622395833176	32.67069867337095
2.8249622395833174	32.78813667329621
2.834962239583317	32.905574673221416
2.844962239583317	33.023012673146816
2.8549622395833167	33.14045067307204
2.8649622395833165	33.2578886729974
2.8749622395833163	33.37532667292267
2.884962239583316	33.49276467284787
2.894962239583316	33.61020267277316
2.9049622395833157	33.72764067269845
2.9149622395833155	33.84507867262376
2.9249622395833152	33.96251667254899
2.934962239583315	34.07995467247424
2.944962239583315	34.197392672399424
2.9549622395833146	34.31483067232492
2.9649622395833144	34.432268672250174
2.974962239583314	34.54970667217541
2.984962239583314	34.66714467210075
2.9949622395833138	34.7845826720259
3.0049622395833135	34.90202067195137
3.0149622395833133	35.01945867187652
3.024962239583313	35.13689667180175
3.034962239583313	35.25433467172701
3.0449622395833127	35.37177267165238
3.0549622395833125	35.48921067157765
3.0649622395833123	35.60664867150291
3.074962239583312	35.72408667142818
3.084962239583312	35.841524671353454
3.0949622395833116	35.958962671278805
3.1049622395833114	36.07640067120394
3.114962239583311	36.19383867112933
3.124962239583311	36.31127667105457
3.1349622395833108	36.42871467097986
3.1449622395833106	36.54615267090508
3.1549622395833103	36.6635906708305
3.16496223958331	36.7810286707558
3.17496223958331	36.89846667068106
3.1849622395833097	37.01590467060633
3.1949622395833095	37.13334267053167
3.2049622395833093	37.250780670456805
3.214962239583309	37.3682186703822
3.224962239583309	37.485656670307364
3.2349622395833086	37.60309467023272
3.2449622395833084	37.72053267015806
3.254962239583308	37.83797067008332
3.264962239583308	37.955408670008495
3.274962239583308	38.07284666993394
3.2849622395833076	38.19028466985911
3.2949622395833074	38.30772266978435
3.304962239583307	38.425160669709655
3.314962239583307	38.54259866963499
3.3249622395833067	38.66003666956018
3.3349622395833065	38.77747466948548
3.3449622395833063	38.89491266941069
3.354962239583306	39.01235066933606
3.364962239583306	39.12978866926131
3.3749622395833057	39.247226669186595
3.3849622395833054	39.364664669111924
3.3949622395833052	39.48210266903716
3.404962239583305	39.59954066896242
3.414962239583305	39.7169786688877
3.4249622395833046	39.83441666881291
3.4349622395833044	39.951854668738285
3.444962239583304	40.069292668663635
3.454962239583304	40.18673066858883
3.4649622395833037	40.304168668514116
3.4749622395833035	40.421606668439324
3.4849622395833033	40.53904466836469
3.494962239583303	40.656482668290046
3.504962239583303	40.77392066821529
3.5149622395833027	40.89135866814043
3.5249622395833025	41.0087966680657
3.5349622395833022	41.126234667991014
3.544962239583302	41.243672667916364
3.554962239583302	41.36111066784165
3.5649622395833016	41.478548667766894
3.5749622395833014	41.5959866676922
3.584962239583301	41.7134246676174
3.594962239583301	41.83086266754276
3.6049622395833008	41.948300667468125
3.6149622395833005	42.06573866739316
3.6249622395833003	42.183176667318435
3.6349622395833	42.30061466724382
3.6449622395833	42.41805266716917
3.6549622395832997	42.53549066709442
3.6649622395832995	42.6529286670197
3.6749622395832993	42.770366666944994
3.684962239583299	42.88780466687034
3.694962239583299	43.005242666795546
3.7049622395832986	43.122680666720846
3.7149622395832984	43.240118666646055
3.724962239583298	43.35755666657144
3.734962239583298	43.474994666496585
3.7449622395832978	43.5924326664219
3.7549622395832976	43.70987066634722
3.7649622395832973	43.82730866627249
3.774962239583297	43.94474666619769
3.784962239583297	44.062184666123066
3.7949622395832967	44.17962266604836
3.8049622395832965	44.297060665973476
3.8149622395832963	44.41449866589887
3.824962239583296	44.53193666582418
3.834962239583296	44.649374665749356
3.8449622395832956	44.766812665674735
3.8549622395832954	44.88425066559995
3.864962239583295	45.001688665525265
3.874962239583295	45.119126665450544
3.884962239583295	45.236564665375845
3.8949622395832946	45.35400266530098
3.9049622395832944	45.471440665226396
3.914962239583294	45.58887866515168
3.924962239583294	45.70631666507684
3.9349622395832937	45.823754665002156
3.9449622395832935	45.94119266492747
3.9549622395832933	46.058630664852764
3.964962239583293	46.176068664777986
3.974962239583293	46.29350666470346
3.9849622395832927	46.41094466462864
3.9949622395832924	46.52838266455395
4.004962239583293	46.645820664479224
4.0149622395832925	46.76325866440448
4.024962239583292	46.8806966643297
4.034962239583292	46.998134664254884
4.044962239583292	47.11557266418029
4.054962239583292	47.2330106641056
4.064962239583291	47.35044866403074
4.074962239583291	47.467886663956214
4.084962239583291	47.585324663881515
4.094962239583291	47.70276266380673
4.1049622395832905	47.82020066373192
4.11496223958329	47.9376386636571
4.12496223958329	48.055076663582554
4.13496223958329	48.17251466350779
4.14496223958329	48.28995266343302
4.1549622395832895	48.407390663358264
4.164962239583289	48.52482866328362
4.174962239583289	48.64226666320893
4.184962239583289	48.75970466313429
4.194962239583289	48.87714266305948
4.204962239583288	48.994580662984774
4.214962239583288	49.11201866290996
4.224962239583288	49.22945666283527
4.234962239583288	49.346894662760526
4.2449622395832876	49.46433266268584
4.254962239583287	49.58177066261111
4.264962239583287	49.69920866253628
4.274962239583287	49.81664666246158
4.284962239583287	49.934084662387
4.2949622395832865	50.05152266231208
4.304962239583286	50.16896066223746
4.314962239583286	50.28639866216276
4.324962239583286	50.40383666208802
4.334962239583286	50.52127466201332
4.344962239583285	50.63871266193865
4.354962239583285	50.756150661863956
4.364962239583285	50.87358866178915
4.374962239583285	50.99102666171443
4.384962239583285	51.10846466163962
4.394962239583284	51.22590266156493
4.404962239583284	51.34334066149028
4.414962239583284	51.4607786614156
4.424962239583284	51.578216661340825
4.4349622395832835	51.69565466126597
4.444962239583283	51.813092661191355
4.454962239583283	51.93053066111639
4.464962239583283	52.04796866104188
4.474962239583283	52.16540666096713
4.484962239583282	52.28284466089238
4.494962239583282	52.40028266081768
4.504962239583282	52.517720660742995
4.514962239583282	52.635158660668175
4.524962239583282	52.752596660593596
4.534962239583281	52.87003466051886
4.544962239583281	52.98747266044418
4.554962239583281	53.10491066036945
4.564962239583281	53.22234866029451
4.5749622395832805	53.33978666022005
4.58496223958328	53.45722466014514
4.59496223958328	53.5746626600704
4.60496223958328	53.692100659995724
4.61496223958328	53.809538659921046
4.6249622395832795	53.92697665984632
4.634962239583279	54.04441465977159
4.644962239583279	54.16185265969687
4.654962239583279	54.279290659622106
4.664962239583279	54.39672865954743
4.674962239583278	54.51416665947273
4.684962239583278	54.63160465939794
4.694962239583278	54.74904265932319
4.704962239583278	54.86648065924849
4.7149622395832775	54.983918659173895
4.724962239583277	55.101356659099075
4.734962239583277	55.21879465902434
4.744962239583277	55.3362326589497
4.754962239583277	55.45367065887499
4.7649622395832765	55.57110865880018
4.774962239583276	55.68854665872546
4.784962239583276	55.80598465865061
4.794962239583276	55.923422658575966
4.804962239583276	56.040860658501195
4.814962239583275	56.158298658426595
4.824962239583275	56.27573665835184
4.834962239583275	56.39317465827712
4.844962239583275	56.510612658202504
4.8549622395832746	56.6280506581277
4.864962239583274	56.74548865805294
4.874962239583274	56.862926657978186
4.884962239583274	56.98036465790357
4.894962239583274	57.09780265782872
4.9049622395832735	57.21524065775408
4.914962239583273	57.33267865767954
4.924962239583273	57.45011665760454
4.934962239583273	57.56755465752993
4.944962239583273	57.6849926574553
4.954962239583272	57.802430657380306
4.964962239583272	57.91986865730569
4.974962239583272	58.037306657231014
4.984962239583272	58.15474465715631
4.994962239583272	58.27218265708148
5.004962239583271	58.38962065700674
5.014962239583271	58.507058656932024
5.024962239583271	58.62449665685729
5.034962239583271	58.74193465678266
5.0449622395832705	58.8593726567079
5.05496223958327	58.976810656633106
5.06496223958327	59.094248656558506
5.07496223958327	59.211686656483806
5.08496223958327	59.32912465640909
5.094962239583269	59.44656265633435
5.104962239583269	59.56400065625951
5.114962239583269	59.68143865618486
5.124962239583269	59.79887665611023
5.134962239583269	59.91631465603538
5.144962239583268	60.03375265596056
5.154962239583268	60.15119065588588
5.164962239583268	60.26862865581111
5.174962239583268	60.386066655736535
5.1849622395832675	60.50350465566189
5.194962239583267	60.62094265558701
5.204962239583267	60.73838065551223
5.214962239583267	60.855818655437645
5.224962239583267	60.973256655362775
5.2349622395832665	61.09069465528821
5.244962239583266	61.20813265521337
5.254962239583266	61.32557065513876
5.264962239583266	61.4430086550639
5.274962239583266	61.56044665498923
5.284962239583265	61.67788465491438
5.294962239583265	61.79532265483976
5.304962239583265	61.91276065476515
5.314962239583265	62.03019865469035
5.3249622395832645	62.147636654615575
5.334962239583264	62.265074654540996
5.344962239583264	62.38251265446614
5.354962239583264	62.499950654391476
5.364962239583264	62.61738865431664
5.3749622395832635	62.73482665424207
5.384962239583263	62.85226465416725
5.394962239583263	62.96970265409261
5.404962239583263	63.087140654017844
5.414962239583263	63.2045786539429
5.424962239583262	63.322016653868246
5.434962239583262	63.43945465379365
5.444962239583262	63.55689265371905
5.454962239583262	63.67433065364405
5.4649622395832615	63.791768653569456
5.474962239583261	63.90920665349454
5.484962239583261	64.02664465342004
5.494962239583261	64.14408265334515
5.504962239583261	64.26152065327071
5.5149622395832605	64.37895865319587
5.52496223958326	64.49639665312101
5.53496223958326	64.61383465304635
5.54496223958326	64.73127265297158
5.55496223958326	64.84871065289697
5.564962239583259	64.96614865282204
5.574962239583259	65.08358665274746
5.584962239583259	65.20102465267291
5.594962239583259	65.31846265259807
5.604962239583259	65.43590065252329
5.614962239583258	65.55333865244847
5.624962239583258	65.67077665237372
5.634962239583258	65.78821465229896
5.644962239583258	65.90565265222416
5.6549622395832575	66.02309065214965
5.664962239583257	66.14052865207492
5.674962239583257	66.25796665200001
5.684962239583257	66.37540465192546
5.694962239583257	66.49284265185086
5.704962239583256	66.61028065177591
5.714962239583256	66.72771865170112
5.724962239583256	66.8451566516266
5.734962239583256	66.96259465155195
5.744962239583256	67.08003265147724
5.754962239583255	67.19747065140237
5.764962239583255	67.3149086513276
5.774962239583255	67.43234665125277
5.784962239583255	67.54978465117813
5.7949622395832545	67.66722265110329
5.804962239583254	67.7846606510288
5.814962239583254	67.90209865095412
5.824962239583254	68.0195366508792
5.834962239583254	68.13697465080455
5.8449622395832534	68.25441265072995
5.854962239583253	68.37185065065513
5.864962239583253	68.48928865058058
5.874962239583253	68.60672665050544
5.884962239583253	68.72416465043088
5.894962239583252	68.84160265035632
5.904962239583252	68.95904065028147
5.914962239583252	69.07647865020687
5.924962239583252	69.1939166501321
5.9349622395832515	69.31135465005737
5.944962239583251	69.4287926499826
5.954962239583251	69.54623064990771
5.964962239583251	69.66366864983301
5.974962239583251	69.78110664975837
5.9849622395832505	69.89854464968363
5.99496223958325	70.01598264960894
6.00496223958325	70.13342064953432
6.01496223958325	70.25085864945939
6.02496223958325	70.36829664938462
6.034962239583249	70.48573464931005
6.044962239583249	70.60317264923518
6.054962239583249	70.72061064916052
6.064962239583249	70.8380486490858
6.0749622395832485	70.95548664901102
6.084962239583248	71.07292464893646
6.094962239583248	71.1903626488615
6.104962239583248	71.30780064878692
6.114962239583248	71.4252386487121
6.1249622395832475	71.54267664863745
6.134962239583247	71.66011464856268
6.144962239583247	71.77755264848783
6.154962239583247	71.89499064841324
6.164962239583247	72.01242864833861
6.174962239583246	72.12986664826396
6.184962239583246	72.2473046481893
6.194962239583246	72.36474264811443
6.204962239583246	72.48218064803956
6.214962239583246	72.59961864796483
6.224962239583245	72.71705664789037
6.234962239583245	72.83449464781557
6.244962239583245	72.95193264774092
6.254962239583245	73.0693706476658
6.2649622395832445	73.18680864759126
6.274962239583244	73.30424664751655
6.284962239583244	73.42168464744182
6.294962239583244	73.53912264736714
6.304962239583244	73.65656064729224
6.314962239583243	73.77399864721752
6.324962239583243	73.89143664714304
6.334962239583243	74.00887464706814
6.344962239583243	74.12631264699345
6.354962239583243	74.24375064691897
6.364962239583242	74.36118864684407
6.374962239583242	74.47862664676938
6.384962239583242	74.59606464669456
6.394962239583242	74.71350264661973
6.4049622395832415	74.83094064654517
6.414962239583241	74.94837864647047
6.424962239583241	75.06581664639542
6.434962239583241	75.18325464632075
6.444962239583241	75.30069264624613
6.4549622395832404	75.41813064617158
6.46496223958324	75.53556864609665
6.47496223958324	75.65300664602194
6.48496223958324	75.77044464594749
6.49496223958324	75.88788264587257
6.504962239583239	76.00532064579765
6.514962239583239	76.12275864572322
6.524962239583239	76.24019664564823
6.534962239583239	76.35763464557337
6.5449622395832385	76.47507264549894
6.554962239583238	76.59251064542417
6.564962239583238	76.7099486453493
6.574962239583238	76.82738664527471
6.584962239583238	76.94482464520013
6.5949622395832375	77.06226264512527
6.604962239583237	77.17970064505042
6.614962239583237	77.29713864497589
6.624962239583237	77.41457664490123
6.634962239583237	77.53201464482628
6.644962239583236	77.6494526447516
6.654962239583236	77.76689064467675
6.664962239583236	77.88432864460195
6.674962239583236	78.00176664452736
6.6849622395832355	78.11920464445276
6.694962239583235	78.23664264437814
6.704962239583235	78.35408064430342
6.714962239583235	78.47151864422834
6.724962239583235	78.58895664415368
6.7349622395832345	78.70639464407893
6.744962239583234	78.82383264400437
6.754962239583234	78.94127064392961
6.764962239583234	79.05870864385453
6.774962239583234	79.1761466437803
6.784962239583233	79.29358464370549
6.794962239583233	79.41102264363055
6.804962239583233	79.52846064355589
6.814962239583233	79.64589864348126
6.824962239583233	79.76333664340635
6.834962239583232	79.88077464333165
6.844962239583232	79.998212643257
6.854962239583232	80.11565064318232
6.864962239583232	80.23308864310752
6.8749622395832315	80.35052664303278
6.884962239583231	80.46796464295807
6.894962239583231	80.5854026428833
6.904962239583231	80.70284064280854
6.914962239583231	80.82027864273395
6.92496223958323	80.93771664265917
6.93496223958323	81.05515464258444
6.94496223958323	81.17259264250937
6.95496223958323	81.29003064243504
6.96496223958323	81.40746864236002
6.974962239583229	81.52490664228576
6.984962239583229	81.64234464221072
6.994962239583229	81.75978264213599
7.004962239583229	81.87722064206136
7.0149622395832285	81.99465864198685
7.024962239583228	82.11209664191153
7.034962239583228	82.22953464183729
7.044962239583228	82.34697264176255
7.054962239583228	82.46441064168779
7.064962239583227	82.58184864161294
7.074962239583227	82.69928664153815
7.084962239583227	82.81672464146341
7.094962239583227	82.93416264138897
7.104962239583227	83.05160064131375
7.114962239583226	83.16903864123925
7.124962239583226	83.28647664116446
7.134962239583226	83.40391464109005
7.144962239583226	83.52135264101499
7.1549622395832255	83.63879064094023
7.164962239583225	83.75622864086566
7.174962239583225	83.87366664079106
7.184962239583225	83.9911046407161
7.194962239583225	84.10854264064143
7.2049622395832245	84.2259806405668
7.214962239583224	84.3434186404919
7.224962239583224	84.46085664041735
7.234962239583224	84.57829464034279
7.244962239583224	84.69573264026779
7.254962239583223	84.8131706401932
7.264962239583223	84.93060864011824
7.274962239583223	85.04804664004351
7.284962239583223	85.16548463996868
7.2949622395832225	85.2829226398942
7.304962239583222	85.40036063981947
7.314962239583222	85.51779863974478
7.324962239583222	85.63523663966994
7.334962239583222	85.75267463959527
7.3449622395832215	85.87011263952039
7.354962239583221	85.98755063944589
7.364962239583221	86.1049886393713
7.374962239583221	86.22242663929643
7.384962239583221	86.3398646392213
7.39496223958322	86.45730263914687
7.40496223958322	86.57474063907206
7.41496223958322	86.69217863899739
7.42496223958322	86.8096166389229
7.43496223958322	86.9270546388481
7.444962239583219	87.04449263877315
7.454962239583219	87.16193063869846
7.464962239583219	87.27936863862396
7.474962239583219	87.39680663854917
7.4849622395832185	87.51424463847422
7.494962239583218	87.63168263839958
7.504962239583218	87.74912063832495
7.514962239583218	87.86655863825014
7.524962239583218	87.98399663817509
7.534962239583217	88.10143463810104
7.544962239583217	88.21887263802584
7.554962239583217	88.33631063795123
7.564962239583217	88.45374863787642
7.574962239583217	88.57118663780156
7.584962239583216	88.68862463772713
7.594962239583216	88.80606263765242
7.604962239583216	88.92350063757736
7.614962239583216	89.04093863750286
7.6249622395832155	89.15837663742795
7.634962239583215	89.27581463735328
7.644962239583215	89.39325263727842
7.654962239583215	89.51069063720396
7.664962239583215	89.62812863712912
7.674962239583214	89.74556663705414
7.684962239583214	89.86300463697944
7.694962239583214	89.98044263690518
7.704962239583214	90.09788063682984
7.714962239583214	90.21531863675555
7.724962239583213	90.33275663668067
7.734962239583213	90.4501946366062
7.744962239583213	90.56763263653096
7.754962239583213	90.6850706364566
7.7649622395832125	90.80250863638183
7.774962239583212	90.91994663630689
7.784962239583212	91.03738463623239
7.794962239583212	91.1548226361575
7.804962239583212	91.27226063608302
7.8149622395832115	91.38969863600803
7.824962239583211	91.50713663593342
7.834962239583211	91.62457463585837
7.844962239583211	91.7420126357841
7.854962239583211	91.85945063570901
7.86496223958321	91.97688863563472
7.87496223958321	92.09432663555963
7.88496223958321	92.21176463548474
7.89496223958321	92.32920263541016
7.9049622395832095	92.44664063533538
7.914962239583209	92.56407863526074
7.924962239583209	92.68151663518587
7.934962239583209	92.79895463511149
7.944962239583209	92.91639269141643
7.9549622395832085	93.03383069140928
7.964962239583208	93.15126869140173
7.974962239583208	93.26870669139466
7.984962239583208	93.38614469138739
7.994962239583208	93.50358269138032
8.004962239583207	93.62102069137252
8.014962239583207	93.73845869136538
8.024962239583207	93.85589669135867
8.034962239583207	93.9733346913509
8.044962239583207	94.09077269134401
8.054962239583206	94.20821067446589
8.064962239583206	94.32564867444903
8.074962239583206	94.44308667443178
8.084962239583206	94.56052467441529
8.094962239583205	94.67796267439867
8.104962239583205	94.79540067438145
8.114962239583205	94.912838674365
8.124962239583205	95.03027667434806
8.134962239583205	95.14771467433148
8.144962239583204	95.26515265993248
8.154962239583204	95.38259065992439
8.164962239583204	95.50002865991588
8.174962239583204	95.617466659908
8.184962239583204	95.73490465989964
8.194962239583203	95.85234265989149
8.204962239583203	95.96978065988304
8.214962239583203	96.08721865987528
8.224962239583203	96.2046566598672
8.234962239583203	96.32209465985872
8.244962239583202	96.43953265985077
8.254962239583202	96.55697065984234
8.264962239583202	96.67440865983447
8.274962239583202	96.79184665982638
8.284962239583201	96.90928465981837
8.294962239583201	97.0267226598099
8.304962239583201	97.14416065980186
8.3149622395832	97.2615986597938
8.3249622395832	97.37903665978554
8.3349622395832	97.4964746597771
8.3449622395832	97.61391265976985
8.3549622395832	97.73135065976136
8.3649622395832	97.84878865975278
8.3749622395832	97.96622665974492
8.3849622395832	98.08366465973683
8.394962239583199	98.20110265972853
8.404962239583199	98.31854065972045
8.414962239583199	98.43597865971208
8.424962239583198	98.55341665970431
8.434962239583198	98.670854659696
8.444962239583198	98.78829265968808
8.454962239583198	98.90573065967963
8.464962239583198	99.02316865967136
8.474962239583197	99.1406066596633
8.484962239583197	99.2580446596549
8.494962239583197	99.3754826596473
8.504962239583197	99.49292065963931
8.514962239583197	99.61035865963133
8.524962239583196	99.72779665962285
8.534962239583196	99.84523465961485
8.544962239583196	99.96267265960657
8.554962239583196	100.08011065959782
8.564962239583195	100.19754865959021
8.574962239583195	100.31498665958156
8.584962239583195	100.43242465957405
8.594962239583195	100.54986265956568
8.604962239583195	100.66730065955768
8.614962239583194	100.7847386595496
8.624962239583194	100.90217665954145
8.634962239583194	101.01961465953322
8.644962239583194	101.13705265952518
8.654962239583194	101.25449065951682
8.664962239583193	101.37192865950847
8.674962239583193	101.48936665950052
8.684962239583193	101.60680465949237
8.694962239583193	101.72424265948452
8.704962239583192	101.8416806594759
8.714962239583192	101.95911865946786
8.724962239583192	102.07655665945981
8.734962239583192	102.19399465945172
8.744962239583192	102.31143265944387
8.754962239583191	102.42887065943565
8.764962239583191	102.54630865942767
8.774962239583191	102.66374665941933
8.78496223958319	102.78118465941091
8.79496223958319	102.89862265940278
8.80496223958319	103.01606065939437
8.81496223958319	103.1334986593867
8.82496223958319	103.25093665937818
8.83496223958319	103.36837465937003
8.84496223958319	103.48581265936217
8.85496223958319	103.60325065935432
8.864962239583189	103.7206886593457
8.874962239583189	103.83812665933799
8.884962239583189	103.95556465932954
8.894962239583188	104.07300265932165
8.904962239583188	104.1904406593132
8.914962239583188	104.30787865930522
8.924962239583188	104.42531665929697
8.934962239583188	104.5427546592887
8.944962239583187	104.66019265928023
8.954962239583187	104.77763065815778
8.964962239583187	104.89506865790447
8.974962239583187	105.01250665789385
8.984962239583187	105.1299446578827
8.994962239583186	105.24738265787266
9.004962239583186	105.36482065786232
9.014962239583186	105.48225865785109
9.024962239583186	105.59969665784024
9.034962239583185	105.71713465782983
9.044962239583185	105.83457265781918
9.054962239583185	105.95201065780837
9.064962239583185	106.06944865779748
9.074962239583185	106.1868866577873
9.084962239583184	106.30432465777656
9.094962239583184	106.42176265776514
9.104962239583184	106.53920065775456
9.114962239583184	106.65663865774485
9.124962239583184	106.77407665773379
9.134962239583183	106.89151465772261
9.144962239583183	107.00895265771217
9.154962239583183	107.1263906577018
9.164962239583183	107.24382865769127
9.174962239583182	107.36126665768013
9.184962239583182	107.4787046576697
9.194962239583182	107.59614265765892
9.204962239583182	107.71358065764784
9.214962239583182	107.83101865763744
9.224962239583181	107.94845665762664
9.234962239583181	108.06589465761624
9.244962239583181	108.1833326576054
9.25496223958318	108.30077065759478
9.26496223958318	108.4182086575842
9.27496223958318	108.53564665757328
9.28496223958318	108.65308465756274
9.29496223958318	108.77052265755209
9.30496223958318	108.88796065754129
9.31496223958318	109.00539865753046
9.32496223958318	109.12283665751995
9.334962239583179	109.24027465750927
9.344962239583179	109.35771265749885
9.354962239583179	109.47515065748807
9.364962239583178	109.59258865747721
9.374962239583178	109.71002665746619
9.384962239583178	109.82746465745606
9.394962239583178	109.94490265744491
9.404962239583178	110.06234065743453
9.414962239583177	110.17977865742378
9.424962239583177	110.29721665741354
9.434962239583177	110.41465465740254
9.444962239583177	110.53209265739214
9.454962239583176	110.64953065738112
9.464962239583176	110.76696865737023
9.474962239583176	110.88440665735996
9.484962239583176	111.00184465734934
9.494962239583176	111.11928265733826
9.504962239583175	111.23672065732744
9.514962239583175	111.35415865731692
9.524962239583175	111.47159665730662
9.534962239583175	111.58903465729567
9.544962239583175	111.70647265728458
9.554962239583174	111.82391065727448
9.564962239583174	111.94134865726339
9.574962239583174	112.05878665725336
9.584962239583174	112.1762246572428
9.594962239583174	112.2936626572314
9.604962239583173	112.41110065722077
9.614962239583173	112.52853865721043
9.624962239583173	112.64597665719921
9.634962239583173	112.76341465718876
9.644962239583172	112.88085265717783
9.654962239583172	112.99829065660884
9.664962239583172	113.1157286565932
9.674962239583172	113.23316665657725
9.684962239583172	113.35060465656106
9.694962239583171	113.46804265654532
9.704962239583171	113.58548065652907
9.714962239583171	113.7029186565132
9.72496223958317	113.82035665649742
9.73496223958317	113.937794656481
9.74496223958317	114.05523265646497
9.75496223958317	114.17267065644937
9.76496223958317	114.29010865325934
9.77496223958317	114.40754665327015
9.78496223958317	114.52498465028565
9.79496223958317	114.64242265027298
9.804962239583169	114.75986065026059
9.814962239583169	114.87729865024845
9.824962239583169	114.99473665023638
9.834962239583168	115.11217465022402
9.844962239583168	115.22961265021142
9.854962239583168	115.34705065019918
9.864962239583168	115.46448865018657
9.874962239583168	115.5819266501746
9.884962239583167	115.69936465016231
9.894962239583167	115.81680265014968
9.904962239583167	115.9342406501372
9.914962239583167	116.051678650125
9.924962239583166	116.16911665011263
9.934962239583166	116.28655465010038
9.944962239583166	116.40399265008847
9.954962239583166	116.5214306500758
9.964962239583166	116.63886865006351
9.974962239583165	116.75630665005116
9.984962239583165	116.87374465003863
9.994962239583165	116.99118265002673
10.004962239583165	117.10862065001439
10.014962239583165	117.22605865000165
10.024962239583164	117.34349664998956
10.034962239583164	117.46093464997757
10.044962239583164	117.57837264996522
10.054962239583164	117.69581064995269
10.064962239583163	117.81324864994015
10.074962239583163	117.93068664992782
10.084962239583163	118.04812464991544
10.094962239583163	118.16556264990308
10.104962239583163	118.28300064989035
10.114962239583162	118.40043864987857
10.124962239583162	118.51787664986603
10.134962239583162	118.63531464985378
10.144962239583162	118.75275264984172
10.154962239583162	118.87019064982873
10.164962239583161	118.98762864981703
10.174962239583161	119.10506664980448
10.184962239583161	119.22250464979221
10.19496223958316	119.33994264978006
10.20496223958316	119.4573806497676
10.21496223958316	119.57481864975492
10.22496223958316	119.69225664974287
10.23496223958316	119.80969464973013
10.24496223958316	119.92713264971854
10.25496223958316	120.04457064970569
10.26496223958316	120.1620086496935
10.274962239583159	120.2794466496807
10.284962239583159	120.39688464966872
10.294962239583159	120.51432264965642
10.304962239583158	120.63176064964463
10.314962239583158	120.74919864963177
10.324962239583158	120.86663664961964
10.334962239583158	120.98407464960735
10.344962239583158	121.10151264959525
10.354962239583157	121.21895064958252
10.364962239583157	121.33638864957007
10.374962239583157	121.45382664955801
10.384962239583157	121.57126464954544
10.394962239583156	121.68870264953325
10.404962239583156	121.80614064952091
10.414962239583156	121.92357864950847
10.424962239583156	122.04101664949616
10.434962239583156	122.1584546494839
10.444962239583155	122.27589264947136
10.454962239583155	122.39333064945892
10.464962239583155	122.51076864944692
10.474962239583155	122.62820664943445
10.484962239583155	122.74564464942196
10.494962239583154	122.8630826494097
10.504962239583154	122.98052064939738
10.514962239583154	123.09795864938486
10.524962239583154	123.21539664937299
10.534962239583153	123.33283464936049
10.544962239583153	123.45027264934807
10.554962239583153	123.56771064933614
10.564962239583153	123.68514864932354
10.574962239583153	123.80258664931135
10.584962239583152	123.92002464929864
10.594962239583152	124.0374626492866
10.604962239583152	124.15490064927413
10.614962239583152	124.27233864926204
10.624962239583152	124.38977664924984
10.634962239583151	124.50721464923696
10.644962239583151	124.62465264922463
10.654962239583151	124.74209064921232
10.66496223958315	124.8595286492002
10.67496223958315	124.97696664918776
10.68496223958315	125.09440464917594
10.69496223958315	125.21184264916312
10.70496223958315	125.3292806491511
10.71496223958315	125.44671864913848
10.72496223958315	125.56415664912605
10.73496223958315	125.68159464911406
10.744962239583149	125.7990326491012
10.754962239583149	125.91647064908885
10.764962239583149	126.03390864907709
10.774962239583148	126.15134664906458
10.784962239583148	126.26878464905236
10.794962239583148	126.38622264904012
10.804962239583148	126.50366064902755
10.814962239583148	126.62109864901561
10.824962239583147	126.73853664927336
10.834962239583147	126.85597464923877
10.844962239583147	126.97341264943671
10.854962239583147	127.09085064942346
10.864962239583146	127.20828864941059
10.874962239583146	127.32572664939735
10.884962239583146	127.44316464938386
10.894962239583146	127.56060264937105
10.904962239583146	127.67804064935747
10.914962239583145	127.7954786493445
10.924962239583145	127.9129166493315
10.934962239583145	128.0303546493182
10.944962239583145	128.1477926493056
10.954962239583145	128.26523064929205
10.964962239583144	128.38266864927897
10.974962239583144	128.5001066492664
10.984962239583144	128.61754464925258
10.994962239583144	128.73498264923975
11.004962239583143	128.85242064922642
11.014962239583143	128.96985864921322
11.024962239583143	129.0872966492004
11.034962239583143	129.20473464918697
11.044962239583143	129.3221726491739
11.054962239583142	129.4396106491603
11.064962239583142	129.55704864914782
11.074962239583142	129.67448664913437
11.084962239583142	129.79192464912165
11.094962239583142	129.90936264910786
11.104962239583141	130.02680064909532
11.114962239583141	130.14423864908233
11.124962239583141	130.2616766490696
11.13496223958314	130.37911464905608
11.14496223958314	130.49655264904317
11.15496223958314	130.6139906490297
11.16496223958314	130.72952745685404
11.17496223958314	130.82720745684267
11.18496223958314	130.92488745683085
11.19496223958314	131.0225674568197
11.20496223958314	131.12024745680836
11.214962239583139	131.21792745679696
11.224962239583139	131.3156074567853
11.234962239583139	131.41328745677407
11.244962239583138	131.5109674567622
11.254962239583138	131.60864745675116
11.264962239583138	131.7063274567403
11.274962239583138	131.80400745672821
11.284962239583137	131.90168745671707
11.294962239583137	131.9993674567066
11.304962239583137	132.09704745669447
11.314962239583137	132.19472745668256
11.324962239583137	132.29240745667184
11.334962239583136	132.39008745666055
11.344962239583136	132.48776745664856
11.354962239583136	132.5854474566369
11.364962239583136	132.68312745662587
11.374962239583136	132.78080745661453
11.384962239583135	132.87848745660295
11.394962239583135	132.97616745659164
11.404962239583135	133.07384745658038
11.414962239583135	133.17152745656918
11.424962239583135	133.26920745655704
11.434962239583134	133.36688745564044
11.444962239583134	133.46456745487234
11.454962239583134	133.56224745486173
11.464962239583134	133.65992745485045
11.474962239583133	133.75760745483913
11.484962239583133	133.8552874548281
11.494962239583133	133.95296745481787
11.504962239583133	134.0506474548065
11.514962239583133	134.14832745479598
11.524962239583132	134.2460074547848
11.534962239583132	134.34368745477417
11.544962239583132	134.44136745476325
11.554962239583132	134.53904745475162
11.564962239583132	134.63672745474142
11.574962239583131	134.73440745472996
11.584962239583131	134.8320874547194
11.59496223958313	134.929767454708
11.60496223958313	135.027447454697
11.61496223958313	135.12512745468567
11.62496223958313	135.22280745467475
11.63496223958313	135.32048745466383
11.64496223958313	135.41816745465277
11.65496223958313	135.51584745464191
11.66496223958313	135.6135274546309
11.67496223958313	135.71120745461954
11.684962239583129	135.8088874546089
11.694962239583129	135.9065674545976
11.704962239583129	136.00424745458656
11.714962239583128	136.10192745457582
11.724962239583128	136.1996074545645
11.734962239583128	136.2972874545544
11.744962239583128	136.39496745454275
11.754962239583127	136.492647454532
11.764962239583127	136.5903274545206
11.774962239583127	136.68800745451017
11.784962239583127	136.78568745449914
11.794962239583127	136.88336745448828
11.804962239583126	136.98104745447714
11.814962239583126	137.07872745446608
11.824962239583126	137.17640745445522
11.834962239583126	137.27408745444396
11.844962239583126	137.37176745443284
11.854962239583125	137.46944745442192
11.864962239583125	137.56712745441132
11.874962239583125	137.66480745439998
11.884962239583125	137.76248745438923
11.894962239583124	137.86016745437828
11.904962239583124	137.95784745436708
11.914962239583124	138.05552745435648
11.924962239583124	138.15320745434508
11.934962239583124	138.25088745433425
11.944962239583123	138.3485674543233
11.950000000000001	138.3977763071535
1000011.95	138.3977763071535
