-100000	0
0	0
0.0033333333333333335	0.03300160938202314
0.008333333333333333	0.08315249393350585
0.01583333333333333	0.15919179727822555
0.02708333333333333	0.27453770011858775
0.043958333333333335	0.4496927253988555
0.06927083333333334	0.7160565807405076
0.10723958333333333	1.121737559657673
0.16419270833333333	1.740569677058964
0.24962239583333334	2.68575381949442
0.3496223958333333	3.8108504101494827
0.4496223958333333	4.950587552345866
0.5496223958333333	6.101167466145087
0.6496223958333333	7.259836070509121
0.7496223958333332	8.424499845723329
0.8496223958333332	9.593467117082973
0.9496223958333332	10.765342287631192
1.0496223958333333	11.938943301905248
1.1496223958333334	13.113200910126958
1.2496223958333335	14.28758090929998
1.3496223958333335	15.461960908472937
1.4496223958333336	16.636340907646083
1.5496223958333337	17.81072090681916
1.6496223958333338	18.985100905992194
1.749622395833334	20.159480905165267
1.849622395833334	21.33386090433834
1.949622395833334	22.5082409035114
2.049622395833334	23.68262090268438
2.149622395833334	24.85700090185737
2.249622395833334	26.031380901030435
2.349622395833334	27.205760900203405
2.4496223958333343	28.38014089937651
2.5496223958333344	29.554520898549523
2.6496223958333345	30.728900897722493
2.7496223958333346	31.903280896895684
2.8496223958333347	33.077660896068636
2.9496223958333347	34.25204089524159
3.049622395833335	35.42642089441462
3.149622395833335	36.600800893587625
3.249622395833335	37.77518089276075
3.349622395833335	38.94956089193381
3.449622395833335	40.12394089110676
3.5496223958333353	41.29832089027974
3.6496223958333354	42.47270088945278
3.7496223958333355	43.64708088862574
3.8496223958333355	44.82146088779865
3.9496223958333356	45.995840886971706
4.049622395833335	47.17022088614468
4.149622395833335	48.34460088531779
4.249622395833335	49.518980884490766
4.349622395833334	50.69336088366366
4.449622395833334	51.86774088283665
4.5496223958333335	53.042120882009684
4.649622395833333	54.21650088118267
4.749622395833333	55.39088088035559
4.849622395833332	56.56526087952855
4.949622395833332	57.73964087870153
5.049622395833332	58.91402087787441
5.149622395833331	60.088400877047235
5.249622395833331	61.26278087622038
5.349622395833331	62.437160875393175
5.44962239583333	63.61154087456621
5.54962239583333	64.78592087373939
5.64962239583333	65.96030087291231
5.749622395833329	67.13468087208511
5.849622395833329	68.3090608712581
5.9496223958333285	69.48344087043093
6.049622395833328	70.65782086960375
6.149622395833328	71.83220086877681
6.2496223958333275	73.0065808679497
6.349622395833327	74.1809608671226
6.449622395833327	75.35534086629544
6.549622395833326	76.5297208654685
6.649622395833326	77.70410086464146
6.749622395833326	78.87848086381449
6.849622395833325	80.05286086298746
6.949622395833325	81.22724086216047
7.049622395833325	82.4016208613333
7.149622395833324	83.5760008605061
7.249622395833324	84.75038085967886
7.3496223958333236	85.92476085885207
7.449622395833323	87.09914085802481
7.549622395833323	88.27352085719755
7.6496223958333225	89.4479008563706
7.749622395833322	90.62228085554345
7.849622395833322	91.79666085471638
7.949622395833321	92.97104091626476
8.049622395833321	94.14542089664442
8.14962239583332	95.31980087950348
8.24962239583332	96.49418087941095
8.34962239583332	97.66856087931798
8.44962239583332	98.84294087922508
8.54962239583332	100.01732087913258
8.649622395833319	101.19170087904014
8.749622395833319	102.36608087894767
8.849622395833318	103.54046087885467
8.949622395833318	104.71484087876198
9.049622395833318	105.88922087718103
9.149622395833317	107.06360087706408
9.249622395833317	108.23798087694767
9.349622395833316	109.41236087683113
9.449622395833316	110.58674087671453
9.549622395833316	111.76112087659781
9.649622395833315	112.93550087648137
9.749622395833315	114.10988087577495
9.849622395833315	115.28426086884537
9.949622395833314	116.45864086870856
10.049622395833314	117.63302086857199
10.149622395833314	118.80740086843545
10.249622395833313	119.98178086829893
10.349622395833313	121.15616086816212
10.449622395833313	122.33054086802579
10.549622395833312	123.50492086788904
10.649622395833312	124.6793008677523
10.749622395833311	125.85368086761572
10.849622395833311	127.02806086802399
10.94962239583331	128.2024408678762
11.04962239583331	129.3768208677294
11.14962239583331	130.55120086758149
11.24962239583331	131.5564081386408
11.34962239583331	132.53320813852068
11.449622395833309	133.51000813742996
11.549622395833309	134.4868081364555
11.649622395833308	135.4636081363361
11.749622395833308	136.44040813621723
11.849622395833308	137.41720813609703
11.949622395833307	138.39400813597754
11.950000000000001	138.39769658335388
1000011.95	138.39769658335388
