-100000	0
0	0
0.0033333333333333335	0.03300222601287572
0.008333333333333333	0.08315799666261751
0.01583333333333333	0.15918787881084814
0.02708333333333333	0.2745352893902609
0.043958333333333335	0.4497020549649021
0.06927083333333334	0.716047917614286
0.10723958333333333	1.1217667517553178
0.16419270833333333	1.740603559355061
0.24962239583333334	2.6857896672133963
0.3496223958333333	3.8108427006840357
0.4496223958333333	4.950526491532098
0.5496223958333333	6.1010339472345505
0.6496223958333333	7.259620093685575
0.7496223958333332	8.424187051502411
0.8496223958333332	9.593055827514823
0.9496223958333332	10.764843637372184
1.0496223958333333	11.938383700660726
1.1496223958333334	13.112603371710255
1.2496223958333335	14.286983370481245
1.3496223958333335	15.461363369252078
1.4496223958333336	16.635743368022993
1.5496223958333337	17.810123366793967
1.6496223958333338	18.984503365564887
1.749622395833334	20.158883364335797
1.849622395833334	21.333263363106667
1.949622395833334	22.50764336187763
2.049622395833334	23.682023360648493
2.149622395833334	24.85640335941943
2.249622395833334	26.03078335819047
2.349622395833334	27.205163356961336
2.4496223958333343	28.379543355732263
2.5496223958333344	29.5539233545031
2.6496223958333345	30.728303353274033
2.7496223958333346	31.902683352044875
2.8496223958333347	33.07706335081591
2.9496223958333347	34.25144334958682
3.049622395833335	35.4258233483577
3.149622395833335	36.6002033471286
3.249622395833335	37.77458334589948
3.349622395833335	38.94896334467044
3.449622395833335	40.1233433434413
3.5496223958333353	41.29772334221231
3.6496223958333354	42.47210334098333
3.7496223958333355	43.64648333975403
3.8496223958333355	44.82086333852502
3.9496223958333356	45.995243337296024
4.049622395833335	47.16962333606694
4.149622395833335	48.34400333483783
4.249622395833335	49.51838333360873
4.349622395833334	50.6927633323795
4.449622395833334	51.86714333115057
4.5496223958333335	53.04152332992142
4.649622395833333	54.215903328692406
4.749622395833333	55.390283327463365
4.849622395833332	56.564663326234225
4.949622395833332	57.739043325004985
5.049622395833332	58.913423323776044
5.149622395833331	60.08780332254701
5.249622395833331	61.26218332131787
5.349622395833331	62.43656332008884
5.44962239583333	63.610943318859604
5.54962239583333	64.78532331763064
5.64962239583333	65.95970331640149
5.749622395833329	67.13408331517238
5.849622395833329	68.30846331394343
5.9496223958333285	69.48284331271422
6.049622395833328	70.65722331148498
6.149622395833328	71.83160331025591
6.2496223958333275	73.00598330902673
6.349622395833327	74.18036330779806
6.449622395833327	75.35474330656876
6.549622395833326	76.52912330533972
6.649622395833326	77.70350330411028
6.749622395833326	78.8778833028814
6.849622395833325	80.05226330165226
6.949622395833325	81.22664330042295
7.049622395833325	82.40102329919428
7.149622395833324	83.57540329796505
7.249622395833324	84.74978329673588
7.3496223958333236	85.92416329550703
7.449622395833323	87.09854329427793
7.549622395833323	88.27292329304882
7.6496223958333225	89.44730327092363
7.749622395833322	90.6216833386433
7.849622395833322	91.79606333874209
7.949622395833321	92.97044333661215
8.049622395833321	94.14482333643778
8.14962239583332	95.31920333626437
8.24962239583332	96.49358333608994
8.34962239583332	97.66796333591617
8.44962239583332	98.84234333574224
8.54962239583332	100.01672333556805
8.649622395833319	101.19110333539479
8.749622395833319	102.36548333522072
8.849622395833318	103.53986333504693
8.949622395833318	104.71424333487305
9.049622395833318	105.88862333302495
9.149622395833317	107.063003332658
9.249622395833317	108.23738333229015
9.349622395833316	109.4117633319226
9.449622395833316	110.58614333155539
9.549622395833316	111.76052333118731
9.649622395833315	112.93490333082029
9.749622395833315	114.1092833290675
9.849622395833315	115.28366332094396
9.949622395833314	116.45804332072588
10.049622395833314	117.63242332050879
10.149622395833314	118.80680332029073
10.249622395833313	119.98118332007347
10.349622395833313	121.15556331985498
10.449622395833313	122.32994331963832
10.549622395833312	123.50432331941985
10.649622395833312	124.67870331920196
10.749622395833311	125.8530833194187
10.849622395833311	127.027463318417
10.94962239583331	128.20184331827434
11.04962239583331	129.37622331813142
11.14962239583331	130.5506033179884
11.24962239583331	131.55581058975562
11.34962239583331	132.53261058922158
11.449622395833309	133.5094105886881
11.549622395833309	134.4862105865805
11.649622395833308	135.46301058612883
11.749622395833308	136.43981058567715
11.849622395833308	137.41661058522575
11.949622395833307	138.39341058477376
11.950000000000001	138.39709903713387
1000011.95	138.39709903713387
