-100000	0
5.638159707923319	0
5.638493041256653	0.0000000060818845127604635
5.6389930412566525	0.000000042748710416293415
5.6397430412566525	0.0000001729103708444045
5.6408680412566525	0.0000005815502122715847
5.642555541256653	0.0000018231482178713778
5.645086791256652	0.0000055978273521797795
5.648883666256652	0.000017241452165960063
5.6545789787566525	0.00005381164292685575
5.663121947506652	0.0001704881702805715
5.673121947506652	0.0004390736601740728
5.683121947506652	0.0008968217685601734
5.6931219475066515	0.0015919508264159248
5.703121947506651	0.002571496416142245
5.713121947506651	0.003881151022739535
5.723121947506651	0.005565703087157276
5.733121947506651	0.007668373988656587
5.74312194750665	0.010231584221767138
5.75312194750665	0.013294326404945166
5.76312194750665	0.016866065811397917
5.77312194750665	0.020939013995332934
5.7831219475066495	0.02550586951334482
5.793121947506649	0.030559636623109065
5.803121947506649	0.03609355610321931
5.813121947506649	0.042101635939654436
5.823121947506649	0.048577595306109514
5.8331219475066485	0.055515530109015304
5.843121947506648	0.06290982574741281
5.853121947506648	0.07075465065046241
5.863121947506648	0.07904506171590422
5.873121947506648	0.0877760746974593
5.883121947506647	0.0969423812899468
5.893121947506647	0.10653989437240687
5.903121947506647	0.11656309645567904
5.913121947506647	0.12700776129169492
5.923121947506647	0.13786990499521726
5.933121947506646	0.14914428677128658
5.943121947506646	0.16082782240040377
5.953121947506646	0.1729157441613455
5.963121947506646	0.18540444617253718
5.9731219475066455	0.19828983901281297
5.983121947506645	0.2115680955477219
5.993121947506645	0.2252356914133779
6.003121947506645	0.23928910781882973
6.013121947506645	0.2537245099472565
6.023121947506644	0.26853845673587956
6.033121947506644	0.28372769593745456
6.043121947506644	0.2992892742239219
6.053121947506644	0.3152193868297454
6.063121947506644	0.3315150635307167
6.073121947506643	0.34817303974500596
6.083121947506643	0.36519015685427103
6.093121947506643	0.3825639334660168
6.103121947506643	0.4002909722882672
6.1131219475066425	0.41836863811152847
6.123121947506642	0.43679400198934876
6.133121947506642	0.4555641159548336
6.143121947506642	0.4746767169184614
6.153121947506642	0.49412856399145083
6.163121947506641	0.5139172126135689
6.173121947506641	0.5340404974240748
6.183121947506641	0.5544953782175028
6.193121947506641	0.5752793090437559
6.203121947506641	0.5963902364137594
6.21312194750664	0.6178252598790759
6.22312194750664	0.6395822809379949
6.23312194750664	0.6616588751536546
6.24312194750664	0.6840526730285715
6.2531219475066395	0.706761504576265
6.263121947506639	0.7297829383591754
6.273121947506639	0.7531150478870843
6.283121947506639	0.7767552006960207
6.293121947506639	0.8007013403372503
6.3031219475066385	0.824951526118476
6.313121947506638	0.8495035723185287
6.323121947506638	0.874355532718228
6.333121947506638	0.8995052785331497
6.343121947506638	0.9249506644825789
6.353121947506637	0.9506896766335864
6.363121947506637	0.9767204041003786
6.373121947506637	1.0030411744282703
6.383121947506637	1.0296495414086946
6.3931219475066365	1.0565440653264733
6.403121947506636	1.0837226889484572
6.413121947506636	1.1111832294221236
6.423121947506636	1.138924671792209
6.433121947506636	1.1669444815026033
6.4431219475066355	1.1952412758272053
6.453121947506635	1.2238133825884934
6.463121947506635	1.2526585744620231
6.473121947506635	1.2817756878825792
6.483121947506635	1.3111627575492903
6.493121947506634	1.3408181970313344
6.503121947506634	1.370740238578632
6.513121947506634	1.400927088816144
6.523121947506634	1.4313772849647077
6.5331219475066336	1.4620891270241336
6.543121947506633	1.4930611397732032
6.553121947506633	1.524292001401013
6.563121947506633	1.5557798959572933
6.573121947506633	1.5875232606368053
6.5831219475066325	1.6195204310214495
6.593121947506632	1.6517700547091836
6.603121947506632	1.6842711936529053
6.613121947506632	1.7170216878718865
6.623121947506632	1.750020497517997
6.633121947506631	1.7832659576801002
6.643121947506631	1.8167566269752462
6.653121947506631	1.8504912673258846
6.663121947506631	1.8844682699585331
6.673121947506631	1.91868628814301
6.68312194750663	1.9531440930541883
6.69312194750663	1.9878401774187644
6.70312194750663	2.0227731982030295
6.71312194750663	2.0579419567949597
6.7231219475066295	2.09334501221038
6.733121947506629	2.128981060190155
6.743121947506629	2.1648490370422797
6.753121947506629	2.2009471818841595
6.763121947506629	2.2372748146320642
6.773121947506628	2.273830540967826
6.783121947506628	2.31061265284978
6.793121947506628	2.3476204022072604
6.803121947506628	2.3848525091166404
6.813121947506628	2.422307586140118
6.823121947506627	2.4599844346045803
6.833121947506627	2.4978820534016983
6.843121947506627	2.535999107959761
6.853121947506627	2.574334494413486
6.8631219475066265	2.612886968552724
6.873121947506626	2.6516554100364647
6.883121947506626	2.690638805915395
6.893121947506626	2.729835855716312
6.903121947506626	2.769245681583177
6.9131219475066255	2.808866917027241
6.923121947506625	2.8486985525594624
6.933121947506625	2.8887396356536716
6.943121947506625	2.9289888564188544
6.953121947506625	2.9694452610430466
6.963121947506624	3.0101077529886218
6.973121947506624	3.0509753321022672
6.983121947506624	3.092046864346953
6.993121947506624	3.133321551073436
7.0031219475066235	3.1747981206187306
7.013121947506623	3.2164756135067507
7.023121947506623	3.258352905366649
7.033121947506623	3.300429142420355
7.043121947506623	3.3427034063677756
7.0531219475066225	3.3851744940800312
7.063121947506622	3.4278415093443955
7.073121947506622	3.4707035497693544
7.083121947506622	3.5137595379867888
7.093121947506622	3.5570085121774566
7.103121947506621	3.6004495358580724
7.113121947506621	3.644081730542266
7.123121947506621	3.6879037074436343
7.133121947506621	3.73191499025609
7.1431219475066206	3.7761145067298463
7.15312194750662	3.820501419411626
7.16312194750662	3.8650749943709575
7.17312194750662	3.9098341225773114
7.18312194750662	3.9547778772247666
7.1931219475066195	3.9999053887755256
7.203121947506619	4.045215887680019
7.213121947506619	4.090708509218028
7.223121947506619	4.136382421465829
7.233121947506619	4.182236626396093
7.243121947506618	4.228270205868085
7.253121947506618	4.274482605135186
7.263121947506618	4.320872772644399
7.273121947506618	4.367439755403198
7.283121947506618	4.414182867335412
7.293121947506617	4.4611014229728285
7.303121947506617	4.508194387727112
7.313121947506617	4.555460750617155
7.323121947506617	4.602900074230358
7.3331219475066165	4.650511519217269
7.343121947506616	4.6982942729955655
7.353121947506616	4.746247321829004
7.363121947506616	4.7943700613761155
7.373121947506616	4.842661661310058
7.383121947506615	4.891121518697775
7.393121947506615	4.939748551818223
7.403121947506615	4.988542128674481
7.413121947506615	5.037501683424827
7.423121947506615	5.0866261114148905
7.433121947506614	5.135914689421438
7.443121947506614	5.185366878735847
7.453121947506614	5.234981960093712
7.463121947506614	5.284758971859933
7.4731219475066135	5.334697157122194
7.483121947506613	5.384795970577143
7.493121947506613	5.435054744721158
7.503121947506613	5.485472415211143
7.513121947506613	5.536048811675153
7.5231219475066125	5.5867828219822755
7.533121947506612	5.637673661233644
7.543121947506612	5.688720897501703
7.553121947506612	5.739923800345212
7.563121947506612	5.791281591278073
7.573121947506611	5.842793650309499
7.583121947506611	5.894459305915758
7.593121947506611	5.9462775032661135
7.603121947506611	5.998248160836553
7.6131219475066105	6.050370276416779
7.62312194750661	6.102643161992644
7.63312194750661	6.155066275655462
7.64312194750661	6.207639030112107
7.65312194750661	6.260360833421324
7.6631219475066095	6.313230596121671
7.673121947506609	6.366247820625033
7.683121947506609	6.41941228798625
7.693121947506609	6.47272280540632
7.703121947506609	6.526178758530106
7.713121947506608	6.5797803573738936
7.723121947506608	6.633525795409812
7.733121947506608	6.687415051315761
7.743121947506608	6.741447527265638
7.7531219475066075	6.795622433063326
7.763121947506607	6.849939294067805
7.773121947506607	6.904397601956311
7.783121947506607	6.958996356283655
7.793121947506607	7.013735378866834
7.8031219475066065	7.068613878192147
7.813121947506606	7.123631295346476
7.823121947506606	7.17878691109547
7.833121947506606	7.234080569525754
7.843121947506606	7.289511271708943
7.853121947506605	7.345078376065406
7.863121947506605	7.400781331487991
7.873121947506605	7.456619798276748
7.883121947506605	7.512593146137023
7.893121947506605	7.5687007799249395
7.903121947506604	7.624941873074894
7.913121947506604	7.681315894633072
7.923121947506604	7.737823047785018
7.933121947506604	7.794462053902402
7.9431219475066035	7.851232318171346
7.953121947506603	7.908133504771944
7.963121947506603	7.965165316149835
7.973121947506603	8.022326621543316
7.983121947506603	8.07961714633629
7.993121947506602	8.137036475130522
8.003121947506603	8.194584046200042
8.013121947506603	8.252259412205891
8.023121947506603	8.310061840583579
8.033121947506602	8.367990686844514
8.043121947506602	8.426045815848257
8.053121947506602	8.484226393525974
8.063121947506602	8.54253215884763
8.073121947506602	8.600962281569544
8.083121947506601	8.659516445559824
8.093121947506601	8.718194004222783
8.103121947506601	8.776994732699386
8.1131219475066	8.835917718140891
8.1231219475066	8.894962914252865
8.1331219475066	8.954129152655629
8.1431219475066	9.01341670411078
8.1531219475066	9.072824685133275
8.1631219475066	9.132352709090597
8.1731219475066	9.192000253939328
8.1831219475066	9.251766655871457
8.193121947506599	9.31165171363674
8.203121947506599	9.37165467185622
8.213121947506599	9.43177522949078
8.223121947506598	9.49201298009254
8.233121947506598	9.552367170840409
8.243121947506598	9.612837514607865
8.253121947506598	9.673423528591528
8.263121947506598	9.734124741283075
8.273121947506597	9.794940784632045
8.283121947506597	9.855871030925567
8.293121947506597	9.916915229818962
8.303121947506597	9.978072560922055
8.313121947506596	10.03934325577121
8.323121947506596	10.100726027028482
8.333121947506596	10.162220723768714
8.343121947506596	10.22382709489859
8.353121947506596	10.285544621449539
8.363121947506595	10.347372664839348
8.373121947506595	10.409310641467036
8.383121947506595	10.471358442365924
8.393121947506595	10.53351580775745
8.403121947506595	10.595781978207047
8.413121947506594	10.658156385230445
8.423121947506594	10.720638959611229
8.433121947506594	10.783229248880902
8.443121947506594	10.845926731698345
8.453121947506594	10.908730773915295
8.463121947506593	10.97164114132828
8.473121947506593	11.034657453730572
8.483121947506593	11.097779439704409
8.493121947506593	11.161006222914892
8.503121947506592	11.224337869584932
8.513121947506592	11.287773271926914
8.523121947506592	11.351312789768771
8.533121947506592	11.41495563088122
8.543121947506592	11.478701278521212
8.553121947506591	11.542549695630932
8.563121947506591	11.606500247446046
8.573121947506591	11.670552411829739
8.58312194750659	11.734706200735111
8.59312194750659	11.79896098310947
8.60312194750659	11.863316443066934
8.61312194750659	11.92777172909666
8.62312194750659	11.99232712200929
8.63312194750659	12.056982157525608
8.64312194750659	12.121735702680104
8.65312194750659	12.186588074289538
8.663121947506589	12.25153884016634
8.673121947506589	12.316587374706089
8.683121947506589	12.381733204300637
8.693121947506588	12.446976385835537
8.703121947506588	12.512315957710705
8.713121947506588	12.577752146475337
8.723121947506588	12.643284222903928
8.733121947506588	12.708911797709545
8.743121947506587	12.77463467517
8.753121947506587	12.840452642319399
8.763121947506587	12.906364876948077
8.773121947506587	12.972371254055776
8.783121947506586	13.038471385468293
8.793121947506586	13.104664960944353
8.803121947506586	13.17095135160017
8.813121947506586	13.237330292476305
8.823121947506586	13.303801604421942
8.833121947506585	13.370364864526925
8.843121947506585	13.43701977886164
8.853121947506585	13.503766082577053
8.863121947506585	13.570603080118591
8.873121947506585	13.637530605949095
8.883121947506584	13.704548423787916
8.893121947506584	13.77165595066174
8.903121947506584	13.838853037767059
8.913121947506584	13.90613941457152
8.923121947506583	13.973514236423757
8.933121947506583	14.040977702797342
8.943121947506583	14.108529305965387
8.953121947506583	14.176168634568556
8.963121947506583	14.243895524246131
8.973121947506582	14.311709424770411
8.983121947506582	14.37960970703819
8.993121947506582	14.447596934850047
9.003121947506582	14.51567013015449
9.013121947506582	14.58382917063162
9.023121947506581	14.652073649123773
9.033121947506581	14.720403436780854
9.043121947506581	14.78881806915975
9.05312194750658	14.857316631097241
9.06312194750658	14.92589969570626
9.07312194750658	14.994566499722055
9.08312194750658	15.06331675149698
9.09312194750658	15.132150100935629
9.10312194750658	15.201066116878389
9.11312194750658	15.270064783318192
9.12312194750658	15.339145986599192
9.133121947506579	15.408308988446356
9.143121947506579	15.4775534498358
9.153121947506579	15.546879301896016
9.163121947506578	15.616286294945748
9.173121947506578	15.685774052011718
9.183121947506578	15.755342040410586
9.193121947506578	15.824990151100733
9.203121947506578	15.894717762450863
9.213121947506577	15.964525233403299
9.223121947506577	16.034411335217182
9.233121947506577	16.104376805698973
9.243121947506577	16.174420745355565
9.253121947506576	16.24454283025169
9.263121947506576	16.314742932366283
9.273121947506576	16.38502072747321
9.283121947506576	16.45537612394065
9.293121947506576	16.525808413392248
9.303121947506575	16.59631742722862
9.313121947506575	16.666902895559506
9.323121947506575	16.737564648076184
9.333121947506575	16.808302731246798
9.343121947506575	16.879115970114167
9.353121947506574	16.9500047692352
9.363121947506574	17.020969014475092
9.373121947506574	17.092008117397448
9.383121947506574	17.163121396779648
9.393121947506573	17.234308865689407
9.403121947506573	17.305570006534257
9.413121947506573	17.376904806464392
9.423121947506573	17.448313470516965
9.433121947506573	17.51979524432774
9.443121947506572	17.591349833310314
9.453121947506572	17.662976700768283
9.463121947506572	17.734675889043245
9.473121947506572	17.80644731844423
9.483121947506572	17.87829084945091
9.493121947506571	17.950205260496315
9.503121947506571	18.02219090728397
9.513121947506571	18.094247585099023
9.52312194750657	18.166375177934217
9.53312194750657	18.238572682750718
9.54312194750657	18.310840909421756
9.55312194750657	18.38317882474193
9.56312194750657	18.455586061589724
9.57312194750657	18.52806313899281
9.58312194750657	18.600609172021507
9.59312194750657	18.673223930563637
9.603121947506569	18.745907326046208
9.613121947506569	18.818659540666804
9.623121947506569	18.891479954468696
9.633121947506568	18.964367736131866
9.643121947506568	19.037323135046975
9.653121947506568	19.11034550519371
9.663121947506568	19.183429212375664
9.673121947506568	19.256572320480103
9.683121947506567	19.32977456774046
9.693121947506567	19.40303582440184
9.703121947506567	19.476355907559658
9.713121947506567	19.54973490144998
9.723121947506566	19.62317254901478
9.733121947506566	19.696668420915156
9.743121947506566	19.770223339475166
9.753121947506566	19.843836062425993
9.763121947506566	19.917506828327
9.773121947506565	19.99123561536125
9.783121947506565	20.065022036619084
9.793121947506565	20.138866545969844
9.803121947506565	20.212768223257818
9.813121947506565	20.28672686328006
9.823121947506564	20.360743541405835
9.833121947506564	20.434817130042305
9.843121947506564	20.50894767608327
9.853121947506564	20.583134659325264
9.863121947506563	20.657378617342133
9.873121947506563	20.73167924081483
9.883121947506563	20.80603618965532
9.893121947506563	20.88044916134182
9.903121947506563	20.95491807768478
9.913121947506562	21.029442900801754
9.923121947506562	21.104023717128307
9.933121947506562	21.178659872001536
9.943121947506562	21.253351374801586
9.953121947506562	21.328098643458713
9.963121947506561	21.402901183866664
9.973121947506561	21.47775849136416
9.983121947506561	21.55267070217596
9.99312194750656	21.627637280956616
10.00312194750656	21.702658909605265
10.01312194750656	21.777734977054884
10.02312194750656	21.85286497115565
10.03312194750656	21.928049297715138
10.04312194750656	22.003287291473402
10.05312194750656	22.0785794415216
10.06312194750656	22.153925536709497
10.073121947506559	22.229324899663702
10.083121947506559	22.304777334795745
10.093121947506559	22.38028332611157
10.103121947506558	22.455842461339593
10.113121947506558	22.531454471491124
10.123121947506558	22.607119369208057
10.133121947506558	22.68283674349063
10.143121947506557	22.758606922385873
10.153121947506557	22.83442935437285
10.163121947506557	22.91030447681893
10.173121947506557	22.986231770677332
10.183121947506557	23.062210836295648
10.193121947506556	23.138241844461778
10.203121947506556	23.214324328203116
10.213121947506556	23.290458323161054
10.223121947506556	23.366643715250103
10.233121947506556	23.442880393443755
10.243121947506555	23.519168767030166
10.253121947506555	23.59550801394453
10.263121947506555	23.67189839170118
10.273121947506555	23.748339318942385
10.283121947506555	23.824831183540564
10.293121947506554	23.901373621358214
10.303121947506554	23.977966417695868
10.313121947506554	24.054608954895123
10.323121947506554	24.13130202631176
10.333121947506553	24.20804523039831
10.343121947506553	24.284838362819393
10.353121947506553	24.36168166534541
10.363121947506553	24.438574290527107
10.373121947506553	24.515516502308493
10.383121947506552	24.59250798257825
10.393121947506552	24.66954895725682
10.403121947506552	24.746639426166116
10.413121947506552	24.823778894658247
10.423121947506552	24.900967434622427
10.433121947506551	24.97820488471919
10.443121947506551	25.055490926558708
10.45312194750655	25.13282575363393
10.46312194750655	25.210209037466214
10.47312194750655	25.28764008675023
10.48312194750655	25.36512025358972
10.49312194750655	25.442648109775966
10.50312194750655	25.520224277196387
10.51312194750655	25.59784829657648
10.52312194750655	25.675520060068123
10.53312194750655	25.75324013161636
10.543121947506549	25.831007536959152
10.553121947506549	25.90882240445997
10.563121947506549	25.98668459378354
10.573121947506548	26.06459424916812
10.583121947506548	26.142550767707313
10.593121947506548	26.220554175648516
10.603121947506548	26.29860504473231
10.613121947506547	26.376701904833773
10.623121947506547	26.454845575401034
10.633121947506547	26.533035988018455
10.643121947506547	26.611272862465896
10.653121947506547	26.689556191346764
10.663121947506546	26.767885947060453
10.673121947506546	26.84626148210067
10.683121947506546	26.924682989518242
10.693121947506546	27.003150273094718
10.703121947506546	27.081663275956807
10.713121947506545	27.160221802878258
10.723121947506545	27.238826205268758
10.733121947506545	27.317476254425728
10.743121947506545	27.396171475956308
10.753121947506544	27.47491165656145
10.763121947506544	27.55369718689207
10.773121947506544	27.632527708826185
10.783121947506544	27.711403095696046
10.793121947506544	27.79032294663844
10.803121947506543	27.869287429582993
10.813121947506543	27.948295895835216
10.823121947506543	28.02734930019405
10.833121947506543	28.10644682531893
10.843121947506543	28.1855889505578
10.853121947506542	28.264774442033595
10.863121947506542	28.3440041191931
10.873121947506542	28.42327746387805
10.883121947506542	28.5025944626675
10.893121947506542	28.581955235208774
10.903121947506541	28.66135957953601
10.913121947506541	28.74080709578938
10.92312194750654	28.82029785304377
10.93312194750654	28.89983157420869
10.94312194750654	28.97940820089245
10.95312194750654	29.05902741282844
10.96312194750654	29.138689764208863
10.97312194750654	29.218395164247006
10.98312194750654	29.298142746216815
10.99312194750654	29.377932495810352
11.00312194750654	29.457764578048575
11.013121947506539	29.537638827362745
11.023121947506539	29.617555203342146
11.033121947506539	29.697513535333883
11.043121947506538	29.777513689166927
11.053121947506538	29.85755519702951
11.063121947506538	29.93763872011595
11.073121947506538	30.017763938017918
11.083121947506537	30.097930412403763
11.093121947506537	30.178137840845242
11.103121947506537	30.25838612308611
11.113121947506537	30.338675762683337
11.123121947506537	30.41900640216787
11.133121947506536	30.499377915487486
11.143121947506536	30.579790092648768
11.153121947506536	30.66024287214475
11.163121947506536	30.740736262615858
11.173121947506536	30.821269802774605
11.183121947506535	30.901843624995443
11.193121947506535	30.98245725820922
11.203121947506535	31.0631108676612
11.213121947506535	31.14380427507556
11.223121947506534	31.224537427915152
11.233121947506534	31.30531027527285
11.243121947506534	31.386122723623227
11.253121947506534	31.46697434935034
11.263121947506534	31.5478654603195
11.273121947506533	31.628795784488705
11.283121947506533	31.709765141811282
11.293121947506533	31.790773595792007
11.303121947506533	31.87182037794858
11.313121947506533	31.952905666687666
11.323121947506532	32.034029993829385
11.333121947506532	32.11519265198144
11.343121947506532	32.196393669725495
11.353121947506532	32.277632846959584
11.363121947506531	32.35890998791864
11.373121947506531	32.44022536213589
11.383121947506531	32.52157869159201
11.39312194750653	32.6029694087264
11.40312194750653	32.68439760948144
11.41312194750653	32.76586312407664
11.42312194750653	32.84736630938977
11.43312194750653	32.928906643900966
11.44312194750653	33.01048406595474
11.45312194750653	33.09209833748102
11.46312194750653	33.17374923581016
11.47312194750653	33.25543743174563
11.483121947506529	33.33716203932039
11.493121947506529	33.41892287674964
11.503121947506528	33.50071989974297
11.513121947506528	33.58255281360265
11.523121947506528	33.66442224823475
11.533121947506528	33.74632746947724
11.543121947506528	33.82826840354653
11.553121947506527	33.91024512384781
11.563121947506527	33.9922570790336
11.573121947506527	34.074304985570855
11.583121947506527	34.15638811816464
11.593121947506527	34.23850612605364
11.603121947506526	34.3206587400861
11.613121947506526	34.40284600764892
11.623121947506526	34.48506841556323
11.633121947506526	34.56732546709707
11.643121947506526	34.6496168836647
11.653121947506525	34.73194285004484
11.663121947506525	34.81430259907154
11.673121947506525	34.89669671183459
11.683121947506525	34.97912457121218
11.693121947506524	35.061586235890566
11.703121947506524	35.144081060061694
11.713121947506524	35.22660904305024
11.723121947506524	35.30917043422567
11.733121947506524	35.39176494870282
11.743121947506523	35.47439295268874
11.753121947506523	35.55705368493986
11.763121947506523	35.639747726356084
11.773121947506523	35.72247310675272
11.783121947506523	35.80523146853032
11.793121947506522	35.88802211926773
11.803121947506522	35.97084426839986
11.813121947506522	36.053698557230916
11.823121947506522	36.13658463277036
11.833121947506521	36.21950222362755
11.843121947506521	36.302451712781746
11.853121947506521	36.38543241743827
11.86312194750652	36.46844381014824
11.87312194750652	36.551486541211034
11.88312194750652	36.634560120601535
11.89312194750652	36.71766394918235
11.90312194750652	36.80079805148524
11.91312194750652	36.883962353431805
11.92312194750652	36.96715669985031
11.93312194750652	37.05038096085507
11.94312194750652	37.13363537918308
11.953121947506519	37.216919217302156
11.963121947506519	37.30023270696777
11.973121947506518	37.38357500020908
11.983121947506518	37.46694665205872
11.993121947506518	37.550346601422476
12.003121947506518	37.633774845127924
12.013121947506518	37.71723192682326
12.023121947506517	37.80071668513576
12.033121947506517	37.884229894282036
12.043121947506517	37.96777090475022
12.053121947506517	38.05133944973942
12.063121947506517	38.1349352012187
12.073121947506516	38.21855850319457
12.083121947506516	38.3022085200885
12.093121947506516	38.38588573615236
12.103121947506516	38.46958874363146
12.113121947506515	38.55331877690692
12.123121947506515	38.63707457505927
12.133121947506515	38.72085632409603
12.143121947506515	38.804663588981754
12.153121947506515	38.888495899849694
12.163121947506514	38.97235292927718
12.173121947506514	39.056235997671074
12.183121947506514	39.14014262967469
12.193121947506514	39.22407375597412
12.203121947506514	39.30802853932999
12.213121947506513	39.39200796579062
12.223121947506513	39.476010057934474
12.233121947506513	39.56003553741258
12.243121947506513	39.64408412514784
12.253121947506513	39.728154677826645
12.263121947506512	39.8122480481234
12.273121947506512	39.896363528522464
12.283121947506512	39.98050094431079
12.293121947506512	40.064658916305675
12.303121947506511	40.148836869665594
12.313121947506511	40.23303662742034
12.323121947506511	40.31725657620679
12.33312194750651	40.4014970812376
12.34312194750651	40.48575636345224
12.35312194750651	40.570034288557714
12.36312194750651	40.654332190673586
12.37312194750651	40.73864724723746
12.38312194750651	40.82298051003226
12.39312194750651	40.90733134977671
12.40312194750651	40.99170009642704
12.413121947506509	41.07608493196779
12.423121947506509	41.160485966654484
12.433121947506509	41.24490276718085
12.443121947506508	41.32933471940026
12.453121947506508	41.413781291868304
12.463121947506508	41.4982413118386
12.473121947506508	41.58271556348304
12.483121947506508	41.66720298239204
12.493121947506507	41.75170254498039
12.503121947506507	41.83621400860387
12.513121947506507	41.92073630606672
12.523121947506507	42.005269439559946
12.533121947506507	42.089811518470334
12.543121947506506	42.174363106251604
12.553121947506506	42.258922215609665
12.563121947506506	42.34348990325531
12.573121947506506	42.42806232230404
12.583121947506505	42.512641322031904
12.593121947506505	42.59722363409764
12.603121947506505	42.68181030342136
12.613121947506505	42.766398552275355
12.623121947506505	42.850987072520695
12.633121947506504	42.93557630502432
12.643121947506504	43.02016386901588
12.653121947506504	43.1047478022271
12.663121947506504	43.18932735234207
12.673121947506504	43.27390114589066
12.683121947506503	43.35846667458759
12.693121947506503	43.44302242260571
12.703121947506503	43.527567703609094
12.713121947506503	43.61209890979696
12.723121947506502	43.67403852433834
12.726581130638682	43.67597113658828
1000012.7265811306	43.67597113658828
