-100000	0
0	0
0.0003333333333333333	0.003270807141855136
0.0008333333333333333	0.008198114196453325
0.0015833333333333333	0.015616563257939876
0.0027083333333333334	0.026788417917566976
0.004395833333333333	0.043621369721470744
0.006927083333333334	0.06900191821948733
0.010723958333333335	0.10730480102864336
0.016419270833333336	0.16517010821081093
0.024962239583333337	0.2526984999589874
0.03496223958333334	0.35605057725565153
0.04496223958333334	0.4602022725319048
0.05496223958333334	0.5650401720849307
0.06496223958333334	0.6704842399975406
0.07496223958333334	0.7764734478378866
0.08496223958333333	0.88295968356674
0.09496223958333333	0.9899036449904032
0.10496223958333332	1.0972722785594318
0.11496223958333332	1.2050374883545294
0.12496223958333331	1.3131747933022375
0.1349622395833333	1.4216629424698806
0.14496223958333332	1.5304826156943967
0.15496223958333333	1.6396169970039933
0.16496223958333334	1.7490502388861928
0.17496223958333335	1.8587686695019865
0.18496223958333335	1.9687591758319611
0.19496223958333336	2.079010201498565
0.20496223958333337	2.189510716068944
0.21496223958333338	2.3002506366739723
0.2249622395833334	2.4112203771039713
0.2349622395833334	2.5224115087442063
0.2449622395833334	2.633815589698558
0.2549622395833334	2.7454248113760036
0.2649622395833334	2.8572319381322884
0.27496223958333343	2.9692300332342954
0.28496223958333344	3.0814125974496593
0.29496223958333345	3.193773470465487
0.30496223958333346	3.306306767814881
0.31496223958333347	3.4190068090522545
0.3249622395833335	3.5318682147501392
0.3349622395833335	3.6448860847918154
0.3449622395833335	3.7580553746650227
0.3549622395833335	3.8713715256701873
0.3649622395833335	3.984829958441822
0.3749622395833335	4.098426317186204
0.38496223958333353	4.21215652398483
0.39496223958333354	4.326016614434232
0.40496223958333355	4.4400027871735315
0.41496223958333356	4.5541112348295645
0.42496223958333357	4.668338407936894
0.4349622395833336	4.782680965763177
0.4449622395833336	4.897135561076537
0.4549622395833336	5.011698808253191
0.4649622395833336	5.126367688219587
0.4749622395833336	5.24113923781772
0.4849622395833336	5.356010452609394
0.49496223958333363	5.470978449575797
0.5049622395833336	5.58604040879878
0.5149622395833336	5.701193818057148
0.5249622395833337	5.8164358710488955
0.5349622395833337	5.931764111294443
0.5449622395833337	6.047176142549614
0.5549622395833337	6.162669490271993
0.5649622395833337	6.278241835335197
0.5749622395833337	6.393890837139477
0.5849622395833337	6.5096144052486
0.5949622395833337	6.625410230699041
0.6049622395833337	6.741276218314649
0.6149622395833337	6.857210300786151
0.6249622395833337	6.97321047865355
0.6349622395833338	7.089274657516974
0.6449622395833338	7.205400966328654
0.6549622395833338	7.321587681139459
0.6649622395833338	7.437832812490788
0.6749622395833338	7.55413457862593
0.6849622395833338	7.670491215700507
0.6949622395833338	7.7869009356193315
0.7049622395833338	7.903362215752094
0.7149622395833338	8.019873280548458
0.7249622395833338	8.136432490399374
0.7349622395833338	8.253038284180134
0.7449622395833339	8.36968907306655
0.7549622395833339	8.486383370984834
0.7649622395833339	8.603119570432286
0.7749622395833339	8.719896216296286
0.7849622395833339	8.83671194244795
0.7949622395833339	8.953565367170828
0.8049622395833339	9.070455027916289
0.8149622395833339	9.187379589433352
0.8249622395833339	9.30433761345461
0.8349622395833339	9.421327881866457
0.8449622395833339	9.538349049967696
0.854962239583334	9.655399927499928
0.864962239583334	9.772479217217246
0.874962239583334	9.889585642323471
0.884962239583334	10.00671805952829
0.894962239583334	10.12387520633921
0.904962239583334	10.241055876888229
0.914962239583334	10.358258922814345
0.924962239583334	10.475483292390129
0.934962239583334	10.592727832045277
0.944962239583334	10.709991448588463
0.954962239583334	10.827273084818875
0.964962239583334	10.944571692852985
0.9749622395833341	11.061886170607984
0.9849622395833341	11.179215531715707
0.9949622395833341	11.296558753213988
1.004962239583334	11.413914749325164
1.014962239583334	11.531282614915375
1.024962239583334	11.648661367488298
1.034962239583334	11.766049981023732
1.044962239583334	11.88344760818315
1.054962239583334	12.000853305825556
1.064962239583334	12.118266117614922
1.074962239583334	12.23568508265523
1.084962239583334	12.353109392074773
1.094962239583334	12.470538320622488
1.104962239583334	12.587970604639501
1.114962239583334	12.705405365405564
1.124962239583334	12.822763073515171
1.134962239583334	12.94020107341379
1.144962239583334	13.057639073312357
1.154962239583334	13.175077073210955
1.1649622395833341	13.292515073109533
1.1749622395833341	13.40995307300814
1.1849622395833341	13.52739107290672
1.1949622395833341	13.644829072805324
1.2049622395833341	13.762267072703963
1.2149622395833342	13.879705072602492
1.2249622395833342	13.997143072501148
1.2349622395833342	14.114581072399703
1.2449622395833342	14.232019072298296
1.2549622395833342	14.349457072196888
1.2649622395833342	14.466895072095518
1.2749622395833342	14.584333071994044
1.2849622395833342	14.701771071892711
1.2949622395833342	14.819209071791288
1.3049622395833342	14.936647071689878
1.3149622395833342	15.054085071588514
1.3249622395833343	15.17152307148708
1.3349622395833343	15.288961071385685
1.3449622395833343	15.406399071284294
1.3549622395833343	15.523837071182871
1.3649622395833343	15.641275071081449
1.3749622395833343	15.758713070980113
1.3849622395833343	15.876151070878652
1.3949622395833343	15.993589070777274
1.4049622395833343	16.111027070675874
1.4149622395833343	16.228465070574494
1.4249622395833343	16.34590307047303
1.4349622395833344	16.463341070371637
1.4449622395833344	16.58077907027027
1.4549622395833344	16.69821707016882
1.4649622395833344	16.815655070067436
1.4749622395833344	16.93309306996599
1.4849622395833344	17.05053106986465
1.4949622395833344	17.16796906976329
1.5049622395833344	17.28540706966185
1.5149622395833344	17.402845069560374
1.5249622395833344	17.520283069458998
1.5349622395833344	17.637721069357564
1.5449622395833345	17.755159069256216
1.5549622395833345	17.872597069154775
1.5649622395833345	17.990035069053384
1.5749622395833345	18.107473068952
1.5849622395833345	18.224911068850634
1.5949622395833345	18.342349068749193
1.6049622395833345	18.459787068647802
1.6149622395833345	18.57722506854639
1.6249622395833345	18.69466306844506
1.6349622395833345	18.812101068343598
1.6449622395833345	18.92953906824216
1.6549622395833345	19.046977068140794
1.6649622395833346	19.164415068039307
1.6749622395833346	19.281853067937934
1.6849622395833346	19.39929106783662
1.6949622395833346	19.516729067735216
1.7049622395833346	19.6341670676338
1.7149622395833346	19.75160506753233
1.7249622395833346	19.86904306743094
1.7349622395833346	19.98648106732958
1.7449622395833346	20.103919067228194
1.7549622395833346	20.221357067126714
1.7649622395833346	20.33879506702533
1.7749622395833347	20.4562330669239
1.7849622395833347	20.573671066822563
1.7949622395833347	20.691109066721108
1.8049622395833347	20.808547066619735
1.8149622395833347	20.92598506651828
1.8249622395833347	21.043423066416903
1.8349622395833347	21.160861066315526
1.8449622395833347	21.278299066214103
1.8549622395833347	21.395737066112687
1.8649622395833347	21.51317506601132
1.8749622395833347	21.63061306590991
1.8849622395833348	21.74805106580846
1.8949622395833348	21.865489065707106
1.9049622395833348	21.98292706560566
1.9149622395833348	22.10036506550434
1.9249622395833348	22.217803065402876
1.9349622395833348	22.335241065301506
1.9449622395833348	22.452679065200122
1.9549622395833348	22.57011706509867
1.9649622395833348	22.687555064997266
1.9749622395833348	22.804993064895854
1.9849622395833348	22.922431064794416
1.9949622395833349	23.03986906469308
2.004962239583335	23.15730706459162
2.0149622395833346	23.27474506449026
2.0249622395833344	23.392183064388842
2.034962239583334	23.509621064287522
2.044962239583334	23.62705906418609
2.054962239583334	23.744497064084673
2.0649622395833336	23.861935063983243
2.0749622395833334	23.97937306388181
2.084962239583333	24.096811063780393
2.094962239583333	24.21424906367902
2.1049622395833327	24.33168706357763
2.1149622395833325	24.449125063476217
2.1249622395833323	24.566563063374808
2.134962239583332	24.68400106327331
2.144962239583332	24.801439063172015
2.1549622395833317	24.918877063070514
2.1649622395833314	25.036315062969184
2.1749622395833312	25.153753062867768
2.184962239583331	25.271191062766384
2.194962239583331	25.388629062664954
2.2049622395833306	25.506067062563552
2.2149622395833304	25.623505062462183
2.22496223958333	25.740943062360717
2.23496223958333	25.858381062259298
2.2449622395833297	25.975819062157896
2.2549622395833295	26.093257062056527
2.2649622395833293	26.21069506195518
2.274962239583329	26.328133061853716
2.284962239583329	26.445571061752254
2.2949622395833287	26.563009061650867
2.3049622395833285	26.680447061549472
2.3149622395833283	26.797885061448135
2.324962239583328	26.915323061346687
2.334962239583328	27.032761061245257
2.3449622395833276	27.15019906114382
2.3549622395833274	27.26763706104245
2.364962239583327	27.385075060941077
2.374962239583327	27.50251306083963
2.3849622395833268	27.61995106073828
2.3949622395833265	27.73738906063686
2.4049622395833263	27.85482706053549
2.414962239583326	27.97226506043407
2.424962239583326	28.089703060332596
2.4349622395833257	28.20714106023123
2.4449622395833255	28.32457906012985
2.4549622395833253	28.442017060028405
2.464962239583325	28.55945505992706
2.474962239583325	28.676893059825584
2.4849622395833246	28.794331059724183
2.4949622395833244	28.91176905962275
2.504962239583324	29.02920705952132
2.514962239583324	29.146645059419892
2.5249622395833238	29.264083059318544
2.5349622395833236	29.381521059217118
2.5449622395833233	29.49895905911574
2.554962239583323	29.616397059014265
2.564962239583323	29.73383505891294
2.5749622395833227	29.851273058811486
2.5849622395833225	29.968711058710124
2.5949622395833223	30.08614905860866
2.604962239583322	30.20358705850738
2.614962239583322	30.321025058405926
2.6249622395833216	30.43846305830449
2.6349622395833214	30.55590105820305
2.644962239583321	30.673339058101647
2.654962239583321	30.790777058000252
2.664962239583321	30.908215057898857
2.6749622395833206	31.02565305779745
2.6849622395833204	31.14309105769601
2.69496223958332	31.260529057594695
2.70496223958332	31.377967057493223
2.7149622395833197	31.49540505739192
2.7249622395833195	31.612843057290437
2.7349622395833193	31.730281057189078
2.744962239583319	31.847719057087684
2.754962239583319	31.965157056986243
2.7649622395833187	32.082595056884806
2.7749622395833184	32.20003305678342
2.7849622395833182	32.317471056682
2.794962239583318	32.4349090565806
2.804962239583318	32.5523470564793
2.8149622395833176	32.66978505637789
2.8249622395833174	32.78722305627635
2.834962239583317	32.90466105617504
2.844962239583317	33.02209905607363
2.8549622395833167	33.13953705597208
2.8649622395833165	33.25697505587086
2.8749622395833163	33.37441305576939
2.884962239583316	33.49185105566798
2.894962239583316	33.60928905556662
2.9049622395833157	33.72672705546516
2.9149622395833155	33.84416505536376
2.9249622395833152	33.96160305526215
2.934962239583315	34.07904105516089
2.944962239583315	34.1964790550596
2.9549622395833146	34.31391705495811
2.9649622395833144	34.43135505485661
2.974962239583314	34.548793054755336
2.984962239583314	34.66623105465388
2.9949622395833138	34.78366905455244
3.0049622395833135	34.901107054451096
3.0149622395833133	35.01854505434966
3.024962239583313	35.13598305424831
3.034962239583313	35.25342105414688
3.0449622395833127	35.370859054045525
3.0549622395833125	35.48829705394398
3.0649622395833123	35.6057350538428
3.074962239583312	35.72317305374122
3.084962239583312	35.84061105363984
3.0949622395833116	35.958049053538375
3.1049622395833114	36.075487053437
3.114962239583311	36.19292505333555
3.124962239583311	36.31036305323426
3.1349622395833108	36.42780105313278
3.1449622395833106	36.54523905303132
3.1549622395833103	36.662677052930015
3.16496223958331	36.78011505282866
3.17496223958331	36.89755305272719
3.1849622395833097	37.01499105262559
3.1949622395833095	37.13242905252432
3.2049622395833093	37.2498670524229
3.214962239583309	37.367305052321576
3.224962239583309	37.484743052220274
3.2349622395833086	37.60218105211876
3.2449622395833084	37.71961905201728
3.254962239583308	37.83705705191586
3.264962239583308	37.95449505181461
3.274962239583308	38.07193305171319
3.2849622395833076	38.189371051611786
3.2949622395833074	38.30680905151038
3.304962239583307	38.42424705140891
3.314962239583307	38.54168505130746
3.3249622395833067	38.65912305120608
3.3349622395833065	38.776561051104686
3.3449622395833063	38.893999051003256
3.354962239583306	39.01143705090188
3.364962239583306	39.12887505080054
3.3749622395833057	39.24631305069911
3.3849622395833054	39.36375105059768
3.3949622395833052	39.48118905049631
3.404962239583305	39.59862705039483
3.414962239583305	39.71606505029344
3.4249622395833046	39.83350305019203
3.4349622395833044	39.950941050090684
3.444962239583304	40.06837904998925
3.454962239583304	40.1858170498878
3.4649622395833037	40.30325504978649
3.4749622395833035	40.42069304968506
3.4849622395833033	40.53813104958355
3.494962239583303	40.65556904948225
3.504962239583303	40.773007049380766
3.5149622395833027	40.89044504927941
3.5249622395833025	41.00788304917806
3.5349622395833022	41.125321049076504
3.544962239583302	41.24275904897515
3.554962239583302	41.360197048873765
3.5649622395833016	41.47763504877242
3.5749622395833014	41.59507304867098
3.584962239583301	41.71251104856945
3.594962239583301	41.829949048468215
3.6049622395833008	41.94738704836663
3.6149622395833005	42.06482504826538
3.6249622395833003	42.18226304816394
3.6349622395833	42.299701048062346
3.6449622395833	42.41713904796104
3.6549622395832997	42.53457704785972
3.6649622395832995	42.65201504775829
3.6749622395832993	42.769453047656924
3.684962239583299	42.88689104755541
3.694962239583299	43.0043290474541
3.7049622395832986	43.12176704735264
3.7149622395832984	43.23920504725125
3.724962239583298	43.35664304714987
3.734962239583298	43.47408104704848
3.7449622395832978	43.59151904694707
3.7549622395832976	43.708957046845526
3.7649622395832973	43.82639504674425
3.774962239583297	43.94383304664283
3.784962239583297	44.06127104654146
3.7949622395832967	44.17870904643997
3.8049622395832965	44.29614704633854
3.8149622395832963	44.413585046237074
3.824962239583296	44.53102304613584
3.834962239583296	44.648461046034434
3.8449622395832956	44.76589904593289
3.8549622395832954	44.88333704583154
3.864962239583295	45.00077504573012
3.874962239583295	45.11821304562879
3.884962239583295	45.2356510455273
3.8949622395832946	45.35308904542597
3.9049622395832944	45.47052704532463
3.914962239583294	45.58796504522326
3.924962239583294	45.70540304512176
3.9349622395832937	45.82284104502031
3.9449622395832935	45.94027904491887
3.9549622395832933	46.057717044817586
3.964962239583293	46.17515504471611
3.974962239583293	46.292593044614705
3.9849622395832927	46.41003104451333
3.9949622395832924	46.52746904441177
4.004962239583293	46.64490704431053
4.0149622395832925	46.762345044209
4.024962239583292	46.87978304410752
4.034962239583292	46.9972210440063
4.044962239583292	47.11465904390495
4.054962239583292	47.232097043803485
4.064962239583291	47.349535043702126
4.074962239583291	47.4669730436006
4.084962239583291	47.58441104349937
4.094962239583291	47.70184904339791
4.1049622395832905	47.8192870432963
4.11496223958329	47.93672504319505
4.12496223958329	48.0541630430936
4.13496223958329	48.171601042992314
4.14496223958329	48.28903904289079
4.1549622395832895	48.406477042789376
4.164962239583289	48.52391504268791
4.174962239583289	48.641353042586445
4.184962239583289	48.758791042485235
4.194962239583289	48.87622904238378
4.204962239583288	48.993667042282276
4.214962239583288	49.111105042180874
4.224962239583288	49.22854304207968
4.234962239583288	49.345981041978206
4.2449622395832876	49.46341904187664
4.254962239583287	49.58085704177531
4.264962239583287	49.698295041673944
4.274962239583287	49.81573304157271
4.284962239583287	49.93317104147112
4.2949622395832865	50.050609041369704
4.304962239583286	50.16804704126832
4.314962239583286	50.285485041166794
4.324962239583286	50.402923041065485
4.334962239583286	50.5203610409641
4.344962239583285	50.63779904086275
4.354962239583285	50.755237040761266
4.364962239583285	50.87267504065987
4.374962239583285	50.99011304055846
4.384962239583285	51.10755104045693
4.394962239583284	51.224989040355524
4.404962239583284	51.342427040254314
4.414962239583284	51.45986504015295
4.424962239583284	51.57730304005144
4.4349622395832835	51.69474103994987
4.444962239583283	51.812179039848665
4.454962239583283	51.92961703974722
4.464962239583283	52.04705503964577
4.474962239583283	52.164493039544325
4.484962239583282	52.281931039442874
4.494962239583282	52.399369039341536
4.504962239583282	52.51680703924024
4.514962239583282	52.634245039138705
4.524962239583282	52.7516830390374
4.534962239583281	52.86912103893585
4.544962239583281	52.98655903883443
4.554962239583281	53.10399703873308
4.564962239583281	53.22143503863178
4.5749622395832805	53.3388730385305
4.58496223958328	53.45631103842875
4.59496223958328	53.573749038327605
4.60496223958328	53.69118703822616
4.61496223958328	53.80862503812474
4.6249622395832795	53.926063038023266
4.634962239583279	54.04350103792194
4.644962239583279	54.160939037820505
4.654962239583279	54.278377037719046
4.664962239583279	54.395815037617645
4.674962239583278	54.51325303751629
4.684962239583278	54.63069103741482
4.694962239583278	54.748129037313625
4.704962239583278	54.8655670372119
4.7149622395832775	54.98300503711067
4.724962239583277	55.10044303700916
4.734962239583277	55.21788103690785
4.744962239583277	55.33531903680654
4.754962239583277	55.45275703670508
4.7649622395832765	55.57019503660358
4.774962239583276	55.687633036502184
4.784962239583276	55.80507103640089
4.794962239583276	55.92250903629943
4.804962239583276	56.03994703619791
4.814962239583275	56.15738503609659
4.824962239583275	56.27482303599523
4.834962239583275	56.39226103589371
4.844962239583275	56.509699035792394
4.8549622395832746	56.62713703569105
4.864962239583274	56.744575035589556
4.874962239583274	56.86201303548825
4.884962239583274	56.97945103538675
4.894962239583274	57.09688903528538
4.9049622395832735	57.21432703518395
4.914962239583273	57.33176503508259
4.924962239583273	57.44920303498114
4.934962239583273	57.566641034879694
4.944962239583273	57.68407903477828
4.954962239583272	57.80151703467701
4.964962239583272	57.91895503457565
4.974962239583272	58.03639303447401
4.984962239583272	58.15383103437285
4.994962239583272	58.27126903427132
5.004962239583271	58.38870703416993
5.014962239583271	58.50614503406854
5.024962239583271	58.623583033967044
5.034962239583271	58.74102103386568
5.0449622395832705	58.85845903376414
5.05496223958327	58.975897033662996
5.06496223958327	59.09333503356149
5.07496223958327	59.210773033460015
5.08496223958327	59.3282110333586
5.094962239583269	59.44564903325706
5.104962239583269	59.56308703315567
5.114962239583269	59.6805250330544
5.124962239583269	59.79796303295314
5.134962239583269	59.91540103285169
5.144962239583268	60.03283903275033
5.154962239583268	60.150277032648816
5.164962239583268	60.26771503254735
5.174962239583268	60.38515303244606
5.1849622395832675	60.50259103234454
5.194962239583267	60.62002903224314
5.204962239583267	60.7374670321418
5.214962239583267	60.85490503204033
5.224962239583267	60.972343031939026
5.2349622395832665	61.08978103183763
5.244962239583266	61.20721903173617
5.254962239583266	61.32465703163475
5.264962239583266	61.44209503153324
5.274962239583266	61.559533031432004
5.284962239583265	61.676971031330346
5.294962239583265	61.79440903122905
5.304962239583265	61.91184703112764
5.314962239583265	62.029285031026255
5.3249622395832645	62.14672303092484
5.334962239583264	62.26416103082348
5.344962239583264	62.38159903072212
5.354962239583264	62.499037030620585
5.364962239583264	62.616475030519254
5.3749622395832635	62.733913030417675
5.384962239583263	62.85135103031652
5.394962239583263	62.96878903021505
5.404962239583263	63.086227030113506
5.414962239583263	63.20366503001226
5.424962239583262	63.3211030299107
5.434962239583262	63.43854102980947
5.444962239583262	63.555979029707935
5.454962239583262	63.67341702960668
5.4649622395832615	63.79085502950538
5.474962239583261	63.908293029403865
5.484962239583261	64.02573102930235
5.494962239583261	64.14316902920109
5.504962239583261	64.26060702909953
5.5149622395832605	64.37804502899827
5.52496223958326	64.49548302889689
5.53496223958326	64.61292102879538
5.54496223958326	64.73035902869397
5.55496223958326	64.84779702859248
5.564962239583259	64.96523502849118
5.574962239583259	65.08267302838966
5.584962239583259	65.20011102828835
5.594962239583259	65.31754902818705
5.604962239583259	65.43498702808546
5.614962239583258	65.55242502798417
5.624962239583258	65.6698630278828
5.634962239583258	65.78730102778117
5.644962239583258	65.90473902767998
5.6549622395832575	66.02217702757845
5.664962239583257	66.13961502747689
5.674962239583257	66.25705302737569
5.684962239583257	66.374491027274
5.694962239583257	66.49192902717273
5.704962239583256	66.60936702707122
5.714962239583256	66.72680502697004
5.724962239583256	66.84424302686858
5.734962239583256	66.96168102676724
5.744962239583256	67.07911902666574
5.754962239583255	67.19655702656438
5.764962239583255	67.3139950264631
5.774962239583255	67.43143302636169
5.784962239583255	67.54887102626013
5.7949622395832545	67.66630902615898
5.804962239583254	67.78374702605772
5.814962239583254	67.90118502595597
5.824962239583254	68.01862302585472
5.834962239583254	68.13606102575318
5.8449622395832534	68.25349902565198
5.854962239583253	68.37093702555038
5.864962239583253	68.488375025449
5.874962239583253	68.60581302534729
5.884962239583253	68.72325102524623
5.894962239583252	68.84068902514471
5.904962239583252	68.95812702504327
5.914962239583252	69.07556502494218
5.924962239583252	69.19300302484062
5.9349622395832515	69.31044102473923
5.944962239583251	69.42787902463768
5.954962239583251	69.54531702453635
5.964962239583251	69.66275502443489
5.974962239583251	69.78019302433347
5.9849622395832505	69.897631024232
5.99496223958325	70.01506902413053
6.00496223958325	70.13250702402941
6.01496223958325	70.24994502392808
6.02496223958325	70.36738302382655
6.034962239583249	70.48482102372499
6.044962239583249	70.60225902362372
6.054962239583249	70.71969702352222
6.064962239583249	70.837135023421
6.0749622395832485	70.9545730233195
6.084962239583248	71.07201102321794
6.094962239583248	71.18944902311664
6.104962239583248	71.30688702301534
6.114962239583248	71.42432502291379
6.1249622395832475	71.54176302281249
6.134962239583247	71.65920102271112
6.144962239583247	71.77663902260991
6.154962239583247	71.89407702250826
6.164962239583247	72.01151502240668
6.174962239583246	72.12895302230535
6.184962239583246	72.24639102220401
6.194962239583246	72.36382902210266
6.204962239583246	72.48126702200125
6.214962239583246	72.59870502189986
6.224962239583245	72.7161430217982
6.234962239583245	72.83358102169709
6.244962239583245	72.95101902159571
6.254962239583245	73.06845702149428
6.2649622395832445	73.18589502139291
6.274962239583244	73.3033330212914
6.284962239583244	73.42077102118985
6.294962239583244	73.53820902108848
6.304962239583244	73.65564702098695
6.314962239583243	73.77308502088576
6.324962239583243	73.89052302078409
6.334962239583243	74.00796102068308
6.344962239583243	74.1253990205816
6.354962239583243	74.2428370204803
6.364962239583242	74.36027502037862
6.374962239583242	74.47771302027748
6.384962239583242	74.59515102017583
6.394962239583242	74.71258902007435
6.4049622395832415	74.83002701997307
6.414962239583241	74.94746501987143
6.424962239583241	75.06490301977027
6.434962239583241	75.18234101966881
6.444962239583241	75.29977901956762
6.4549622395832404	75.41721701946605
6.46496223958324	75.53465501936496
6.47496223958324	75.65209301926323
6.48496223958324	75.76953101916183
6.49496223958324	75.88696901906049
6.504962239583239	76.00440701895923
6.514962239583239	76.12184501885741
6.524962239583239	76.23928301875623
6.534962239583239	76.35672101865457
6.5449622395832385	76.47415901855342
6.554962239583238	76.59159701845171
6.564962239583238	76.70903501835049
6.574962239583238	76.8264730182494
6.584962239583238	76.94391101814767
6.5949622395832375	77.06134901804654
6.604962239583237	77.1787870179449
6.614962239583237	77.2962250178435
6.624962239583237	77.41366301774198
6.634962239583237	77.53110101764081
6.644962239583236	77.64853901753936
6.654962239583236	77.7659770174379
6.664962239583236	77.88341501733649
6.674962239583236	78.00085301723519
6.6849622395832355	78.1182910171335
6.694962239583235	78.23572901703236
6.704962239583235	78.35316701693102
6.714962239583235	78.47060501682961
6.724962239583235	78.58804301672824
6.7349622395832345	78.70548101662645
6.744962239583234	78.82291901652539
6.754962239583234	78.94035701642395
6.764962239583234	79.05779501632254
6.774962239583234	79.17523301622096
6.784962239583233	79.29267101611966
6.794962239583233	79.41010901601823
6.804962239583233	79.52754701591692
6.814962239583233	79.64498501581548
6.824962239583233	79.76242301571418
6.834962239583232	79.87986101561269
6.844962239583232	79.99729901551112
6.854962239583232	80.11473701540989
6.864962239583232	80.2321750153084
6.8749622395832315	80.34961301520707
6.884962239583231	80.46705101510553
6.894962239583231	80.58448901500432
6.904962239583231	80.70192701490309
6.914962239583231	80.81936501480129
6.92496223958323	80.93680301469995
6.93496223958323	81.05424101459884
6.94496223958323	81.17167901449724
6.95496223958323	81.28911701439571
6.96496223958323	81.40655501429433
6.974962239583229	81.52399301419275
6.984962239583229	81.64143101409141
6.994962239583229	81.75886901399014
7.004962239583229	81.87630701388876
7.0149622395832285	81.99374501378728
7.024962239583228	82.11118301368568
7.034962239583228	82.2286210135844
7.044962239583228	82.34605901348299
7.054962239583228	82.46349701338136
7.064962239583227	82.58093501328015
7.074962239583227	82.69837301317895
7.084962239583227	82.81581101307728
7.094962239583227	82.93324901297602
7.104962239583227	83.05068701287462
7.114962239583226	83.16812501277312
7.124962239583226	83.28556301267163
7.134962239583226	83.40300101257037
7.144962239583226	83.5204390124692
7.1549622395832255	83.63787701236761
7.164962239583225	83.75531501226637
7.174962239583225	83.87275301216481
7.184962239583225	83.99019101206328
7.194962239583225	84.10762901196232
7.2049622395832245	84.22506701186074
7.214962239583224	84.3425050117593
7.224962239583224	84.4599430116577
7.234962239583224	84.57738101155635
7.244962239583224	84.69481901145492
7.254962239583223	84.81225701135331
7.264962239583223	84.92969501125228
7.274962239583223	85.04713301115086
7.284962239583223	85.16457101104938
7.2949622395832225	85.28200901094792
7.304962239583222	85.39944701084637
7.314962239583222	85.51688501074483
7.324962239583222	85.63432301064375
7.334962239583222	85.75176101054222
7.3449622395832215	85.869199010441
7.354962239583221	85.9866370103397
7.364962239583221	86.10407501023823
7.374962239583221	86.22151301013669
7.384962239583221	86.33895101003546
7.39496223958322	86.45638900993386
7.40496223958322	86.57382700983244
7.41496223958322	86.69126500973117
7.42496223958322	86.80870300962965
7.43496223958322	86.92614100952838
7.444962239583219	87.04357900942671
7.454962239583219	87.16101700932569
7.464962239583219	87.27845500922402
7.474962239583219	87.39589300912284
7.4849622395832185	87.51333100902127
7.494962239583218	87.63076900891954
7.504962239583218	87.74820706252646
7.514962239583218	87.86564506258358
7.524962239583218	87.98308306264057
7.534962239583217	88.10052106269794
7.544962239583217	88.21795906275544
7.554962239583217	88.33539706281273
7.564962239583217	88.45283506286995
7.574962239583217	88.5702730629273
7.584962239583216	88.68771106298446
7.594962239583216	88.80514903994278
7.604962239583216	88.92258703990676
7.614962239583216	89.04002503987077
7.6249622395832155	89.15746303983485
7.634962239583215	89.27490103979875
7.644962239583215	89.39233903976293
7.654962239583215	89.5097770397272
7.664962239583215	89.62721503969101
7.674962239583214	89.74465303965533
7.684962239583214	89.86209103961946
7.694962239583214	89.97952903958398
7.704962239583214	90.09696703954738
7.714962239583214	90.21440503951148
7.724962239583213	90.33184303947587
7.734962239583213	90.4492810394401
7.744962239583213	90.56671903940435
7.754962239583213	90.6841570393682
7.7649622395832125	90.8015950393324
7.774962239583212	90.91903303929651
7.784962239583212	91.03647103926063
7.794962239583212	91.15390903922454
7.804962239583212	91.27134703918885
7.8149622395832115	91.38878503915261
7.824962239583211	91.50622303911649
7.834962239583211	91.62366103908101
7.844962239583211	91.74109903904505
7.854962239583211	91.85853703900881
7.86496223958321	91.9759750389731
7.87496223958321	92.09341303893741
7.88496223958321	92.21085103890155
7.89496223958321	92.32828903886573
7.9049622395832095	92.44572703882943
7.914962239583209	92.5631650387941
7.924962239583209	92.68060303875762
7.934962239583209	92.79804103872202
7.944962239583209	92.91547903745541
7.9549622395832085	93.03291703744375
7.964962239583208	93.15035503743276
7.974962239583208	93.26779303742119
7.984962239583208	93.38523103740964
7.994962239583208	93.50266903739814
8.004962239583207	93.62010703738693
8.014962239583207	93.73754503737537
8.024962239583207	93.85498303736412
8.034962239583207	93.97242103735297
8.044962239583207	94.08985903734144
8.054962239583206	94.20729703733024
8.064962239583206	94.32473503731858
8.074962239583206	94.44217303730696
8.084962239583206	94.55961103729622
8.094962239583205	94.67704903728458
8.104962239583205	94.79448703727326
8.114962239583205	94.91192503726161
8.124962239583205	95.02936303725033
8.134962239583205	95.14680103723899
8.144962239583204	95.26423903722743
8.154962239583204	95.38167703721598
8.164962239583204	95.49911503720483
8.174962239583204	95.6165530371936
8.184962239583204	95.7339910371818
8.194962239583203	95.85142903717029
8.204962239583203	95.96886703715884
8.214962239583203	96.08630503714784
8.224962239583203	96.20374303713652
8.234962239583203	96.32118103712529
8.244962239583202	96.43861903711378
8.254962239583202	96.55605703710249
8.264962239583202	96.67349503709094
8.274962239583202	96.79093303707994
8.284962239583201	96.90837103706798
8.294962239583201	97.02580903705652
8.304962239583201	97.1432470370452
8.3149622395832	97.26068503703404
8.3249622395832	97.37812303702243
8.3349622395832	97.4955610370116
8.3449622395832	97.6129990369999
8.3549622395832	97.73043703698862
8.3649622395832	97.84787503697706
8.3749622395832	97.96531303696575
8.3849622395832	98.08275103695445
8.394962239583199	98.20018903694321
8.404962239583199	98.31762703693164
8.414962239583199	98.43506503692014
8.424962239583198	98.55250303690873
8.434962239583198	98.66994103689744
8.444962239583198	98.78737903688607
8.454962239583198	98.90481703687469
8.464962239583198	99.02225503686363
8.474962239583197	99.13969303685218
8.484962239583197	99.2571310368403
8.494962239583197	99.37456903682875
8.504962239583197	99.49200703681758
8.514962239583197	99.60944503680656
8.524962239583196	99.72688303679477
8.534962239583196	99.8443210367838
8.544962239583196	99.96175903677211
8.554962239583196	100.07919703676106
8.564962239583195	100.19663503674943
8.574962239583195	100.31407303673842
8.584962239583195	100.43151103672656
8.594962239583195	100.54894903671561
8.604962239583195	100.66638703670412
8.614962239583194	100.78382503669252
8.624962239583194	100.90126303668158
8.634962239583194	101.01870103666992
8.644962239583194	101.13613903665868
8.654962239583194	101.2535770366472
8.664962239583193	101.37101503663567
8.674962239583193	101.48845303662452
8.684962239583193	101.6058910366136
8.694962239583193	101.72332903660171
8.704962239583192	101.84076703659017
8.714962239583192	101.95820503657927
8.724962239583192	102.07564303656798
8.734962239583192	102.19308103655653
8.744962239583192	102.31051903654485
8.754962239583191	102.42795703653375
8.764962239583191	102.54539503652208
8.774962239583191	102.66283303651097
8.78496223958319	102.78027103649936
8.79496223958319	102.89770903648824
8.80496223958319	103.01514703647645
8.81496223958319	103.13258503646546
8.82496223958319	103.25002303645368
8.83496223958319	103.36746103644256
8.84496223958319	103.48489903643133
8.85496223958319	103.60233703641923
8.864962239583189	103.7197750364087
8.874962239583189	103.83721303639703
8.884962239583189	103.95465103638577
8.894962239583188	104.07208903637418
8.904962239583188	104.18952703636288
8.914962239583188	104.30696503635156
8.924962239583188	104.42440303633995
8.934962239583188	104.54184103632876
8.944962239583187	104.65927903631767
8.954962239583187	104.77671703630608
8.964962239583187	104.894155036295
8.974962239583187	105.01159303628305
8.984962239583187	105.12903103627224
8.994962239583186	105.24646903626079
9.004962239583186	105.36390703624896
9.014962239583186	105.48134503628918
9.024962239583186	105.59878303397157
9.034962239583185	105.71622103397578
9.044962239583185	105.83365903397888
9.054962239583185	105.95109703398204
9.064962239583185	106.06853503398588
9.074962239583185	106.18597303398917
9.084962239583184	106.30341103399253
9.094962239583184	106.42084903399598
9.104962239583184	106.5382870339994
9.114962239583184	106.65572503400324
9.124962239583184	106.77316303400647
9.134962239583183	106.89060103400985
9.144962239583183	107.00803903401321
9.154962239583183	107.12547703401646
9.164962239583183	107.24291503402013
9.174962239583182	107.36035303402348
9.184962239583182	107.4777910340272
9.194962239583182	107.59522903403062
9.204962239583182	107.71266703403401
9.214962239583182	107.83010503403746
9.224962239583181	107.94754303404096
9.234962239583181	108.06498103404427
9.244962239583181	108.1824190340479
9.25496223958318	108.299857034051
9.26496223958318	108.41729503405467
9.27496223958318	108.53473303405794
9.28496223958318	108.65217103406134
9.29496223958318	108.76960903406528
9.30496223958318	108.88704703406873
9.31496223958318	109.0044850340722
9.32496223958318	109.12192303407573
9.334962239583179	109.2393610340784
9.344962239583179	109.35679903408213
9.354962239583179	109.47423703408596
9.364962239583178	109.59167503408953
9.374962239583178	109.70911303409268
9.384962239583178	109.82655103409617
9.394962239583178	109.94398903409954
9.404962239583178	110.06142703410313
9.414962239583177	110.17886503410658
9.424962239583177	110.29630303411025
9.434962239583177	110.41374103411309
9.444962239583177	110.5311790341168
9.454962239583176	110.64861703412016
9.464962239583176	110.76605503412381
9.474962239583176	110.88349303412745
9.484962239583176	111.00093103413018
9.494962239583176	111.11836903413405
9.504962239583175	111.23580703413751
9.514962239583175	111.35324503414077
9.524962239583175	111.47068303414481
9.534962239583175	111.58812103414813
9.544962239583175	111.70555903415178
9.554962239583174	111.82299703415472
9.564962239583174	111.94043503415843
9.574962239583174	112.05787303416228
9.584962239583174	112.17531103416508
9.594962239583174	112.29274903416893
9.604962239583173	112.41018703417214
9.614962239583173	112.52762503417523
9.624962239583173	112.64506303417876
9.634962239583173	112.76250103418268
9.644962239583172	112.87993903418571
9.654962239583172	112.99737703305418
9.664962239583172	113.11481503305802
9.674962239583172	113.23225303306118
9.684962239583172	113.34969103306477
9.694962239583171	113.46712903306899
9.704962239583171	113.58456703307188
9.714962239583171	113.70200503307579
9.72496223958317	113.81944303307931
9.73496223958317	113.93688103308298
9.74496223958317	114.05431903308661
9.75496223958317	114.1717570330904
9.76496223958317	114.2891950330937
9.77496223958317	114.4066330330975
9.78496223958317	114.52407103310121
9.79496223958317	114.64150903310463
9.804962239583169	114.7589470331084
9.814962239583169	114.87638503311187
9.824962239583169	114.99382303311508
9.834962239583168	115.11126103311935
9.844962239583168	115.22869903312272
9.854962239583168	115.34613703041127
9.864962239583168	115.4635750244434
9.874962239583168	115.58101302442608
9.884962239583167	115.69845102440803
9.894962239583167	115.81588902439037
9.904962239583167	115.9333270243725
9.914962239583167	116.05076502435462
9.924962239583166	116.16820302433736
9.934962239583166	116.28564102431932
9.944962239583166	116.40307902430209
9.954962239583166	116.52051702428392
9.964962239583166	116.63795502426655
9.974962239583165	116.75539302424859
9.984962239583165	116.87283102423117
9.994962239583165	116.99026902421346
10.004962239583165	117.10770702419552
10.014962239583165	117.22514502417799
10.024962239583164	117.34258302416019
10.034962239583164	117.46002102414255
10.044962239583164	117.57745902412485
10.054962239583164	117.69489702410698
10.064962239583163	117.81233502408944
10.074962239583163	117.92977302407171
10.084962239583163	118.04721102405362
10.094962239583163	118.16464902403628
10.104962239583163	118.28208702401885
10.114962239583162	118.39952502400098
10.124962239583162	118.51696302398288
10.134962239583162	118.63440102396552
10.144962239583162	118.75183902394802
10.154962239583162	118.86927702393008
10.164962239583161	118.98671502391231
10.174962239583161	119.10415302389487
10.184962239583161	119.22159102387681
10.19496223958316	119.3390290238592
10.20496223958316	119.45646702384141
10.21496223958316	119.57390502382347
10.22496223958316	119.69134302380638
10.23496223958316	119.80878102378821
10.24496223958316	119.9262190237707
10.25496223958316	120.04365702375324
10.26496223958316	120.16109502373511
10.274962239583159	120.27853302371783
10.284962239583159	120.39597102369983
10.294962239583159	120.51340902368207
10.304962239583158	120.63084702366447
10.314962239583158	120.74828502364639
10.324962239583158	120.86572302362875
10.334962239583158	120.98316102361144
10.344962239583158	121.10059902359336
10.354962239583157	121.21803702357585
10.364962239583157	121.3354750235582
10.374962239583157	121.45291302354075
10.384962239583157	121.57035102352273
10.394962239583156	121.6877890235049
10.404962239583156	121.80522702348765
10.414962239583156	121.92266502346988
10.424962239583156	122.0401030234518
10.434962239583156	122.15754102343435
10.444962239583155	122.27497902341655
10.454962239583155	122.39241702339906
10.464962239583155	122.50985502338101
10.474962239583155	122.62729302336339
10.484962239583155	122.74473102334593
10.494962239583154	122.8621690233279
10.504962239583154	122.97960702331044
10.514962239583154	123.09704502329272
10.524962239583154	123.21448302327474
10.534962239583153	123.33192102325748
10.544962239583153	123.4493590232395
10.554962239583153	123.56679702322178
10.564962239583153	123.68423502320385
10.574962239583153	123.80167302318624
10.584962239583152	123.91911102316907
10.594962239583152	124.03654902315095
10.604962239583152	124.15398702313344
10.614962239583152	124.27142502311504
10.624962239583152	124.38886302309768
10.634962239583151	124.50630102307947
10.644962239583151	124.6237390230623
10.654962239583151	124.74117702304417
10.66496223958315	124.8586150230269
10.67496223958315	124.97605302300933
10.68496223958315	125.09349102299127
10.69496223958315	125.21092902297367
10.70496223958315	125.32836702295613
10.71496223958315	125.44580502293852
10.72496223958315	125.56324302292049
10.73496223958315	125.680681023006
10.744962239583149	125.79811902415281
10.754962239583149	125.9155570241253
10.764962239583149	126.03299502409777
10.774962239583148	126.15043302407018
10.784962239583148	126.26787102404239
10.794962239583148	126.3853090240154
10.804962239583148	126.50274702398781
10.814962239583148	126.62018502395979
10.824962239583147	126.73762302393239
10.834962239583147	126.85506102390457
10.844962239583147	126.97249902387725
10.854962239583147	127.08993702384986
10.864962239583146	127.20737502382292
10.874962239583146	127.32481302379469
10.884962239583146	127.44225102376744
10.894962239583146	127.5596890237395
10.904962239583146	127.67712702371202
10.914962239583145	127.79456502368396
10.924962239583145	127.91200302365691
10.934962239583145	128.0294410236299
10.944962239583145	128.1468790236023
10.954962239583145	128.26431702357462
10.964962239583144	128.38175502354684
10.974962239583144	128.4991930235196
10.984962239583144	128.61663102349203
10.994962239583144	128.73406902346466
11.004962239583143	128.85150702343685
11.014962239583143	128.96894502340953
11.024962239583143	129.0863830233818
11.034962239583143	129.20382102335466
11.044962239583143	129.32125902332663
11.054962239583142	129.43869702329957
11.064962239583142	129.55613502327168
11.074962239583142	129.67357302324405
11.084962239583142	129.79101102321675
11.094962239583142	129.90844902318935
11.104962239583141	130.02588702316183
11.114962239583141	130.1433250231346
11.124962239583141	130.26076302310673
11.13496223958314	130.37820102307904
11.14496223958314	130.49563902305138
11.15496223958314	130.6130770230243
11.16496223958314	130.72861383048763
11.17496223958314	130.82629383050687
11.18496223958314	130.92397383052594
11.19496223958314	131.0216538305448
11.20496223958314	131.11933383056387
11.214962239583139	131.21701383058237
11.224962239583139	131.31469383060178
11.234962239583139	131.41237383062
11.244962239583138	131.51005383063935
11.254962239583138	131.60773383065737
11.264962239583138	131.70541383067678
11.274962239583138	131.80309383069527
11.284962239583137	131.90077383071448
11.294962239583137	131.9984538307337
11.304962239583137	132.0961338307523
11.314962239583137	132.19381383077098
11.324962239583137	132.29149383078988
11.334962239583136	132.38917383080903
11.344962239583136	132.48685383082758
11.354962239583136	132.58453383084674
11.364962239583136	132.68221383086484
11.374962239583136	132.77989383088484
11.384962239583135	132.87757383090332
11.394962239583135	132.97525383092213
11.404962239583135	133.07293383094088
11.414962239583135	133.17061383095992
11.424962239583135	133.26829383097854
11.434962239583134	133.36597383099684
11.444962239583134	133.4636538310162
11.454962239583134	133.56133383103523
11.464962239583134	133.65901383105438
11.474962239583133	133.75669383107308
11.484962239583133	133.85437383109152
11.494962239583133	133.95205383111065
11.504962239583133	134.0497338311296
11.514962239583133	134.14741383034848
11.524962239583132	134.24509382781875
11.534962239583132	134.34277382783046
11.544962239583132	134.44045382784165
11.554962239583132	134.53813382785282
11.564962239583132	134.63581382786404
11.574962239583131	134.73349382787515
11.584962239583131	134.8311738278867
11.59496223958313	134.92885382789845
11.60496223958313	135.02653382790942
11.61496223958313	135.12421382792093
11.62496223958313	135.2218938279323
11.63496223958313	135.31957382794377
11.64496223958313	135.41725382795462
11.65496223958313	135.51493382796656
11.66496223958313	135.612613827978
11.67496223958313	135.7102938279891
11.684962239583129	135.8079738280002
11.694962239583129	135.90565382801248
11.704962239583129	136.00333382802293
11.714962239583128	136.10101382803393
11.724962239583128	136.1986938280456
11.734962239583128	136.2963738280574
11.744962239583128	136.3940538280679
11.754962239583127	136.49173382807965
11.764962239583127	136.58941382809124
11.774962239583127	136.68709382810204
11.784962239583127	136.7847738281135
11.794962239583127	136.8824538281248
11.804962239583126	136.9801338281364
11.814962239583126	137.0778138281478
11.824962239583126	137.17549382815866
11.834962239583126	137.27317382817023
11.844962239583126	137.37085382818168
11.854962239583125	137.46853382819288
11.864962239583125	137.56621382820433
11.874962239583125	137.6638938282158
11.884962239583125	137.76157382822612
11.894962239583124	137.85925382823828
11.904962239583124	137.95693382824948
11.914962239583124	138.05461382826132
11.924962239583124	138.1522938282726
11.934962239583124	138.24997382828326
11.944962239583123	138.34765382829454
11.950000000000001	138.3968626823698
1000011.95	138.3968626823698
