-100000	0
0	0
0.0033333333333333335	0.03301221325277741
0.008333333333333333	0.08315855640386258
0.01583333333333333	0.15919891097478103
0.02708333333333333	0.2745528006789819
0.043958333333333335	0.4497276219632382
0.06927083333333334	0.716110573312522
0.10723958333333333	1.1218148195177482
0.16419270833333333	1.740661370971905
0.24962239583333334	2.685837267596546
0.3496223958333333	3.810846413747155
0.4496223958333333	4.950457185031022
0.5496223958333333	6.100859761466808
0.6496223958333333	7.259317882745423
0.7496223958333332	8.42374077785009
0.8496223958333332	9.59246295369193
0.9496223958333332	10.764118761889177
1.0496223958333333	11.937567291587248
1.1496223958333334	13.111746039966604
1.2496223958333335	14.286126038707463
1.3496223958333335	15.460506037448365
1.4496223958333336	16.63488603618926
1.5496223958333337	17.80926603493016
1.6496223958333338	18.983646033671008
1.749622395833334	20.158026032411925
1.849622395833334	21.33240603115278
1.949622395833334	22.50678602989368
2.049622395833334	23.681166028634536
2.149622395833334	24.85554602737548
2.249622395833334	26.029926026116314
2.349622395833334	27.204306024857242
2.4496223958333343	28.378686023598103
2.5496223958333344	29.553066022339074
2.6496223958333345	30.727446021079846
2.7496223958333346	31.90182601982075
2.8496223958333347	33.07620601856172
2.9496223958333347	34.25058601730252
3.049622395833335	35.42496601604351
3.149622395833335	36.59934601478435
3.249622395833335	37.77372601352514
3.349622395833335	38.94810601226606
3.449622395833335	40.122486011006934
3.5496223958333353	41.29686600974789
3.6496223958333354	42.47124600848867
3.7496223958333355	43.64562600722968
3.8496223958333355	44.82000600597045
3.9496223958333356	45.99438600471139
4.049622395833335	47.168766003452326
4.149622395833335	48.343146002193144
4.249622395833335	49.51752600093408
4.349622395833334	50.691905999675086
4.449622395833334	51.86628599841575
4.5496223958333335	53.04066599715664
4.649622395833333	54.215045995897476
4.749622395833333	55.38942599463837
4.849622395833332	56.56380599337925
4.949622395833332	57.738185992120094
5.049622395833332	58.9125659908611
5.149622395833331	60.086945989601936
5.249622395833331	61.26132598834261
5.349622395833331	62.43570598708376
5.44962239583333	63.61008598582469
5.54962239583333	64.78446598456546
5.64962239583333	65.95884598330628
5.749622395833329	67.13322598204729
5.849622395833329	68.30760598078814
5.9496223958333285	69.48198597952899
6.049622395833328	70.65636597826956
6.149622395833328	71.83074597701076
6.2496223958333275	73.00512597575158
6.349622395833327	74.17950597449276
6.449622395833327	75.35388597323326
6.549622395833326	76.52826597197453
6.649622395833326	77.70264597071514
6.749622395833326	78.87702596945614
6.849622395833325	80.05140596819693
6.949622395833325	81.22578596693762
7.049622395833325	82.40016596567881
7.149622395833324	83.57454596441966
7.249622395833324	84.74892596316037
7.3496223958333236	85.92330597650016
7.449622395833323	87.09768599763396
7.549622395833323	88.27206599741142
7.6496223958333225	89.44644599718933
7.749622395833322	90.6208259969667
7.849622395833322	91.79520599674338
7.949622395833321	92.96958599730272
8.049622395833321	94.14396599715215
8.14962239583332	95.31834599700217
8.24962239583332	96.49272599685239
8.34962239583332	97.66710599670162
8.44962239583332	98.84148599655163
8.54962239583332	100.01586599640135
8.649622395833319	101.190245996251
8.749622395833319	102.36462599610131
8.849622395833318	103.53900599595093
8.949622395833318	104.71338599580073
9.049622395833318	105.88776599371137
9.149622395833317	107.06214599352704
9.249622395833317	108.23652599334171
9.349622395833316	109.41090599315699
9.449622395833316	110.5852859929726
9.549622395833316	111.75966599278743
9.649622395833315	112.93404599260262
9.749622395833315	114.10842599153085
9.849622395833315	115.28280599128176
9.949622395833314	116.45718598062595
10.049622395833314	117.6315659804107
10.149622395833314	118.80594598019611
10.249622395833313	119.98032597998154
10.349622395833313	121.15470597976675
10.449622395833313	122.32908597955178
10.549622395833312	123.503465979337
10.649622395833312	124.67784597912213
10.749622395833311	125.8522259797774
10.849622395833311	127.02660597953974
10.94962239583331	128.2009859793018
11.04962239583331	129.375365979064
11.14962239583331	130.5497459788265
11.24962239583331	131.55495325040636
11.34962239583331	132.53175325022303
11.449622395833309	133.50855325004005
11.549622395833309	134.48535324700634
11.649622395833308	135.46215324681089
11.749622395833308	136.43895324661526
11.849622395833308	137.41575324642068
11.949622395833307	138.3925532462258
11.950000000000001	138.39624169769473
1000011.95	138.39624169769473
