-100000	0
0	0
0.0033333333333333335	0.03302879923679709
0.008333333333333333	0.08315414069508119
0.01583333333333333	0.1591997613676059
0.02708333333333333	0.2745564174813695
0.043958333333333335	0.4497359091938439
0.06927083333333334	0.7161258000093822
0.10723958333333333	1.1218373885165183
0.16419270833333333	1.7406886387623697
0.24962239583333334	2.685857040339807
0.3496223958333333	3.810849462930496
0.4496223958333333	4.95042146147089
0.5496223958333333	6.1007809733969225
0.6496223958333333	7.259179122928006
0.7496223958333332	8.423534505891489
0.8496223958333332	9.5921875331841
0.9496223958333332	10.763781212193472
1.0496223958333333	11.937185935921988
1.1496223958333334	13.111347752048435
1.2496223958333335	14.285727750589942
1.3496223958333335	15.460107749131513
1.4496223958333336	16.634487747673074
1.5496223958333337	17.808867746214595
1.6496223958333338	18.98324774475611
1.749622395833334	20.157627743297674
1.849622395833334	21.332007741839224
1.949622395833334	22.50638774038077
2.049622395833334	23.680767738922302
2.149622395833334	24.855147737463724
2.249622395833334	26.0295277360053
2.349622395833334	27.203907734546895
2.4496223958333343	28.378287733088378
2.5496223958333344	29.5526677316299
2.6496223958333345	30.727047730171538
2.7496223958333346	31.901427728713067
2.8496223958333347	33.07580772725458
2.9496223958333347	34.250187725796124
3.049622395833335	35.42456772433767
3.149622395833335	36.598947722879174
3.249622395833335	37.77332772142068
3.349622395833335	38.94770771996222
3.449622395833335	40.12208771850379
3.5496223958333353	41.29646771704533
3.6496223958333354	42.47084771558667
3.7496223958333355	43.64522771412825
3.8496223958333355	44.81960771266987
3.9496223958333356	45.99398771121147
4.049622395833335	47.16836770975291
4.149622395833335	48.34274770829449
4.249622395833335	49.51712770683595
4.349622395833334	50.6915077053775
4.449622395833334	51.86588770391902
4.5496223958333335	53.04026770246054
4.649622395833333	54.214647701002086
4.749622395833333	55.38902769954356
4.849622395833332	56.5634076980851
4.949622395833332	57.73778769662662
5.049622395833332	58.91216769516814
5.149622395833331	60.08654769370959
5.249622395833331	61.26092769225122
5.349622395833331	62.43530769079271
5.44962239583333	63.609687689334336
5.54962239583333	64.78406768787579
5.64962239583333	65.95844768641736
5.749622395833329	67.13282768495873
5.849622395833329	68.30720768350028
5.9496223958333285	69.4815876820419
6.049622395833328	70.65596768058346
6.149622395833328	71.830347679125
6.2496223958333275	73.00472767766645
6.349622395833327	74.17910767620809
6.449622395833327	75.35348767474962
6.549622395833326	76.52786767329117
6.649622395833326	77.70224767183277
6.749622395833326	78.87662767037413
6.849622395833325	80.05100766891553
6.949622395833325	81.22538766745713
7.049622395833325	82.39976766599885
7.149622395833324	83.57414766454029
7.249622395833324	84.74852767526028
7.3496223958333236	85.92290769672292
7.449622395833323	87.09728769637361
7.549622395833323	88.27166769602445
7.6496223958333225	89.44604769567466
7.749622395833322	90.62042769532525
7.849622395833322	91.79480769497626
7.949622395833321	92.96918770309748
8.049622395833321	94.14356770292657
8.14962239583332	95.31794770275577
8.24962239583332	96.49232770258465
8.34962239583332	97.66670770241402
8.44962239583332	98.84108770224327
8.54962239583332	100.01546770207258
8.649622395833319	101.18984770190151
8.749622395833319	102.36422770173105
8.849622395833318	103.53860770156017
8.949622395833318	104.7129877013896
9.049622395833318	105.88736769923804
9.149622395833317	107.06174769900953
9.249622395833317	108.23612769878136
9.349622395833316	109.41050769855343
9.449622395833316	110.58488769832478
9.549622395833316	111.75926769809665
9.649622395833315	112.93364769786805
9.749622395833315	114.10802769656355
9.849622395833315	115.28240769626147
9.949622395833314	116.45678768376737
10.049622395833314	117.63116768350679
10.149622395833314	118.8055476832461
10.249622395833313	119.97992768298506
10.349622395833313	121.15430768272414
10.449622395833313	122.32868768246328
10.549622395833312	123.50306768220244
10.649622395833312	124.6774476819416
10.749622395833311	125.85182768267876
10.849622395833311	127.02620768239123
10.94962239583331	128.20058768210396
11.04962239583331	129.374967681817
11.14962239583331	130.5493476815293
11.24962239583331	131.55455495343818
11.34962239583331	132.53135495320467
11.449622395833309	133.50815495297167
11.549622395833309	134.48495495099195
11.649622395833308	135.46175494914453
11.749622395833308	136.43855494889596
11.849622395833308	137.41535494864823
11.949622395833307	138.39215494840073
11.950000000000001	138.39584340277096
1000011.95	138.39584340277096
