-100000	0
0	0
0.0003333333333333333	0.003269584446638254
0.0008333333333333333	0.008195973762388451
0.0015833333333333333	0.015613745913786945
0.0027083333333333334	0.02678506939765149
0.004395833333333333	0.043618543378013706
0.006927083333333334	0.06900165006913907
0.010723958333333335	0.10730997727523964
0.016419270833333336	0.1651862887342973
0.024962239583333337	0.252734817464956
0.03496223958333334	0.3561117337892518
0.04496223958333334	0.46028803362027687
0.05496223958333334	0.5651495700280258
0.06496223958333334	0.6706156189546841
0.07496223958333334	0.7766249817863867
0.08496223958333333	0.883129619040402
0.09496223958333333	0.9900900247976439
0.10496223958333332	1.0974731853554058
0.11496223958333332	1.2052511035071554
0.12496223958333331	1.3133991738304616
0.1349622395833333	1.4218960682575053
0.14496223958333332	1.5307227326723158
0.15496223958333333	1.639862105292065
0.16496223958333334	1.7492988903038238
0.17496223958333335	1.8590190116895147
0.18496223958333335	1.9690097458311098
0.19496223958333336	2.0792592954259654
0.20496223958333337	2.189756880654667
0.21496223958333338	2.3004922875198224
0.2249622395833334	2.4114562363574703
0.2349622395833334	2.5226399420615544
0.2449622395833334	2.634035089951414
0.2549622395833334	2.745634099438334
0.2649622395833334	2.857429662475325
0.27496223958333343	2.9694147785417977
0.28496223958333344	3.0815830922561447
0.29496223958333345	3.1939284570538278
0.30496223958333346	3.306444820914632
0.31496223958333347	3.4191267230728557
0.3249622395833335	3.531968836859041
0.3349622395833335	3.6449660191432796
0.3449622395833335	3.7581134279528308
0.3549622395833335	3.8714062887258667
0.3649622395833335	3.9848403043972977
0.3749622395833335	4.098411016538034
0.38496223958333353	4.212114424892993
0.39496223958333354	4.325946537469935
0.40496223958333355	4.439903479974073
0.41496223958333356	4.553981600629841
0.42496223958333357	4.668177239032835
0.4349622395833336	4.782487113128127
0.4449622395833336	4.896907675890578
0.4549622395833336	5.011435922281336
0.4649622395833336	5.126068596798865
0.4749622395833336	5.240802838233411
0.4849622395833336	5.355635597042379
0.49496223958333363	5.470564103533251
0.5049622395833336	5.585585603336728
0.5149622395833336	5.70069737708908
0.5249622395833337	5.8158968308159835
0.5349622395833337	5.931181441490537
0.5449622395833337	6.046548783939977
0.5549622395833337	6.161996466596179
0.5649622395833337	6.277522172452616
0.5749622395833337	6.393123681023966
0.5849622395833337	6.5087986840851695
0.5949622395833337	6.624545128351111
0.6049622395833337	6.740360927101976
0.6149622395833337	6.856243979912287
0.6249622395833337	6.972192267193451
0.6349622395833338	7.0882039406427
0.6449622395833338	7.204276992534872
0.6549622395833338	7.320409735561791
0.6649622395833338	7.4366001705786
0.6749622395833338	7.552846743222577
0.6849622395833338	7.669147645802378
0.6949622395833338	7.7855011801657845
0.7049622395833338	7.901905735322702
0.7149622395833338	8.018359516298826
0.7249622395833338	8.134861196444577
0.7349622395833338	8.251409099048999
0.7449622395833339	8.368001771333445
0.7549622395833339	8.484637780764508
0.7649622395833339	8.601315559056767
0.7749622395833339	8.71803390486373
0.7849622395833339	8.834791285173733
0.7949622395833339	8.951586342655965
0.8049622395833339	9.068417834911573
0.8149622395833339	9.185284338068453
0.8249622395833339	9.30218469333345
0.8349622395833339	9.419117723798728
0.8449622395833339	9.536082029667929
0.854962239583334	9.653076627919791
0.864962239583334	9.770100068113075
0.874962239583334	9.887151352059892
0.884962239583334	10.004229372106625
0.894962239583334	10.121333146242184
0.904962239583334	10.238461474491976
0.914962239583334	10.355613266681623
0.924962239583334	10.472787502412425
0.934962239583334	10.589983271052551
0.944962239583334	10.707199446947211
0.954962239583334	10.824435148357937
0.964962239583334	10.941689364804594
0.9749622395833341	11.05896113319454
0.9849622395833341	11.17624974520212
0.9949622395833341	11.293554293631487
1.004962239583334	11.410873692730767
1.014962239583334	11.52820704046147
1.024962239583334	11.645553640166655
1.034962239583334	11.762912665144786
1.044962239583334	11.880283169030065
1.054962239583334	11.997664357640394
1.064962239583334	12.11505523253634
1.074962239583334	12.232455058970684
1.084962239583334	12.349863157636088
1.094962239583334	12.467278854183716
1.104962239583334	12.5847016233483
1.114962239583334	12.702130957768713
1.124962239583334	12.819464213817922
1.134962239583334	12.93690221358075
1.144962239583334	13.054340213343606
1.154962239583334	13.171778213106409
1.1649622395833341	13.289216212869125
1.1749622395833341	13.406654212631967
1.1849622395833341	13.524092212394756
1.1949622395833341	13.641530212157585
1.2049622395833341	13.758968211920358
1.2149622395833342	13.876406211683205
1.2249622395833342	13.993844211445941
1.2349622395833342	14.111282211208778
1.2449622395833342	14.228720210971593
1.2549622395833342	14.34615821073437
1.2649622395833342	14.463596210497188
1.2749622395833342	14.581034210260004
1.2849622395833342	14.698472210022777
1.2949622395833342	14.815910209785596
1.3049622395833342	14.93334820954844
1.3149622395833342	15.050786209311262
1.3249622395833343	15.168224209074028
1.3349622395833343	15.285662208836836
1.3449622395833343	15.403100208599671
1.3549622395833343	15.52053820836246
1.3649622395833343	15.637976208125277
1.3749622395833343	15.755414207888055
1.3849622395833343	15.872852207650839
1.3949622395833343	15.9902902074137
1.4049622395833343	16.10772820717646
1.4149622395833343	16.22516620693926
1.4249622395833343	16.342604206702106
1.4349622395833344	16.460042206464912
1.4449622395833344	16.57748020622774
1.4549622395833344	16.6949182059905
1.4649622395833344	16.812356205753318
1.4749622395833344	16.92979420551616
1.4849622395833344	17.047232205278963
1.4949622395833344	17.164670205041713
1.5049622395833344	17.28210820480452
1.5149622395833344	17.399546204567393
1.5249622395833344	17.516984204330164
1.5349622395833344	17.63442220409296
1.5449622395833345	17.75186020385579
1.5549622395833345	17.869298203618506
1.5649622395833345	17.98673620338144
1.5749622395833345	18.104174203144165
1.5849622395833345	18.221612202906996
1.5949622395833345	18.339050202669842
1.6049622395833345	18.456488202432595
1.6149622395833345	18.573926202195402
1.6249622395833345	18.6913642019582
1.6349622395833345	18.808802201720997
1.6449622395833345	18.926240201483857
1.6549622395833345	19.04367820124663
1.6649622395833346	19.161116201009374
1.6749622395833346	19.278554200772174
1.6849622395833346	19.395992200535
1.6949622395833346	19.513430200297844
1.7049622395833346	19.630868200060657
1.7149622395833346	19.74830619982346
1.7249622395833346	19.865744199586253
1.7349622395833346	19.983182199349066
1.7449622395833346	20.10062019911186
1.7549622395833346	20.21805819887461
1.7649622395833346	20.335496198637454
1.7749622395833347	20.452934198400285
1.7849622395833347	20.570372198163003
1.7949622395833347	20.687810197925874
1.8049622395833347	20.805248197688755
1.8149622395833347	20.922686197451426
1.8249622395833347	21.0401241972143
1.8349622395833347	21.157562196977086
1.8449622395833347	21.275000196739896
1.8549622395833347	21.392438196502706
1.8649622395833347	21.509876196265473
1.8749622395833347	21.627314196028262
1.8849622395833348	21.744752195791104
1.8949622395833348	21.86219019555394
1.9049622395833348	21.979628195316668
1.9149622395833348	22.09706619507947
1.9249622395833348	22.214504194842377
1.9349622395833348	22.331942194605123
1.9449622395833348	22.44938019436799
1.9549622395833348	22.56681819413075
1.9649622395833348	22.68425619389344
1.9749622395833348	22.801694193656378
1.9849622395833348	22.919132193419163
1.9949622395833349	23.036570193181976
2.004962239583335	23.154008192944808
2.0149622395833346	23.271446192707554
2.0249622395833344	23.388884192470375
2.034962239583334	23.50632219223312
2.044962239583334	23.623760191996038
2.054962239583334	23.741198191758876
2.0649622395833336	23.858636191521576
2.0749622395833334	23.97607419128443
2.084962239583333	24.093512191047243
2.094962239583333	24.210950190810014
2.1049622395833327	24.328388190572877
2.1149622395833325	24.445826190335687
2.1249622395833323	24.56326419009847
2.134962239583332	24.680702189861254
2.144962239583332	24.798140189624
2.1549622395833317	24.91557818938685
2.1649622395833314	25.033016189149663
2.1749622395833312	25.15045418891239
2.184962239583331	25.26789218867525
2.194962239583331	25.385330188438036
2.2049622395833306	25.502768188200864
2.2149622395833304	25.620206187963603
2.22496223958333	25.73764418772644
2.23496223958333	25.855082187489224
2.2449622395833297	25.97252018725209
2.2549622395833295	26.08995818701484
2.2649622395833293	26.20739618677763
2.274962239583329	26.324834186540425
2.284962239583329	26.442272186303217
2.2949622395833287	26.55971018606598
2.3049622395833285	26.677148185828862
2.3149622395833283	26.794586185591623
2.324962239583328	26.912024185354483
2.334962239583328	27.029462185117303
2.3449622395833276	27.146900184880188
2.3549622395833274	27.26433818464296
2.364962239583327	27.38177618440564
2.374962239583327	27.499214184168505
2.3849622395833268	27.616652183931297
2.3949622395833265	27.734090183694043
2.4049622395833263	27.85152818345691
2.414962239583326	27.968966183219656
2.424962239583326	28.086404182982488
2.4349622395833257	28.203842182745227
2.4449622395833255	28.321280182508115
2.4549622395833253	28.438718182270886
2.464962239583325	28.556156182033778
2.474962239583325	28.673594181796517
2.4849622395833246	28.791032181559306
2.4949622395833244	28.90847018132214
2.504962239583324	29.02590818108495
2.514962239583324	29.143346180847793
2.5249622395833238	29.260784180610546
2.5349622395833236	29.378222180373356
2.5449622395833233	29.49566018013609
2.554962239583323	29.613098179898973
2.564962239583323	29.73053617966173
2.5749622395833227	29.847974179424543
2.5849622395833225	29.96541217918732
2.5949622395833223	30.082850178950135
2.604962239583322	30.20028817871293
2.614962239583322	30.317726178475727
2.6249622395833216	30.435164178238548
2.6349622395833214	30.55260217800133
2.644962239583321	30.670040177764182
2.654962239583321	30.787478177526943
2.664962239583321	30.904916177289714
2.6749622395833206	31.022354177052602
2.6849622395833204	31.13979217681535
2.69496223958332	31.257230176578137
2.70496223958332	31.37466817634095
2.7149622395833197	31.4921061761038
2.7249622395833195	31.609544175866567
2.7349622395833193	31.726982175629313
2.744962239583319	31.8444201753922
2.754962239583319	31.961858175155044
2.7649622395833187	32.0792961749178
2.7749622395833184	32.19673417468057
2.7849622395833182	32.31417217444336
2.794962239583318	32.43161017420627
2.804962239583318	32.549048173969
2.8149622395833176	32.666486173731776
2.8249622395833174	32.783924173494576
2.834962239583317	32.90136217325741
2.844962239583317	33.018800173020225
2.8549622395833167	33.13623817278305
2.8649622395833165	33.253676172545866
2.8749622395833163	33.37111417230857
2.884962239583316	33.48855217207144
2.894962239583316	33.60599017183423
2.9049622395833157	33.72342817159698
2.9149622395833155	33.84086617135983
2.9249622395833152	33.95830417112269
2.934962239583315	34.075742170885455
2.944962239583315	34.19318017064818
2.9549622395833146	34.310618170411054
2.9649622395833144	34.428056170173875
2.974962239583314	34.54549416993661
2.984962239583314	34.66293216969941
2.9949622395833138	34.78037016946225
3.0049622395833135	34.89780816922496
3.0149622395833133	35.01524616898777
3.024962239583313	35.132684168750714
3.034962239583313	35.25012216851348
3.0449622395833127	35.367560168276306
3.0549622395833125	35.484998168039
3.0649622395833123	35.60243616780182
3.074962239583312	35.719874167564654
3.084962239583312	35.83731216732746
3.0949622395833116	35.954750167090275
3.1049622395833114	36.072188166853074
3.114962239583311	36.1896261666159
3.124962239583311	36.307064166378694
3.1349622395833108	36.42450216614146
3.1449622395833106	36.541940165904236
3.1549622395833103	36.659378165667086
3.16496223958331	36.77681616542997
3.17496223958331	36.89425416519274
3.1849622395833097	37.011692164955456
3.1949622395833095	37.129130164718376
3.2049622395833093	37.246568164481076
3.214962239583309	37.36400616424382
3.224962239583309	37.48144416400675
3.2349622395833086	37.598882163769595
3.2449622395833084	37.71632016353235
3.254962239583308	37.83375816329514
3.264962239583308	37.951196163057844
3.274962239583308	38.068634162820786
3.2849622395833076	38.18607216258348
3.2949622395833074	38.303510162346264
3.304962239583307	38.420948162109006
3.314962239583307	38.53838616187195
3.3249622395833067	38.655824161634655
3.3349622395833065	38.77326216139749
3.3449622395833063	38.89070016116032
3.354962239583306	39.008138160923224
3.364962239583306	39.12557616068591
3.3749622395833057	39.24301416044877
3.3849622395833054	39.36045216021155
3.3949622395833052	39.477890159974294
3.404962239583305	39.5953281597372
3.414962239583305	39.712766159500035
3.4249622395833046	39.83020415926275
3.4349622395833044	39.94764215902557
3.444962239583304	40.065080158788376
3.454962239583304	40.18251815855111
3.4649622395833037	40.29995615831392
3.4749622395833035	40.41739415807674
3.4849622395833033	40.53483215783949
3.494962239583303	40.65227015760237
3.504962239583303	40.769708157365194
3.5149622395833027	40.88714615712796
3.5249622395833025	41.004584156890694
3.5349622395833022	41.12202215665366
3.544962239583302	41.239460156416435
3.554962239583302	41.356898156179135
3.5649622395833016	41.474336155941884
3.5749622395833014	41.59177415570477
3.584962239583301	41.70921215546753
3.594962239583301	41.82665015523032
3.6049622395833008	41.94408815499316
3.6149622395833005	42.0615261547559
3.6249622395833003	42.178964154518816
3.6349622395833	42.2964021542816
3.6449622395833	42.41384015404439
3.6549622395832997	42.53127815380719
3.6649622395832995	42.64871615356987
3.6749622395832993	42.766154153332714
3.684962239583299	42.88359215309564
3.694962239583299	43.001030152858455
3.7049622395832986	43.11846815262114
3.7149622395832984	43.23590615238404
3.724962239583298	43.35334415214685
3.734962239583298	43.47078215190968
3.7449622395832978	43.588220151672424
3.7549622395832976	43.70565815143524
3.7649622395832973	43.82309615119806
3.774962239583297	43.94053415096082
3.784962239583297	44.05797215072363
3.7949622395832967	44.17541015048647
3.8049622395832965	44.292848150249235
3.8149622395832963	44.41028615001199
3.824962239583296	44.52772414977484
3.834962239583296	44.645162149537725
3.8449622395832956	44.76260014930043
3.8549622395832954	44.88003814906334
3.864962239583295	44.997476148826095
3.874962239583295	45.114914148588845
3.884962239583295	45.23235214835182
3.8949622395832946	45.34979014811442
3.9049622395832944	45.46722814787731
3.914962239583294	45.58466614764011
3.924962239583294	45.70210414740284
3.9349622395832937	45.81954214716562
3.9449622395832935	45.93698014692855
3.9549622395832933	46.0544181466913
3.964962239583293	46.17185614645409
3.974962239583293	46.289294146216946
3.9849622395832927	46.406732145979696
3.9949622395832924	46.52417014574238
4.004962239583293	46.64160814550533
4.0149622395832925	46.75904614526806
4.024962239583292	46.87648414503082
4.034962239583292	46.99392214479363
4.044962239583292	47.111360144556535
4.054962239583292	47.22879814431931
4.064962239583291	47.34623614408207
4.074962239583291	47.46367414384479
4.084962239583291	47.58111214360766
4.094962239583291	47.69855014337045
4.1049622395832905	47.81598814313332
4.11496223958329	47.93342614289625
4.12496223958329	48.05086414265894
4.13496223958329	48.1683021424216
4.14496223958329	48.285740142184494
4.1549622395832895	48.40317814194737
4.164962239583289	48.52061614171012
4.174962239583289	48.63805414147298
4.184962239583289	48.755492141235784
4.194962239583289	48.87293014099837
4.204962239583288	48.99036814076134
4.214962239583288	49.10780614052418
4.224962239583288	49.22524414028697
4.234962239583288	49.342682140049696
4.2449622395832876	49.46012013981243
4.254962239583287	49.57755813957533
4.264962239583287	49.69499613933816
4.274962239583287	49.81243413910097
4.284962239583287	49.9298721388639
4.2949622395832865	50.047310138626436
4.304962239583286	50.16474813838935
4.314962239583286	50.28218613815216
4.324962239583286	50.399624137915
4.334962239583286	50.51706213767763
4.344962239583285	50.63450013744047
4.354962239583285	50.751938137203425
4.364962239583285	50.86937613696626
4.374962239583285	50.986814136728896
4.384962239583285	51.104252136491695
4.394962239583284	51.22169013625458
4.404962239583284	51.33912813601763
4.414962239583284	51.45656613578024
4.424962239583284	51.57400413554292
4.4349622395832835	51.69144213530573
4.444962239583283	51.8088801350687
4.454962239583283	51.92631813483143
4.464962239583283	52.04375613459425
4.474962239583283	52.16119413435701
4.484962239583282	52.278632134119825
4.494962239583282	52.39607013388265
4.504962239583282	52.51350813364544
4.514962239583282	52.630946133408095
4.524962239583282	52.74838413317094
4.534962239583281	52.86582213293369
4.544962239583281	52.98326013269647
4.554962239583281	53.10069813245958
4.564962239583281	53.21813613222219
4.5749622395832805	53.33557413198488
4.58496223958328	53.453012131747684
4.59496223958328	53.57045013151071
4.60496223958328	53.687888131273425
4.61496223958328	53.80532613103627
4.6249622395832795	53.92276413079904
4.634962239583279	54.04020213056174
4.644962239583279	54.157640130324715
4.654962239583279	54.27507813008745
4.664962239583279	54.39251612985016
4.674962239583278	54.50995412961304
4.684962239583278	54.62739212937591
4.694962239583278	54.74483012913874
4.704962239583278	54.862268128901526
4.7149622395832775	54.979706128664226
4.724962239583277	55.09714412842701
4.734962239583277	55.214582128189875
4.744962239583277	55.33202012795265
4.754962239583277	55.4494581277156
4.7649622395832765	55.56689612747825
4.774962239583276	55.6843341272412
4.784962239583276	55.80177212700401
4.794962239583276	55.91921012676675
4.804962239583276	56.0366481265296
4.814962239583275	56.15408612629231
4.824962239583275	56.27152412605514
4.834962239583275	56.388962125817876
4.844962239583275	56.50640012558069
4.8549622395832746	56.62383812534339
4.864962239583274	56.74127612510622
4.874962239583274	56.858714124869046
4.884962239583274	56.97615212463193
4.894962239583274	57.093590124394815
4.9049622395832735	57.21102812415752
4.914962239583273	57.32846612392028
4.924962239583273	57.44590412368292
4.934962239583273	57.563342123445835
4.944962239583273	57.680780123208805
4.954962239583272	57.79821812297152
4.964962239583272	57.915656122734234
4.974962239583272	58.033094122497175
4.984962239583272	58.150532122259975
4.994962239583272	58.26797012202275
5.004962239583271	58.38540812178556
5.014962239583271	58.502846121548295
5.024962239583271	58.6202841213114
5.034962239583271	58.737722121073894
5.0449622395832705	58.85516012083662
5.05496223958327	58.97259812059953
5.06496223958327	59.090036120362264
5.07496223958327	59.207474120125305
5.08496223958327	59.324912119888054
5.094962239583269	59.442350119650754
5.104962239583269	59.55978811941348
5.114962239583269	59.67722611917642
5.124962239583269	59.794664118939224
5.134962239583269	59.91210211870199
5.144962239583268	60.029540118464716
5.154962239583268	60.146978118227636
5.164962239583268	60.26441611799032
5.174962239583268	60.38185411775325
5.1849622395832675	60.499292117515836
5.194962239583267	60.61673011727876
5.204962239583267	60.73416811704147
5.214962239583267	60.85160611680433
5.224962239583267	60.96904411656714
5.2349622395832665	61.08648211633001
5.244962239583266	61.203920116092746
5.254962239583266	61.321358115855375
5.264962239583266	61.43879611561831
5.274962239583266	61.55623411538111
5.284962239583265	61.67367211514392
5.294962239583265	61.79111011490673
5.304962239583265	61.9085481146696
5.314962239583265	62.02598611443232
5.3249622395832645	62.14342411419506
5.334962239583264	62.26086211395796
5.344962239583264	62.37830011372074
5.354962239583264	62.495738113483476
5.364962239583264	62.61317611324652
5.3749622395832635	62.730614113009196
5.384962239583263	62.848052112772145
5.394962239583263	62.9654901125349
5.404962239583263	63.08292811229745
5.414962239583263	63.20036611206032
5.424962239583262	63.31780411182324
5.434962239583262	63.43524211158599
5.444962239583262	63.55268011134899
5.454962239583262	63.670118111111634
5.4649622395832615	63.78755611087441
5.474962239583261	63.904994110637155
5.484962239583261	64.02243211040006
5.494962239583261	64.13987011016279
5.504962239583261	64.2573081099256
5.5149622395832605	64.37474610968842
5.52496223958326	64.49218410945117
5.53496223958326	64.60962210921397
5.54496223958326	64.72706010897677
5.55496223958326	64.84449810873961
5.564962239583259	64.96193610850247
5.574962239583259	65.0793741082653
5.584962239583259	65.19681210802811
5.594962239583259	65.3142501077908
5.604962239583259	65.43168810755358
5.614962239583258	65.54912610731643
5.624962239583258	65.6665641070793
5.634962239583258	65.78400210684205
5.644962239583258	65.9014401066049
5.6549622395832575	66.01887810636772
5.664962239583257	66.13631610613045
5.674962239583257	66.25375410589318
5.684962239583257	66.3711921056559
5.694962239583257	66.48863010541896
5.704962239583256	66.60606810518175
5.714962239583256	66.72350610494458
5.724962239583256	66.84094410470733
5.734962239583256	66.95838210446999
5.744962239583256	67.07582010423296
5.754962239583255	67.1932581039956
5.764962239583255	67.31069610375836
5.774962239583255	67.4281341035212
5.784962239583255	67.54557210328402
5.7949622395832545	67.66301010304686
5.804962239583254	67.78044810280953
5.814962239583254	67.89788610257243
5.824962239583254	68.01532410233527
5.834962239583254	68.13276210209806
5.8449622395832534	68.25020010186073
5.854962239583253	68.36763810162356
5.864962239583253	68.48507610138647
5.874962239583253	68.60251410114924
5.884962239583253	68.71995210091205
5.894962239583252	68.83739010067488
5.904962239583252	68.9548281004378
5.914962239583252	69.07226610020052
5.924962239583252	69.1897040999635
5.9349622395832515	69.30714209972597
5.944962239583251	69.42458009948892
5.954962239583251	69.54201809925173
5.964962239583251	69.65945609901448
5.974962239583251	69.77689409877742
5.9849622395832505	69.89433209854013
5.99496223958325	70.01177009830279
6.00496223958325	70.12920809806586
6.01496223958325	70.24664609782836
6.02496223958325	70.36408409759126
6.034962239583249	70.4815220973542
6.044962239583249	70.59896009711682
6.054962239583249	70.71639809687969
6.064962239583249	70.83383609664264
6.0749622395832485	70.95127409640521
6.084962239583248	71.0687120961682
6.094962239583248	71.18615009593087
6.104962239583248	71.30358809569384
6.114962239583248	71.42102609545657
6.1249622395832475	71.53846409521938
6.134962239583247	71.65590209498211
6.144962239583247	71.77334009474492
6.154962239583247	71.89077809450778
6.164962239583247	72.00821609427047
6.174962239583246	72.12565409403338
6.184962239583246	72.24309209379626
6.194962239583246	72.36053009355884
6.204962239583246	72.47796809332188
6.214962239583246	72.59540609308483
6.224962239583245	72.7128440928475
6.234962239583245	72.83028209261016
6.244962239583245	72.94772009237313
6.254962239583245	73.06515809213552
6.2649622395832445	73.18259609189862
6.274962239583244	73.30003409166144
6.284962239583244	73.41747209142426
6.294962239583244	73.5349100911869
6.304962239583244	73.65234809094984
6.314962239583243	73.76978609071257
6.324962239583243	73.88722409047539
6.334962239583243	74.00466209023816
6.344962239583243	74.12210009000096
6.354962239583243	74.23953808976377
6.364962239583242	74.35697608952655
6.374962239583242	74.47441408928943
6.384962239583242	74.59185208905217
6.394962239583242	74.70929008881502
6.4049622395832415	74.82672808857764
6.414962239583241	74.94416608834062
6.424962239583241	75.06160408810338
6.434962239583241	75.17904208786616
6.444962239583241	75.29648008762898
6.4549622395832404	75.41391808739196
6.46496223958324	75.53135608715479
6.47496223958324	75.64879408691749
6.48496223958324	75.7662320866803
6.49496223958324	75.8836700864429
6.504962239583239	76.00110808620583
6.514962239583239	76.11854608596896
6.524962239583239	76.23598408573139
6.534962239583239	76.35342208549433
6.5449622395832385	76.47086008525723
6.554962239583238	76.58829808501979
6.564962239583238	76.7057360847825
6.574962239583238	76.82317408454563
6.584962239583238	76.9406120843082
6.5949622395832375	77.0580500840711
6.604962239583237	77.17548808383388
6.614962239583237	77.29292608359684
6.624962239583237	77.41036408335941
6.634962239583237	77.52780208312232
6.644962239583236	77.64524008288505
6.654962239583236	77.762678082648
6.664962239583236	77.88011608241052
6.674962239583236	77.99755408217341
6.6849622395832355	78.11499208193612
6.694962239583235	78.23243008169919
6.704962239583235	78.34986808146188
6.714962239583235	78.46730608122444
6.724962239583235	78.58474408098759
6.7349622395832345	78.70218208075029
6.744962239583234	78.81962008051329
6.754962239583234	78.93705808027592
6.764962239583234	79.05449608003879
6.774962239583234	79.17193407980157
6.784962239583233	79.28937207956442
6.794962239583233	79.40681007932716
6.804962239583233	79.52424807908966
6.814962239583233	79.64168607885289
6.824962239583233	79.7591240786155
6.834962239583232	79.87656207837829
6.844962239583232	79.9940000781413
6.854962239583232	80.11143868835602
6.864962239583232	80.22887669039314
6.8749622395832315	80.34631469243011
6.884962239583231	80.46375269446733
6.894962239583231	80.58119069650446
6.904962239583231	80.69862869854175
6.914962239583231	80.81606670057879
6.92496223958323	80.93350470261596
6.93496223958323	81.05094270465311
6.94496223958323	81.16838004970863
6.95496223958323	81.28581804942779
6.96496223958323	81.40325604914659
6.974962239583229	81.52069404886564
6.984962239583229	81.63813204858482
6.994962239583229	81.7555700483034
7.004962239583229	81.87300804802243
7.0149622395832285	81.9904460477419
7.024962239583228	82.10788404746089
7.034962239583228	82.22532204717979
7.044962239583228	82.34276004689852
7.054962239583228	82.46019804661752
7.064962239583227	82.5776360463368
7.074962239583227	82.69507404605547
7.084962239583227	82.81251204577477
7.094962239583227	82.92995004549357
7.104962239583227	83.04738804521268
7.114962239583226	83.16482604493163
7.124962239583226	83.28226404465059
7.134962239583226	83.39970204436969
7.144962239583226	83.51714004408858
7.1549622395832255	83.63457804380748
7.164962239583225	83.75201604352654
7.174962239583225	83.8694540432456
7.184962239583225	83.98689204296436
7.194962239583225	84.10433004268373
7.2049622395832245	84.22176804240262
7.214962239583224	84.33920604212135
7.224962239583224	84.45664404184062
7.234962239583224	84.5740820415594
7.244962239583224	84.69152004127842
7.254962239583223	84.80895804099765
7.264962239583223	84.92639604071634
7.274962239583223	85.0438340404353
7.284962239583223	85.1612720401543
7.2949622395832225	85.27871003987343
7.304962239583222	85.39614803959226
7.314962239583222	85.5135860393114
7.324962239583222	85.63102403903045
7.334962239583222	85.74846203874921
7.3449622395832215	85.86590003846854
7.354962239583221	85.9833380381875
7.364962239583221	86.10077603790637
7.374962239583221	86.21821403762526
7.384962239583221	86.33565203734433
7.39496223958322	86.45309003706315
7.40496223958322	86.57052803678198
7.41496223958322	86.68796603650131
7.42496223958322	86.80540403622052
7.43496223958322	86.92284203593913
7.444962239583219	87.04028003565828
7.454962239583219	87.15771803537693
7.464962239583219	87.27515603509586
7.474962239583219	87.39259403481519
7.4849622395832185	87.51003203453402
7.494962239583218	87.62747003425318
7.504962239583218	87.74490803397173
7.514962239583218	87.86234603369081
7.524962239583218	87.97978403340994
7.534962239583217	88.0972220331291
7.544962239583217	88.21466003284806
7.554962239583217	88.33209803256725
7.564962239583217	88.44953603228596
7.574962239583217	88.56697403200482
7.584962239583216	88.68441203172397
7.594962239583216	88.80185003144342
7.604962239583216	88.91928803116186
7.614962239583216	89.03672603088093
7.6249622395832155	89.15416403059996
7.634962239583215	89.27160203031917
7.644962239583215	89.38904003003789
7.654962239583215	89.50647802975685
7.664962239583215	89.62391602947572
7.674962239583214	89.74135402919481
7.684962239583214	89.85879202891395
7.694962239583214	89.97623002863287
7.704962239583214	90.0936680283519
7.714962239583214	90.21110602807076
7.724962239583213	90.32854402778997
7.734962239583213	90.44598202750839
7.744962239583213	90.56342002722772
7.754962239583213	90.68085802694686
7.7649622395832125	90.7982960266655
7.774962239583212	90.9157340263846
7.784962239583212	91.03317202610351
7.794962239583212	91.15061002582257
7.804962239583212	91.26804802554142
7.8149622395832115	91.38548602526049
7.824962239583211	91.50292402497924
7.834962239583211	91.6203620246986
7.844962239583211	91.73780002441754
7.854962239583211	91.85523802413637
7.86496223958321	91.97267602385506
7.87496223958321	92.09011402357419
7.88496223958321	92.20755202329325
7.89496223958321	92.32499002301243
7.9049622395832095	92.44242802273128
7.914962239583209	92.55986602245059
7.924962239583209	92.67730402216965
7.934962239583209	92.79474202188808
7.944962239583209	92.91218009136784
7.9549622395832085	93.02961809138813
7.964962239583208	93.14705609140813
7.974962239583208	93.26449409142874
7.984962239583208	93.38193209144883
7.994962239583208	93.49937009146865
8.004962239583207	93.61680809148886
8.014962239583207	93.73424609150915
8.024962239583207	93.85168409152932
8.034962239583207	93.96912209154955
8.044962239583207	94.08656009156982
8.054962239583206	94.20399809159007
8.064962239583206	94.32143609160988
8.074962239583206	94.43887409163011
8.084962239583206	94.55631209165068
8.094962239583205	94.67375009167061
8.104962239583205	94.7911880916908
8.114962239583205	94.90862609171107
8.124962239583205	95.02606409173133
8.134962239583205	95.14350209175142
8.144962239583204	95.26094009177133
8.154962239583204	95.37837809179162
8.164962239583204	95.49581609181189
8.174962239583204	95.61325409183186
8.184962239583204	95.73069209185219
8.194962239583203	95.84813009187239
8.204962239583203	95.96556809189244
8.214962239583203	96.08300609191271
8.224962239583203	96.20044409193278
8.234962239583203	96.31788209195314
8.244962239583202	96.4353200919735
8.254962239583202	96.55275809199361
8.264962239583202	96.67019609201378
8.274962239583202	96.7876340920338
8.284962239583201	96.90507209205413
8.294962239583201	97.02251009207438
8.304962239583201	97.13994809209449
8.3149622395832	97.25738609211466
8.3249622395832	97.37482409213479
8.3349622395832	97.49226209215469
8.3449622395832	97.60970009217526
8.3549622395832	97.72713809219522
8.3649622395832	97.84457609221535
8.3749622395832	97.96201409223572
8.3849622395832	98.07945209225555
8.394962239583199	98.196890092276
8.404962239583199	98.31432809229617
8.414962239583199	98.4317660923163
8.424962239583198	98.54920409233652
8.434962239583198	98.66664209235675
8.444962239583198	98.78408009237697
8.454962239583198	98.90151809239697
8.464962239583198	99.01895609241731
8.474962239583197	99.13639409243746
8.484962239583197	99.25383209245771
8.494962239583197	99.371270092478
8.504962239583197	99.48870809249794
8.514962239583197	99.60614609251832
8.524962239583196	99.72358409253826
8.534962239583196	99.84102209255857
8.544962239583196	99.95846009257859
8.554962239583196	100.0758980925992
8.564962239583195	100.19333609261919
8.574962239583195	100.31077409263925
8.584962239583195	100.42821209265966
8.594962239583195	100.5456500926796
8.604962239583195	100.66308809269987
8.614962239583194	100.78052609271997
8.624962239583194	100.89796409274005
8.634962239583194	101.01540209276074
8.644962239583194	101.13284009278084
8.654962239583194	101.25027809280091
8.664962239583193	101.36771609282066
8.674962239583193	101.4851540928411
8.684962239583193	101.60259209286139
8.694962239583193	101.72003009288166
8.704962239583192	101.83746809290176
8.714962239583192	101.95490609292185
8.724962239583192	102.07234409294196
8.734962239583192	102.18978209296212
8.744962239583192	102.30722009298258
8.754962239583191	102.42465809300231
8.764962239583191	102.54209609302285
8.774962239583191	102.65953409304325
8.78496223958319	102.77697209306304
8.79496223958319	102.89441009308348
8.80496223958319	103.01184809310368
8.81496223958319	103.12928609312381
8.82496223958319	103.24672409314397
8.83496223958319	103.36416209316423
8.84496223958319	103.48160009318447
8.85496223958319	103.59903809320458
8.864962239583189	103.71647609322484
8.874962239583189	103.83391409324514
8.884962239583189	103.95135209326516
8.894962239583188	104.06879009328539
8.904962239583188	104.18622809330574
8.914962239583188	104.30366609332559
8.924962239583188	104.42110409334605
8.934962239583188	104.53854209336582
8.944962239583187	104.65598009338615
8.954962239583187	104.77341809340645
8.964962239583187	104.8908560934267
8.974962239583187	105.00829409344676
8.984962239583187	105.12573209346702
8.994962239583186	105.24317009348705
9.004962239583186	105.36060809350727
9.014962239583186	105.47804609352775
9.024962239583186	105.59548409354795
9.034962239583185	105.71292209356804
9.044962239583185	105.8303600935882
9.054962239583185	105.94779809360828
9.064962239583185	106.0652360936287
9.074962239583185	106.18267412136287
9.084962239583184	106.30011208174982
9.094962239583184	106.41755008208452
9.104962239583184	106.53498808241861
9.114962239583184	106.65242608275301
9.124962239583184	106.7698640830872
9.134962239583183	106.8873020834219
9.144962239583183	107.00474008375613
9.154962239583183	107.12217808409063
9.164962239583183	107.23961608442494
9.174962239583182	107.35705408475972
9.184962239583182	107.47449208509383
9.194962239583182	107.59193008542798
9.204962239583182	107.70936808576239
9.214962239583182	107.82680608609692
9.224962239583181	107.94424408643118
9.234962239583181	108.06168208676559
9.244962239583181	108.17912008710003
9.25496223958318	108.29655808743452
9.26496223958318	108.41399608776916
9.27496223958318	108.53143408810331
9.28496223958318	108.64887208843766
9.29496223958318	108.76631008877195
9.30496223958318	108.88374808910633
9.31496223958318	109.0011860894409
9.32496223958318	109.11862408977517
9.334962239583179	109.2360620901097
9.344962239583179	109.35350009044431
9.354962239583179	109.47093809077847
9.364962239583178	109.58837609111269
9.374962239583178	109.70581409144732
9.384962239583178	109.82325209178153
9.394962239583178	109.9406900921159
9.404962239583178	110.05812809245018
9.414962239583177	110.17556609278482
9.424962239583177	110.29300409311927
9.434962239583177	110.4104420934535
9.444962239583177	110.52788009378781
9.454962239583176	110.64531809412243
9.464962239583176	110.76275609445659
9.474962239583176	110.88019409479124
9.484962239583176	110.99763209512523
9.494962239583176	111.11507009545973
9.504962239583175	111.23250809579385
9.514962239583175	111.34994609612842
9.524962239583175	111.46738409646306
9.534962239583175	111.58482209679711
9.544962239583175	111.70226009713167
9.554962239583174	111.81969809746629
9.564962239583174	111.93713609780113
9.574962239583174	112.05457409813515
9.584962239583174	112.17201209846932
9.594962239583174	112.28945009880377
9.604962239583173	112.40688809913819
9.614962239583173	112.52432609947229
9.624962239583173	112.64176409980719
9.634962239583173	112.75920210014152
9.644962239583172	112.87664010047567
9.654962239583172	112.99407809217689
9.664962239583172	113.11151609237396
9.674962239583172	113.22895409257146
9.684962239583172	113.34639209276914
9.694962239583171	113.4638300929662
9.704962239583171	113.58126809316373
9.714962239583171	113.69870609336141
9.72496223958317	113.81614409355869
9.73496223958317	113.93358209375631
9.74496223958317	114.0510200939538
9.75496223958317	114.16845809415103
9.76496223958317	114.28589609434823
9.77496223958317	114.40333409454578
9.78496223958317	114.52077209474344
9.79496223958317	114.63821009494067
9.804962239583169	114.7556480951383
9.814962239583169	114.87308609533576
9.824962239583169	114.99052409553308
9.834962239583168	115.10796209573068
9.844962239583168	115.22540009592812
9.854962239583168	115.34283809612536
9.864962239583168	115.46027609632296
9.874962239583168	115.57771409652028
9.884962239583167	115.69515209671788
9.894962239583167	115.8125900969154
9.904962239583167	115.930028097113
9.914962239583167	116.04746609731016
9.924962239583166	116.16490409750787
9.934962239583166	116.2823420977053
9.944962239583166	116.39978009790248
9.954962239583166	116.51721811200615
9.964962239583166	116.63465606522206
9.974962239583165	116.75209406516849
9.984962239583165	116.86953206511403
9.994962239583165	116.98697006505977
10.004962239583165	117.1044080650056
10.014962239583165	117.22184606495156
10.024962239583164	117.33928406489731
10.034962239583164	117.45672206484335
10.044962239583164	117.57416006478914
10.054962239583164	117.69159806473483
10.064962239583163	117.80903606468043
10.074962239583163	117.92647406462682
10.084962239583163	118.04391206457254
10.094962239583163	118.16135006451832
10.104962239583163	118.27878806446422
10.114962239583162	118.39622606440996
10.124962239583162	118.51366406435585
10.134962239583162	118.63110206430134
10.144962239583162	118.74854006424749
10.154962239583162	118.86597806419375
10.164962239583161	118.9834160641393
10.174962239583161	119.10085406408496
10.184962239583161	119.21829206403123
10.19496223958316	119.33573006397653
10.20496223958316	119.45316806392239
10.21496223958316	119.57060606386844
10.22496223958316	119.68804406381392
10.23496223958316	119.80548206376022
10.24496223958316	119.922920063706
10.25496223958316	120.04035806365182
10.26496223958316	120.15779606359753
10.274962239583159	120.27523406354364
10.284962239583159	120.39267206348916
10.294962239583159	120.51011006343502
10.304962239583158	120.62754806338125
10.314962239583158	120.7449860633269
10.324962239583158	120.86242406327251
10.334962239583158	120.97986206321877
10.344962239583158	121.09730006316434
10.354962239583157	121.21473806311003
10.364962239583157	121.3321760630562
10.374962239583157	121.44961406300186
10.384962239583157	121.56705206294775
10.394962239583156	121.68449006289374
10.404962239583156	121.80192806283965
10.414962239583156	121.91936606278527
10.424962239583156	122.0368040627309
10.434962239583156	122.15424206267717
10.444962239583155	122.27168006262286
10.454962239583155	122.38911806256861
10.464962239583155	122.5065560625145
10.474962239583155	122.62399406246054
10.484962239583155	122.74143206240606
10.494962239583154	122.85887006235265
10.504962239583154	122.97630806229797
10.514962239583154	123.0937460622436
10.524962239583154	123.21118406218999
10.534962239583153	123.3286220621353
10.544962239583153	123.44606006208133
10.554962239583153	123.56349806202732
10.564962239583153	123.68093606197311
10.574962239583153	123.79837406191893
10.584962239583152	123.91581206186476
10.594962239583152	124.0332500618104
10.604962239583152	124.15068806175638
10.614962239583152	124.2681260617021
10.624962239583152	124.38556405792121
10.634962239583151	124.50300207549536
10.644962239583151	124.62044007534776
10.654962239583151	124.73787807520038
10.66496223958315	124.8553160750526
10.67496223958315	124.97275407490491
10.68496223958315	125.09019207475704
10.69496223958315	125.20763007460955
10.70496223958315	125.32506807446158
10.71496223958315	125.4425060743142
10.72496223958315	125.55994407416617
10.73496223958315	125.67738207401857
10.744962239583149	125.79482007387058
10.754962239583149	125.91225807372314
10.764962239583149	126.02969607357514
10.774962239583148	126.14713407342765
10.784962239583148	126.26457207327985
10.794962239583148	126.38201007313195
10.804962239583148	126.49944807298435
10.814962239583148	126.61688607283658
10.824962239583147	126.7343240726892
10.834962239583147	126.85176207254122
10.844962239583147	126.96920007239359
10.854962239583147	127.08663807224552
10.864962239583146	127.20407607209778
10.874962239583146	127.32151407195005
10.884962239583146	127.43895207180196
10.894962239583146	127.55639007165432
10.904962239583146	127.67382807150663
10.914962239583145	127.7912660713591
10.924962239583145	127.90870407121137
10.934962239583145	128.0261420710631
10.944962239583145	128.14358007091585
10.954962239583145	128.26101807076802
10.964962239583144	128.37845607062036
10.974962239583144	128.49589407047273
10.984962239583144	128.61333207032476
10.994962239583144	128.73077007017733
11.004962239583143	128.8482080700294
11.014962239583143	128.96564606988147
11.024962239583143	129.08308406973396
11.034962239583143	129.20052206958604
11.044962239583143	129.3179600694388
11.054962239583142	129.43539806929078
11.064962239583142	129.55283606914264
11.074962239583142	129.6702740689952
11.084962239583142	129.78771206884744
11.094962239583142	129.90515006869978
11.104962239583141	130.02258806855176
11.114962239583141	130.14002606840427
11.124962239583141	130.25746406825664
11.13496223958314	130.37490206810884
11.14496223958314	130.4923400679614
11.15496223958314	130.6097780678134
11.16496223958314	130.72531486759198
11.17496223958314	130.82299486803987
11.18496223958314	130.9206748684882
11.19496223958314	131.01835486893586
11.20496223958314	131.1160348693844
11.214962239583139	131.21371486983222
11.224962239583139	131.31139487028048
11.234962239583139	131.40907487072883
11.244962239583138	131.5067548711765
11.254962239583138	131.60443487162468
11.264962239583138	131.7021148720729
11.274962239583138	131.79979487252078
11.284962239583137	131.89747487296884
11.294962239583137	131.99515487341714
11.304962239583137	132.09283487386523
11.314962239583137	132.1905148743129
11.324962239583137	132.28819487476127
11.334962239583136	132.38587487520925
11.344962239583136	132.4835548756578
11.354962239583136	132.5812348761058
11.364962239583136	132.67891487655376
11.374962239583136	132.776594877002
11.384962239583135	132.87427487744986
11.394962239583135	132.97195487789793
11.404962239583135	133.06963487834625
11.414962239583135	133.16731487879423
11.424962239583135	133.26499487924207
11.434962239583134	133.36267487969056
11.444962239583134	133.46035488013854
11.454962239583134	133.55803488058658
11.464962239583134	133.6557148810351
11.474962239583133	133.75339488148296
11.484962239583133	133.85107488193105
11.494962239583133	133.94875488237926
11.504962239583133	134.04643488282736
11.514962239583133	134.14411488327494
11.524962239583132	134.24179488372351
11.534962239583132	134.33947488417135
11.544962239583132	134.43715488461947
11.554962239583132	134.5348348850679
11.564962239583132	134.63251488551586
11.574962239583131	134.73019488596395
11.584962239583131	134.827874886412
11.59496223958313	134.92555488686006
11.60496223958313	135.02323488904426
11.61496223958313	135.12091486210582
11.62496223958313	135.21859486267581
11.63496223958313	135.31627486324524
11.64496223958313	135.4139548638144
11.65496223958313	135.51163486438432
11.66496223958313	135.60931486495397
11.67496223958313	135.70699486552363
11.684962239583129	135.80467486609263
11.694962239583129	135.90235486666262
11.704962239583129	136.00003486723188
11.714962239583128	136.09771486780136
11.724962239583128	136.19539486837127
11.734962239583128	136.2930748689406
11.744962239583128	136.3907548695105
11.754962239583127	136.48843487007966
11.764962239583127	136.58611487064917
11.774962239583127	136.6837948712188
11.784962239583127	136.78147487178828
11.794962239583127	136.87915487235762
11.804962239583126	136.97683487292736
11.814962239583126	137.0745148734969
11.824962239583126	137.1721948740667
11.834962239583126	137.26987487463632
11.844962239583126	137.3675548752056
11.854962239583125	137.46523487577525
11.864962239583125	137.56291487634493
11.874962239583125	137.66059487691433
11.884962239583125	137.75827487748415
11.894962239583124	137.85595487805324
11.904962239583124	137.95363487862267
11.914962239583124	138.05131487919226
11.924962239583124	138.14899487976203
11.934962239583124	138.24667488033182
11.944962239583123	138.34435488090102
11.950000000000001	138.39356373659092
1000011.95	138.39356373659092
