-100000	0
0	0
0.0033333333333333335	0.033008778655467225
0.008333333333333333	0.08315810317289093
0.01583333333333333	0.15920533504773043
0.02708333333333333	0.2745979789002297
0.043958333333333335	0.4498157454655185
0.06927083333333334	0.7162627539749594
0.10723958333333333	1.1220356571728742
0.16419270833333333	1.7409313283576364
0.24962239583333334	2.6860774690091693
0.3496223958333333	3.8109080339426864
0.4496223958333333	4.950232329089776
0.5496223958333333	6.100211551774692
0.6496223958333333	7.258159354004285
0.7496223958333332	8.42199717329129
0.8496223958333332	9.59011664191695
0.9496223958333332	10.761237177806656
1.0496223958333333	11.934309670108565
1.1496223958333334	13.108230166747694
1.2496223958333335	14.282610162102142
1.3496223958333335	15.456990157456648
1.4496223958333336	16.63137015281112
1.5496223958333337	17.805750148165625
1.6496223958333338	18.98013014352009
1.749622395833334	20.15451013887461
1.849622395833334	21.328890134229063
1.949622395833334	22.503270129583502
2.049622395833334	23.677650124937987
2.149622395833334	24.85203012029248
2.249622395833334	26.02641011564699
2.349622395833334	27.200790111001485
2.4496223958333343	28.375170106355878
2.5496223958333344	29.549550101710395
2.6496223958333345	30.723930097064905
2.7496223958333346	31.898310092419432
2.8496223958333347	33.07269008777385
2.9496223958333347	34.247070083128264
3.049622395833335	35.42145007848276
3.149622395833335	36.59583007383736
3.249622395833335	37.770210069191684
3.349622395833335	38.94459006454635
3.449622395833335	40.11897005990078
3.5496223958333353	41.2933500552554
3.6496223958333354	42.46773005060983
3.7496223958333355	43.64211004596424
3.8496223958333355	44.81649004131874
3.9496223958333356	45.99087003667329
4.049622395833335	47.16525003202753
4.149622395833335	48.33963002738208
4.249622395833335	49.51401002273643
4.349622395833334	50.688390018091056
4.449622395833334	51.86277001344561
4.5496223958333335	53.03715000880004
4.649622395833333	54.211530004154504
4.749622395833333	55.385909999509025
4.849622395833332	56.560289994863545
4.949622395833332	57.73466999021783
5.049622395833332	58.90904998557239
5.149622395833331	60.083429980926866
5.249622395833331	61.25780997628139
5.349622395833331	62.43218997163579
5.44962239583333	63.60656996699032
5.54962239583333	64.78094996234466
5.64962239583333	65.95532995769922
5.749622395833329	67.1297099530538
5.849622395833329	68.30408994840816
5.9496223958333285	69.47846994376276
6.049622395833328	70.65284993911717
6.149622395833328	71.8272299344715
6.2496223958333275	73.00160992982616
6.349622395833327	74.17598992518046
6.449622395833327	75.35036992053519
6.549622395833326	76.52474991588949
6.649622395833326	77.69912991124377
6.749622395833326	78.87350990659827
6.849622395833325	80.04786267813536
6.949622395833325	81.22226998263888
7.049622395833325	82.39664998063944
7.149622395833324	83.5710299786396
7.249622395833324	84.74540997663993
7.3496223958333236	85.91978997464057
7.449622395833323	87.09416997264074
7.549622395833323	88.26854997064127
7.6496223958333225	89.44292996864144
7.749622395833322	90.61730996664215
7.849622395833322	91.79168996464257
7.949622395833321	92.96607005535789
8.049622395833321	94.14045005479046
8.14962239583332	95.31483005422362
8.24962239583332	96.48921005365611
8.34962239583332	97.66359005308875
8.44962239583332	98.83797005252164
8.54962239583332	100.01235005195488
8.649622395833319	101.18673005138743
8.749622395833319	102.36111005082043
8.849622395833318	103.53549005025279
8.949622395833318	104.70987004968606
9.049622395833318	105.88425004911892
9.149622395833317	107.05863003975566
9.249622395833317	108.23301003903755
9.349622395833316	109.4073900383196
9.449622395833316	110.58177003760136
9.549622395833316	111.75615003688392
9.649622395833315	112.93053003616542
9.749622395833315	114.10491002657844
9.849622395833315	115.27929002565463
9.949622395833314	116.45367002473078
10.049622395833314	117.62804999143664
10.149622395833314	118.80242999056033
10.249622395833313	119.9768099896842
10.349622395833313	121.15118998880801
10.449622395833313	122.32556998793181
10.549622395833312	123.49994998705527
10.649622395833312	124.67432998635583
10.749622395833311	125.84870998540924
10.849622395833311	127.02308998446189
10.94962239583331	128.19746998351522
11.04962239583331	129.37184998256794
11.14962239583331	130.54622998162108
11.24962239583331	131.55143725629895
11.34962239583331	132.52823725558892
11.449622395833309	133.5050372548789
11.549622395833309	134.48183725416794
11.649622395833308	135.45863724162686
11.749622395833308	136.4354372408526
11.849622395833308	137.41223724007787
11.949622395833307	138.38903723930272
11.950000000000001	138.39272573715976
1000011.95	138.39272573715976
