-100000	0
0	0
0.0003333333333333333	0.0032684094367904093
0.0008333333333333333	0.008193885249361575
0.0015833333333333333	0.015610922121326424
0.0027083333333333334	0.02678247214886981
0.004395833333333333	0.04361742146903161
0.006927083333333334	0.06900392494153766
0.010723958333333335	0.10731975476647906
0.016419270833333336	0.16521015147918025
0.024962239583333337	0.2527828661765452
0.03496223958333334	0.35618969235989856
0.04496223958333334	0.4603955746210159
0.05496223958333334	0.5652852237651045
0.06496223958333334	0.6707773677483817
0.07496223958333334	0.7768107958034541
0.08496223958333333	0.8833371663894963
0.09496223958333333	0.9903172653134016
0.10496223958333332	1.0977178924712507
0.11496223958333332	1.2055109032224338
0.12496223958333331	1.3136719810044388
0.1349622395833333	1.4221798573818558
0.14496223958333332	1.5310156832607458
0.15496223958333333	1.6401621775490152
0.16496223958333334	1.7496041650289034
0.17496223958333335	1.8593277264161867
0.18496223958333335	1.9693201000169003
0.19496223958333336	2.0795695163294647
0.20496223958333337	2.190065225451739
0.21496223958333338	2.300797190646236
0.2249622395833334	2.4117559461772204
0.2349622395833334	2.5229329247846644
0.2449622395833334	2.63431992769376
0.2549622395833334	2.7459092198790103
0.2649622395833334	2.85769349421341
0.27496223958333343	2.9696659419518636
0.28496223958333344	3.0818200974179977
0.29496223958333345	3.1941498153803516
0.30496223958333346	3.3066492669211827
0.31496223958333347	3.419312829462528
0.3249622395833335	3.532135219347574
0.3349622395833335	3.645111200188402
0.3449622395833335	3.758236138731352
0.3549622395833335	3.8715050844319303
0.3649622395833335	3.984913829415924
0.3749622395833335	4.098458051696408
0.38496223958333353	4.212133575902141
0.39496223958333354	4.325936449782957
0.40496223958333355	4.439862846258714
0.41496223958333356	4.553909056759942
0.42496223958333357	4.6680715793375285
0.4349622395833336	4.782346957755031
0.4449622395833336	4.896731923843762
0.4549622395833336	5.01122329304851
0.4649622395833336	5.125817837345048
0.4749622395833336	5.240512583667688
0.4849622395833336	5.355304715486461
0.49496223958333363	5.4701913305779595
0.5049622395833336	5.585169717519588
0.5149622395833336	5.700237193700391
0.5249622395833337	5.81539115982417
0.5349622395833337	5.930629223051271
0.5449622395833337	6.045948844768919
0.5549622395833337	6.161347815377733
0.5649622395833337	6.276823690432661
0.5749622395833337	6.392374275842635
0.5849622395833337	6.50799737905503
0.5949622395833337	6.623690926473095
0.6049622395833337	6.739452845369306
0.6149622395833337	6.855281139516561
0.6249622395833337	6.971173770282004
0.6349622395833338	7.087129020790231
0.6449622395833338	7.203144846747473
0.6549622395833338	7.319219540799769
0.6649622395833338	7.435351357918754
0.6749622395833338	7.5515384577619145
0.6849622395833338	7.66777934566385
0.6949622395833338	7.784072191393835
0.7049622395833338	7.900415574369168
0.7149622395833338	8.016807857759337
0.7249622395833338	8.133247499145982
0.7349622395833338	8.249733071786622
0.7449622395833339	8.366263104866212
0.7549622395833339	8.482836264280486
0.7649622395833339	8.599451110984791
0.7749622395833339	8.716106298178461
0.7849622395833339	8.832800583863113
0.7949622395833339	8.949532622818827
0.8049622395833339	9.066301218705112
0.8149622395833339	9.183105097241222
0.8249622395833339	9.29994307858007
0.8349622395833339	9.416814111091547
0.8449622395833339	9.533716910523221
0.854962239583334	9.650650446755623
0.864962239583334	9.76761371674649
0.874962239583334	9.884605557104662
0.884962239583334	10.00162497634378
0.894962239583334	10.118671004462014
0.904962239583334	10.23574261772728
0.914962239583334	10.352838914490652
0.924962239583334	10.469959048191859
0.934962239583334	10.587101992417518
0.944962239583334	10.704266899480578
0.954962239583334	10.821452932281513
0.964962239583334	10.938659260145387
0.9749622395833341	11.05588494548111
0.9849622395833341	11.173129350103293
0.9949622395833341	11.290391711784729
1.004962239583334	11.407671196114483
1.014962239583334	11.524967051124746
1.024962239583334	11.6422786470449
1.034962239583334	11.759605264922778
1.044962239583334	11.876946217476458
1.054962239583334	11.994300870331706
1.064962239583334	12.11166858295551
1.074962239583334	12.22904870994285
1.084962239583334	12.34644066949228
1.094962239583334	12.463843935713344
1.104962239583334	12.58125798860108
1.114962239583334	12.698682160665985
1.124962239583334	12.815648544361567
1.134962239583334	12.933086543210665
1.144962239583334	13.050524542059724
1.154962239583334	13.167962540908816
1.1649622395833341	13.285400539757934
1.1749622395833341	13.40283853860698
1.1849622395833341	13.520276537456045
1.1949622395833341	13.637714536305097
1.2049622395833341	13.755152535154219
1.2149622395833342	13.872590534003272
1.2249622395833342	13.990028532852307
1.2349622395833342	14.107466531701357
1.2449622395833342	14.224904530550468
1.2549622395833342	14.342342529399474
1.2649622395833342	14.459780528248661
1.2749622395833342	14.5772185270977
1.2849622395833342	14.694656525946815
1.2949622395833342	14.812094524795823
1.3049622395833342	14.92953252364494
1.3149622395833342	15.046970522494002
1.3249622395833343	15.164408521343093
1.3349622395833343	15.281846520192161
1.3449622395833343	15.399284519041245
1.3549622395833343	15.516722517890212
1.3649622395833343	15.634160516739383
1.3749622395833343	15.751598515588467
1.3849622395833343	15.869036514437543
1.3949622395833343	15.986474513286604
1.4049622395833343	16.103912512135672
1.4149622395833343	16.221350510984742
1.4249622395833343	16.338788509833805
1.4349622395833344	16.456226508682903
1.4449622395833344	16.57366450753201
1.4549622395833344	16.691102506381057
1.4649622395833344	16.808540505230162
1.4749622395833344	16.925978504079225
1.4849622395833344	17.043416502928267
1.4949622395833344	17.16085450177738
1.5049622395833344	17.278292500626403
1.5149622395833344	17.395730499475498
1.5249622395833344	17.513168498324596
1.5349622395833344	17.630606497173645
1.5449622395833345	17.748044496022725
1.5549622395833345	17.865482494871785
1.5649622395833345	17.98292049372089
1.5749622395833345	18.10035849256995
1.5849622395833345	18.21779649141899
1.5949622395833345	18.33523449026816
1.6049622395833345	18.45267248911714
1.6149622395833345	18.57011048796623
1.6249622395833345	18.68754848681528
1.6349622395833345	18.804986485664383
1.6449622395833345	18.922424484513442
1.6549622395833345	19.03986248336248
1.6649622395833346	19.157300482211625
1.6749622395833346	19.274738481060727
1.6849622395833346	19.392176479909782
1.6949622395833346	19.509614478758817
1.7049622395833346	19.627052477607958
1.7149622395833346	19.744490476457013
1.7249622395833346	19.861928475306055
1.7349622395833346	19.979366474155135
1.7449622395833346	20.096804473004244
1.7549622395833346	20.21424247185328
1.7649622395833346	20.33168047070232
1.7749622395833347	20.449118469551472
1.7849622395833347	20.566556468400528
1.7949622395833347	20.683994467249583
1.8049622395833347	20.801432466098674
1.8149622395833347	20.91887046494775
1.8249622395833347	21.036308463796768
1.8349622395833347	21.15374646264587
1.8449622395833347	21.271184461494975
1.8549622395833347	21.388622460344063
1.8649622395833347	21.506060459193066
1.8749622395833347	21.623498458042228
1.8849622395833348	21.74093645689127
1.8949622395833348	21.858374455740286
1.9049622395833348	21.97581245458938
1.9149622395833348	22.093250453438518
1.9249622395833348	22.210688452287563
1.9349622395833348	22.328126451136587
1.9449622395833348	22.44556444998576
1.9549622395833348	22.5630024488348
1.9649622395833348	22.680440447683903
1.9749622395833348	22.79787844653294
1.9849622395833348	22.915316445382068
1.9949622395833349	23.03275444423101
2.004962239583335	23.150192443080194
2.0149622395833346	23.267630441929256
2.0249622395833344	23.385068440778312
2.034962239583334	23.502506439627435
2.044962239583334	23.61994443847643
2.054962239583334	23.737382437325483
2.0649622395833336	23.854820436174613
2.0749622395833334	23.97225843502366
2.084962239583333	24.089696433872767
2.094962239583333	24.20713443272174
2.1049622395833327	24.32457243157091
2.1149622395833325	24.442010430420016
2.1249622395833323	24.559448429269036
2.134962239583332	24.676886428118106
2.144962239583332	24.794324426967187
2.1549622395833317	24.911762425816235
2.1649622395833314	25.029200424665262
2.1749622395833312	25.1466384235144
2.184962239583331	25.26407642236349
2.194962239583331	25.381514421212504
2.2049622395833306	25.498952420061595
2.2149622395833304	25.616390418910665
2.22496223958333	25.73382841775973
2.23496223958333	25.851266416608908
2.2449622395833297	25.968704415457832
2.2549622395833295	26.086142414306952
2.2649622395833293	26.203580413156022
2.274962239583329	26.3210184120051
2.284962239583329	26.438456410854165
2.2949622395833287	26.555894409703235
2.3049622395833285	26.67333240855227
2.3149622395833283	26.790770407401393
2.324962239583328	26.90820840625043
2.334962239583328	27.025646405099515
2.3449622395833276	27.143084403948535
2.3549622395833274	27.260522402797733
2.364962239583327	27.37796040164675
2.374962239583327	27.49539840049586
2.3849622395833268	27.612836399344907
2.3949622395833265	27.730274398193988
2.4049622395833263	27.84771239704301
2.414962239583326	27.965150395892064
2.424962239583326	28.082588394741194
2.4349622395833257	28.200026393590296
2.4449622395833255	28.317464392439362
2.4549622395833253	28.434902391288357
2.464962239583325	28.552340390137473
2.474962239583325	28.669778388986483
2.4849622395833246	28.787216387835652
2.4949622395833244	28.904654386684573
2.504962239583324	29.02209238553375
2.514962239583324	29.13953038438287
2.5249622395833238	29.256968383231897
2.5349622395833236	29.374406382081045
2.5449622395833233	29.491844380930026
2.554962239583323	29.609282379779128
2.564962239583323	29.726720378628226
2.5749622395833227	29.844158377477257
2.5849622395833225	29.961596376326366
2.5949622395833223	30.07903437517538
2.604962239583322	30.19647237402442
2.614962239583322	30.313910372873558
2.6249622395833216	30.431348371722564
2.6349622395833214	30.548786370571722
2.644962239583321	30.666224369420696
2.654962239583321	30.783662368269937
2.664962239583321	30.901100367118932
2.6749622395833206	31.018538365968034
2.6849622395833204	31.135976364817097
2.69496223958332	31.25341436366613
2.70496223958332	31.370852362515226
2.7149622395833197	31.488290361364296
2.7249622395833195	31.605728360213387
2.7349622395833193	31.723166359062446
2.744962239583319	31.840604357911555
2.754962239583319	31.95804235676053
2.7649622395833187	32.07548035560965
2.7749622395833184	32.1929183544587
2.7849622395833182	32.31035635330768
2.794962239583318	32.42779435215695
2.804962239583318	32.545232351005986
2.8149622395833176	32.66267034985488
2.8249622395833174	32.78010834870412
2.834962239583317	32.8975463475532
2.844962239583317	33.014984346402265
2.8549622395833167	33.13242234525127
2.8649622395833165	33.249860344100256
2.8749622395833163	33.367298342949425
2.884962239583316	33.48473634179853
2.894962239583316	33.60217434064754
2.9049622395833157	33.71961233949668
2.9149622395833155	33.83705033834568
2.9249622395833152	33.95448833719472
2.934962239583315	34.071926336043866
2.944962239583315	34.18936433489294
2.9549622395833146	34.30680233374198
2.9649622395833144	34.424240332591005
2.974962239583314	34.54167833144015
2.984962239583314	34.659116330289194
2.9949622395833138	34.77655432913838
3.0049622395833135	34.893992327987455
3.0149622395833133	35.011430326836425
3.024962239583313	35.128868325685524
3.034962239583313	35.24630632453453
3.0449622395833127	35.363744323383614
3.0549622395833125	35.481182322232684
3.0649622395833123	35.59862032108182
3.074962239583312	35.716058319930916
3.084962239583312	35.83349631877997
3.0949622395833116	35.95093431762904
3.1049622395833114	36.06837231647823
3.114962239583311	36.18581031532722
3.124962239583311	36.30324831417622
3.1349622395833108	36.420686313025385
3.1449622395833106	36.53812431187433
3.1549622395833103	36.655562310723504
3.16496223958331	36.77300030957255
3.17496223958331	36.890438308421636
3.1849622395833097	37.00787630727073
3.1949622395833095	37.12531430611975
3.2049622395833093	37.24275230496882
3.214962239583309	37.360190303817845
3.224962239583309	37.477628302667036
3.2349622395833086	37.595066301516006
3.2449622395833084	37.712504300365055
3.254962239583308	37.82994229921413
3.264962239583308	37.9473802980632
3.274962239583308	38.06481829691228
3.2849622395833076	38.182256295761356
3.2949622395833074	38.299694294610404
3.304962239583307	38.41713229345957
3.314962239583307	38.53457029230862
3.3249622395833067	38.652008291157635
3.3349622395833065	38.7694462900069
3.3449622395833063	38.88688428885569
3.354962239583306	39.004322287704824
3.364962239583306	39.12176028655395
3.3749622395833057	39.239198285402985
3.3849622395833054	39.35663628425208
3.3949622395833052	39.47407428310123
3.404962239583305	39.59151228195024
3.414962239583305	39.7089502807993
3.4249622395833046	39.82638827964838
3.4349622395833044	39.943826278497404
3.444962239583304	40.061264277346524
3.454962239583304	40.178702276195565
3.4649622395833037	40.296140275044614
3.4749622395833035	40.41357827389379
3.4849622395833033	40.5310162727427
3.494962239583303	40.64845427159195
3.504962239583303	40.76589227044101
3.5149622395833027	40.88333026929012
3.5249622395833025	41.000768268139055
3.5349622395833022	41.11820626698819
3.544962239583302	41.235644265837315
3.554962239583302	41.35308226468623
3.5649622395833016	41.47052026353544
3.5749622395833014	41.587958262384575
3.584962239583301	41.70539626123349
3.594962239583301	41.8228342600826
3.6049622395833008	41.94027225893166
3.6149622395833005	42.05771025778072
3.6249622395833003	42.17514825662977
3.6349622395833	42.29258625547884
3.6449622395833	42.410024254327986
3.6549622395832997	42.52746225317711
3.6649622395832995	42.64490025202617
3.6749622395832993	42.762338250875075
3.684962239583299	42.8797762497244
3.694962239583299	42.99721424857328
3.7049622395832986	43.11465224742253
3.7149622395832984	43.23209024627139
3.724962239583298	43.3495282451206
3.734962239583298	43.46696624396969
3.7449622395832978	43.58440424281872
3.7549622395832976	43.70184224166773
3.7649622395832973	43.81928024051675
3.774962239583297	43.936718239365945
3.784962239583297	44.05415623821489
3.7949622395832967	44.171594237064056
3.8049622395832965	44.289032235913204
3.8149622395832963	44.4064702347622
3.824962239583296	44.52390823361132
3.834962239583296	44.641346232460315
3.8449622395832956	44.758784231309434
3.8549622395832954	44.87622223015849
3.864962239583295	44.993660229007425
3.874962239583295	45.1110982278566
3.884962239583295	45.22853622670571
3.8949622395832946	45.34597422555475
3.9049622395832944	45.463412224403925
3.914962239583294	45.580850223252874
3.924962239583294	45.69828822210205
3.9349622395832937	45.815726220951014
3.9449622395832935	45.933164219800055
3.9549622395832933	46.050602218649175
3.964962239583293	46.168040217498366
3.974962239583293	46.28547821634722
3.9849622395832927	46.40291621519647
3.9949622395832924	46.5203542140455
4.004962239583293	46.637792212894524
4.0149622395832925	46.7552302117437
4.024962239583292	46.87266821059274
4.034962239583292	46.99010620944188
4.044962239583292	47.10754420829103
4.054962239583292	47.22498220713994
4.064962239583291	47.342420205989
4.074962239583291	47.45985820483808
4.084962239583291	47.57729620368707
4.094962239583291	47.69473420253618
4.1049622395832905	47.81217220138528
4.11496223958329	47.92961020023443
4.12496223958329	48.047048199083484
4.13496223958329	48.16448619793264
4.14496223958329	48.28192419678159
4.1549622395832895	48.39936219563059
4.164962239583289	48.51680019447977
4.174962239583289	48.63423819332881
4.184962239583289	48.75167619217783
4.194962239583289	48.86911419102692
4.204962239583288	48.986552189876065
4.214962239583288	49.103990188725206
4.224962239583288	49.221428187574254
4.234962239583288	49.33886618642329
4.2449622395832876	49.45630418527229
4.254962239583287	49.57374218412143
4.264962239583287	49.691180182970385
4.274962239583287	49.80861818181957
4.284962239583287	49.92605618066869
4.2949622395832865	50.04349417951766
4.304962239583286	50.160932178366856
4.314962239583286	50.27837017721581
4.324962239583286	50.3958081760648
4.334962239583286	50.513246174914094
4.344962239583285	50.630684173762965
4.354962239583285	50.7481221726121
4.364962239583285	50.865560171461105
4.374962239583285	50.98299817031026
4.384962239583285	51.10043616915937
4.394962239583284	51.21787416800834
4.404962239583284	51.33531216685741
4.414962239583284	51.452750165706554
4.424962239583284	51.570188164555674
4.4349622395832835	51.68762616340472
4.444962239583283	51.805064162253814
4.454962239583283	51.92250216110281
4.464962239583283	52.03994015995187
4.474962239583283	52.157378158801016
4.484962239583282	52.27481615765007
4.494962239583282	52.392254156499206
4.504962239583282	52.50969215534815
4.514962239583282	52.6271301541972
4.524962239583282	52.7445681530464
4.534962239583281	52.8620061518954
4.544962239583281	52.9794441507446
4.554962239583281	53.09688214959362
4.564962239583281	53.2143201484426
4.5749622395832805	53.33175814729179
4.58496223958328	53.4491961461406
4.59496223958328	53.56663414498974
4.60496223958328	53.68407214383894
4.61496223958328	53.80151014268793
4.6249622395832795	53.91894814153707
4.634962239583279	54.03638614038624
4.644962239583279	54.15382413923529
4.654962239583279	54.27126213808422
4.664962239583279	54.38870013693331
4.674962239583278	54.506138135782344
4.684962239583278	54.62357613463146
4.694962239583278	54.741014133480654
4.704962239583278	54.85845213232961
4.7149622395832775	54.975890131178744
4.724962239583277	55.093328130027835
4.734962239583277	55.21076612887673
4.744962239583277	55.32820412772596
4.754962239583277	55.445642126575095
4.7649622395832765	55.563080125424115
4.774962239583276	55.680518124273085
4.784962239583276	55.79795612312213
4.794962239583276	55.9153941219714
4.804962239583276	56.03283212082038
4.814962239583275	56.15027011966951
4.824962239583275	56.26770811851859
4.834962239583275	56.38514611736757
4.844962239583275	56.50258411621662
4.8549622395832746	56.620022115065794
4.864962239583274	56.73746011391473
4.874962239583274	56.85489811276376
4.884962239583274	56.97233611161296
4.894962239583274	57.089774110461924
4.9049622395832735	57.20721210931091
4.914962239583273	57.324650108160114
4.924962239583273	57.44208810700933
4.934962239583273	57.55952610585837
4.944962239583273	57.67696410470732
4.954962239583272	57.79440210355649
4.964962239583272	57.91184010240554
4.974962239583272	58.02927810125457
4.984962239583272	58.146716100103674
4.994962239583272	58.26415409895272
5.004962239583271	58.3815920978017
5.014962239583271	58.49903009665082
5.024962239583271	58.616468095500046
5.034962239583271	58.73390609434893
5.0449622395832705	58.85134409319808
5.05496223958327	58.96878209204705
5.06496223958327	59.08622009089632
5.07496223958327	59.20365808974527
5.08496223958327	59.321096088594395
5.094962239583269	59.438534087443415
5.104962239583269	59.555972086292506
5.114962239583269	59.67341008514151
5.124962239583269	59.79084808399069
5.134962239583269	59.908286082839716
5.144962239583268	60.025724081688814
5.154962239583268	60.143162080537834
5.164962239583268	60.260600079387125
5.174962239583268	60.37803807823601
5.1849622395832675	60.49547607708523
5.194962239583267	60.612914075934185
5.204962239583267	60.7303520747832
5.214962239583267	60.847790073632495
5.224962239583267	60.96522807248139
5.2349622395832665	61.08266607133032
5.244962239583266	61.20010407017959
5.254962239583266	61.317542069028654
5.264962239583266	61.434980067877746
5.274962239583266	61.552418066726794
5.284962239583265	61.66985606557592
5.294962239583265	61.787294064424714
5.304962239583265	61.90473206327405
5.314962239583265	62.022170062122974
5.3249622395832645	62.13960806097223
5.334962239583264	62.25704605982124
5.344962239583264	62.374484058670184
5.354962239583264	62.49192205751925
5.364962239583264	62.609360056368516
5.3749622395832635	62.726798055217635
5.384962239583263	62.84423605406655
5.394962239583263	62.96167405291556
5.404962239583263	63.079112051764646
5.414962239583263	63.196550050613624
5.424962239583262	63.31398804946275
5.434962239583262	63.431426048311884
5.444962239583262	63.54886404716089
5.454962239583262	63.66630204600985
5.4649622395832615	63.783740044859265
5.474962239583261	63.90117804370818
5.484962239583261	64.01861604255724
5.494962239583261	64.13605404140647
5.504962239583261	64.2534920402553
5.5149622395832605	64.37093003910445
5.52496223958326	64.48836803795356
5.53496223958326	64.6058060368027
5.54496223958326	64.72324403565162
5.55496223958326	64.84068203450082
5.564962239583259	64.95812003335
5.574962239583259	65.07555803219888
5.584962239583259	65.1929960310481
5.594962239583259	65.31043402989698
5.604962239583259	65.42787202874615
5.614962239583258	65.5453100275953
5.624962239583258	65.66274802644415
5.634962239583258	65.78018602529332
5.644962239583258	65.89762402414235
5.6549622395832575	66.0150620229915
5.664962239583257	66.13250002184068
5.674962239583257	66.24993802068968
5.684962239583257	66.36737601953861
5.694962239583257	66.48481401838798
5.704962239583256	66.6022520172367
5.714962239583256	66.71969001608582
5.724962239583256	66.83712801493509
5.734962239583256	66.95456601378416
5.744962239583256	67.07200401263329
5.754962239583255	67.18944201148203
5.764962239583255	67.30688001033126
5.774962239583255	67.42431800918057
5.784962239583255	67.54175600802948
5.7949622395832545	67.65919400687842
5.804962239583254	67.77663200572752
5.814962239583254	67.89407000457652
5.824962239583254	68.01150800342585
5.834962239583254	68.1289460022749
5.8449622395832534	68.24638400112389
5.854962239583253	68.36382199997297
5.864962239583253	68.48125999882197
5.874962239583253	68.59869799767122
5.884962239583253	68.7161359965202
5.894962239583252	68.83357399536925
5.904962239583252	68.95101199421845
5.914962239583252	69.06844999306746
5.924962239583252	69.18588799191647
5.9349622395832515	69.30332599076563
5.944962239583251	69.42076398961467
5.954962239583251	69.53820198846365
5.964962239583251	69.65563998731263
5.974962239583251	69.77307798616185
5.9849622395832505	69.89051598501084
5.99496223958325	70.00795398385986
6.00496223958325	70.12539198270875
6.01496223958325	70.24282998155805
6.02496223958325	70.36026798040709
6.034962239583249	70.47770597925606
6.044962239583249	70.59514397810513
6.054962239583249	70.71258197695427
6.064962239583249	70.83001997580338
6.0749622395832485	70.94745797465241
6.084962239583248	71.06489597350154
6.094962239583248	71.18233397235075
6.104962239583248	71.29977197119966
6.114962239583248	71.41720997004892
6.1249622395832475	71.53464796889769
6.134962239583247	71.65208596774713
6.144962239583247	71.76952396659598
6.154962239583247	71.886961965445
6.164962239583247	72.00439996429434
6.174962239583246	72.12183796314298
6.184962239583246	72.23927596199242
6.194962239583246	72.35671396084129
6.204962239583246	72.47415195969042
6.214962239583246	72.59158995853963
6.224962239583245	72.70902795738854
6.234962239583245	72.8264659562378
6.244962239583245	72.94390395508661
6.254962239583245	73.06134195393575
6.2649622395832445	73.17877995278488
6.274962239583244	73.29621795163403
6.284962239583244	73.41365595048285
6.294962239583244	73.53109394933209
6.304962239583244	73.64853194818139
6.314962239583243	73.76596994703029
6.324962239583243	73.88340794587914
6.334962239583243	74.00084594472811
6.344962239583243	74.11828394357757
6.354962239583243	74.23572194242661
6.364962239583242	74.3531599412755
6.374962239583242	74.47059794012459
6.384962239583242	74.58803593897369
6.394962239583242	74.70547393782266
6.4049622395832415	74.822911936672
6.414962239583241	74.94034993552087
6.424962239583241	75.05778793437018
6.434962239583241	75.17522593321895
6.444962239583241	75.29266393206817
6.4549622395832404	75.41010193091722
6.46496223958324	75.52753992976635
6.47496223958324	75.64497792861556
6.48496223958324	75.7624157786869
6.49496223958324	75.87985377767369
6.504962239583239	75.99729177665985
6.514962239583239	76.11472977564645
6.524962239583239	76.232167774633
6.534962239583239	76.34960577361937
6.5449622395832385	76.4670437726059
6.554962239583238	76.58448177159224
6.564962239583238	76.70191977057898
6.574962239583238	76.81935762093072
6.584962239583238	76.93679562008141
6.5949622395832375	77.05423361923165
6.604962239583237	77.17167161838222
6.614962239583237	77.28910961753265
6.624962239583237	77.40654761668344
6.634962239583237	77.52398561583381
6.644962239583236	77.64142361498432
6.654962239583236	77.75886161413456
6.664962239583236	77.87629961328491
6.674962239583236	77.99373761243542
6.6849622395832355	78.11117561158633
6.694962239583235	78.22861361073629
6.704962239583235	78.34605160988659
6.714962239583235	78.46348960903724
6.724962239583235	78.58092760818792
6.7349622395832345	78.69836560733845
6.744962239583234	78.81580360648863
6.754962239583234	78.93324160563924
6.764962239583234	79.0506796047895
6.774962239583234	79.16811760394012
6.784962239583233	79.28555560309073
6.794962239583233	79.40299360224127
6.804962239583233	79.5204316013915
6.814962239583233	79.63786960054172
6.824962239583233	79.75530759969254
6.834962239583232	79.87274559884301
6.844962239583232	79.9901835979934
6.854962239583232	80.10762159714409
6.864962239583232	80.22505959629446
6.8749622395832315	80.34249759544474
6.884962239583231	80.45993559459525
6.894962239583231	80.57737359374575
6.904962239583231	80.69481159289656
6.914962239583231	80.81224959204708
6.92496223958323	80.92968759119725
6.93496223958323	81.04712559034769
6.94496223958323	81.16456358949816
6.95496223958323	81.28200158864873
6.96496223958323	81.39943958779915
6.974962239583229	81.5168775869494
6.984962239583229	81.6343155861
6.994962239583229	81.75175358525048
7.004962239583229	81.86919158440116
7.0149622395832285	81.98662958355114
7.024962239583228	82.10406758270163
7.034962239583228	82.22150558185214
7.044962239583228	82.33894358100252
7.054962239583228	82.45638158015306
7.064962239583227	82.57381957930379
7.074962239583227	82.6912575784543
7.084962239583227	82.80869557760441
7.094962239583227	82.92613357675518
7.104962239583227	83.04357157590566
7.114962239583226	83.16100957505583
7.124962239583226	83.2784475742066
7.134962239583226	83.39588557335709
7.144962239583226	83.51332357250755
7.1549622395832255	83.63076157165821
7.164962239583225	83.74819957080835
7.174962239583225	83.86563756995916
7.184962239583225	83.98307556910909
7.194962239583225	84.10051356825979
7.2049622395832245	84.21795156741027
7.214962239583224	84.33538956656052
7.224962239583224	84.45282756571136
7.234962239583224	84.57026556486163
7.244962239583224	84.68770356401217
7.254962239583223	84.80514156316268
7.264962239583223	84.92257956231299
7.274962239583223	85.04001756146347
7.284962239583223	85.15745556061424
7.2949622395832225	85.27489355976479
7.304962239583222	85.39233155891525
7.314962239583222	85.50976955806522
7.324962239583222	85.6272075572158
7.334962239583222	85.74464555636627
7.3449622395832215	85.86208355551666
7.354962239583221	85.97952155466717
7.364962239583221	86.09695955381758
7.374962239583221	86.2143975529682
7.384962239583221	86.33183555211863
7.39496223958322	86.44927355126921
7.40496223958322	86.56671155041944
7.41496223958322	86.68414954956982
7.42496223958322	86.80158754872056
7.43496223958322	86.91902554787093
7.444962239583219	87.03646354702126
7.454962239583219	87.15390154617181
7.464962239583219	87.27133954532218
7.474962239583219	87.38877754447255
7.4849622395832185	87.50621554362317
7.494962239583218	87.62365354277343
7.504962239583218	87.74109154192429
7.514962239583218	87.85852954107456
7.524962239583218	87.97596754022499
7.534962239583217	88.09340553937527
7.544962239583217	88.21084353852586
7.554962239583217	88.3282815376765
7.564962239583217	88.44571953682699
7.574962239583217	88.56315753597718
7.584962239583216	88.68059553512788
7.594962239583216	88.7980335342785
7.604962239583216	88.91547153342889
7.614962239583216	89.0329095325793
7.6249622395832155	89.15034753172955
7.634962239583215	89.26778553088036
7.644962239583215	89.38522353003069
7.654962239583215	89.5026615291815
7.664962239583215	89.62009952833155
7.674962239583214	89.73753752748208
7.684962239583214	89.85497552663224
7.694962239583214	89.97241352578313
7.704962239583214	90.08985152493361
7.714962239583214	90.20728952408396
7.724962239583213	90.32472752323466
7.734962239583213	90.44216552238464
7.744962239583213	90.55960352153542
7.754962239583213	90.677041520686
7.7649622395832125	90.7944795198361
7.774962239583212	90.91191751898646
7.784962239583212	91.02935551813724
7.794962239583212	91.14679351728758
7.804962239583212	91.26423151643823
7.8149622395832115	91.38166951558837
7.824962239583211	91.49910751473875
7.834962239583211	91.61654551388932
7.844962239583211	91.73398351303975
7.854962239583211	91.85142151219017
7.86496223958321	91.9688595113407
7.87496223958321	92.08629751049136
7.88496223958321	92.20373550964177
7.89496223958321	92.32117350879238
7.9049622395832095	92.43861150794243
7.914962239583209	92.55604950709296
7.924962239583209	92.67348750624335
7.934962239583209	92.79092550539376
7.944962239583209	92.90836396685144
7.9549622395832085	93.02580196672032
7.964962239583208	93.14323996658884
7.974962239583208	93.26067796645756
7.984962239583208	93.37811596632608
7.994962239583208	93.49555396619476
8.004962239583207	93.61299196606357
8.014962239583207	93.7304299659323
8.024962239583207	93.84786796580096
8.034962239583207	93.9653059656699
8.044962239583207	94.08274396553814
8.054962239583206	94.20018196540707
8.064962239583206	94.31761996527578
8.074962239583206	94.43505796514461
8.084962239583206	94.55249596501298
8.094962239583205	94.66993396488189
8.104962239583205	94.78737196475053
8.114962239583205	94.9048099646192
8.124962239583205	95.02224796448797
8.134962239583205	95.13968596435669
8.144962239583204	95.25712396422489
8.154962239583204	95.37456196409384
8.164962239583204	95.49199996396257
8.174962239583204	95.60943796383151
8.184962239583204	95.72687596370028
8.194962239583203	95.8443139635689
8.204962239583203	95.9617519634372
8.214962239583203	96.07918996330648
8.224962239583203	96.19662796317472
8.234962239583203	96.31406596304375
8.244962239583202	96.4315039629124
8.254962239583202	96.54894196278067
8.264962239583202	96.66637996264947
8.274962239583202	96.78381796251848
8.284962239583201	96.9012559623873
8.294962239583201	97.01869396225578
8.304962239583201	97.13613196212485
8.3149622395832	97.25356996199285
8.3249622395832	97.37100796186161
8.3349622395832	97.48844596173045
8.3449622395832	97.60588396159889
8.3549622395832	97.72332196146787
8.3649622395832	97.84075996133659
8.3749622395832	97.95819796120503
8.3849622395832	98.07563596107417
8.394962239583199	98.19307396094291
8.404962239583199	98.31051196081145
8.414962239583199	98.42794996067971
8.424962239583198	98.54538796054868
8.434962239583198	98.66282596041721
8.444962239583198	98.78026396028609
8.454962239583198	98.89770196015472
8.464962239583198	99.01513996002376
8.474962239583197	99.13257795989195
8.484962239583197	99.2500159597611
8.494962239583197	99.36745395962966
8.504962239583197	99.48489195949826
8.514962239583197	99.6023299593668
8.524962239583196	99.71976795923581
8.534962239583196	99.83720595910476
8.544962239583196	99.95464395897348
8.554962239583196	100.07208195884186
8.564962239583195	100.18951995871049
8.574962239583195	100.30695795857939
8.584962239583195	100.42439595844822
8.594962239583195	100.54183395831663
8.604962239583195	100.65927195818537
8.614962239583194	100.77670995805374
8.624962239583194	100.89414795792311
8.634962239583194	101.01158595779133
8.644962239583194	101.1290239576601
8.654962239583194	101.24646195752887
8.664962239583193	101.36389995739731
8.674962239583193	101.48133795726612
8.684962239583193	101.59877595713446
8.694962239583193	101.716213957004
8.704962239583192	101.83365195687271
8.714962239583192	101.95108995674116
8.724962239583192	102.06852795660964
8.734962239583192	102.18596595647853
8.744962239583192	102.30340395634701
8.754962239583191	102.42084195621584
8.764962239583191	102.53827995608461
8.774962239583191	102.6557179559533
8.78496223958319	102.77315595582182
8.79496223958319	102.89059395569055
8.80496223958319	103.00803195555933
8.81496223958319	103.12546995542806
8.82496223958319	103.24290795529708
8.83496223958319	103.36034595516546
8.84496223958319	103.47778395503445
8.85496223958319	103.59522195490304
8.864962239583189	103.71265995477182
8.874962239583189	103.83009795464028
8.884962239583189	103.94753595450914
8.894962239583188	104.0649739543773
8.904962239583188	104.18241195424662
8.914962239583188	104.29984995411549
8.924962239583188	104.41728795398392
8.934962239583188	104.53472595385252
8.944962239583187	104.65216395372144
8.954962239583187	104.7696019535901
8.964962239583187	104.88703995345885
8.974962239583187	105.0044779533277
8.984962239583187	105.1219159531961
8.994962239583186	105.23935395306465
9.004962239583186	105.3567919529332
9.014962239583186	105.47422995280193
9.024962239583186	105.59166795267085
9.034962239583185	105.70910595253966
9.044962239583185	105.82654395240806
9.054962239583185	105.94398195227667
9.064962239583185	106.06141995214566
9.074962239583185	106.17885795201445
9.084962239583184	106.29629595188311
9.094962239583184	106.413733951752
9.104962239583184	106.53117195162062
9.114962239583184	106.64860995180499
9.124962239583184	106.7660479400604
9.134962239583183	106.88348593988015
9.144962239583183	107.00092393970027
9.154962239583183	107.11836193951987
9.164962239583183	107.23579993933929
9.174962239583182	107.35323793915951
9.184962239583182	107.47067593897917
9.194962239583182	107.58811393879897
9.204962239583182	107.70555193861883
9.214962239583182	107.82298993843871
9.224962239583181	107.94042793825875
9.234962239583181	108.05786593807889
9.244962239583181	108.17530393789856
9.25496223958318	108.29274193771833
9.26496223958318	108.41017993753815
9.27496223958318	108.52761793735854
9.28496223958318	108.64505593717773
9.29496223958318	108.76249393699835
9.30496223958318	108.87993193681714
9.31496223958318	108.99736993663747
9.32496223958318	109.11480793645694
9.334962239583179	109.23224593627704
9.344962239583179	109.34968393609624
9.354962239583179	109.46712193591625
9.364962239583178	109.5845599357366
9.374962239583178	109.70199793555634
9.384962239583178	109.81943593537653
9.394962239583178	109.93687393519618
9.404962239583178	110.05431193501585
9.414962239583177	110.17174993483594
9.424962239583177	110.28918793465554
9.434962239583177	110.40662593447493
9.444962239583177	110.52406393429585
9.454962239583176	110.64150193411571
9.464962239583176	110.7589399339349
9.474962239583176	110.876377933755
9.484962239583176	110.99381593357457
9.494962239583176	111.11125393339485
9.504962239583175	111.22869193321412
9.514962239583175	111.34612993303406
9.524962239583175	111.46356793285396
9.534962239583175	111.58100593267356
9.544962239583175	111.69844393249377
9.554962239583174	111.81588193231376
9.564962239583174	111.93331993213386
9.574962239583174	112.05075793195314
9.584962239583174	112.16819593177311
9.594962239583174	112.28563393159314
9.604962239583173	112.40307193141254
9.614962239583173	112.5205099312326
9.624962239583173	112.63794793105247
9.634962239583173	112.75538593087258
9.644962239583172	112.87282393069212
9.654962239583172	112.99026189282397
9.664962239583172	113.10769989258867
9.674962239583172	113.22513789235343
9.684962239583172	113.34257589211782
9.694962239583171	113.46001389188314
9.704962239583171	113.57745189164744
9.714962239583171	113.69488989141226
9.72496223958317	113.81232789117698
9.73496223958317	113.92976589094154
9.74496223958317	114.0472038907062
9.75496223958317	114.16464189047085
9.76496223958317	114.28207989023514
9.77496223958317	114.39951788999994
9.78496223958317	114.51695588976474
9.79496223958317	114.6343938895296
9.804962239583169	114.75183188929408
9.814962239583169	114.86926988905888
9.824962239583169	114.986707888823
9.834962239583168	115.10414588858825
9.844962239583168	115.22158388835292
9.854962239583168	115.3390218881175
9.864962239583168	115.45645988788176
9.874962239583168	115.57389788764687
9.884962239583167	115.69133588741153
9.894962239583167	115.80877388717619
9.904962239583167	115.92621188694108
9.914962239583167	116.04364988670568
9.924962239583166	116.16108788646976
9.934962239583166	116.27852588623492
9.944962239583166	116.39596388599907
9.954962239583166	116.51340188576417
9.964962239583166	116.6308398855289
9.974962239583165	116.74827788529367
9.984962239583165	116.86571588505826
9.994962239583165	116.98315388482301
10.004962239583165	117.100591835711
10.014962239583165	117.2180298355353
10.024962239583164	117.33546778669856
10.034962239583164	117.45290578650386
10.044962239583164	117.57034378630838
10.054962239583164	117.68778178611342
10.064962239583163	117.80521978591825
10.074962239583163	117.9226577857228
10.084962239583163	118.04009578552821
10.094962239583163	118.15753378533267
10.104962239583163	118.27497178513754
10.114962239583162	118.39240978494267
10.124962239583162	118.5098477847474
10.134962239583162	118.62728578455207
10.144962239583162	118.74472378435686
10.154962239583162	118.86216178416214
10.164962239583161	118.97959978396648
10.174962239583161	119.09703778377109
10.184962239583161	119.21447578357649
10.19496223958316	119.33191378338087
10.20496223958316	119.44935178318596
10.21496223958316	119.56678978299107
10.22496223958316	119.68422778279565
10.23496223958316	119.80166578260078
10.24496223958316	119.91910378240534
10.25496223958316	120.03654178221026
10.26496223958316	120.15397978201536
10.274962239583159	120.2714177818201
10.284962239583159	120.38885578162534
10.294962239583159	120.50629378143009
10.304962239583158	120.62373178123447
10.314962239583158	120.74116978103964
10.324962239583158	120.85860778084451
10.334962239583158	120.97604578064885
10.344962239583158	121.09348378045408
10.354962239583157	121.21092178025894
10.364962239583157	121.32835978006385
10.374962239583157	121.4457977798686
10.384962239583157	121.5632357796736
10.394962239583156	121.68067377947818
10.404962239583156	121.79811177928332
10.414962239583156	121.91554977908814
10.424962239583156	122.03298777889371
10.434962239583156	122.15042577869792
10.444962239583155	122.2678637785031
10.454962239583155	122.38530177830783
10.464962239583155	122.50273977811254
10.474962239583155	122.62017777791709
10.484962239583155	122.73761577772275
10.494962239583154	122.85505377752712
10.504962239583154	122.97249177733188
10.514962239583154	123.08992977713665
10.524962239583154	123.20736777694155
10.534962239583153	123.32480577674691
10.544962239583153	123.44224377655131
10.554962239583153	123.55968177635593
10.564962239583153	123.67711978741052
10.574962239583153	123.79455779834608
10.584962239583152	123.91199579811327
10.594962239583152	124.0294337978813
10.604962239583152	124.14687179764927
10.614962239583152	124.2643097974166
10.624962239583152	124.38174779718445
10.634962239583151	124.49918579695245
10.644962239583151	124.61662379671992
10.654962239583151	124.73406179648806
10.66496223958315	124.851499796256
10.67496223958315	124.96893779602375
10.68496223958315	125.08637579579144
10.69496223958315	125.20381379555893
10.70496223958315	125.32125179532657
10.71496223958315	125.43868979509436
10.72496223958315	125.5561277948625
10.73496223958315	125.67356579463052
10.744962239583149	125.79100379439829
10.754962239583149	125.90844179416625
10.764962239583149	126.02587979393343
10.774962239583148	126.14331779370161
10.784962239583148	126.2607557934691
10.794962239583148	126.37819379323732
10.804962239583148	126.49563179300502
10.814962239583148	126.61306979277282
10.824962239583147	126.73050779254059
10.834962239583147	126.84794579230856
10.844962239583147	126.96538379207614
10.854962239583147	127.08282179184324
10.864962239583146	127.20025979161149
10.874962239583146	127.31769779137946
10.884962239583146	127.4351357911473
10.894962239583146	127.55257379091513
10.904962239583146	127.67001179068296
10.914962239583145	127.78744979045045
10.924962239583145	127.9048877902184
10.934962239583145	128.02232578998638
10.944962239583145	128.1397637897536
10.954962239583145	128.25720178952227
10.964962239583144	128.37463978928912
10.974962239583144	128.49207778905742
10.984962239583144	128.60951578882526
10.994962239583144	128.72695378859294
11.004962239583143	128.84439178836044
11.014962239583143	128.9618297881285
11.024962239583143	129.07926778789627
11.034962239583143	129.1967057876644
11.044962239583143	129.31414378743165
11.054962239583142	129.43158178719978
11.064962239583142	129.54901978696734
11.074962239583142	129.66645778673538
11.084962239583142	129.78389578650263
11.094962239583142	129.90133378627098
11.104962239583141	130.0187717860383
11.114962239583141	130.13620978580636
11.124962239583141	130.25364778557434
11.13496223958314	130.3710857853421
11.14496223958314	130.48852378510992
11.15496223958314	130.60596178487768
11.16496223958314	130.72149861265834
11.17496223958314	130.81917861247499
11.18496223958314	130.91685861229203
11.19496223958314	131.01453861210956
11.20496223958314	131.11221861192652
11.214962239583139	131.20989861174385
11.224962239583139	131.30757861156076
11.234962239583139	131.40525861137715
11.244962239583138	131.5029386111946
11.254962239583138	131.60061861101113
11.264962239583138	131.69829861082877
11.274962239583138	131.79597861064548
11.284962239583137	131.89365861046292
11.294962239583137	131.99133861027937
11.304962239583137	132.08901861009682
11.314962239583137	132.1866986099134
11.324962239583137	132.2843786097308
11.334962239583136	132.3820586095477
11.344962239583136	132.47973860936426
11.354962239583136	132.57741860918205
11.364962239583136	132.67509860899855
11.374962239583136	132.77277860881534
11.384962239583135	132.87045860863213
11.394962239583135	132.96813860844938
11.404962239583135	133.06581860826682
11.414962239583135	133.1634986080839
11.424962239583135	133.26117860790097
11.434962239583134	133.35885860771867
11.444962239583134	133.45653860753475
11.454962239583134	133.55421860735188
11.464962239583134	133.65189860716927
11.474962239583133	133.74957860698518
11.484962239583133	133.8472586068032
11.494962239583133	133.94493860661962
11.504962239583133	134.0426186064368
11.514962239583133	134.1402986062539
11.524962239583132	134.23797860607132
11.534962239583132	134.33565860588777
11.544962239583132	134.43333860570536
11.554962239583132	134.5310186055217
11.564962239583132	134.62869860533831
11.574962239583131	134.72637860515596
11.584962239583131	134.82405860497244
11.59496223958313	134.92173860479
11.60496223958313	135.0194186046066
11.61496223958313	135.11709860442406
11.62496223958313	135.2147786042411
11.63496223958313	135.31245860405858
11.64496223958313	135.41013860387463
11.65496223958313	135.50781858882448
11.66496223958313	135.6054985739316
11.67496223958313	135.70317857373496
11.684962239583129	135.80085857353802
11.694962239583129	135.89853857334106
11.704962239583129	135.9962185731445
11.714962239583128	136.0938985729465
11.724962239583128	136.19157857275013
11.734962239583128	136.2892585725539
11.744962239583128	136.38693857235657
11.754962239583127	136.48461857215932
11.764962239583127	136.5822985719634
11.774962239583127	136.67997857176624
11.784962239583127	136.77765857156925
11.794962239583127	136.87533857137223
11.804962239583126	136.97301857117506
11.814962239583126	137.07069857097818
11.824962239583126	137.16837857078076
11.834962239583126	137.26605857058337
11.844962239583126	137.36373857038674
11.854962239583125	137.4614185701902
11.864962239583125	137.5590985699938
11.874962239583125	137.65677856979585
11.884962239583125	137.75445856959948
11.894962239583124	137.8521385694022
11.904962239583124	137.94981856920552
11.914962239583124	138.04749856900835
11.924962239583124	138.1451785688119
11.934962239583124	138.2428585686145
11.944962239583123	138.34053856841834
11.950000000000001	138.3897475584256
1000011.95	138.3897475584256
