-100000	0
0	0
0.0033333333333333335	0.0329868279795997
0.008333333333333333	0.08315425943757121
0.01583333333333333	0.15925417890087845
0.02708333333333333	0.27468620411706635
0.043958333333333335	0.4500061130678561
0.06927083333333334	0.7165711114028356
0.10723958333333333	1.122480898143399
0.16419270833333333	1.7414745019934
0.24962239583333334	2.6865657863611627
0.3496223958333333	3.811077022568195
0.4496223958333333	4.94983213245759
0.5496223958333333	6.099016865485607
0.6496223958333333	7.255957738466549
0.7496223958333332	8.418658634134156
0.8496223958333332	9.585610690447186
0.9496223958333332	10.755674501627297
1.0496223958333333	11.928011441216007
1.1496223958333334	13.10153989448739
1.2496223958333335	14.275919877406695
1.3496223958333335	15.450299860326016
1.4496223958333336	16.62467984324541
1.5496223958333337	17.799059826164747
1.6496223958333338	18.973439809084173
1.749622395833334	20.147819792003457
1.849622395833334	21.322199774922804
1.949622395833334	22.49657975784218
2.049622395833334	23.670959740761486
2.149622395833334	24.84533972368082
2.249622395833334	26.019719706600206
2.349622395833334	27.19409968951954
2.4496223958333343	28.368479672438816
2.5496223958333344	29.542859655358207
2.6496223958333345	30.717239638277515
2.7496223958333346	31.89161962119691
2.8496223958333347	33.06599960411628
2.9496223958333347	34.24037958703577
3.049622395833335	35.41475956995503
3.149622395833335	36.58913955287439
3.249622395833335	37.76351953579375
3.349622395833335	38.93789951871301
3.449622395833335	40.1122795016324
3.5496223958333353	41.286659484551784
3.6496223958333354	42.46103946747104
3.7496223958333355	43.635419450390394
3.8496223958333355	44.80979943330958
3.9496223958333356	45.98417941622922
4.049622395833335	47.15855939914854
4.149622395833335	48.33293938206787
4.249622395833335	49.50731936498706
4.349622395833334	50.68169934790655
4.449622395833334	51.85607933082583
4.5496223958333335	53.03045931374523
4.649622395833333	54.20483929666474
4.749622395833333	55.379219279583936
4.849622395833332	56.55359926250331
4.949622395833332	57.72797924542249
5.049622395833332	58.9023592283418
5.149622395833331	60.076739211261454
5.249622395833331	61.25111919418077
5.349622395833331	62.425499177099944
5.44962239583333	63.59987916001922
5.54962239583333	64.77425914293863
5.64962239583333	65.948639125858
5.749622395833329	67.12301910877714
5.849622395833329	68.29739909169686
5.9496223958333285	69.47177907461597
6.049622395833328	70.64615905753521
6.149622395833328	71.82053904045456
6.2496223958333275	72.99492072974293
6.349622395833327	74.16930045213239
6.449622395833327	75.343680450948
6.549622395833326	76.5180604497633
6.649622395833326	77.6924404485785
6.749622395833326	78.86682044739453
6.849622395833325	80.04120044620917
6.949622395833325	81.21558044502461
7.049622395833325	82.3899604438402
7.149622395833324	83.5643404426553
7.249622395833324	84.73872044147049
7.3496223958333236	85.9131004402855
7.449622395833323	87.08748043910091
7.549622395833323	88.26186043791562
7.6496223958333225	89.43624043673135
7.749622395833322	90.61062043554638
7.849622395833322	91.78500043436152
7.949622395833321	92.95938029051548
8.049622395833321	94.13376028897063
8.14962239583332	95.30814028742624
8.24962239583332	96.4825202858818
8.34962239583332	97.65690028433715
8.44962239583332	98.83128028279273
8.54962239583332	100.00566028124787
8.649622395833319	101.18004027970359
8.749622395833319	102.35442027815904
8.849622395833318	103.52880027661476
8.949622395833318	104.70318027506943
9.049622395833318	105.87756027352576
9.149622395833317	107.05194019459444
9.249622395833317	108.22632019878296
9.349622395833316	109.40070020297154
9.449622395833316	110.5750802071604
9.549622395833316	111.74946021134875
9.649622395833315	112.9238402155372
9.749622395833315	114.09822009626201
9.849622395833315	115.27260009547031
9.949622395833314	116.44698009467899
10.049622395833314	117.62136013272091
10.149622395833314	118.79574009209941
10.249622395833313	119.97012008778466
10.349622395833313	121.1445000834694
10.449622395833313	122.31888007915435
10.549622395833312	123.49326004082079
10.649622395833312	124.66764003599941
10.749622395833311	125.84202003117925
10.849622395833311	127.01640002635858
10.94962239583331	128.1907800215376
11.04962239583331	129.36516001671677
11.14962239583331	130.5395400118962
11.24962239583331	131.54474726804452
11.34962239583331	132.52154727219434
11.449622395833309	133.49834727634303
11.549622395833309	134.47514728049217
11.649622395833308	135.45194728464196
11.749622395833308	136.42874721129803
11.849622395833308	137.4055472219512
11.949622395833307	138.38234723260456
11.950000000000001	138.38603591498966
1000011.95	138.38603591498966
