-100000	0
0	0
0.0003333333333333333	0.0032667532530167463
0.0008333333333333333	0.008189971151071262
0.0015833333333333333	0.015605000259688548
0.0027083333333333334	0.02677605648392142
0.004395833333333333	0.04361469454677948
0.006927083333333334	0.06901347717602009
0.010723958333333335	0.10735593575911205
0.016419270833333336	0.16529669640675096
0.024962239583333337	0.25295454476873375
0.03496223958333334	0.356464655944919
0.04496223958333334	0.4607713699134522
0.05496223958333334	0.5657563734458059
0.06496223958333334	0.6713371529137333
0.07496223958333334	0.7774518876093208
0.08496223958333333	0.8840517185347261
0.09496223958333333	0.9910973111821644
0.10496223958333332	1.09855603818184
0.11496223958333332	1.2063998580518456
0.12496223958333331	1.3146045803706796
0.1349622395833333	1.423148952605452
0.14496223958333332	1.5320143615649962
0.15496223958333333	1.6411841852865352
0.16496223958333334	1.750643116472948
0.17496223958333335	1.8603773249046796
0.18496223958333335	1.9703744189786887
0.19496223958333336	2.0806227901122347
0.20496223958333337	2.1911117260866346
0.21496223958333338	2.3018314369924444
0.2249622395833334	2.4127726162023335
0.2349622395833334	2.5239266210413334
0.2449622395833334	2.635285537352318
0.2549622395833334	2.7468416407425553
0.2649622395833334	2.858587652919442
0.27496223958333343	2.9705169366153767
0.28496223958333344	3.0826230090663573
0.29496223958333345	3.1948997548698075
0.30496223958333346	3.307341591551811
0.31496223958333347	3.419942802523676
0.3249622395833335	3.532698045679681
0.3349622395833335	3.6456024364558015
0.3449622395833335	3.758651030483647
0.3549622395833335	3.871839203962598
0.3649622395833335	3.985162679044679
0.3749622395833335	4.098616944327307
0.38496223958333353	4.212198147593328
0.39496223958333354	4.325902211254846
0.40496223958333355	4.439725368510568
0.41496223958333356	4.553663986568147
0.42496223958333357	4.667714536076055
0.4349622395833336	4.7818735614982515
0.4449622395833336	4.896137773692803
0.4549622395833336	5.010504031188497
0.4649622395833336	5.124969244497408
0.4749622395833336	5.23953051214635
0.4849622395833336	5.354184886617181
0.49496223958333363	5.468929697898977
0.5049622395833336	5.583762133801976
0.5149622395833336	5.698679689997393
0.5249622395833337	5.813679777060794
0.5349622395833337	5.928759989966085
0.5449622395833337	6.043917939442766
0.5549622395833337	6.15915131636394
0.5649622395833337	6.274458001888208
0.5749622395833337	6.389835723824171
0.5849622395833337	6.505282435401194
0.5949622395833337	6.620796193122765
0.6049622395833337	6.736374835762401
0.6149622395833337	6.852016653452678
0.6249622395833337	6.9677196809459065
0.6349622395833338	7.083482260831641
0.6449622395833338	7.199302628161993
0.6549622395833338	7.315178968790964
0.6649622395833338	7.431109940990868
0.6749622395833338	7.547093755761874
0.6849622395833338	7.663128969502252
0.6949622395833338	7.779214204197497
0.7049622395833338	7.895347869996609
0.7149622395833338	8.011528673513974
0.7249622395833338	8.12775540036298
0.7349622395833338	8.244026574858488
0.7449622395833339	8.360341175518634
0.7549622395833339	8.476697946695898
0.7649622395833339	8.59309571929277
0.7749622395833339	8.709533381651953
0.7849622395833339	8.82600986122951
0.7949622395833339	8.942524211288388
0.8049622395833339	9.059075464927313
0.8149622395833339	9.175662647692512
0.8249622395833339	9.292284890515464
0.8349622395833339	9.40894129498501
0.8449622395833339	9.525630999912629
0.854962239583334	9.642353250222714
0.864962239583334	9.759107363328594
0.874962239583334	9.875892608777413
0.884962239583334	9.99270825513978
0.894962239583334	10.10955370351163
0.904962239583334	10.226428326852908
0.914962239583334	10.343331549032202
0.924962239583334	10.460262830585194
0.934962239583334	10.577221679381623
0.944962239583334	10.694207641212309
0.954962239583334	10.811220216811613
0.964962239583334	10.92825898120681
0.9749622395833341	11.045323639147044
0.9849622395833341	11.162413822431398
0.9949622395833341	11.279529196748031
1.004962239583334	11.3966694755059
1.014962239583334	11.51383444535297
1.024962239583334	11.631023884471357
1.034962239583334	11.748237603508867
1.044962239583334	11.865475433717412
1.054962239583334	11.982737255550823
1.064962239583334	12.100022929294525
1.074962239583334	12.21733236718839
1.084962239583334	12.334665512899248
1.094962239583334	12.452022349140421
1.104962239583334	12.569402875584828
1.114962239583334	12.686807147583234
1.124962239583334	12.803852853945216
1.134962239583334	12.921290851164688
1.144962239583334	13.038728848384144
1.154962239583334	13.156166845603636
1.1649622395833341	13.273604842823051
1.1749622395833341	13.391042840042536
1.1849622395833341	13.508480837261992
1.1949622395833341	13.6259188344814
1.2049622395833341	13.743356831700869
1.2149622395833342	13.860794828920346
1.2249622395833342	13.978232826139784
1.2349622395833342	14.095670823359235
1.2449622395833342	14.213108820578688
1.2549622395833342	14.330546817798103
1.2649622395833342	14.447984815017618
1.2749622395833342	14.5654228122371
1.2849622395833342	14.682860809456452
1.2949622395833342	14.80029880667599
1.3049622395833342	14.917736803895457
1.3149622395833342	15.035174801114847
1.3249622395833343	15.152612798334344
1.3349622395833343	15.270050795553765
1.3449622395833343	15.387488792773256
1.3549622395833343	15.50492678999269
1.3649622395833343	15.622364787212137
1.3749622395833343	15.739802784431554
1.3849622395833343	15.85724078165099
1.3949622395833343	15.974678778870535
1.4049622395833343	16.09211677608994
1.4149622395833343	16.209554773309385
1.4249622395833343	16.326992770528847
1.4349622395833344	16.444430767748315
1.4449622395833344	16.56186876496777
1.4549622395833344	16.67930676218718
1.4649622395833344	16.79674475940663
1.4749622395833344	16.91418275662613
1.4849622395833344	17.03162075384558
1.4949622395833344	17.14905875106506
1.5049622395833344	17.266496748284514
1.5149622395833344	17.38393474550387
1.5249622395833344	17.50137274272339
1.5349622395833344	17.618810739942848
1.5449622395833345	17.73624873716233
1.5549622395833345	17.853686734381746
1.5649622395833345	17.97112473160125
1.5749622395833345	18.088562728820698
1.5849622395833345	18.206000726040138
1.5949622395833345	18.323438723259535
1.6049622395833345	18.44087672047911
1.6149622395833345	18.55831471769852
1.6249622395833345	18.675752714917934
1.6349622395833345	18.793190712137395
1.6449622395833345	18.910628709356864
1.6549622395833345	19.02806670657626
1.6649622395833346	19.1455047037958
1.6749622395833346	19.262942701015234
1.6849622395833346	19.380380698234674
1.6949622395833346	19.49781869545413
1.7049622395833346	19.6152566926736
1.7149622395833346	19.73269468989303
1.7249622395833346	19.85013268711249
1.7349622395833346	19.967570684331953
1.7449622395833346	20.085008681551358
1.7549622395833346	20.202446678770844
1.7649622395833346	20.319884675990366
1.7749622395833347	20.43732267320975
1.7849622395833347	20.55476067042916
1.7949622395833347	20.67219866764873
1.8049622395833347	20.789636664868212
1.8149622395833347	20.90707466208755
1.8249622395833347	21.024512659307018
1.8349622395833347	21.141950656526525
1.8449622395833347	21.259388653745965
1.8549622395833347	21.376826650965302
1.8649622395833347	21.49426464818483
1.8749622395833347	21.61170264540433
1.8849622395833348	21.729140642623758
1.8949622395833348	21.846578639843163
1.9049622395833348	21.964016637062613
1.9149622395833348	22.081454634282117
1.9249622395833348	22.198892631501614
1.9349622395833348	22.31633062872103
1.9449622395833348	22.43376862594043
1.9549622395833348	22.551206623159896
1.9649622395833348	22.668644620379393
1.9749622395833348	22.786082617598826
1.9849622395833348	22.90352061481822
1.9949622395833349	23.020958612037763
2.004962239583335	23.13839660925712
2.0149622395833346	23.255834606476625
2.0249622395833344	23.373272603696098
2.034962239583334	23.490710600915513
2.044962239583334	23.608148598134992
2.054962239583334	23.725586595354457
2.0649622395833336	23.843024592573908
2.0749622395833334	23.96046258979331
2.084962239583333	24.07790058701282
2.094962239583333	24.195338584232275
2.1049622395833327	24.312776581451658
2.1149622395833325	24.430214578671215
2.1249622395833323	24.54765257589065
2.134962239583332	24.6650905731101
2.144962239583332	24.78252857032951
2.1549622395833317	24.899966567549
2.1649622395833314	25.01740456476839
2.1749622395833312	25.1348425619878
2.184962239583331	25.252280559207325
2.194962239583331	25.369718556426776
2.2049622395833306	25.487156553646276
2.2149622395833304	25.604594550865674
2.22496223958333	25.722032548085096
2.23496223958333	25.839470545304522
2.2449622395833297	25.95690854252407
2.2549622395833295	26.07434653974353
2.2649622395833293	26.19178453696293
2.274962239583329	26.309222534182414
2.284962239583329	26.426660531401865
2.2949622395833287	26.54409852862132
2.3049622395833285	26.661536525840788
2.3149622395833283	26.778974523060228
2.324962239583328	26.896412520279647
2.334962239583328	27.013850517499176
2.3449622395833276	27.13128851471852
2.3549622395833274	27.24872651193797
2.364962239583327	27.366164509157485
2.374962239583327	27.483602506376922
2.3849622395833268	27.601040503596327
2.3949622395833265	27.71847850081577
2.4049622395833263	27.83591649803526
2.414962239583326	27.953354495254754
2.424962239583326	28.07079249247415
2.4349622395833257	28.188230489693545
2.4449622395833255	28.305668486913042
2.4549622395833253	28.423106484132543
2.464962239583325	28.540544481352008
2.474962239583325	28.65798247857138
2.4849622395833246	28.775420475790884
2.4949622395833244	28.892858473010392
2.504962239583324	29.0102964702298
2.514962239583324	29.127734467449248
2.5249622395833238	29.245172464668638
2.5349622395833236	29.362610461888096
2.5449622395833233	29.480048459107582
2.554962239583323	29.597486456327076
2.564962239583323	29.71492445354654
2.5749622395833227	29.832362450765867
2.5849622395833225	29.94980044798537
2.5949622395833223	30.067238445204836
2.604962239583322	30.18467644242426
2.614962239583322	30.302114439643763
2.6249622395833216	30.419552436863167
2.6349622395833214	30.536990434082725
2.644962239583321	30.654428431302073
2.654962239583321	30.77186642852158
2.664962239583321	30.889304425741
2.6749622395833206	31.006742422960478
2.6849622395833204	31.12418042017994
2.69496223958332	31.241618417399316
2.70496223958332	31.3590564146188
2.7149622395833197	31.476494411838235
2.7249622395833195	31.5939324090577
2.7349622395833193	31.711370406277183
2.744962239583319	31.82880840349655
2.754962239583319	31.94624640071617
2.7649622395833187	32.063684397935546
2.7749622395833184	32.181122395154986
2.7849622395833182	32.29856039237445
2.794962239583318	32.41599838959392
2.804962239583318	32.53343638681339
2.8149622395833176	32.65087438403281
2.8249622395833174	32.76831238125227
2.834962239583317	32.88575037847161
2.844962239583317	33.00318837569114
2.8549622395833167	33.12062637291056
2.8649622395833165	33.238064370129955
2.8749622395833163	33.3555023673495
2.884962239583316	33.4729403645689
2.894962239583316	33.59037836178836
2.9049622395833157	33.70781635900782
2.9149622395833155	33.825254356227255
2.9249622395833152	33.9426923534468
2.934962239583315	34.06013035066622
2.944962239583315	34.177568347885696
2.9549622395833146	34.29500634510505
2.9649622395833144	34.41244434232459
2.974962239583314	34.52988233954405
2.984962239583314	34.647320336763485
2.9949622395833138	34.76475833398301
3.0049622395833135	34.88219633120236
3.0149622395833133	34.99963432842186
3.024962239583313	35.11707232564124
3.034962239583313	35.23451032286085
3.0449622395833127	35.35194832008014
3.0549622395833125	35.469386317299644
3.0649622395833123	35.58682431451915
3.074962239583312	35.70426231173845
3.084962239583312	35.82170030895802
3.0949622395833116	35.93913830617748
3.1049622395833114	36.0565763033969
3.114962239583311	36.17401430061622
3.124962239583311	36.29145229783581
3.1349622395833108	36.408890295055215
3.1449622395833106	36.52632829227471
3.1549622395833103	36.64376628949415
3.16496223958331	36.76120428671363
3.17496223958331	36.87864228393305
3.1849622395833097	36.996080281152615
3.1949622395833095	37.113518278371885
3.2049622395833093	37.230956275591446
3.214962239583309	37.348394272810815
3.224962239583309	37.465832270030305
3.2349622395833086	37.58327026724977
3.2449622395833084	37.7007082644692
3.254962239583308	37.81814626168873
3.264962239583308	37.93558425890806
3.274962239583308	38.05302225612757
3.2849622395833076	38.170460253346924
3.2949622395833074	38.28789825056655
3.304962239583307	38.405336247786025
3.314962239583307	38.52277424500538
3.3249622395833067	38.64021224222487
3.3349622395833065	38.75765023944433
3.3449622395833063	38.87508823666362
3.354962239583306	38.9925262338832
3.364962239583306	39.10996423110254
3.3749622395833057	39.22740222832209
3.3849622395833054	39.34484022554151
3.3949622395833052	39.46227822276098
3.404962239583305	39.5797162199804
3.414962239583305	39.69715421719994
3.4249622395833046	39.81459221441923
3.4349622395833044	39.93203021163887
3.444962239583304	40.04946820885831
3.454962239583304	40.16690620607771
3.4649622395833037	40.2843442032972
3.4749622395833035	40.40178220051673
3.4849622395833033	40.51922019773605
3.494962239583303	40.636658194955544
3.504962239583303	40.75409619217492
3.5149622395833027	40.87153418939447
3.5249622395833025	40.98897218661389
3.5349622395833022	41.106410183833376
3.544962239583302	41.22384818105289
3.554962239583302	41.34128617827222
3.5649622395833016	41.458724175491746
3.5749622395833014	41.57616217271108
3.584962239583301	41.69360016993058
3.594962239583301	41.8110381671501
3.6049622395833008	41.92847616436952
3.6149622395833005	42.045914161588996
3.6249622395833003	42.16335215880837
3.6349622395833	42.28079015602776
3.6449622395833	42.39822815324717
3.6549622395832997	42.51566615046662
3.6649622395832995	42.63310414768617
3.6749622395832993	42.750542144905594
3.684962239583299	42.86798014212511
3.694962239583299	42.98541813934447
3.7049622395832986	43.10285613656398
3.7149622395832984	43.22029413378345
3.724962239583298	43.337732131002944
3.734962239583298	43.45517012822231
3.7449622395832978	43.57260812544175
3.7549622395832976	43.69004612266125
3.7649622395832973	43.8074841198807
3.774962239583297	43.92492211710023
3.784962239583297	44.04236011431948
3.7949622395832967	44.15979811153909
3.8049622395832965	44.277236108758615
3.8149622395832963	44.39467410597799
3.824962239583296	44.512112103197346
3.834962239583296	44.62955010041687
3.8449622395832956	44.74698809763639
3.8549622395832954	44.86442609485569
3.864962239583295	44.98186409207525
3.874962239583295	45.09930208929468
3.884962239583295	45.21674008651414
3.8949622395832946	45.33417808373354
3.9049622395832944	45.45161608095309
3.914962239583294	45.569054078172435
3.924962239583294	45.68649207539196
3.9349622395832937	45.803930072611294
3.9449622395832935	45.92136806983083
3.9549622395832933	46.038806067050324
3.964962239583293	46.156244064269835
3.974962239583293	46.273682061489126
3.9849622395832927	46.39112005870868
3.9949622395832924	46.508558055928134
4.004962239583293	46.62599605314753
4.0149622395832925	46.74343405036713
4.024962239583292	46.860872047586525
4.034962239583292	46.978310044805944
4.044962239583292	47.095748042025356
4.054962239583292	47.213186039244775
4.064962239583291	47.3306240364642
4.074962239583291	47.448062033683755
4.084962239583291	47.565500030903
4.094962239583291	47.682938028122656
4.1049622395832905	47.80037602534206
4.11496223958329	47.9178140225615
4.12496223958329	48.03525201978109
4.13496223958329	48.15269001700052
4.14496223958329	48.27012801421991
4.1549622395832895	48.38756601143928
4.164962239583289	48.50500400865874
4.174962239583289	48.62244200587822
4.184962239583289	48.73988000309781
4.194962239583289	48.85731800031725
4.204962239583288	48.97475599753657
4.214962239583288	49.09219399475612
4.224962239583288	49.20963199197546
4.234962239583288	49.32706998919496
4.2449622395832876	49.444507986414436
4.254962239583287	49.56194598363375
4.264962239583287	49.679383980853316
4.274962239583287	49.79682197807278
4.284962239583287	49.9142599752923
4.2949622395832865	50.0316979725117
4.304962239583286	50.14913596973105
4.314962239583286	50.26657396695065
4.324962239583286	50.384011964170014
4.334962239583286	50.5014499613894
4.344962239583285	50.618887958608894
4.354962239583285	50.736325955828434
4.364962239583285	50.85376395304779
4.374962239583285	50.97120195026732
4.384962239583285	51.088639947486755
4.394962239583284	51.2060779447061
4.404962239583284	51.32351594192583
4.414962239583284	51.440953939144954
4.424962239583284	51.55839193636449
4.4349622395832835	51.67582993358397
4.444962239583283	51.7932679308033
4.454962239583283	51.91070592802285
4.464962239583283	52.028143925242304
4.474962239583283	52.145581922461865
4.484962239583282	52.26301991968121
4.494962239583282	52.380457916900795
4.504962239583282	52.49789591412016
4.514962239583282	52.615333911339604
4.524962239583282	52.73277190855896
4.534962239583281	52.85020990577844
4.544962239583281	52.967647902997925
4.554962239583281	53.085085900217464
4.564962239583281	53.202523897436805
4.5749622395832805	53.319961894656345
4.58496223958328	53.437399891875785
4.59496223958328	53.55483788909522
4.60496223958328	53.67227588631465
4.61496223958328	53.78971388353397
4.6249622395832795	53.907151880753396
4.634962239583279	54.02458987797291
4.644962239583279	54.14202787519243
4.654962239583279	54.259465872411866
4.664962239583279	54.37690386963133
4.674962239583278	54.494341866850895
4.684962239583278	54.611779864070236
4.694962239583278	54.72921786128975
4.704962239583278	54.846655858509145
4.7149622395832775	54.96409385572865
4.724962239583277	55.08153185294808
4.734962239583277	55.19896985016768
4.744962239583277	55.31640784738702
4.754962239583277	55.43384584460641
4.7649622395832765	55.551283841825835
4.774962239583276	55.66872183904531
4.784962239583276	55.78615983626466
4.794962239583276	55.90359783348417
4.804962239583276	56.02103583070376
4.814962239583275	56.13847382792299
4.824962239583275	56.25591182514257
4.834962239583275	56.37334982236202
4.844962239583275	56.490787819581406
4.8549622395832746	56.60822581680086
4.864962239583274	56.72566381402047
4.874962239583274	56.843101811239755
4.884962239583274	56.96053980845934
4.894962239583274	57.07797780567868
4.9049622395832735	57.19541580289833
4.914962239583273	57.312853800117644
4.924962239583273	57.43029179733705
4.934962239583273	57.54772979455651
4.944962239583273	57.665167791776035
4.954962239583272	57.78260578899546
4.964962239583272	57.90004378621481
4.974962239583272	58.017481783434334
4.984962239583272	58.13491978065375
4.994962239583272	58.252357777873165
5.004962239583271	58.369795775092655
5.014962239583271	58.48723377231209
5.024962239583271	58.60467176953162
5.034962239583271	58.72210976675107
5.0449622395832705	58.83954776397042
5.05496223958327	58.95698576118988
5.06496223958327	59.074423758409466
5.07496223958327	59.19186175562894
5.08496223958327	59.30929975284838
5.094962239583269	59.426737750067694
5.104962239583269	59.5441757472872
5.114962239583269	59.66161374450658
5.124962239583269	59.77905174172622
5.134962239583269	59.89648973894562
5.144962239583268	60.01392773616506
5.154962239583268	60.13136573338443
5.164962239583268	60.24880373060393
5.174962239583268	60.36624172782331
5.1849622395832675	60.48367972504282
5.194962239583267	60.601117722262394
5.204962239583267	60.718555719481856
5.214962239583267	60.8359937167012
5.224962239583267	60.953431713920736
5.2349622395832665	61.07086971114016
5.244962239583266	61.188307708359424
5.254962239583266	61.305745705579
5.264962239583266	61.42318370279846
5.274962239583266	61.54062170001794
5.284962239583265	61.65805969723727
5.294962239583265	61.77549769445676
5.304962239583265	61.89293569167623
5.314962239583265	62.010373688895754
5.3249622395832645	62.127811686115095
5.334962239583264	62.24524968333452
5.344962239583264	62.36268768055401
5.354962239583264	62.480125677773486
5.364962239583264	62.59756367499288
5.3749622395832635	62.71500167221245
5.384962239583263	62.83243966943195
5.394962239583263	62.94987766665124
5.404962239583263	63.06731566387094
5.414962239583263	63.18475366109029
5.424962239583262	63.30219165830981
5.434962239583262	63.419629655529256
5.444962239583262	63.53706765274864
5.454962239583262	63.6545056499681
5.4649622395832615	63.77194364718752
5.474962239583261	63.88938164440683
5.484962239583261	64.00681964162636
5.494962239583261	64.12425763884599
5.504962239583261	64.24169563606519
5.5149622395832605	64.35913363328473
5.52496223958326	64.47657163050415
5.53496223958326	64.59400962772365
5.54496223958326	64.71144762494299
5.55496223958326	64.82888562216259
5.564962239583259	64.94632361938211
5.574962239583259	65.06376161660152
5.584962239583259	65.18119961382082
5.594962239583259	65.2986376110402
5.604962239583259	65.41607560825967
5.614962239583258	65.53351360547933
5.624962239583258	65.65095160269873
5.634962239583258	65.76838959991812
5.644962239583258	65.8858275971374
5.6549622395832575	66.00326559435703
5.664962239583257	66.1207035915765
5.674962239583257	66.2381415887958
5.684962239583257	66.35557958601537
5.694962239583257	66.47301758323492
5.704962239583256	66.59045558045429
5.714962239583256	66.7078935776737
5.724962239583256	66.82533157489317
5.734962239583256	66.94276957211275
5.744962239583256	67.06020827237005
5.754962239583255	67.17764627071074
5.764962239583255	67.29508426905197
5.774962239583255	67.41252226739311
5.784962239583255	67.529960265734
5.7949622395832545	67.64739826407522
5.804962239583254	67.76483626241621
5.814962239583254	67.88227426075703
5.824962239583254	67.9997122590981
5.834962239583254	68.11715098923752
5.8449622395832534	68.23458898873345
5.854962239583253	68.35202698822992
5.864962239583253	68.4694649877262
5.874962239583253	68.58690298722239
5.884962239583253	68.70434098671855
5.894962239583252	68.82177898621467
5.904962239583252	68.939216985711
5.914962239583252	69.05665498520723
5.924962239583252	69.17409298470352
5.9349622395832515	69.29153098419974
5.944962239583251	69.40896898369638
5.954962239583251	69.52640698319213
5.964962239583251	69.64384498268844
5.974962239583251	69.76128298218472
5.9849622395832505	69.87872098168098
5.99496223958325	69.99615898117732
6.00496223958325	70.11359698067328
6.01496223958325	70.2310349801697
6.02496223958325	70.3484729796658
6.034962239583249	70.46591097916205
6.044962239583249	70.5833489786584
6.054962239583249	70.70078697815457
6.064962239583249	70.81822497765097
6.0749622395832485	70.93566297714709
6.084962239583248	71.05310097664356
6.094962239583248	71.17053897613945
6.104962239583248	71.28797697563552
6.114962239583248	71.40541497513217
6.1249622395832475	71.52285297462846
6.134962239583247	71.6402909741246
6.144962239583247	71.75772897362083
6.154962239583247	71.8751669731169
6.164962239583247	71.99260497261314
6.174962239583246	72.1100429721096
6.184962239583246	72.22748097160549
6.194962239583246	72.344918971102
6.204962239583246	72.46235697059818
6.214962239583246	72.57979497009447
6.224962239583245	72.69723296959057
6.234962239583245	72.81467096908686
6.244962239583245	72.93210896858317
6.254962239583245	73.0495469680795
6.2649622395832445	73.1669849675761
6.274962239583244	73.28442296707209
6.284962239583244	73.40186096656818
6.294962239583244	73.51929896606458
6.304962239583244	73.63673696556091
6.314962239583243	73.75417496505709
6.324962239583243	73.87161296455298
6.334962239583243	73.98905096404953
6.344962239583243	74.10648896354571
6.354962239583243	74.22392696304178
6.364962239583242	74.34136496253797
6.374962239583242	74.4588029620344
6.384962239583242	74.57624096153033
6.394962239583242	74.69367896102699
6.4049622395832415	74.81111696052287
6.414962239583241	74.92855496001943
6.424962239583241	75.04599295951559
6.434962239583241	75.16343095901192
6.444962239583241	75.28086895850836
6.4549622395832404	75.39830695800438
6.46496223958324	75.51574495750059
6.47496223958324	75.63318295699692
6.48496223958324	75.75062095649324
6.49496223958324	75.86805895598907
6.504962239583239	75.9854969554856
6.514962239583239	76.10293495498222
6.524962239583239	76.22037295447812
6.534962239583239	76.33781095397434
6.5449622395832385	76.45524895347052
6.554962239583238	76.572686952967
6.564962239583238	76.69012495246272
6.574962239583238	76.80756295195927
6.584962239583238	76.92500095145552
6.5949622395832375	77.04243895095189
6.604962239583237	77.15987695044791
6.614962239583237	77.27731494994435
6.624962239583237	77.39475294944035
6.634962239583237	77.51219094893656
6.644962239583236	77.6296289484329
6.654962239583236	77.74706694792901
6.664962239583236	77.86450494742503
6.674962239583236	77.9819429469216
6.6849622395832355	78.09938094641805
6.694962239583235	78.21681894591393
6.704962239583235	78.33425694541022
6.714962239583235	78.45169494490663
6.724962239583235	78.56913294440281
6.7349622395832345	78.68657094389938
6.744962239583234	78.80400894339512
6.754962239583234	78.92144694289189
6.764962239583234	79.03888494238788
6.774962239583234	79.15632294188391
6.784962239583233	79.27376094138036
6.794962239583233	79.39119894087656
6.804962239583233	79.5086369403727
6.814962239583233	79.62607493986907
6.824962239583233	79.74351293936512
6.834962239583232	79.86095093886154
6.844962239583232	79.97838893835787
6.854962239583232	80.09582693785403
6.864962239583232	80.21326493735015
6.8749622395832315	80.33070293684625
6.884962239583231	80.44814093634267
6.894962239583231	80.56557893583903
6.904962239583231	80.68301693533523
6.914962239583231	80.80045493483152
6.92496223958323	80.91789293432771
6.93496223958323	81.03533093382399
6.94496223958323	81.15276893332036
6.95496223958323	81.27020693281673
6.96496223958323	81.38764493231255
6.974962239583229	81.50508293180879
6.984962239583229	81.62252093130512
6.994962239583229	81.73995893080156
7.004962239583229	81.85739693029791
7.0149622395832285	81.97483492979406
7.024962239583228	82.09227292929025
7.034962239583228	82.20971092878622
7.044962239583228	82.32714892828258
7.054962239583228	82.444586927779
7.064962239583227	82.56202492727512
7.074962239583227	82.67946292677141
7.084962239583227	82.7969009262674
7.094962239583227	82.91433892576381
7.104962239583227	83.03177692525973
7.114962239583226	83.14921492475611
7.124962239583226	83.26665292425251
7.134962239583226	83.38409092374856
7.144962239583226	83.50152892324473
7.1549622395832255	83.61896692274115
7.164962239583225	83.73640492223731
7.174962239583225	83.85384292173352
7.184962239583225	83.97128092122982
7.194962239583225	84.08871892072573
7.2049622395832245	84.20615692022217
7.214962239583224	84.32359491971852
7.224962239583224	84.4410329192149
7.234962239583224	84.55847091871105
7.244962239583224	84.67590891820743
7.254962239583223	84.7933469177036
7.264962239583223	84.9107849171998
7.274962239583223	85.02822291669605
7.284962239583223	85.1456609161924
7.2949622395832225	85.26309891568833
7.304962239583222	85.38053691518489
7.314962239583222	85.49797491468136
7.324962239583222	85.61541291417714
7.334962239583222	85.73285091367366
7.3449622395832215	85.85028891316973
7.354962239583221	85.96772691266592
7.364962239583221	86.08516491216187
7.374962239583221	86.2026029116583
7.384962239583221	86.32004091115455
7.39496223958322	86.4374789106505
7.40496223958322	86.55491691014693
7.41496223958322	86.672354909643
7.42496223958322	86.78979290913954
7.43496223958322	86.90723090863577
7.444962239583219	87.02466890813224
7.454962239583219	87.14210690762805
7.464962239583219	87.25954490712445
7.474962239583219	87.37698290662048
7.4849622395832185	87.49442090611706
7.494962239583218	87.61185890561315
7.504962239583218	87.72929690510927
7.514962239583218	87.84673490460548
7.524962239583218	87.96417290410177
7.534962239583217	88.08161090359813
7.544962239583217	88.19904890309418
7.554962239583217	88.3164869025904
7.564962239583217	88.43392490208669
7.574962239583217	88.55136290158308
7.584962239583216	88.66880090107935
7.594962239583216	88.7862389005753
7.604962239583216	88.90367690007159
7.614962239583216	89.02111489956789
7.6249622395832155	89.13855289906414
7.634962239583215	89.25599089856054
7.644962239583215	89.37342889805655
7.654962239583215	89.49086689755303
7.664962239583215	89.60830489704911
7.674962239583214	89.72574289654526
7.684962239583214	89.8431808960416
7.694962239583214	89.9606188955378
7.704962239583214	90.078056895034
7.714962239583214	90.19549489453
7.724962239583213	90.31293289402649
7.734962239583213	90.4303708935229
7.744962239583213	90.54780889301901
7.754962239583213	90.66524689251527
7.7649622395832125	90.78268489201162
7.774962239583212	90.90012289150766
7.784962239583212	91.01756089100394
7.794962239583212	91.1349988905
7.804962239583212	91.25243688999645
7.8149622395832115	91.36987488949251
7.824962239583211	91.4873128889887
7.834962239583211	91.60475088848494
7.844962239583211	91.72218888798106
7.854962239583211	91.8396268874774
7.86496223958321	91.95706488697367
7.87496223958321	92.07450288646984
7.88496223958321	92.19194088596633
7.89496223958321	92.3093788854626
7.9049622395832095	92.42681688495846
7.914962239583209	92.54425488445473
7.924962239583209	92.66169288395086
7.934962239583209	92.7791308834472
7.944962239583209	92.89656898565114
7.9549622395832085	93.0140069852599
7.964962239583208	93.13144498486855
7.974962239583208	93.24888298447715
7.984962239583208	93.36632098408603
7.994962239583208	93.483758983695
8.004962239583207	93.60119698330318
8.014962239583207	93.71863498291212
8.024962239583207	93.83607298252096
8.034962239583207	93.95351098212966
8.044962239583207	94.07094898173827
8.054962239583206	94.18838698134707
8.064962239583206	94.30582498095562
8.074962239583206	94.42326298056463
8.084962239583206	94.54070098017334
8.094962239583205	94.65813897978195
8.104962239583205	94.77557697939088
8.114962239583205	94.89301497899943
8.124962239583205	95.01045297860789
8.134962239583205	95.12789097821693
8.144962239583204	95.24532897782531
8.154962239583204	95.36276697743453
8.164962239583204	95.48020497704316
8.174962239583204	95.59764297665166
8.184962239583204	95.7150809762606
8.194962239583203	95.83251897586904
8.204962239583203	95.94995697547789
8.214962239583203	96.06739497508659
8.224962239583203	96.18483297469535
8.234962239583203	96.3022709743041
8.244962239583202	96.41970897391263
8.254962239583202	96.53714697352135
8.264962239583202	96.65458497312989
8.274962239583202	96.77202297273904
8.284962239583201	96.88946097234772
8.294962239583201	97.00689897195649
8.304962239583201	97.1243369715649
8.3149622395832	97.24177497117378
8.3249622395832	97.35921297078254
8.3349622395832	97.47665097039136
8.3449622395832	97.59408897000004
8.3549622395832	97.71152696960868
8.3649622395832	97.8289649692174
8.3749622395832	97.946402968826
8.3849622395832	98.06384096843489
8.394962239583199	98.18127896804363
8.404962239583199	98.29871696765213
8.414962239583199	98.4161549672611
8.424962239583198	98.53359296686965
8.434962239583198	98.65103096647852
8.444962239583198	98.76846896608728
8.454962239583198	98.88590696569608
8.464962239583198	99.00334496530452
8.474962239583197	99.1207829649133
8.484962239583197	99.23822096452223
8.494962239583197	99.35565896413101
8.504962239583197	99.47309696373941
8.514962239583197	99.59053496334839
8.524962239583196	99.70797296295702
8.534962239583196	99.82541096256578
8.544962239583196	99.9428489621745
8.554962239583196	100.06028696178309
8.564962239583195	100.17772496139189
8.574962239583195	100.29516296100067
8.584962239583195	100.41260096060923
8.594962239583195	100.53003896021801
8.604962239583195	100.64747695982672
8.614962239583194	100.7649149594355
8.624962239583194	100.88235295904435
8.634962239583194	100.99979095865285
8.644962239583194	101.11722895826183
8.654962239583194	101.23466695787029
8.664962239583193	101.35210495747926
8.674962239583193	101.46954295708755
8.684962239583193	101.58698095669688
8.694962239583193	101.70441895630525
8.704962239583192	101.82185695591448
8.714962239583192	101.93929495552288
8.724962239583192	102.05673295513155
8.734962239583192	102.17417095474032
8.744962239583192	102.29160895434892
8.754962239583191	102.40904695395766
8.764962239583191	102.52648495356655
8.774962239583191	102.64392295317509
8.78496223958319	102.76136095278386
8.79496223958319	102.87879895239278
8.80496223958319	102.99623695200134
8.81496223958319	103.11367495161022
8.82496223958319	103.23111295121886
8.83496223958319	103.3485509508277
8.84496223958319	103.46598895043613
8.85496223958319	103.58342695004497
8.864962239583189	103.70086494965365
8.874962239583189	103.81830294926225
8.884962239583189	103.93574094887134
8.894962239583188	104.05317894847998
8.904962239583188	104.17061694808872
8.914962239583188	104.28805494769725
8.924962239583188	104.40549294730612
8.934962239583188	104.52293094691474
8.944962239583187	104.64036894652372
8.954962239583187	104.7578069461324
8.964962239583187	104.87524494574055
8.974962239583187	104.99268294534973
8.984962239583187	105.11012094495861
8.994962239583186	105.2275589445672
9.004962239583186	105.34499694417593
9.014962239583186	105.46243494378452
9.024962239583186	105.57987294339341
9.034962239583185	105.69731094300205
9.044962239583185	105.81474894261117
9.054962239583185	105.93218694221949
9.064962239583185	106.04962494182837
9.074962239583185	106.167062941437
9.084962239583184	106.28450094104592
9.094962239583184	106.40193894065457
9.104962239583184	106.51937694026343
9.114962239583184	106.6368149398721
9.124962239583184	106.75425293948086
9.134962239583183	106.8716909390893
9.144962239583183	106.9891289386981
9.154962239583183	107.10656693830681
9.164962239583183	107.22400493791575
9.174962239583182	107.34144293752432
9.184962239583182	107.45888088426638
9.194962239583182	107.57631885434932
9.204962239583182	107.69375685391793
9.214962239583182	107.81119485348684
9.224962239583181	107.92863285305553
9.234962239583181	108.04607085262369
9.244962239583181	108.16350885219246
9.25496223958318	108.2809468517613
9.26496223958318	108.39838485132962
9.27496223958318	108.5158228508983
9.28496223958318	108.6332608504669
9.29496223958318	108.75069885003559
9.30496223958318	108.86813684960399
9.31496223958318	108.98557484917285
9.32496223958318	109.10301284874167
9.334962239583179	109.22045084830997
9.344962239583179	109.33788884787873
9.354962239583179	109.45532684744745
9.364962239583178	109.57276484701597
9.374962239583178	109.69020284658451
9.384962239583178	109.80764084615299
9.394962239583178	109.92507884572197
9.404962239583178	110.04251684529048
9.414962239583177	110.15995484485909
9.424962239583177	110.27739284442771
9.434962239583177	110.39483084399602
9.444962239583177	110.512268843565
9.454962239583176	110.62970684313333
9.464962239583176	110.74714484270214
9.474962239583176	110.86458284227066
9.484962239583176	110.98202084183917
9.494962239583176	111.09945884140797
9.504962239583175	111.21689684097659
9.514962239583175	111.33433484054547
9.524962239583175	111.4517728401136
9.534962239583175	111.56921083968231
9.544962239583175	111.6866488392508
9.554962239583174	111.80408683881947
9.564962239583174	111.92152483838818
9.574962239583174	112.03896283795677
9.584962239583174	112.15640083752527
9.594962239583174	112.27383883709396
9.604962239583173	112.39127683666268
9.614962239583173	112.50871483623116
9.624962239583173	112.62615283579979
9.634962239583173	112.7435908353687
9.644962239583172	112.86102883493717
9.654962239583172	112.97846668642107
9.664962239583172	113.09590468588011
9.674962239583172	113.21334268533943
9.684962239583172	113.33078068479854
9.694962239583171	113.4482186842574
9.704962239583171	113.56565668371701
9.714962239583171	113.68309468317624
9.72496223958317	113.80053268263542
9.73496223958317	113.9179706820943
9.74496223958317	114.03540868155368
9.75496223958317	114.15284668101297
9.76496223958317	114.27028468047233
9.77496223958317	114.38772267993131
9.78496223958317	114.50516067939063
9.79496223958317	114.62259867884983
9.804962239583169	114.74003667830893
9.814962239583169	114.85747467776812
9.824962239583169	114.97491267722754
9.834962239583168	115.09235067668654
9.844962239583168	115.2097886761456
9.854962239583168	115.32722667560503
9.864962239583168	115.44466467506417
9.874962239583168	115.56210267452313
9.884962239583167	115.67954067398284
9.894962239583167	115.79697867344196
9.904962239583167	115.91441667290094
9.914962239583167	116.03185467236045
9.924962239583166	116.1492926718195
9.934962239583166	116.26673067127864
9.944962239583166	116.3841686707379
9.954962239583166	116.50160667019712
9.964962239583166	116.6190446696561
9.974962239583165	116.73648266911574
9.984962239583165	116.85392066857484
9.994962239583165	116.97135866803376
10.004962239583165	117.08879666749313
10.014962239583165	117.20623466695227
10.024962239583164	117.32367266641184
10.034962239583164	117.44111066587087
10.044962239583164	117.55854866532974
10.054962239583164	117.67598666478939
10.064962239583163	117.79342466424818
10.074962239583163	117.91086266370766
10.084962239583163	118.02830066316695
10.094962239583163	118.14573866262596
10.104962239583163	118.26317666208541
10.114962239583162	118.3806146615445
10.124962239583162	118.49805264534777
10.134962239583162	118.6154906291583
10.144962239583162	118.73292862853373
10.154962239583162	118.85036662791006
10.164962239583161	118.96780462728577
10.174962239583161	119.08524262666155
10.184962239583161	119.20268062603738
10.19496223958316	119.32011862541299
10.20496223958316	119.43755662478877
10.21496223958316	119.55499462416428
10.22496223958316	119.67243262354044
10.23496223958316	119.78987062291664
10.24496223958316	119.907308622292
10.25496223958316	120.02474662166763
10.26496223958316	120.14218462104351
10.274962239583159	120.25962262041908
10.284962239583159	120.37706061979496
10.294962239583159	120.49449861917091
10.304962239583158	120.61193661854625
10.314962239583158	120.72937461792249
10.324962239583158	120.84681261729797
10.334962239583158	120.96425061667422
10.344962239583158	121.08168861604973
10.354962239583157	121.19912661542541
10.364962239583157	121.31656461480125
10.374962239583157	121.43400261417702
10.384962239583157	121.55144061355303
10.394962239583156	121.66887861292881
10.404962239583156	121.78631661230435
10.414962239583156	121.90375461168038
10.424962239583156	122.02119261105666
10.434962239583156	122.1386305852363
10.444962239583155	122.25606858460003
10.454962239583155	122.37350655873313
10.464962239583155	122.4909445581068
10.474962239583155	122.60838255748054
10.484962239583155	122.72582055685467
10.494962239583154	122.84325855622834
10.504962239583154	122.96069655560262
10.514962239583154	123.07813455497626
10.524962239583154	123.19557255435043
10.534962239583153	123.31301055372441
10.544962239583153	123.43044855309833
10.554962239583153	123.54788655247185
10.564962239583153	123.66532455184573
10.574962239583153	123.78276255121962
10.584962239583152	123.90020055059398
10.594962239583152	124.01763854996756
10.604962239583152	124.13507654934152
10.614962239583152	124.25251454871514
10.624962239583152	124.36995254808959
10.634962239583151	124.48739054746338
10.644962239583151	124.60482854683707
10.654962239583151	124.72226654621116
10.66496223958315	124.83970454558512
10.67496223958315	124.95714254495866
10.68496223958315	125.07458054433275
10.69496223958315	125.19201854370655
10.70496223958315	125.30945654308027
10.71496223958315	125.42689454245465
10.72496223958315	125.54433254182806
10.73496223958315	125.66177054120212
10.744962239583149	125.77920854057619
10.754962239583149	125.89664653994994
10.764962239583149	126.01408453932358
10.774962239583148	126.13152253869794
10.784962239583148	126.2489605380719
10.794962239583148	126.36639853744578
10.804962239583148	126.48383653681954
10.814962239583148	126.60127453619343
10.824962239583147	126.71871253556694
10.834962239583147	126.836150534941
10.844962239583147	126.95358853431495
10.854962239583147	127.07102653368891
10.864962239583146	127.18846453306296
10.874962239583146	127.30590253243669
10.884962239583146	127.4233405318106
10.894962239583146	127.54077853118454
10.904962239583146	127.65821653055842
10.914962239583145	127.77565452993227
10.924962239583145	127.89309252930673
10.934962239583145	128.0105305286803
10.944962239583145	128.12796852805388
10.954962239583145	128.24540652742803
10.964962239583144	128.3628445268016
10.974962239583144	128.48028252617547
10.984962239583144	128.5977205255494
10.994962239583144	128.7151585249237
11.004962239583143	128.83259652429763
11.014962239583143	128.95003452367123
11.024962239583143	129.067472523045
11.034962239583143	129.18491052241924
11.044962239583143	129.30234852179288
11.054962239583142	129.4197865211671
11.064962239583142	129.53722452054078
11.074962239583142	129.65466251991452
11.084962239583142	129.77210051928898
11.094962239583142	129.8895385186624
11.104962239583141	130.00697651803625
11.114962239583141	130.1244145174103
11.124962239583141	130.2418525167842
11.13496223958314	130.35929051615793
11.14496223958314	130.47672851553196
11.15496223958314	130.5941665149059
11.16496223958314	130.7097033326494
11.17496223958314	130.80738333224082
11.18496223958314	130.90506333183203
11.19496223958314	131.00274333142318
11.20496223958314	131.10042333101427
11.214962239583139	131.19810333060525
11.224962239583139	131.29578333019666
11.234962239583139	131.39346332978786
11.244962239583138	131.4911433293792
11.254962239583138	131.58882332897068
11.264962239583138	131.6865033285624
11.274962239583138	131.78418332815318
11.284962239583137	131.8818633277443
11.294962239583137	131.97954332733593
11.304962239583137	132.07722332692668
11.314962239583137	132.1749033265186
11.324962239583137	132.27258332610978
11.334962239583136	132.37026332570107
11.344962239583136	132.46794332529177
11.354962239583136	132.56562332488352
11.364962239583136	132.6633033244748
11.374962239583136	132.76098332406642
11.384962239583135	132.85866332365697
11.394962239583135	132.9563433232485
11.404962239583135	133.05402332283973
11.414962239583135	133.15170332243065
11.424962239583135	133.24938332202206
11.434962239583134	133.34706332161352
11.444962239583134	133.44474332120433
11.454962239583134	133.54242332079644
11.464962239583134	133.64010332038723
11.474962239583133	133.73778331997795
11.484962239583133	133.83546331956953
11.494962239583133	133.9331433191607
11.504962239583133	134.03082331875254
11.514962239583133	134.1285033183433
11.524962239583132	134.22618331793524
11.534962239583132	134.32386331752585
11.544962239583132	134.4215433171176
11.554962239583132	134.51922331670818
11.564962239583132	134.6169033163001
11.574962239583131	134.71458331589113
11.584962239583131	134.81226331548234
11.59496223958313	134.90994331507363
11.60496223958313	135.00762331466495
11.61496223958313	135.10530331425645
11.62496223958313	135.2029833138482
11.63496223958313	135.3006633134387
11.64496223958313	135.3983433130299
11.65496223958313	135.49602331262133
11.66496223958313	135.59370331221248
11.67496223958313	135.6913833118036
11.684962239583129	135.78906331139504
11.694962239583129	135.88674331098593
11.704962239583129	135.98442331057794
11.714962239583128	136.08210331016886
11.724962239583128	136.1797833097606
11.734962239583128	136.27746330935153
11.744962239583128	136.37514330894294
11.754962239583127	136.47282327062277
11.764962239583127	136.57050323233915
11.774962239583127	136.66818323189602
11.784962239583127	136.76586323145307
11.794962239583127	136.8635432310104
11.804962239583126	136.96122323056665
11.814962239583126	137.05890323012298
11.824962239583126	137.15658322968022
11.834962239583126	137.25426322923704
11.844962239583126	137.35194322879408
11.854962239583125	137.44962322835033
11.864962239583125	137.54730322790752
11.874962239583125	137.64498322746428
11.884962239583125	137.7426632270208
11.894962239583124	137.84034322657791
11.904962239583124	137.93802322613485
11.914962239583124	138.03570322569135
11.924962239583124	138.13338322524865
11.934962239583124	138.23106322480504
11.944962239583123	138.32874322436183
11.950000000000001	138.37795249906884
1000011.95	138.37795249906884
