-100000	0
2.009273600818304	0
2.0126069341516373	0.000000049603296316879406
2.017606934151637	0.0000003178840805172056
2.025106934151637	0.0000011643031713085008
2.036356934151637	0.0000034595707299185927
2.053231934151637	0.000009246394391002177
2.0785444341516373	0.000023182814987737953
2.1165131841516374	0.00005509392642834847
2.1734663091516375	0.0001222369632453271
2.2588959966516375	0.0002399921885543325
2.3588959966516376	0.0003461805645747252
2.4588959966516377	0.0003715303198960161
2.558895996651638	0.0003715303198960161
2.658895996651638	0.0003715303198960161
2.758895996651638	0.0003715303198960161
2.858895996651638	0.0003715303198960161
2.958895996651638	0.0003715303198960161
3.0588959966516382	0.0003715303198960161
3.1588959966516383	0.0003715303198960161
3.2588959966516384	0.0003715303198960161
3.3588959966516385	0.0003715303198960161
3.4588959966516386	0.0003715303198960161
3.5588959966516387	0.0003715303198960161
3.658895996651639	0.0003715303198960161
3.758895996651639	0.0003715303198960161
3.858895996651639	0.0003715303198960161
3.958895996651639	0.0003715303198960161
4.058895996651639	0.0003715303198960161
4.158895996651639	0.0003715303198960161
4.258895996651638	0.0003715303198960161
4.358895996651638	0.0003715303198960161
4.458895996651638	0.0003715303198960161
4.558895996651637	0.0003715303198960161
4.658895996651637	0.0003715303198960161
4.758895996651637	0.0003715303198960161
4.858895996651636	0.0003715303198960161
4.958895996651636	0.0003715303198960161
5.058895996651636	0.0003715303198960161
5.158895996651635	0.0003715303198960161
5.258895996651635	0.0003715303198960161
5.3588959966516345	0.0003715303198960161
5.458895996651634	0.0029890963547232613
5.558895996651634	0.027936439784954803
5.6588959966516335	0.1014059673240766
5.758895996651633	0.22191789746613227
5.858895996651633	0.38486782739492986
5.958895996651632	0.5866307765030336
6.058895996651632	0.824135606435106
6.158895996651632	1.0947116926107934
6.258895996651631	1.3960222026989422
6.358895996651631	1.7260313525670703
6.458895996651631	2.0829427397229177
6.55889599665163	2.4651469834755955
6.65889599665163	2.8711892938025345
6.7588959966516295	3.2997540137996664
6.858895996651629	3.7496364191517184
6.958895996651629	4.219734881675327
7.0588959966516285	4.709034650396795
7.158895996651628	5.216599257999507
7.258895996651628	5.7415588702078075
7.358895996651627	6.283104272206569
7.458895996651627	6.840482719566418
7.558895996651627	7.412985765703185
7.658895996651626	7.999948439958963
7.758895996651626	8.600745491987107
7.858895996651626	9.21478987454421
7.958895996651625	9.841525391894734
8.058895996651625	10.48042609172675
8.158895996651625	11.130993476697315
8.258895996651624	11.792754212952625
8.358895996651624	12.465258232277664
8.458895996651624	13.14807737749848
8.558895996651623	13.840803632421881
8.658895996651623	14.543046208852223
8.758895996651622	15.25443409667888
8.858895996651622	15.97461124075742
8.958895996651622	16.703237465391062
9.058895996651621	17.43998737458872
9.158895996651621	18.184547069514974
9.25889599665162	18.936617102628198
9.35889599665162	19.69591121720538
9.45889599665162	20.46215335148039
9.55889599665162	21.23507863078119
9.65889599665162	22.01442834444773
9.758895996651619	22.79931239010487
9.858895996651619	23.58911649545134
9.958895996651618	24.3837238954685
10.058895996651618	25.183013159564045
10.158895996651617	25.986862317514788
10.258895996651617	26.795152714734975
10.358895996651617	27.607773147901312
10.458895996651616	28.424617275883758
10.558895996651616	29.24558654674878
10.658895996651616	30.070585057008035
10.758895996651615	30.899513401542098
10.858895996651615	31.732272580054296
10.958895996651615	32.56876432727324
11.058895996651614	33.40888953081784
11.158895996651614	34.252548730382244
11.258895996651614	35.09964280664244
11.358895996651613	35.950069251394474
11.458895996651613	36.80372477249249
11.558895996651612	37.66050033472828
11.658895996651612	38.52028113385649
11.758895996651612	39.38294577679666
11.858895996651611	40.24836462679424
11.958895996651611	41.11639679733847
12.05889599665161	41.98688614110654
12.15889599665161	42.859652864922985
12.25889599665161	43.73448564455442
12.35889599665161	44.61112356373409
12.45889599665161	45.489237040841054
12.558895996651609	46.368375537818615
12.658895996651609	47.247834630964654
12.71295981636897	47.656833590305226
1000012.7129598163	47.656833590305226
