-100000	0
0	0
0.0033333333333333335	0.032997519991962015
0.008333333333333333	0.08318184788476632
0.01583333333333333	0.15934558464441567
0.02708333333333333	0.27490686898983857
0.043958333333333335	0.4503907722551883
0.06927083333333334	0.717207149158466
0.10723958333333333	1.1233812104591845
0.16419270833333333	1.74255482662086
0.24962239583333334	2.687555814741672
0.3496223958333333	3.811504488845813
0.4496223958333333	4.94919191813243
0.5496223958333333	6.096875921984819
0.6496223958333333	7.251922563473854
0.7496223958333332	8.41245711345204
0.8496223958333332	9.577166088193614
0.9496223958333332	10.745191969591277
1.0496223958333333	11.916092445875245
1.1496223958333334	13.089012618130207
1.2496223958333335	14.263392571613993
1.3496223958333335	15.437772525097722
1.4496223958333336	16.61215247858149
1.5496223958333337	17.786532432065286
1.6496223958333338	18.960912385549015
1.749622395833334	20.135292339032826
1.849622395833334	21.30967229251653
1.949622395833334	22.484052246000374
2.049622395833334	23.65843219948415
2.149622395833334	24.83281215296785
2.249622395833334	26.007192106451544
2.349622395833334	27.18157205993534
2.4496223958333343	28.355952013419195
2.5496223958333344	29.530331966902946
2.6496223958333345	30.704711920386693
2.7496223958333346	31.87909187387042
2.8496223958333347	33.05347182735422
2.9496223958333347	34.22785178083807
3.049622395833335	35.40223173432169
3.149622395833335	36.57661168780561
3.249622395833335	37.75099164128933
3.349622395833335	38.92537159477304
3.449622395833335	40.099751548256904
3.5496223958333353	41.27413150174063
3.6496223958333354	42.44851145522438
3.7496223958333355	43.622891408708284
3.8496223958333355	44.79727136219189
3.9496223958333356	45.9716513156756
4.049622395833335	47.146031269159394
4.149622395833335	48.32041122264333
4.249622395833335	49.49479117612685
4.349622395833334	50.66917112961073
4.449622395833334	51.84355108309428
4.5496223958333335	53.01793103657809
4.649622395833333	54.19231099006197
4.749622395833333	55.366690943546025
4.849622395833332	56.54107089702952
4.949622395833332	57.71545085051328
5.049622395833332	58.88983080399708
5.149622395833331	60.06421075748087
5.249622395833331	61.23859071096486
5.349622395833331	62.412970664448466
5.44962239583333	63.5873506179321
5.54962239583333	64.76173057141578
5.64962239583333	65.93611354766318
5.749622395833329	67.11049354153651
5.849622395833329	68.28487353541006
5.9496223958333285	69.45925352928374
6.049622395833328	70.63363352315707
6.149622395833328	71.80801351703091
6.2496223958333275	72.98239351090416
6.349622395833327	74.15677350477749
6.449622395833327	75.33115349865157
6.549622395833326	76.50553349252444
6.649622395833326	77.67991348639846
6.749622395833326	78.854293480272
6.849622395833325	80.02867347414532
6.949622395833325	81.20305346801939
7.049622395833325	82.37743346189254
7.149622395833324	83.55181345576575
7.249622395833324	84.72619344963924
7.3496223958333236	85.90057344351273
7.449622395833323	87.07495343738587
7.549622395833323	88.24933343125961
7.6496223958333225	89.42371342513283
7.749622395833322	90.59809341900664
7.849622395833322	91.77247341287959
7.949622395833321	92.94685342243741
8.049622395833321	94.12123341683609
8.14962239583332	95.2956134112348
8.24962239583332	96.46999340563336
8.34962239583332	97.64437340003253
8.44962239583332	98.81875339443124
8.54962239583332	99.99313338882968
8.649622395833319	101.16751338322891
8.749622395833319	102.3418933776269
8.849622395833318	103.51627337202645
8.949622395833318	104.69065336642441
9.049622395833318	105.86503336082413
9.149622395833317	107.039413355223
9.249622395833317	108.21379318207224
9.349622395833316	109.38817318198565
9.449622395833316	110.56255318189957
9.549622395833316	111.73693318181301
9.649622395833315	112.91131318172603
9.749622395833315	114.08569288860474
9.849622395833315	115.2600728810171
9.949622395833314	116.43445287342912
10.049622395833314	117.60883286584058
10.149622395833314	118.7832128703131
10.249622395833313	119.95759280601618
10.349622395833313	121.13197279514937
10.449622395833313	122.30635269583206
10.549622395833312	123.4807326850828
10.649622395833312	124.65511267433342
10.749622395833311	125.82949266358445
10.849622395833311	127.00387265283517
10.94962239583331	128.17825264208653
11.04962239583331	129.35263263133743
11.14962239583331	130.52701262058818
11.24962239583331	131.53221988686641
11.34962239583331	132.5090198852764
11.449622395833309	133.48581988368343
11.549622395833309	134.4626198820923
11.649622395833308	135.43941988050034
11.749622395833308	136.41621987890855
11.849622395833308	137.3930197219731
11.949622395833307	138.36981973306646
11.950000000000001	138.3735089142919
1000011.95	138.3735089142919
