-100000	0
0	0
0.0003333333333333333	0.0032656028594595034
0.0008333333333333333	0.008185913045173606
0.0015833333333333333	0.015599295894737589
0.0027083333333333334	0.026770762168055996
0.004395833333333333	0.04361366790342781
0.006927083333333334	0.06902517444058026
0.010723958333333335	0.10739536208629091
0.016419270833333336	0.16538689152166472
0.024962239583333337	0.2531295425643537
0.03496223958333334	0.35674045646809976
0.04496223958333334	0.4611441510807691
0.05496223958333334	0.5662197449030059
0.06496223958333334	0.6718834814389261
0.07496223958333334	0.7780737909638281
0.08496223958333333	0.8847416403204175
0.09496223958333333	0.9918479728579426
0.10496223958333332	1.099360135618494
0.11496223958333332	1.207250412767082
0.12496223958333331	1.31549486619442
0.1349622395833333	1.4240725257059377
0.14496223958333332	1.5329649232609652
0.15496223958333333	1.6421555087045194
0.16496223958333334	1.7516295161494666
0.17496223958333335	1.8613731687719712
0.18496223958333335	1.971374171720046
0.19496223958333336	2.0816212397561933
0.20496223958333337	2.1921038860078843
0.21496223958333338	2.3028122378052727
0.2249622395833334	2.413737183653408
0.2349622395833334	2.5248703102546965
0.2449622395833334	2.6362036517076497
0.2549622395833334	2.7477295297349027
0.2649622395833334	2.8594407444400014
0.27496223958333343	2.971330851185414
0.28496223958333344	3.083393288141125
0.29496223958333345	3.195622242677798
0.30496223958333346	3.308011851007008
0.31496223958333347	3.4205566043798843
0.3249622395833335	3.5332512808443113
0.3349622395833335	3.646090979482589
0.3449622395833335	3.7590707430311667
0.3549622395833335	3.872186013306772
0.3649622395833335	3.9854322724668054
0.3749622395833335	4.0988053960440185
0.38496223958333353	4.212301333379317
0.39496223958333354	4.325916042905642
0.40496223958333355	4.439645792166105
0.41496223958333356	4.553486968078719
0.42496223958333357	4.66743612522578
0.4349622395833336	4.7814898273565545
0.4449622395833336	4.8956447577405715
0.4549622395833336	5.009897778202183
0.4649622395833336	5.124245822973056
0.4749622395833336	5.238686004227179
0.4849622395833336	5.353215387520008
0.49496223958333363	5.467831368029233
0.5049622395833336	5.582531167402104
0.5149622395833336	5.6973121836169005
0.5249622395833337	5.812172139482128
0.5349622395833337	5.927108477435053
0.5449622395833337	6.042118995463839
0.5549622395833337	6.1572013318989
0.5649622395833337	6.27235331800995
0.5749622395833337	6.387572877798652
0.5849622395833337	6.5028580514388725
0.5949622395833337	6.618206839093153
0.6049622395833337	6.733617476358017
0.6149622395833337	6.849087992712524
0.6249622395833337	6.964616810677064
0.6349622395833338	7.080202226963811
0.6449622395833338	7.1958426045409185
0.6549622395833338	7.311536396894459
0.6649622395833338	7.427282068943726
0.6749622395833338	7.543078223019438
0.6849622395833338	7.658923404109925
0.6949622395833338	7.774816367227739
0.7049622395833338	7.890755922218951
0.7149622395833338	8.006740694006812
0.7249622395833338	8.122769616202046
0.7349622395833338	8.238841770448204
0.7449622395833339	8.354955995404158
0.7549622395833339	8.471111257906571
0.7649622395833339	8.587306746284169
0.7749622395833339	8.703541460361158
0.7849622395833339	8.819814634424873
0.7949622395833339	8.936125584492073
0.8049622395833339	9.05247350910787
0.8149622395833339	9.168857731382163
0.8249622395833339	9.285277630662844
0.8349622395833339	9.40173260861094
0.8449622395833339	9.51822208237511
0.854962239583334	9.63474553577509
0.864962239583334	9.75130260209249
0.874962239583334	9.867893021866896
0.884962239583334	9.984516424346973
0.894962239583334	10.101172436739162
0.904962239583334	10.217860813655951
0.914962239583334	10.334581383420643
0.924962239583334	10.451333953903744
0.934962239583334	10.568118427633593
0.944962239583334	10.684934741924618
0.954962239583334	10.801782860500797
0.964962239583334	10.918662795016559
0.9749622395833341	11.035574588616896
0.9849622395833341	11.15251833291813
0.9949622395833341	11.269494148842748
1.004962239583334	11.386502203024904
1.014962239583334	11.503542736709408
1.024962239583334	11.620616007584982
1.034962239583334	11.737722272581264
1.044962239583334	11.854861849225987
1.054962239583334	11.972035109469873
1.064962239583334	12.089242503069565
1.074962239583334	12.20648441066744
1.084962239583334	12.32376134379083
1.094962239583334	12.441073806007363
1.104962239583334	12.558422271537315
1.114962239583334	12.675807438472377
1.124962239583334	12.792819810101205
1.134962239583334	12.910257806160635
1.144962239583334	13.02769580221999
1.154962239583334	13.145133798279433
1.1649622395833341	13.262571794338871
1.1749622395833341	13.38000979039829
1.1849622395833341	13.497447786457759
1.1949622395833341	13.614885782517137
1.2049622395833341	13.732323778576532
1.2149622395833342	13.849761774635958
1.2249622395833342	13.967199770695347
1.2349622395833342	14.084637766754797
1.2449622395833342	14.202075762814196
1.2549622395833342	14.319513758873637
1.2649622395833342	14.436951754933053
1.2749622395833342	14.5543897509924
1.2849622395833342	14.671827747051822
1.2949622395833342	14.789265743111276
1.3049622395833342	14.906703739170714
1.3149622395833342	15.024141735230055
1.3249622395833343	15.141579731289523
1.3349622395833343	15.259017727348944
1.3449622395833343	15.3764557234084
1.3549622395833343	15.49389371946774
1.3649622395833343	15.611331715527202
1.3749622395833343	15.728769711586596
1.3849622395833343	15.846207707646036
1.3949622395833343	15.963645703705433
1.4049622395833343	16.081083699764854
1.4149622395833343	16.198521695824258
1.4249622395833343	16.3159596918837
1.4349622395833344	16.433397687943078
1.4449622395833344	16.5508356840025
1.4549622395833344	16.66827368006196
1.4649622395833344	16.785711676121366
1.4749622395833344	16.903149672180717
1.4849622395833344	17.020587668240186
1.4949622395833344	17.13802566429957
1.5049622395833344	17.25546366035904
1.5149622395833344	17.372901656418446
1.5249622395833344	17.490339652477907
1.5349622395833344	17.607777648537304
1.5449622395833345	17.725215644596663
1.5549622395833345	17.84265364065605
1.5649622395833345	17.960091636715454
1.5749622395833345	18.077529632774933
1.5849622395833345	18.19496762883437
1.5949622395833345	18.31240562489375
1.6049622395833345	18.429843620953196
1.6149622395833345	18.547281617012604
1.6249622395833345	18.664719613072013
1.6349622395833345	18.782157609131403
1.6449622395833345	18.89959560519079
1.6549622395833345	19.017033601250212
1.6649622395833346	19.134471597309595
1.6749622395833346	19.25190959336907
1.6849622395833346	19.369347589428497
1.6949622395833346	19.486785585487887
1.7049622395833346	19.604223581547277
1.7149622395833346	19.721661577606728
1.7249622395833346	19.83909957366613
1.7349622395833346	19.956537569725583
1.7449622395833346	20.07397556578503
1.7549622395833346	20.191413561844396
1.7649622395833346	20.308851557903832
1.7749622395833347	20.426289553963233
1.7849622395833347	20.543727550022606
1.7949622395833347	20.661165546082085
1.8049622395833347	20.778603542141443
1.8149622395833347	20.89604153820088
1.8249622395833347	21.013479534260274
1.8349622395833347	21.130917530319746
1.8449622395833347	21.248355526379097
1.8549622395833347	21.365793522438498
1.8649622395833347	21.483231518497977
1.8749622395833347	21.60066951455743
1.8849622395833348	21.718107510616814
1.8949622395833348	21.835545506676162
1.9049622395833348	21.95298350273563
1.9149622395833348	22.07042149879505
1.9249622395833348	22.187859494854532
1.9349622395833348	22.30529749091385
1.9449622395833348	22.422735486973274
1.9549622395833348	22.54017348303269
1.9649622395833348	22.65761147909217
1.9749622395833348	22.775049475151558
1.9849622395833348	22.8924874712109
1.9949622395833349	23.00992546727031
2.004962239583335	23.127363463329807
2.0149622395833346	23.244801459389187
2.0249622395833344	23.362239455448652
2.034962239583334	23.479677451508042
2.044962239583334	23.597115447567457
2.054962239583334	23.71455344362679
2.0649622395833336	23.83199143968631
2.0749622395833334	23.949429435745646
2.084962239583333	24.06686743180507
2.094962239583333	24.18430542786451
2.1049622395833327	24.3017434239239
2.1149622395833325	24.41918141998333
2.1249622395833323	24.536619416042736
2.134962239583332	24.654057412102276
2.144962239583332	24.771495408161574
2.1549622395833317	24.888933404221007
2.1649622395833314	25.006371400280425
2.1749622395833312	25.123809396339862
2.184962239583331	25.241247392399256
2.194962239583331	25.358685388458586
2.2049622395833306	25.47612338451809
2.2149622395833304	25.593561380577455
2.22496223958333	25.710999376636863
2.23496223958333	25.8284373726962
2.2449622395833297	25.945875368755708
2.2549622395833295	26.063313364815112
2.2649622395833293	26.180751360874527
2.274962239583329	26.298189356933914
2.284962239583329	26.41562735299334
2.2949622395833287	26.533065349052816
2.3049622395833285	26.650503345112217
2.3149622395833283	26.76794134117163
2.324962239583328	26.885379337230997
2.334962239583328	27.002817333290384
2.3449622395833276	27.120255329349806
2.3549622395833274	27.23769332540923
2.364962239583327	27.355131321468654
2.374962239583327	27.4725693175281
2.3849622395833268	27.590007313587485
2.3949622395833265	27.707445309646864
2.4049622395833263	27.824883305706333
2.414962239583326	27.942321301765723
2.424962239583326	28.059759297825124
2.4349622395833257	28.177197293884564
2.4449622395833255	28.294635289943905
2.4549622395833253	28.412073286003384
2.464962239583325	28.529511282062774
2.474962239583325	28.646949278122225
2.4849622395833246	28.764387274181576
2.4949622395833244	28.88182527024098
2.504962239583324	28.999263266300336
2.514962239583324	29.11670126235992
2.5249622395833238	29.234139258419205
2.5349622395833236	29.351577254478666
2.5449622395833233	29.46901525053803
2.554962239583323	29.586453246597475
2.564962239583323	29.703891242656894
2.5749622395833227	29.821329238716338
2.5849622395833225	29.93876723477571
2.5949622395833223	30.056205230835147
2.604962239583322	30.17364322689459
2.614962239583322	30.29108122295399
2.6249622395833216	30.40851921901336
2.6349622395833214	30.52595721507279
2.644962239583321	30.64339521113213
2.654962239583321	30.760833207191627
2.664962239583321	30.87827120325107
2.6749622395833206	30.99570919931044
2.6849622395833204	31.11314719536988
2.69496223958332	31.230585191429302
2.70496223958332	31.348023187488767
2.7149622395833197	31.465461183548136
2.7249622395833195	31.582899179607455
2.7349622395833193	31.700337175666885
2.744962239583319	31.81777517172635
2.754962239583319	31.935213167785783
2.7649622395833187	32.05265116384508
2.7749622395833184	32.17008915990455
2.7849622395833182	32.28752715596399
2.794962239583318	32.40496515202334
2.804962239583318	32.52240314808276
2.8149622395833176	32.63984114414217
2.8249622395833174	32.7572791402016
2.834962239583317	32.87471713626109
2.844962239583317	32.99215513232054
2.8549622395833167	33.10959312837993
2.8649622395833165	33.227031124439236
2.8749622395833163	33.34446912049865
2.884962239583316	33.46190711655811
2.894962239583316	33.579345112617524
2.9049622395833157	33.69678310867691
2.9149622395833155	33.814221104736376
2.9249622395833152	33.93165910079576
2.934962239583315	34.0490970968553
2.944962239583315	34.166535092914614
2.9549622395833146	34.28397308897398
2.9649622395833144	34.401411085033466
2.974962239583314	34.518849081092895
2.984962239583314	34.6362870771521
2.9949622395833138	34.753725073211726
3.0049622395833135	34.87116306927112
3.0149622395833133	34.98860106533049
3.024962239583313	35.10603906138993
3.034962239583313	35.22347705744923
3.0449622395833127	35.34091505350873
3.0549622395833125	35.45835304956809
3.0649622395833123	35.575791045627604
3.074962239583312	35.69322904168702
3.084962239583312	35.81066703774637
3.0949622395833116	35.928105033805785
3.1049622395833114	36.04554302986527
3.114962239583311	36.16298102592467
3.124962239583311	36.280419021984066
3.1349622395833108	36.39785701804354
3.1449622395833106	36.51529501410285
3.1549622395833103	36.63273301016225
3.16496223958331	36.7501710062217
3.17496223958331	36.86760900228114
3.1849622395833097	36.98504699834053
3.1949622395833095	37.102484994399944
3.2049622395833093	37.21992299045937
3.214962239583309	37.33736098651882
3.224962239583309	37.45479898257808
3.2349622395833086	37.572236978637505
3.2449622395833084	37.68967497469695
3.254962239583308	37.80711297075641
3.264962239583308	37.92455096681582
3.274962239583308	38.04198896287527
3.2849622395833076	38.159426958934624
3.2949622395833074	38.27686495499404
3.304962239583307	38.39430295105344
3.314962239583307	38.51174094711287
3.3249622395833067	38.62917894317233
3.3349622395833065	38.74661693923174
3.3449622395833063	38.864054935291094
3.354962239583306	38.98149293135054
3.364962239583306	39.09893092740996
3.3749622395833057	39.216368923469325
3.3849622395833054	39.333806919528875
3.3949622395833052	39.45124491558813
3.404962239583305	39.56868291164769
3.414962239583305	39.68612090770693
3.4249622395833046	39.80355890376631
3.4349622395833044	39.920996899825965
3.444962239583304	40.038434895885324
3.454962239583304	40.15587289194469
3.4649622395833037	40.27331088800412
3.4749622395833035	40.39074888406351
3.4849622395833033	40.508186880122864
3.494962239583303	40.62562487618235
3.504962239583303	40.74306287224174
3.5149622395833027	40.86050086830101
3.5249622395833025	40.9779388643605
3.5349622395833022	41.09537686041996
3.544962239583302	41.21281485647937
3.554962239583302	41.330252852538855
3.5649622395833016	41.4476908485982
3.5749622395833014	41.565128844657686
3.584962239583301	41.68256684071711
3.594962239583301	41.80000483677644
3.6049622395833008	41.91744283283587
3.6149622395833005	42.03488082889531
3.6249622395833003	42.152318824954634
3.6349622395833	42.26975682101408
3.6449622395833	42.38719481707339
3.6549622395832997	42.504632813133014
3.6649622395832995	42.62207080919237
3.6749622395832993	42.7395088052517
3.684962239583299	42.856946801311125
3.694962239583299	42.974384797370504
3.7049622395832986	43.09182279342994
3.7149622395832984	43.2092607894894
3.724962239583298	43.32669878554874
3.734962239583298	43.44413678160823
3.7449622395832978	43.56157477766755
3.7549622395832976	43.67901277372711
3.7649622395832973	43.79645076978642
3.774962239583297	43.91388876584573
3.784962239583297	44.03132676190532
3.7949622395832967	44.148764757964734
3.8049622395832965	44.26620275402409
3.8149622395832963	44.38364075008356
3.824962239583296	44.50107874614295
3.834962239583296	44.61851674220238
3.8449622395832956	44.73595473826182
3.8549622395832954	44.8533927343212
3.864962239583295	44.970830730380584
3.874962239583295	45.08826872644005
3.884962239583295	45.20570672249938
3.8949622395832946	45.32314471855875
3.9049622395832944	45.44058271461814
3.914962239583294	45.558020710677624
3.924962239583294	45.67545870673711
3.9349622395832937	45.79289670279646
3.9449622395832935	45.91033469885593
3.9549622395832933	46.02777269491536
3.964962239583293	46.14521069097474
3.974962239583293	46.26264868703417
3.9849622395832927	46.38008668309351
3.9949622395832924	46.497524679152974
4.004962239583293	46.61496267521226
4.0149622395832925	46.73240067127171
4.024962239583292	46.84983866733128
4.034962239583292	46.96727666339057
4.044962239583292	47.08471465944997
4.054962239583292	47.20215265550936
4.064962239583291	47.31959065156876
4.074962239583291	47.437028647628296
4.084962239583291	47.55446664368751
4.094962239583291	47.67190463974701
4.1049622395832905	47.7893426358065
4.11496223958329	47.906780631865864
4.12496223958329	48.024218627925364
4.13496223958329	48.141656623984716
4.14496223958329	48.259094620044074
4.1549622395832895	48.37653261610349
4.164962239583289	48.49397061216302
4.174962239583289	48.611408608222554
4.184962239583289	48.72884660428173
4.194962239583289	48.84628460034135
4.204962239583288	48.96372259640081
4.214962239583288	49.081160592459945
4.224962239583288	49.19859858851947
4.234962239583288	49.3160365845788
4.2449622395832876	49.43347458063843
4.254962239583287	49.55091257669751
4.264962239583287	49.66835057275693
4.274962239583287	49.785788568816656
4.284962239583287	49.9032265648759
4.2949622395832865	50.0206645609354
4.304962239583286	50.1381025569947
4.314962239583286	50.25554055305423
4.324962239583286	50.37297854911356
4.334962239583286	50.490416545173034
4.344962239583285	50.60785454123245
4.354962239583285	50.72529253729177
4.364962239583285	50.842730533351194
4.374962239583285	50.96016852941068
4.384962239583285	51.077606525470046
4.394962239583284	51.19504452152939
4.404962239583284	51.312482517588876
4.414962239583284	51.429920513648256
4.424962239583284	51.5473585097078
4.4349622395832835	51.664796505767185
4.444962239583283	51.78223450182658
4.454962239583283	51.899672497886
4.464962239583283	52.017110493945395
4.474962239583283	52.13454849000458
4.484962239583282	52.25198648606412
4.494962239583282	52.369424482123456
4.504962239583282	52.4868624781828
4.514962239583282	52.604300474242265
4.524962239583282	52.72173847030174
4.534962239583281	52.83917646636124
4.544962239583281	52.956614462420575
4.554962239583281	53.074052458479976
4.564962239583281	53.19149045453938
4.5749622395832805	53.30892845059888
4.58496223958328	53.42636644665813
4.59496223958328	53.54380444271769
4.60496223958328	53.66124243877717
4.61496223958328	53.77868043483644
4.6249622395832795	53.8961184308959
4.634962239583279	54.013556426955375
4.644962239583279	54.13099442301456
4.654962239583279	54.24843241907439
4.664962239583279	54.36587041513341
4.674962239583278	54.483308411193015
4.684962239583278	54.6007464072525
4.694962239583278	54.71818440331185
4.704962239583278	54.83562239937121
4.7149622395832775	54.95306039543072
4.724962239583277	55.07049839149
4.734962239583277	55.18793638754949
4.744962239583277	55.30537438360886
4.754962239583277	55.42281237966831
4.7649622395832765	55.54025037572771
4.774962239583276	55.65768837178698
4.784962239583276	55.775126367846475
4.794962239583276	55.89256436390575
4.804962239583276	56.010002359965284
4.814962239583275	56.12744035602461
4.824962239583275	56.24487835208426
4.834962239583275	56.36231634814358
4.844962239583275	56.479754344203
4.8549622395832746	56.5971923402624
4.864962239583274	56.71463033632168
4.874962239583274	56.832068332381255
4.884962239583274	56.94950632844055
4.894962239583274	57.066944324500156
4.9049622395832735	57.18438232055962
4.914962239583273	57.30182031661882
4.924962239583273	57.419258312678274
4.934962239583273	57.536696308737824
4.944962239583273	57.65413430479693
4.954962239583272	57.771572300856604
4.964962239583272	57.889010296916055
4.974962239583272	58.00644829297526
4.984962239583272	58.123886289034786
4.994962239583272	58.241324285094244
5.004962239583271	58.358762281153815
5.014962239583271	58.476200277213024
5.024962239583271	58.5936382732723
5.034962239583271	58.71107626933187
5.0449622395832705	58.82851426539116
5.05496223958327	58.94595226145073
5.06496223958327	59.06339025751002
5.07496223958327	59.18082825356958
5.08496223958327	59.29826624962886
5.094962239583269	59.41570424568831
5.104962239583269	59.5331422417478
5.114962239583269	59.65058023780699
5.124962239583269	59.76801823386652
5.134962239583269	59.885456229926035
5.144962239583268	60.0028942259855
5.154962239583268	60.120332222044674
5.164962239583268	60.237770218104295
5.174962239583268	60.35520821416345
5.1849622395832675	60.472646210223004
5.194962239583267	60.590084206282604
5.204962239583267	60.70752220234155
5.214962239583267	60.824960198401435
5.224962239583267	60.942398194460736
5.2349622395832665	61.059836190520016
5.244962239583266	61.17727418657948
5.254962239583266	61.294712182638904
5.264962239583266	61.412150178698255
5.274962239583266	61.52958817475775
5.284962239583265	61.64702594074785
5.294962239583265	61.764463937368724
5.304962239583265	61.881901933989575
5.314962239583265	61.999339930610255
5.3249622395832645	62.11677792723113
5.334962239583264	62.23421592385187
5.344962239583264	62.3516539204727
5.354962239583264	62.4690919170934
5.364962239583264	62.586529913714145
5.3749622395832635	62.70396768373637
5.384962239583263	62.82140568088221
5.394962239583263	62.93884367802787
5.404962239583263	63.05628167517386
5.414962239583263	63.17371967231973
5.424962239583262	63.29115766946535
5.434962239583262	63.40859566661134
5.444962239583262	63.52603366375718
5.454962239583262	63.6434716609028
5.4649622395832615	63.76090965804858
5.474962239583261	63.878347655194645
5.484962239583261	63.99578565234033
5.494962239583261	64.11322364948637
5.504962239583261	64.2306616466323
5.5149622395832605	64.34809964377814
5.52496223958326	64.46553764092417
5.53496223958326	64.58297563806985
5.54496223958326	64.70041363521548
5.55496223958326	64.81785163236145
5.564962239583259	64.93528962950738
5.574962239583259	65.05272762665325
5.584962239583259	65.17016562379877
5.594962239583259	65.28760362094471
5.604962239583259	65.40504161809069
5.614962239583258	65.52247961523658
5.624962239583258	65.63991761238236
5.634962239583258	65.7573556095282
5.644962239583258	65.87479360667389
5.6549622395832575	65.99223160382003
5.664962239583257	66.10966960096556
5.674962239583257	66.22710759811169
5.684962239583257	66.3445455952573
5.694962239583257	66.46198359240321
5.704962239583256	66.5794215895491
5.714962239583256	66.6968595866948
5.724962239583256	66.81429758384073
5.734962239583256	66.93173558098654
5.744962239583256	67.0491735781324
5.754962239583255	67.16661157527825
5.764962239583255	67.28404957242407
5.774962239583255	67.40148756956981
5.784962239583255	67.51892556671582
5.7949622395832545	67.63636356386161
5.804962239583254	67.75380156100755
5.814962239583254	67.87123955815325
5.824962239583254	67.98867755529912
5.834962239583254	68.10611555244475
5.8449622395832534	68.22355354959072
5.854962239583253	68.34099154673657
5.864962239583253	68.4584295438823
5.874962239583253	68.57586754102846
5.884962239583253	68.69330553817417
5.894962239583252	68.81074353531994
5.904962239583252	68.92818153246581
5.914962239583252	69.04561952961186
5.924962239583252	69.16305752675767
5.9349622395832515	69.28049552390334
5.944962239583251	69.39793352104948
5.954962239583251	69.51537151819534
5.964962239583251	69.63280951534091
5.974962239583251	69.75024751248635
5.9849622395832505	69.86768550963275
5.99496223958325	69.98512350677849
6.00496223958325	70.10256150392438
6.01496223958325	70.21999950106992
6.02496223958325	70.33743749821559
6.034962239583249	70.45487549536179
6.044962239583249	70.57231349250749
6.054962239583249	70.68975148965335
6.064962239583249	70.80718948679929
6.0749622395832485	70.92462748394507
6.084962239583248	71.04206548109094
6.094962239583248	71.1595034782369
6.104962239583248	71.27694147538284
6.114962239583248	71.39437947252878
6.1249622395832475	71.51181746967421
6.134962239583247	71.62925546682055
6.144962239583247	71.74669346396588
6.154962239583247	71.86413146111191
6.164962239583247	71.98156945825747
6.174962239583246	72.09900745540344
6.184962239583246	72.2164454525494
6.194962239583246	72.33388344969515
6.204962239583246	72.45132144684081
6.214962239583246	72.56875944398672
6.224962239583245	72.68619744113268
6.234962239583245	72.80363543827859
6.244962239583245	72.92107343542423
6.254962239583245	73.03851143257029
6.2649622395832445	73.15594942971607
6.274962239583244	73.27338742686196
6.284962239583244	73.39082542400796
6.294962239583244	73.50826342115354
6.304962239583244	73.62570141829912
6.314962239583243	73.74313941544514
6.324962239583243	73.86057741259117
6.334962239583243	73.97801540973668
6.344962239583243	74.09545340688237
6.354962239583243	74.21289140402862
6.364962239583242	74.33032940117454
6.374962239583242	74.44776739832028
6.384962239583242	74.56520539546621
6.394962239583242	74.68264339261196
6.4049622395832415	74.80008138975803
6.414962239583241	74.91751938690359
6.424962239583241	75.03495738404938
6.434962239583241	75.15239538119556
6.444962239583241	75.2698333783412
6.4549622395832404	75.38727137548722
6.46496223958324	75.50470937263299
6.47496223958324	75.62214736977874
6.48496223958324	75.7395853669245
6.49496223958324	75.85702336407034
6.504962239583239	75.97446136121607
6.514962239583239	76.09189935836197
6.524962239583239	76.20933735550804
6.534962239583239	76.32677535265388
6.5449622395832385	76.44421334979954
6.554962239583238	76.56165134694531
6.564962239583238	76.67908934409098
6.574962239583238	76.79652734123691
6.584962239583238	76.91396533838308
6.5949622395832375	77.03140333552865
6.604962239583237	77.14884133267446
6.614962239583237	77.26627932982034
6.624962239583237	77.38371732696609
6.634962239583237	77.50115532411199
6.644962239583236	77.61859332125773
6.654962239583236	77.73603131840353
6.664962239583236	77.85346931554932
6.674962239583236	77.97090731269515
6.6849622395832355	78.08834530984116
6.694962239583235	78.20578330698672
6.704962239583235	78.32322130413263
6.714962239583235	78.4406593012787
6.724962239583235	78.55809729842473
6.7349622395832345	78.67553529557014
6.744962239583234	78.79297329271597
6.754962239583234	78.91041128986205
6.764962239583234	79.02784928700785
6.774962239583234	79.14528728415362
6.784962239583233	79.26272528129952
6.794962239583233	79.38016327844528
6.804962239583233	79.49760127559136
6.814962239583233	79.61503927273704
6.824962239583233	79.73247726988286
6.834962239583232	79.84991526702827
6.844962239583232	79.96735326417466
6.854962239583232	80.08479126132002
6.864962239583232	80.20222925846626
6.8749622395832315	80.31966725561193
6.884962239583231	80.43710525275803
6.894962239583231	80.55454324990363
6.904962239583231	80.6719812470492
6.914962239583231	80.78941924419536
6.92496223958323	80.9068572413413
6.93496223958323	81.02429523848686
6.94496223958323	81.14173323563286
6.95496223958323	81.25917123277857
6.96496223958323	81.37660922992445
6.974962239583229	81.49404722707024
6.984962239583229	81.61148522421618
6.994962239583229	81.7289232213617
7.004962239583229	81.8463612185074
7.0149622395832285	81.96379921565372
7.024962239583228	82.08123721279948
7.034962239583228	82.19867520994539
7.044962239583228	82.31611320709125
7.054962239583228	82.43355120423685
7.064962239583227	82.55098920138266
7.074962239583227	82.66842719852848
7.084962239583227	82.78586519567428
7.094962239583227	82.90330319282042
7.104962239583227	83.02074118996624
7.114962239583226	83.13817918711199
7.124962239583226	83.25561718425784
7.134962239583226	83.37305518140377
7.144962239583226	83.49049317854926
7.1549622395832255	83.60793117569531
7.164962239583225	83.72536917284164
7.174962239583225	83.84280716998707
7.184962239583225	83.96024516713258
7.194962239583225	84.07768316427843
7.2049622395832245	84.19512116142455
7.214962239583224	84.31255915857024
7.224962239583224	84.42999715571601
7.234962239583224	84.54743515286188
7.244962239583224	84.66487315000776
7.254962239583223	84.78231114715346
7.264962239583223	84.89974914429911
7.274962239583223	85.01718714144522
7.284962239583223	85.13462513859115
7.2949622395832225	85.2520631357368
7.304962239583222	85.36950113288263
7.314962239583222	85.48693913002847
7.324962239583222	85.60437712717427
7.334962239583222	85.72181512432013
7.3449622395832215	85.83925312146569
7.354962239583221	85.9566911186116
7.364962239583221	86.07412911575778
7.374962239583221	86.19156711290331
7.384962239583221	86.30900511004913
7.39496223958322	86.4264431071952
7.40496223958322	86.5438811043409
7.41496223958322	86.66131910148698
7.42496223958322	86.77875709863272
7.43496223958322	86.89619509577845
7.444962239583219	87.0136330929242
7.454962239583219	87.1310710900702
7.464962239583219	87.24850908721628
7.474962239583219	87.36594708436198
7.4849622395832185	87.48338508150778
7.494962239583218	87.60082307865345
7.504962239583218	87.71826107579943
7.514962239583218	87.835699072945
7.524962239583218	87.95313707009123
7.534962239583217	88.07057506723686
7.544962239583217	88.18801306438264
7.554962239583217	88.30545106152817
7.564962239583217	88.42288905867422
7.574962239583217	88.54032705582026
7.584962239583216	88.65776505296583
7.594962239583216	88.77520305011153
7.604962239583216	88.89264104725737
7.614962239583216	89.01007904440313
7.6249622395832155	89.12751704154918
7.634962239583215	89.2449550386952
7.644962239583215	89.36239303584081
7.654962239583215	89.47983103298655
7.664962239583215	89.59726903013254
7.674962239583214	89.71470702727876
7.684962239583214	89.83214502442425
7.694962239583214	89.94958302157015
7.704962239583214	90.06702101871605
7.714962239583214	90.18445901586195
7.724962239583213	90.30189701300753
7.734962239583213	90.41933501015329
7.744962239583213	90.53677300729936
7.754962239583213	90.65421100444472
7.7649622395832125	90.77164900159076
7.774962239583212	90.88908699873656
7.784962239583212	91.00652499588271
7.794962239583212	91.12396299302827
7.804962239583212	91.24140099017434
7.8149622395832115	91.3588389873201
7.824962239583211	91.4762769844658
7.834962239583211	91.59371498161154
7.844962239583211	91.71115297875738
7.854962239583211	91.82859097590344
7.86496223958321	91.94602897304917
7.87496223958321	92.06346697019478
7.88496223958321	92.18090496734101
7.89496223958321	92.29834296448652
7.9049622395832095	92.4157809616325
7.914962239583209	92.53321895877819
7.924962239583209	92.65065695592413
7.934962239583209	92.76809495306998
7.944962239583209	92.88553455364939
7.9549622395832085	93.00297255306678
7.964962239583208	93.12041055248389
7.974962239583208	93.23784855190127
7.984962239583208	93.3552865513189
7.994962239583208	93.4727245507359
8.004962239583207	93.59016255015338
8.014962239583207	93.70760054957053
8.024962239583207	93.82503854898795
8.034962239583207	93.94247654840532
8.044962239583207	94.05991454782227
8.054962239583206	94.1773525472397
8.064962239583206	94.29479054665705
8.074962239583206	94.41222854607454
8.084962239583206	94.52966654549154
8.094962239583205	94.64710454490884
8.104962239583205	94.7645425443265
8.114962239583205	94.88198054374365
8.124962239583205	94.99941854316083
8.134962239583205	95.11685654257788
8.144962239583204	95.23429454199572
8.154962239583204	95.3517325414128
8.164962239583204	95.46917054082995
8.174962239583204	95.58660854024744
8.184962239583204	95.70404653966482
8.194962239583203	95.82148453908194
8.204962239583203	95.93892253849974
8.214962239583203	96.05636053791683
8.224962239583203	96.17379853733424
8.234962239583203	96.29123653675117
8.244962239583202	96.40867453616873
8.254962239583202	96.52611253558585
8.264962239583202	96.64355053500334
8.274962239583202	96.7609885344205
8.284962239583201	96.87842653383757
8.294962239583201	96.99586453325496
8.304962239583201	97.11330253267207
8.3149622395832	97.23074053208963
8.3249622395832	97.3481785315073
8.3349622395832	97.4656165309245
8.3449622395832	97.58305453034166
8.3549622395832	97.70049252975899
8.3649622395832	97.81793052917644
8.3749622395832	97.93536852859351
8.3849622395832	98.05280652801119
8.394962239583199	98.17024452742808
8.404962239583199	98.28768252684567
8.414962239583199	98.40512052626276
8.424962239583198	98.52255852568021
8.434962239583198	98.63999652509771
8.444962239583198	98.75743452451503
8.454962239583198	98.87487252393201
8.464962239583198	98.99231052334959
8.474962239583197	99.10974852276652
8.484962239583197	99.22718652218386
8.494962239583197	99.34462452160173
8.504962239583197	99.46206252101845
8.514962239583197	99.57950052043623
8.524962239583196	99.69693851985326
8.534962239583196	99.81437651927062
8.544962239583196	99.93181451868774
8.554962239583196	100.04925251810518
8.564962239583195	100.16669051752262
8.574962239583195	100.28412851694006
8.584962239583195	100.4015665163574
8.594962239583195	100.51900451577437
8.604962239583195	100.63644251519169
8.614962239583194	100.75388051460912
8.624962239583194	100.87131851402604
8.634962239583194	100.98875651344378
8.644962239583194	101.10619451286085
8.654962239583194	101.22363251227837
8.664962239583193	101.34107051169575
8.674962239583193	101.45850851111307
8.684962239583193	101.57594651053041
8.694962239583193	101.69338450994736
8.704962239583192	101.81082250936502
8.714962239583192	101.92826050878232
8.724962239583192	102.04569850819969
8.734962239583192	102.16313650761722
8.744962239583192	102.28057450703389
8.754962239583191	102.39801250645117
8.764962239583191	102.5154505058687
8.774962239583191	102.6328885052863
8.78496223958319	102.75032650470348
8.79496223958319	102.8677645041211
8.80496223958319	102.98520250353816
8.81496223958319	103.10264050295525
8.82496223958319	103.22007850237273
8.83496223958319	103.33751650179018
8.84496223958319	103.45495450120737
8.85496223958319	103.57239250062497
8.864962239583189	103.68983050004223
8.874962239583189	103.8072684994593
8.884962239583189	103.9247064988766
8.894962239583188	104.0421444982943
8.904962239583188	104.15958249771117
8.914962239583188	104.27702049712856
8.924962239583188	104.39445849654581
8.934962239583188	104.51189649596354
8.944962239583187	104.62933449538066
8.954962239583187	104.74677249479805
8.964962239583187	104.86421049421531
8.974962239583187	104.981648493633
8.984962239583187	105.09908649305001
8.994962239583186	105.21652449246741
9.004962239583186	105.33396249188462
9.014962239583186	105.4514004913019
9.024962239583186	105.56883849071944
9.034962239583185	105.68627649013682
9.044962239583185	105.80371448955405
9.054962239583185	105.92115248897092
9.064962239583185	106.03859048838864
9.074962239583185	106.15602848780614
9.084962239583184	106.27346648722303
9.094962239583184	106.39090448664054
9.104962239583184	106.50834248605796
9.114962239583184	106.62578048547523
9.124962239583184	106.74321848489225
9.134962239583183	106.8606564843098
9.144962239583183	106.97809448372733
9.154962239583183	107.09553248314488
9.164962239583183	107.21297048256157
9.174962239583182	107.33040848197902
9.184962239583182	107.44784648139641
9.194962239583182	107.56528448081372
9.204962239583182	107.68272248023112
9.214962239583182	107.80016047964855
9.224962239583181	107.91759847906556
9.234962239583181	108.03503644237729
9.244962239583181	108.15247438927247
9.25496223958318	108.26991238865122
9.26496223958318	108.38735038803053
9.27496223958318	108.5047883874093
9.28496223958318	108.62222638678757
9.29496223958318	108.73966438616631
9.30496223958318	108.85710238554539
9.31496223958318	108.97454038492428
9.32496223958318	109.0919783843031
9.334962239583179	109.20941638368154
9.344962239583179	109.32685438306048
9.354962239583179	109.44429238243944
9.364962239583178	109.56173038181817
9.374962239583178	109.67916838119676
9.384962239583178	109.7966063805757
9.394962239583178	109.91404437995432
9.404962239583178	110.03148237933301
9.414962239583177	110.14892037871182
9.424962239583177	110.26635837809094
9.434962239583177	110.38379637746964
9.444962239583177	110.50123437684857
9.454962239583176	110.61867237622737
9.464962239583176	110.7361103756063
9.474962239583176	110.853548374985
9.484962239583176	110.9709863743639
9.494962239583176	111.08842437374268
9.504962239583175	111.20586237312135
9.514962239583175	111.32330037250028
9.524962239583175	111.44073837187896
9.534962239583175	111.55817637125755
9.544962239583175	111.67561437063624
9.554962239583174	111.7930523700151
9.564962239583174	111.91049036939452
9.574962239583174	112.02792836877295
9.584962239583174	112.14536636815191
9.594962239583174	112.26280436753042
9.604962239583173	112.38024236690941
9.614962239583173	112.49768036628835
9.624962239583173	112.61511836566709
9.634962239583173	112.73255636504537
9.644962239583172	112.84999436442462
9.654962239583172	112.96743216300173
9.664962239583172	113.08487016216576
9.674962239583172	113.20230816132964
9.684962239583172	113.3197461604936
9.694962239583171	113.43718415965809
9.704962239583171	113.5546221588219
9.714962239583171	113.67206015798651
9.72496223958317	113.78949815715004
9.73496223958317	113.90693615631417
9.74496223958317	114.02437415547843
9.75496223958317	114.1418121546425
9.76496223958317	114.25925015380643
9.77496223958317	114.37668815297033
9.78496223958317	114.49412615213487
9.79496223958317	114.61156415129847
9.804962239583169	114.72900215046262
9.814962239583169	114.84644014962662
9.824962239583169	114.96387814879091
9.834962239583168	115.08131614795488
9.844962239583168	115.19875414711893
9.854962239583168	115.31619214628286
9.864962239583168	115.43363014544732
9.874962239583168	115.55106814461105
9.884962239583167	115.66850614377522
9.894962239583167	115.78594414293936
9.904962239583167	115.90338214210327
9.914962239583167	116.02082014126741
9.924962239583166	116.13825814043145
9.934962239583166	116.25569613959567
9.944962239583166	116.37313413876
9.954962239583166	116.4905721379235
9.964962239583166	116.60801013708772
9.974962239583165	116.72544813625164
9.984962239583165	116.84288613541585
9.994962239583165	116.96032413457984
10.004962239583165	117.07776213374393
10.014962239583165	117.19520013290797
10.024962239583164	117.31263813207211
10.034962239583164	117.43007613123619
10.044962239583164	117.54751413040036
10.054962239583164	117.6649521295644
10.064962239583163	117.78239012872832
10.074962239583163	117.89982812789232
10.084962239583163	118.01726612705613
10.094962239583163	118.13470412622044
10.104962239583163	118.25214212538421
10.114962239583162	118.36958012454886
10.124962239583162	118.48701812371307
10.134962239583162	118.60445612287683
10.144962239583162	118.72189412204074
10.154962239583162	118.83933212120483
10.164962239583161	118.9567701203691
10.174962239583161	119.07420811953334
10.184962239583161	119.19164611869677
10.19496223958316	119.30908399455467
10.20496223958316	119.4265219004866
10.21496223958316	119.54395989972394
10.22496223958316	119.66139789896154
10.23496223958316	119.77883589819923
10.24496223958316	119.89627389743673
10.25496223958316	120.01371189667468
10.26496223958316	120.13114989591219
10.274962239583159	120.24858789514958
10.284962239583159	120.3660258943874
10.294962239583159	120.48346389362509
10.304962239583158	120.60090189286258
10.314962239583158	120.71833989210052
10.324962239583158	120.83577789133783
10.334962239583158	120.9532158905755
10.344962239583158	121.07065388981331
10.354962239583157	121.18809190161319
10.364962239583157	121.30552990097192
10.374962239583157	121.42296791318111
10.384962239583157	121.5404059123293
10.394962239583156	121.65784391147753
10.404962239583156	121.7752819106261
10.414962239583156	121.89271990977466
10.424962239583156	122.01015790892296
10.434962239583156	122.12759590807151
10.444962239583155	122.24503390722022
10.454962239583155	122.36247190636824
10.464962239583155	122.47990990551668
10.474962239583155	122.59734790466517
10.484962239583155	122.71478590381365
10.494962239583154	122.83222390296204
10.504962239583154	122.94966190211042
10.514962239583154	123.0670999012583
10.524962239583154	123.18453790040697
10.534962239583153	123.30197589955539
10.544962239583153	123.41941389870415
10.554962239583153	123.53685189785216
10.564962239583153	123.65428989700071
10.574962239583153	123.77172789614926
10.584962239583152	123.88916589529755
10.594962239583152	124.00660389444656
10.604962239583152	124.12404189359472
10.614962239583152	124.24147989274276
10.624962239583152	124.35891789189175
10.634962239583151	124.47635589103992
10.644962239583151	124.59379389018792
10.654962239583151	124.71123188933657
10.66496223958315	124.82866988848544
10.67496223958315	124.9461078876338
10.68496223958315	125.06354588678153
10.69496223958315	125.18098388593059
10.70496223958315	125.29842188507831
10.71496223958315	125.415859884227
10.72496223958315	125.5332978833757
10.73496223958315	125.65073588252402
10.744962239583149	125.76817388167217
10.754962239583149	125.88561188082072
10.764962239583149	126.00304987996934
10.774962239583148	126.12048787911739
10.784962239583148	126.23792587826622
10.794962239583148	126.35536387741459
10.804962239583148	126.4728018765628
10.814962239583148	126.59023987571123
10.824962239583147	126.70767787485981
10.834962239583147	126.82511587400863
10.844962239583147	126.94255387315648
10.854962239583147	127.0599918723049
10.864962239583146	127.1774298714532
10.874962239583146	127.2948678706019
10.884962239583146	127.41230586975074
10.894962239583146	127.52974386889858
10.904962239583146	127.64718186804683
10.914962239583145	127.7646198671952
10.924962239583145	127.88205786634344
10.934962239583145	127.99949586549278
10.944962239583145	128.1169338646408
10.954962239583145	128.23437186378942
10.964962239583144	128.35180986293773
10.974962239583144	128.46924786208578
10.984962239583144	128.58668586123412
10.994962239583144	128.70412386038265
11.004962239583143	128.82156185953116
11.014962239583143	128.93899985868003
11.024962239583143	129.0564378578278
11.034962239583143	129.17387585697642
11.044962239583143	129.29131385612502
11.054962239583142	129.4087518552733
11.064962239583142	129.52618985442197
11.074962239583142	129.64362785356994
11.084962239583142	129.76106585271827
11.094962239583142	129.87850385186684
11.104962239583141	129.9959418510153
11.114962239583141	130.113379850164
11.124962239583141	130.2308178493121
11.13496223958314	130.34825584846052
11.14496223958314	130.46569384760903
11.15496223958314	130.58313184675745
11.16496223958314	130.698668710018
11.17496223958314	130.79634870901322
11.18496223958314	130.8940287080087
11.19496223958314	130.9917087070042
11.20496223958314	131.08938870599943
11.214962239583139	131.18706870499528
11.224962239583139	131.28474870399035
11.234962239583139	131.3824287029862
11.244962239583138	131.48010870198178
11.254962239583138	131.5777887009763
11.264962239583138	131.67546869997176
11.274962239583138	131.77314869896693
11.284962239583137	131.87082869796347
11.294962239583137	131.96850869695814
11.304962239583137	132.06618869595417
11.314962239583137	132.16386869494914
11.324962239583137	132.26154869394406
11.334962239583136	132.35922869293975
11.344962239583136	132.45690869193547
11.354962239583136	132.55458869093056
11.364962239583136	132.65226868992633
11.374962239583136	132.74994868892162
11.384962239583135	132.84762868791762
11.394962239583135	132.94530868691345
11.404962239583135	133.0429886859079
11.414962239583135	133.1406686849036
11.424962239583135	133.23834868389883
11.434962239583134	133.33602868289432
11.444962239583134	133.43370868189024
11.454962239583134	133.53138868088507
11.464962239583134	133.62906867988016
11.474962239583133	133.7267486788761
11.484962239583133	133.82442867787105
11.494962239583133	133.92210867686688
11.504962239583133	134.0197886758621
11.514962239583133	134.1174686748577
11.524962239583132	134.21514867385332
11.534962239583132	134.31282867284853
11.544962239583132	134.41050867184387
11.554962239583132	134.50818867083908
11.564962239583132	134.60586866983462
11.574962239583131	134.70354866883034
11.584962239583131	134.801228667826
11.59496223958313	134.89890866682055
11.60496223958313	134.99658866581626
11.61496223958313	135.09426866481135
11.62496223958313	135.19194866380704
11.63496223958313	135.28962866280244
11.64496223958313	135.3873086617976
11.65496223958313	135.4849886607932
11.66496223958313	135.582668659789
11.67496223958313	135.68034865878414
11.684962239583129	135.77802865777943
11.694962239583129	135.8757086567749
11.704962239583129	135.97338865577018
11.714962239583128	136.071068654766
11.724962239583128	136.1687486537609
11.734962239583128	136.2664286527565
11.744962239583128	136.3641086517521
11.754962239583127	136.46178865074754
11.764962239583127	136.5594686497427
11.774962239583127	136.6571486487385
11.784962239583127	136.75482864773372
11.794962239583127	136.85250864672912
11.804962239583126	136.95018864572452
11.814962239583126	137.04786858838597
11.824962239583126	137.14554852983736
11.834962239583126	137.24322852881645
11.844962239583126	137.34090852779448
11.854962239583125	137.4385885267735
11.864962239583125	137.53626852575175
11.874962239583125	137.6339485247304
11.884962239583125	137.73162852370913
11.894962239583124	137.82930852268734
11.904962239583124	137.92698852166544
11.914962239583124	138.0246685206448
11.924962239583124	138.12234851962316
11.934962239583124	138.2200285186018
11.944962239583123	138.3177085175797
11.950000000000001	138.36691801987936
1000011.95	138.36691801987936
