-100000	0
0	0
0.0033333333333333335	0.032995886629191555
0.008333333333333333	0.08321538415171466
0.01583333333333333	0.15944266666044996
0.02708333333333333	0.2751290936016449
0.043958333333333335	0.45080730771686567
0.06927083333333334	0.7178532322895149
0.10723958333333333	1.1242845944231143
0.16419270833333333	1.743657163224226
0.24962239583333334	2.6885724376231073
0.3496223958333333	3.8119429403320715
0.4496223958333333	4.948617181689712
0.5496223958333333	6.094863991718548
0.6496223958333333	7.248091478155663
0.7496223958333332	8.406510941301415
0.8496223958333332	9.568989055314116
0.9496223958333332	10.734972195732745
1.0496223958333333	11.904428209169357
1.1496223958333334	13.077244334406053
1.2496223958333335	14.251624288926362
1.3496223958333335	15.426004243446586
1.4496223958333336	16.600384197966864
1.5496223958333337	17.774764152487126
1.6496223958333338	18.949144107007427
1.749622395833334	20.12352406152763
1.849622395833334	21.297904016047923
1.949622395833334	22.472283970568196
2.049622395833334	23.646663925088436
2.149622395833334	24.821043879608645
2.249622395833334	25.995423834128992
2.349622395833334	27.16980378864932
2.4496223958333343	28.34418374316958
2.5496223958333344	29.518563697689785
2.6496223958333345	30.692943652210108
2.7496223958333346	31.867323606730352
2.8496223958333347	33.04170356125059
2.9496223958333347	34.21608351577083
3.049622395833335	35.39046347029121
3.149622395833335	36.56484342481147
3.249622395833335	37.73922337933169
3.349622395833335	38.91360333385206
3.449622395833335	40.08798328837221
3.5496223958333353	41.262363242892526
3.6496223958333354	42.43674319741276
3.7496223958333355	43.611123151932965
3.8496223958333355	44.785503106453355
3.9496223958333356	45.959883060973524
4.049622395833335	47.13426301549369
4.149622395833335	48.30864297001405
4.249622395833335	49.483022924534325
4.349622395833334	50.65740287905445
4.449622395833334	51.83178283357476
4.5496223958333335	53.006162788095
4.649622395833333	54.18054274261531
4.749622395833333	55.354922697135706
4.849622395833332	56.52930265165577
4.949622395833332	57.70368260617599
5.049622395833332	58.878062560696385
5.149622395833331	60.05244313093344
5.249622395833331	61.22682319492199
5.349622395833331	62.40120317246099
5.44962239583333	63.5755831499999
5.54962239583333	64.74996312753883
5.64962239583333	65.92434310507765
5.749622395833329	67.09872308261664
5.849622395833329	68.27310306015522
5.9496223958333285	69.447483037694
6.049622395833328	70.6218630152329
6.149622395833328	71.79624299277187
6.2496223958333275	72.97062297031096
6.349622395833327	74.14500294784972
6.449622395833327	75.31938292538847
6.549622395833326	76.49376290292723
6.649622395833326	77.66814288046585
6.749622395833326	78.8425228580052
6.849622395833325	80.01690283554402
6.949622395833325	81.19128281308242
7.049622395833325	82.36566279062119
7.149622395833324	83.54004276816012
7.249622395833324	84.71442274569901
7.3496223958333236	85.88880272323777
7.449622395833323	87.0631827007763
7.549622395833323	88.23756267831523
7.6496223958333225	89.41194265585376
7.749622395833322	90.58632263339287
7.849622395833322	91.76070261093118
7.949622395833321	92.93508372865232
8.049622395833321	94.10946372212595
8.14962239583332	95.28384371559928
8.24962239583332	96.45822370907273
8.34962239583332	97.63260370254642
8.44962239583332	98.80698369601971
8.54962239583332	99.9813636894932
8.649622395833319	101.15574368296743
8.749622395833319	102.33012367644066
8.849622395833318	103.50450366991481
8.949622395833318	104.67888366338823
9.049622395833318	105.85326365686142
9.149622395833317	107.0276436503353
9.249622395833317	108.20202359936255
9.349622395833316	109.37640353458109
9.449622395833316	110.5507835297952
9.549622395833316	111.72516352500952
9.649622395833315	112.8995435202239
9.749622395833315	114.0739232472854
9.849622395833315	115.24830323786067
9.949622395833314	116.42268322843486
10.049622395833314	117.59706321900975
10.149622395833314	118.77144320958425
10.249622395833313	119.94582306761644
10.349622395833313	121.12020303761106
10.449622395833313	122.2945830273404
10.549622395833312	123.46896301706927
10.649622395833312	124.6433430067991
10.749622395833311	125.8177229965278
10.849622395833311	126.99210298625722
10.94962239583331	128.16648297598647
11.04962239583331	129.34086296571573
11.14962239583331	130.51524295544488
11.24962239583331	131.5204502142454
11.34962239583331	132.49725020838153
11.449622395833309	133.47405020251693
11.549622395833309	134.45085019665265
11.649622395833308	135.4276501907888
11.749622395833308	136.4044501849247
11.849622395833308	137.3812500416578
11.949622395833307	138.35805004362794
11.950000000000001	138.36173921728826
1000011.95	138.36173921728826
