-100000	0
0	0
0.0003333333333333333	0.0032646505384513187
0.0008333333333333333	0.008182485633479364
0.0015833333333333333	0.015593157050679943
0.0027083333333333334	0.026764627733528952
0.004395833333333333	0.043614112650980745
0.006927083333333334	0.06904390025987668
0.010723958333333335	0.10745232339151597
0.016419270833333336	0.16551277779997006
0.024962239583333337	0.253366610772885
0.03496223958333334	0.35710686066309516
0.04496223958333334	0.46163249196043127
0.05496223958333334	0.5668207448026275
0.06496223958333334	0.6725874738941037
0.07496223958333334	0.7788701730240245
0.08496223958333333	0.885620733693609
0.09496223958333333	0.9928001865486679
0.10496223958333332	1.1003763596054228
0.11496223958333332	1.208321864655397
0.12496223958333331	1.3166133763766517
0.1349622395833333	1.42523031501992
0.14496223958333332	1.5341542514812334
0.15496223958333333	1.6433690813100048
0.16496223958333334	1.7528602675621974
0.17496223958333335	1.8626146029502761
0.18496223958333335	1.9726197490168835
0.19496223958333336	2.082864659033691
0.20496223958333337	2.1933389841029207
0.21496223958333338	2.304032997656015
0.2249622395833334	2.4149378035174323
0.2349622395833334	2.526045000618357
0.2449622395833334	2.6373467724069943
0.2549622395833334	2.7488355883506372
0.2649622395833334	2.860504606289555
0.27496223958333343	2.9723470681149973
0.28496223958333344	3.0843567848371185
0.29496223958333345	3.196527680694571
0.30496223958333346	3.308854033831736
0.31496223958333347	3.421330660777051
0.3249622395833335	3.5339520327613907
0.3349622395833335	3.6467134933230962
0.3449622395833335	3.759610141906501
0.3549622395833335	3.872637213053747
0.3649622395833335	3.985790592098257
0.3749622395833335	4.099065966905926
0.38496223958333353	4.212459162709537
0.39496223958333354	4.325966343849096
0.40496223958333355	4.439583738047554
0.41496223958333356	4.553307764583325
0.42496223958333357	4.667134848513762
0.4349622395833336	4.781061624065669
0.4449622395833336	4.895084978259004
0.4549622395833336	5.009201684909863
0.4649622395833336	5.123408672062937
0.4749622395833336	5.237703088167731
0.4849622395833336	5.35208200373492
0.49496223958333363	5.466542751881385
0.5049622395833336	5.581082638002206
0.5149622395833336	5.695699252924511
0.5249622395833337	5.810390027600485
0.5349622395833337	5.9251527424301305
0.5449622395833337	6.0399849696236165
0.5549622395833337	6.1548847110835325
0.5649622395833337	6.269849666025674
0.5749622395833337	6.3848779744009425
0.5849622395833337	6.499967609040144
0.5949622395833337	6.615116687985307
0.6049622395833337	6.730323493761602
0.6149622395833337	6.845586274896093
0.6249622395833337	6.960903338738676
0.6349622395833338	7.076273237358847
0.6449622395833338	7.191694461399975
0.6549622395833338	7.307165531660349
0.6649622395833338	7.422685069114565
0.6749622395833338	7.538251959795082
0.6849622395833338	7.653864815510784
0.6949622395833338	7.769522546112478
0.7049622395833338	7.885224088322313
0.7149622395833338	8.000968411587952
0.7249622395833338	8.116754807439596
0.7349622395833338	8.232582151356201
0.7449622395833339	8.34844965821263
0.7549622395833339	8.464356689716277
0.7649622395833339	8.580302512011826
0.7749622395833339	8.69628653014752
0.7849622395833339	8.812308282938824
0.7949622395833339	8.928367253520731
0.8049622395833339	9.044462948575354
0.8149622395833339	9.16059503881487
0.8249622395833339	9.27676330913918
0.8349622395833339	9.392967553756254
0.8449622395833339	9.509207609065623
0.854962239583334	9.625483377739053
0.864962239583334	9.74179483712024
0.874962239583334	9.858142009177842
0.884962239583334	9.974525143445184
0.894962239583334	10.090944180074574
0.904962239583334	10.207399268467679
0.914962239583334	10.323890767709715
0.924962239583334	10.440418969979012
0.934962239583334	10.556984148335387
0.944962239583334	10.673586767676204
0.954962239583334	10.790227421830028
0.964962239583334	10.90690664020492
0.9749622395833341	11.023625014723685
0.9849622395833341	11.140383213908985
0.9949622395833341	11.257181938325806
1.004962239583334	11.374021919402898
1.014962239583334	11.490904054768501
1.024962239583334	11.607829284965604
1.034962239583334	11.724798457456094
1.044962239583334	11.841812645822337
1.054962239583334	11.958873042958274
1.064962239583334	12.075980521545196
1.074962239583334	12.19313611299424
1.084962239583334	12.310341108115482
1.094962239583334	12.427596796773742
1.104962239583334	12.544904309666194
1.114962239583334	12.662264976723876
1.124962239583334	12.779446374014787
1.134962239583334	12.896884370683525
1.144962239583334	13.014322367352278
1.154962239583334	13.131760364020975
1.1649622395833341	13.249198360689668
1.1749622395833341	13.366636357358395
1.1849622395833341	13.484074354027127
1.1949622395833341	13.601512350695838
1.2049622395833341	13.718950347364549
1.2149622395833342	13.836388344033377
1.2249622395833342	13.953826340702044
1.2349622395833342	14.071264337370781
1.2449622395833342	14.188702334039546
1.2549622395833342	14.306140330708292
1.2649622395833342	14.423578327376978
1.2749622395833342	14.541016324045708
1.2849622395833342	14.658454320714519
1.2949622395833342	14.77589231738324
1.3049622395833342	14.893330314051935
1.3149622395833342	15.01076831072068
1.3249622395833343	15.128206307389355
1.3349622395833343	15.245644304058152
1.3449622395833343	15.36308230072685
1.3549622395833343	15.480520297395596
1.3649622395833343	15.597958294064394
1.3749622395833343	15.715396290733077
1.3849622395833343	15.8328342874018
1.3949622395833343	15.950272284070513
1.4049622395833343	16.067710280739224
1.4149622395833343	16.18514827740797
1.4249622395833343	16.302586274076727
1.4349622395833344	16.42002427074549
1.4449622395833344	16.537462267414167
1.4549622395833344	16.65490026408294
1.4649622395833344	16.772338260751656
1.4749622395833344	16.889776257420397
1.4849622395833344	17.007214254089035
1.4949622395833344	17.12465225075783
1.5049622395833344	17.242090247426564
1.5149622395833344	17.359528244095277
1.5249622395833344	17.476966240764046
1.5349622395833344	17.594404237432773
1.5449622395833345	17.711842234101475
1.5549622395833345	17.829280230770244
1.5649622395833345	17.94671822743896
1.5749622395833345	18.064156224107688
1.5849622395833345	18.181594220776436
1.5949622395833345	18.299032217445184
1.6049622395833345	18.41647021411386
1.6149622395833345	18.53390821078266
1.6249622395833345	18.651346207451418
1.6349622395833345	18.768784204120102
1.6449622395833345	18.886222200788787
1.6549622395833345	19.003660197457574
1.6649622395833346	19.12109819412633
1.6749622395833346	19.238536190795045
1.6849622395833346	19.35597418746372
1.6949622395833346	19.473412184132442
1.7049622395833346	19.590850180801226
1.7149622395833346	19.708288177469896
1.7249622395833346	19.825726174138648
1.7349622395833346	19.943164170807353
1.7449622395833346	20.060602167476155
1.7549622395833346	20.17804016414484
1.7649622395833346	20.29547816081359
1.7749622395833347	20.41291615748236
1.7849622395833347	20.53035415415109
1.7949622395833347	20.647792150819782
1.8049622395833347	20.765230147488484
1.8149622395833347	20.882668144157293
1.8249622395833347	21.000106140825988
1.8349622395833347	21.11754413749475
1.8449622395833347	21.234982134163467
1.8549622395833347	21.352420130832222
1.8649622395833347	21.469858127500935
1.8749622395833347	21.58729612416963
1.8849622395833348	21.704734120838392
1.8949622395833348	21.822172117507147
1.9049622395833348	21.939610114175775
1.9149622395833348	22.057048110844583
1.9249622395833348	22.17448610751336
1.9349622395833348	22.29192410418209
1.9449622395833348	22.409362100850753
1.9549622395833348	22.526800097519505
1.9649622395833348	22.644238094188253
1.9749622395833348	22.76167609085694
1.9849622395833348	22.879114087525718
1.9949622395833349	22.99655208419444
2.004962239583335	23.1139900808631
2.0149622395833346	23.23142807753193
2.0249622395833344	23.348866074200654
2.034962239583334	23.466304070869416
2.044962239583334	23.58374206753814
2.054962239583334	23.70118006420674
2.0649622395833336	23.818618060875554
2.0749622395833334	23.936056057544295
2.084962239583333	24.053494054212997
2.094962239583333	24.1709320508817
2.1049622395833327	24.288370047550487
2.1149622395833325	24.405808044219235
2.1249622395833323	24.523246040887912
2.134962239583332	24.64068403755663
2.144962239583332	24.758122034225416
2.1549622395833317	24.875560030894135
2.1649622395833314	24.992998027562855
2.1749622395833312	25.110436024231614
2.184962239583331	25.22787402090037
2.194962239583331	25.345312017569075
2.2049622395833306	25.462750014237766
2.2149622395833304	25.580188010906568
2.22496223958333	25.697626007575227
2.23496223958333	25.815064004243958
2.2449622395833297	25.932502000912674
2.2549622395833295	26.049939997581422
2.2649622395833293	26.167377994250113
2.274962239583329	26.284815990918826
2.284962239583329	26.40225398758747
2.2949622395833287	26.519691984256266
2.3049622395833285	26.63712998092507
2.3149622395833283	26.754567977593837
2.324962239583328	26.87200597426248
2.334962239583328	26.989443970931227
2.3449622395833276	27.10688196759981
2.3549622395833274	27.224319964268705
2.364962239583327	27.341757960937368
2.374962239583327	27.459195957606195
2.3849622395833268	27.57663395427488
2.3949622395833265	27.694071950943556
2.4049622395833263	27.811509947612294
2.414962239583326	27.928947944281045
2.424962239583326	28.046385940949865
2.4349622395833257	28.163823937618496
2.4449622395833255	28.28126193428725
2.4549622395833253	28.398699930955985
2.464962239583325	28.516137927624683
2.474962239583325	28.633575924293446
2.4849622395833246	28.751013920962183
2.4949622395833244	28.86845191763087
2.504962239583324	28.985889914299598
2.514962239583324	29.103327910968307
2.5249622395833238	29.22076590763708
2.5349622395833236	29.33820390430583
2.5449622395833233	29.4556419009745
2.554962239583323	29.57307989764325
2.564962239583323	29.690517894311988
2.5749622395833227	29.807955890980704
2.5849622395833225	29.925393887649513
2.5949622395833223	30.042831884318026
2.604962239583322	30.160269880986895
2.614962239583322	30.27770787765567
2.6249622395833216	30.395145874324353
2.6349622395833214	30.51258387099307
2.644962239583321	30.630021867661856
2.654962239583321	30.74745986433061
2.664962239583321	30.86489786099933
2.6749622395833206	30.982335857668023
2.6849622395833204	31.099773854336775
2.69496223958332	31.217211851005516
2.70496223958332	31.3346498476742
2.7149622395833197	31.452087844342923
2.7249622395833195	31.569525841011657
2.7349622395833193	31.686963837680395
2.744962239583319	31.80440183434917
2.754962239583319	31.921839831017724
2.7649622395833187	32.03927782768661
2.7749622395833184	32.156715824355246
2.7849622395833182	32.27415382102407
2.794962239583318	32.39159181769272
2.804962239583318	32.5090298143615
2.8149622395833176	32.62646781103021
2.8249622395833174	32.743905807699
2.834962239583317	32.86134380436776
2.844962239583317	32.97878180103635
2.8549622395833167	33.09621979770508
2.8649622395833165	33.213657794373816
2.8749622395833163	33.33109579104262
2.884962239583316	33.448533787711284
2.894962239583316	33.56597178438006
2.9049622395833157	33.683409781048724
2.9149622395833155	33.8008477777175
2.9249622395833152	33.91828577438629
2.934962239583315	34.03572377105494
2.944962239583315	34.15316176772365
2.9549622395833146	34.27059976439245
2.9649622395833144	34.388037761061106
2.974962239583314	34.5054757577299
2.984962239583314	34.62291375439857
2.9949622395833138	34.740351751067344
3.0049622395833135	34.85778974773618
3.0149622395833133	34.97522774440483
3.024962239583313	35.09266574107353
3.034962239583313	35.21010373774225
3.0449622395833127	35.32754173441106
3.0549622395833125	35.444979731079684
3.0649622395833123	35.56241772774838
3.074962239583312	35.67985572441721
3.084962239583312	35.79729372108578
3.0949622395833116	35.91473171775469
3.1049622395833114	36.03216971442335
3.114962239583311	36.14960771109212
3.124962239583311	36.267045707760786
3.1349622395833108	36.384483704429556
3.1449622395833106	36.50192170109835
3.1549622395833103	36.619359697767024
3.16496223958331	36.73679769443572
3.17496223958331	36.85423569110452
3.1849622395833097	36.971673687773134
3.1949622395833095	37.08911168444186
3.2049622395833093	37.20654968111061
3.214962239583309	37.323987677779336
3.224962239583309	37.44142567444806
3.2349622395833086	37.55886367111673
3.2449622395833084	37.67630166778555
3.254962239583308	37.79373966445425
3.264962239583308	37.91117766112303
3.274962239583308	38.028615657791704
3.2849622395833076	38.14605365446051
3.2949622395833074	38.263491651129215
3.304962239583307	38.38092964779791
3.314962239583307	38.49836764446665
3.3249622395833067	38.61580564113541
3.3349622395833065	38.73324363780411
3.3449622395833063	38.85068163447274
3.354962239583306	38.96811963114158
3.364962239583306	39.08555762781026
3.3749622395833057	39.20299562447903
3.3849622395833054	39.320433621147735
3.3949622395833052	39.437871617816576
3.404962239583305	39.55530961448525
3.414962239583305	39.672747611154044
3.4249622395833046	39.790185607822714
3.4349622395833044	39.907623604491334
3.444962239583304	40.025061601160196
3.454962239583304	40.142499597828824
3.4649622395833037	40.25993759449766
3.4749622395833035	40.37737559116641
3.4849622395833033	40.49481358783512
3.494962239583303	40.61225158450382
3.504962239583303	40.729689581172664
3.5149622395833027	40.84712757784133
3.5249622395833025	40.96456557451
3.5349622395833022	41.08200357117876
3.544962239583302	41.19944156784746
3.554962239583302	41.31687956451625
3.5649622395833016	41.43431756118484
3.5749622395833014	41.55175555785357
3.584962239583301	41.66919355452239
3.594962239583301	41.78663155119112
3.6049622395833008	41.90406954785988
3.6149622395833005	42.02150754452848
3.6249622395833003	42.13894554119719
3.6349622395833	42.256383537866036
3.6449622395833	42.37382153453485
3.6549622395832997	42.49125953120355
3.6649622395832995	42.608697527872195
3.6749622395832993	42.726135524540986
3.684962239583299	42.8435735212098
3.694962239583299	42.961011517878354
3.7049622395832986	43.07844951454721
3.7149622395832984	43.19588751121571
3.724962239583298	43.313325507884535
3.734962239583298	43.43076350455331
3.7449622395832978	43.548201501222145
3.7549622395832976	43.66563949789085
3.7649622395832973	43.78307749455946
3.774962239583297	43.90051549122842
3.784962239583297	44.017953487896996
3.7949622395832967	44.135391484565474
3.8049622395832965	44.252829481234464
3.8149622395832963	44.37026747790315
3.824962239583296	44.48770547457182
3.834962239583296	44.605143471240815
3.8449622395832956	44.722581467909464
3.8549622395832954	44.84001946457807
3.864962239583295	44.957457461246825
3.874962239583295	45.074895457915474
3.884962239583295	45.19233345458416
3.8949622395832946	45.309771451252985
3.9049622395832944	45.42720944792182
3.914962239583294	45.54464744459059
3.924962239583294	45.66208544125936
3.9349622395832937	45.77952343792793
3.9449622395832935	45.89696143459664
3.9549622395832933	46.014399431265296
3.964962239583293	46.131837427933895
3.974962239583293	46.24927542460298
3.9849622395832927	46.36671342127136
3.9949622395832924	46.48415141794022
4.004962239583293	46.60158941460908
4.0149622395832925	46.71902741127773
4.024962239583292	46.83646540794635
4.034962239583292	46.953903404615254
4.044962239583292	47.07134140128391
4.054962239583292	47.18877939795269
4.064962239583291	47.306217394621456
4.074962239583291	47.42365539128997
4.084962239583291	47.54109338795884
4.094962239583291	47.65853138462761
4.1049622395832905	47.775969381296306
4.11496223958329	47.893407377965026
4.12496223958329	48.01084537463379
4.13496223958329	48.128283371302444
4.14496223958329	48.2457213679713
4.1549622395832895	48.36315936463993
4.164962239583289	48.48059736130869
4.174962239583289	48.59803535797736
4.184962239583289	48.715473354646
4.194962239583289	48.83291135131483
4.204962239583288	48.95034934798368
4.214962239583288	49.06778734465231
4.224962239583288	49.18522534132122
4.234962239583288	49.30266333798979
4.2449622395832876	49.420101334658504
4.254962239583287	49.53753933132724
4.264962239583287	49.65497732799597
4.274962239583287	49.77241532466475
4.284962239583287	49.88985332133341
4.2949622395832865	50.00729131800205
4.304962239583286	50.12472931467073
4.314962239583286	50.242167311339536
4.324962239583286	50.35960530800839
4.334962239583286	50.47704330467712
4.344962239583285	50.59448130134586
4.354962239583285	50.711919298014664
4.364962239583285	50.82935729468308
4.374962239583285	50.9467952913521
4.384962239583285	51.06423328802073
4.394962239583284	51.18167128468948
4.404962239583284	51.29910928135828
4.414962239583284	51.41654727802692
4.424962239583284	51.53398527469588
4.4349622395832835	51.65142327136429
4.444962239583283	51.76886126803318
4.454962239583283	51.886299264701925
4.464962239583283	52.00373726137051
4.474962239583283	52.121175258039194
4.484962239583282	52.238613254708056
4.494962239583282	52.35605125137671
4.504962239583282	52.47348924804543
4.514962239583282	52.59092724471424
4.524962239583282	52.70836524138289
4.534962239583281	52.82580323805165
4.544962239583281	52.943241234720496
4.554962239583281	53.06067923138915
4.564962239583281	53.1781172280579
4.5749622395832805	53.29555522472671
4.58496223958328	53.412993221395325
4.59496223958328	53.53043121806418
4.60496223958328	53.64786921473278
4.61496223958328	53.76530721140148
4.6249622395832795	53.88274520807025
4.634962239583279	54.00018320473885
4.644962239583279	54.11762120140782
4.654962239583279	54.2350591980765
4.664962239583279	54.352497194745055
4.674962239583278	54.46993519141386
4.684962239583278	54.58737318808264
4.694962239583278	54.70481118475141
4.704962239583278	54.822249181420155
4.7149622395832775	54.93968717808863
4.724962239583277	55.05712517475748
4.734962239583277	55.174563171426264
4.744962239583277	55.292001168094934
4.754962239583277	55.40943916476362
4.7649622395832765	55.52687716143246
4.774962239583276	55.64431515810111
4.784962239583276	55.76175315477011
4.794962239583276	55.87919115143853
4.804962239583276	55.99662914810746
4.814962239583275	56.114067144776335
4.824962239583275	56.231505369951606
4.834962239583275	56.348943366780865
4.844962239583275	56.46638136361015
4.8549622395832746	56.58381936043929
4.864962239583274	56.70125735726844
4.874962239583274	56.818695354097464
4.884962239583274	56.936133350926816
4.894962239583274	57.0535713477559
4.9049622395832735	57.1710093445852
4.914962239583273	57.28844801559408
4.924962239583273	57.40588601435821
4.934962239583273	57.523324013122675
4.944962239583273	57.64076201188694
4.954962239583272	57.758200010651535
4.964962239583272	57.87563800941589
4.974962239583272	57.993076008179955
4.984962239583272	58.110514006944484
4.994962239583272	58.22795200570876
5.004962239583271	58.34539000447305
5.014962239583271	58.462828003237654
5.024962239583271	58.580266002002
5.034962239583271	58.69770400076623
5.0449622395832705	58.8151419995306
5.05496223958327	58.93257999829469
5.06496223958327	59.050017997059406
5.07496223958327	59.167455995823545
5.08496223958327	59.28489399458807
5.094962239583269	59.40233199335241
5.104962239583269	59.519769992116736
5.114962239583269	59.637207990880974
5.124962239583269	59.75464598964535
5.134962239583269	59.87208398840938
5.144962239583268	59.98952198717403
5.154962239583268	60.10695998593859
5.164962239583268	60.224397984702875
5.174962239583268	60.34183598346709
5.1849622395832675	60.459273982231515
5.194962239583267	60.5767119809959
5.204962239583267	60.694149979760326
5.214962239583267	60.81158797852458
5.224962239583267	60.929025977288795
5.2349622395832665	61.04646397605331
5.244962239583266	61.16390197481765
5.254962239583266	61.281339973581915
5.264962239583266	61.39877797234621
5.274962239583266	61.51621597111073
5.284962239583265	61.633653969875134
5.294962239583265	61.75109196863927
5.304962239583265	61.8685299674038
5.314962239583265	61.985967966168054
5.3249622395832645	62.10340596493238
5.334962239583264	62.22084396369677
5.344962239583264	62.33828196246127
5.354962239583264	62.455719961225554
5.364962239583264	62.57315795998984
5.3749622395832635	62.69059595875402
5.384962239583263	62.808033957518575
5.394962239583263	62.92547195628277
5.404962239583263	63.0429099550473
5.414962239583263	63.16034795381158
5.424962239583262	63.27778595257593
5.434962239583262	63.39522395134033
5.444962239583262	63.512661950104444
5.454962239583262	63.63009994886871
5.4649622395832615	63.74753794763293
5.474962239583261	63.86497594639761
5.484962239583261	63.98241394516216
5.494962239583261	64.09985194392628
5.504962239583261	64.21728994269063
5.5149622395832605	64.3347279414551
5.52496223958326	64.45216594021934
5.53496223958326	64.56960393898375
5.54496223958326	64.68704193774808
5.55496223958326	64.80447993651251
5.564962239583259	64.9219179352768
5.574962239583259	65.0393559340411
5.584962239583259	65.15679393280556
5.594962239583259	65.27423193156986
5.604962239583259	65.39166993033425
5.614962239583258	65.5091079290985
5.624962239583258	65.62654592786288
5.634962239583258	65.74398392662728
5.644962239583258	65.86142192539155
5.6549622395832575	65.97885992415591
5.664962239583257	66.09629792292043
5.674962239583257	66.21373592168456
5.684962239583257	66.33117392044886
5.694962239583257	66.44861191921305
5.704962239583256	66.56604991797768
5.714962239583256	66.68348791674197
5.724962239583256	66.80092591550635
5.734962239583256	66.91836391427078
5.744962239583256	67.03580191303514
5.754962239583255	67.15323991179942
5.764962239583255	67.27067791056349
5.774962239583255	67.38811590932801
5.784962239583255	67.5055539080925
5.7949622395832545	67.62299190685673
5.804962239583254	67.74042990562121
5.814962239583254	67.85786790438559
5.824962239583254	67.97530590314986
5.834962239583254	68.09274390191398
5.8449622395832534	68.21018190067846
5.854962239583253	68.32761989944292
5.864962239583253	68.44505789820734
5.874962239583253	68.56249589697164
5.884962239583253	68.67993389573599
5.894962239583252	68.79737189450013
5.904962239583252	68.91480989326469
5.914962239583252	69.032247892029
5.924962239583252	69.14968589079353
5.9349622395832515	69.26712388955762
5.944962239583251	69.38456188832215
5.954962239583251	69.50199988708611
5.964962239583251	69.61943788585059
5.974962239583251	69.73687588461515
5.9849622395832505	69.8543138833791
5.99496223958325	69.97175188214354
6.00496223958325	70.0891898809075
6.01496223958325	70.20662787967201
6.02496223958325	70.3240658784367
6.034962239583249	70.44150387720076
6.044962239583249	70.55894187596489
6.054962239583249	70.67637987472955
6.064962239583249	70.79381787349388
6.0749622395832485	70.91125587225848
6.084962239583248	71.02869387102271
6.094962239583248	71.14613186978704
6.104962239583248	71.26356986855131
6.114962239583248	71.38100786731609
6.1249622395832475	71.49844586608016
6.134962239583247	71.61588386484433
6.144962239583247	71.73332186360872
6.154962239583247	71.85075986237344
6.164962239583247	71.96819786113724
6.174962239583246	72.08563585990161
6.184962239583246	72.20307385866603
6.194962239583246	72.3205118574305
6.204962239583246	72.43794985619492
6.214962239583246	72.55538785495911
6.224962239583245	72.67282585372334
6.234962239583245	72.79026385248773
6.244962239583245	72.90770185125233
6.254962239583245	73.02513985001646
6.2649622395832445	73.14257784878077
6.274962239583244	73.26001584754545
6.284962239583244	73.3774538463097
6.294962239583244	73.49489184507384
6.304962239583244	73.61232984383847
6.314962239583243	73.72976784260253
6.324962239583243	73.84720584136693
6.334962239583243	73.96464384013106
6.344962239583243	74.08208183889568
6.354962239583243	74.19951983766
6.364962239583242	74.31695783642444
6.374962239583242	74.43439583518845
6.384962239583242	74.551833833953
6.394962239583242	74.66927183271743
6.4049622395832415	74.78670983148163
6.414962239583241	74.9041478302459
6.424962239583241	75.02158582901028
6.434962239583241	75.1390238277747
6.444962239583241	75.25646182653905
6.4549622395832404	75.37389982530327
6.46496223958324	75.49133782406786
6.47496223958324	75.60877582283217
6.48496223958324	75.7262138215965
6.49496223958324	75.84365182036089
6.504962239583239	75.96108981912485
6.514962239583239	76.07852781788934
6.524962239583239	76.19596581665391
6.534962239583239	76.31340381541833
6.5449622395832385	76.43084181418253
6.554962239583238	76.54827981294665
6.564962239583238	76.66571781171119
6.574962239583238	76.78315581047552
6.584962239583238	76.90059380923978
6.5949622395832375	77.01803180800417
6.604962239583237	77.13546980676853
6.614962239583237	77.25290780553291
6.624962239583237	77.37034580429737
6.634962239583237	77.4877838030615
6.644962239583236	77.60522180182606
6.654962239583236	77.7226598005903
6.664962239583236	77.84009779935481
6.674962239583236	77.9575357981191
6.6849622395832355	78.07497379688351
6.694962239583235	78.19241179564747
6.704962239583235	78.30984979441203
6.714962239583235	78.42728779317618
6.724962239583235	78.54472579194083
6.7349622395832345	78.66216379070498
6.744962239583234	78.77960178946945
6.754962239583234	78.89703978823366
6.764962239583234	79.01447778699787
6.774962239583234	79.13191578576243
6.784962239583233	79.24935378452663
6.794962239583233	79.36679178329096
6.804962239583233	79.48422978205541
6.814962239583233	79.60166778081988
6.824962239583233	79.7191057795841
6.834962239583232	79.83654377834833
6.844962239583232	79.95398177711273
6.854962239583232	80.07141977587715
6.864962239583232	80.18885777464179
6.8749622395832315	80.30629577340612
6.884962239583231	80.42373377216965
6.894962239583231	80.5411717709347
6.904962239583231	80.6586097696988
6.914962239583231	80.77604776846275
6.92496223958323	80.89348576722743
6.93496223958323	81.01092376599198
6.94496223958323	81.12836176475653
6.95496223958323	81.24579976352062
6.96496223958323	81.36323776228492
6.974962239583229	81.48067576104917
6.984962239583229	81.59811375981326
6.994962239583229	81.71555175857789
7.004962239583229	81.8329897573421
7.0149622395832285	81.95042775610659
7.024962239583228	82.06786575487082
7.034962239583228	82.18530375363538
7.044962239583228	82.30274175239973
7.054962239583228	82.42017975116404
7.064962239583227	82.5376177499283
7.074962239583227	82.65505574869263
7.084962239583227	82.77249374745703
7.094962239583227	82.88993174622131
7.104962239583227	83.00736974498558
7.114962239583226	83.12480774374995
7.124962239583226	83.24224574251426
7.134962239583226	83.35968374127853
7.144962239583226	83.47712174004306
7.1549622395832255	83.59455973880715
7.164962239583225	83.7119977375715
7.174962239583225	83.82943573633608
7.184962239583225	83.94687373510037
7.194962239583225	84.06431173386444
7.2049622395832245	84.18174973262929
7.214962239583224	84.29918773139363
7.224962239583224	84.41662573015755
7.234962239583224	84.53406372892199
7.244962239583224	84.65150172768645
7.254962239583223	84.76893972645082
7.264962239583223	84.88637772521501
7.274962239583223	85.00381572397954
7.284962239583223	85.12125372274367
7.2949622395832225	85.2386917215081
7.304962239583222	85.35612972027243
7.314962239583222	85.47356771903641
7.324962239583222	85.59100571780075
7.334962239583222	85.70844371656551
7.3449622395832215	85.82588171532979
7.354962239583221	85.94331971409406
7.364962239583221	86.0607577128585
7.374962239583221	86.17819571162293
7.384962239583221	86.29563371038716
7.39496223958322	86.41307170915127
7.40496223958322	86.53050970791575
7.41496223958322	86.64794770667999
7.42496223958322	86.76538570544433
7.43496223958322	86.88282370420887
7.444962239583219	87.00026170297352
7.454962239583219	87.11769970173741
7.464962239583219	87.235137700502
7.474962239583219	87.3525756992662
7.4849622395832185	87.47001369803074
7.494962239583218	87.58745169679496
7.504962239583218	87.70488969555942
7.514962239583218	87.82232769432365
7.524962239583218	87.9397656930878
7.534962239583217	88.05720369185171
7.544962239583217	88.17464169061651
7.554962239583217	88.29207968938066
7.564962239583217	88.4095176881453
7.574962239583217	88.52695568690956
7.584962239583216	88.644393685674
7.594962239583216	88.76183168443829
7.604962239583216	88.87926968320244
7.614962239583216	88.99670768196702
7.6249622395832155	89.11414568073117
7.634962239583215	89.23158367949561
7.644962239583215	89.34902167826017
7.654962239583215	89.4664596770242
7.664962239583215	89.58389767578866
7.674962239583214	89.70133567455315
7.684962239583214	89.81877367331738
7.694962239583214	89.93621167208187
7.704962239583214	90.05364967084601
7.714962239583214	90.1710876696103
7.724962239583213	90.28852566837402
7.734962239583213	90.40596366713888
7.744962239583213	90.52340166590336
7.754962239583213	90.64083966466731
7.7649622395832125	90.75827766343181
7.774962239583212	90.87571566219614
7.784962239583212	90.99315366096053
7.794962239583212	91.11059165972512
7.804962239583212	91.22802965848915
7.8149622395832115	91.34546765725361
7.824962239583211	91.46290565601784
7.834962239583211	91.5803436547827
7.844962239583211	91.69778165354644
7.854962239583211	91.81521965231103
7.86496223958321	91.93265765107493
7.87496223958321	92.05009564983914
7.88496223958321	92.16753364860392
7.89496223958321	92.28497164736818
7.9049622395832095	92.40240964613277
7.914962239583209	92.51984764489708
7.924962239583209	92.63728564366129
7.934962239583209	92.75472364242583
7.944962239583209	92.87216219219303
7.9549622395832085	92.98960019166562
7.964962239583208	93.10703819113736
7.974962239583208	93.22447619061003
7.984962239583208	93.34191419008216
7.994962239583208	93.4593521895545
8.004962239583207	93.57679018902677
8.014962239583207	93.69422818849877
8.024962239583207	93.81166618797114
8.034962239583207	93.92910418744385
8.044962239583207	94.04654218691579
8.054962239583206	94.16398018638861
8.064962239583206	94.28141818586091
8.074962239583206	94.39885618533307
8.084962239583206	94.51629418480532
8.094962239583205	94.63373218427779
8.104962239583205	94.75117018375015
8.114962239583205	94.86860818322255
8.124962239583205	94.98604618269474
8.134962239583205	95.10348418216722
8.144962239583204	95.22092218163921
8.154962239583204	95.33836018111164
8.164962239583204	95.45579818058415
8.174962239583204	95.57323618005661
8.184962239583204	95.69067417952894
8.194962239583203	95.80811217900111
8.204962239583203	95.92555017847312
8.214962239583203	96.04298817794574
8.224962239583203	96.16042617741809
8.234962239583203	96.27786417689057
8.244962239583202	96.39530217636242
8.254962239583202	96.51274017583458
8.264962239583202	96.63017817530745
8.274962239583202	96.7476161747793
8.284962239583201	96.86505417425232
8.294962239583201	96.98249217372448
8.304962239583201	97.09993017319653
8.3149622395832	97.21736817266871
8.3249622395832	97.33480617214131
8.3349622395832	97.45224417161342
8.3449622395832	97.56968217108601
8.3549622395832	97.68712017055867
8.3649622395832	97.8045581700306
8.3749622395832	97.92199616950296
8.3849622395832	98.03943416897498
8.394962239583199	98.15687216844759
8.404962239583199	98.2743101679201
8.414962239583199	98.39174816739205
8.424962239583198	98.50918616686462
8.434962239583198	98.62662416633698
8.444962239583198	98.74406216580932
8.454962239583198	98.86150016528146
8.464962239583198	98.97893816475401
8.474962239583197	99.09637616422629
8.484962239583197	99.21381416369852
8.494962239583197	99.33125216317106
8.504962239583197	99.44869016264333
8.514962239583197	99.5661281621157
8.524962239583196	99.68356616158793
8.534962239583196	99.8010041610602
8.544962239583196	99.91844216053268
8.554962239583196	100.03588016000478
8.564962239583195	100.15331815947722
8.574962239583195	100.27075615894931
8.584962239583195	100.3881941584219
8.594962239583195	100.50563215789414
8.604962239583195	100.62307015736626
8.614962239583194	100.74050815683873
8.624962239583194	100.85794615631094
8.634962239583194	100.97538415578349
8.644962239583194	101.09282215525587
8.654962239583194	101.2102601547284
8.664962239583193	101.32769815420079
8.674962239583193	101.44513615367303
8.684962239583193	101.56257415314528
8.694962239583193	101.68001215261735
8.704962239583192	101.79745015208982
8.714962239583192	101.91488815156197
8.724962239583192	102.03232615103406
8.734962239583192	102.14976415050677
8.744962239583192	102.26720214997927
8.754962239583191	102.38464014945141
8.764962239583191	102.50207814892337
8.774962239583191	102.61951614839646
8.78496223958319	102.73695414786863
8.79496223958319	102.85439214734082
8.80496223958319	102.971830146813
8.81496223958319	103.08926814628605
8.82496223958319	103.20670614575761
8.83496223958319	103.32414414523032
8.84496223958319	103.44158214470268
8.85496223958319	103.5590201441747
8.864962239583189	103.67645814364712
8.874962239583189	103.79389614311917
8.884962239583189	103.91133414259167
8.894962239583188	104.0287721420643
8.904962239583188	104.14621014153671
8.914962239583188	104.26364814100906
8.924962239583188	104.3810861404808
8.934962239583188	104.49852413995377
8.944962239583187	104.61596213942555
8.954962239583187	104.73340013889826
8.964962239583187	104.85083813837052
8.974962239583187	104.96827613784295
8.984962239583187	105.0857141373155
8.994962239583186	105.20315213678727
9.004962239583186	105.32059013625982
9.014962239583186	105.43802813573207
9.024962239583186	105.55546613520436
9.034962239583185	105.67290413467684
9.044962239583185	105.7903421341493
9.054962239583185	105.90778013362171
9.064962239583185	106.02521813309392
9.074962239583185	106.14265613256636
9.084962239583184	106.26009413203852
9.094962239583184	106.37753213151043
9.104962239583184	106.494970130983
9.114962239583184	106.6124081304559
9.124962239583184	106.72984612992794
9.134962239583183	106.8472841294002
9.144962239583183	106.96472212887262
9.154962239583183	107.08216012834497
9.164962239583183	107.1995981278169
9.174962239583182	107.3170361272897
9.184962239583182	107.43447412676228
9.194962239583182	107.55191212623413
9.204962239583182	107.66935012570684
9.214962239583182	107.78678812517893
9.224962239583181	107.90422612465136
9.234962239583181	108.02166412412346
9.244962239583181	108.1391021235956
9.25496223958318	108.25654012306809
9.26496223958318	108.37397812254025
9.27496223958318	108.49141606780366
9.28496223958318	108.60885405367993
9.29496223958318	108.72629205291537
9.30496223958318	108.84373005214998
9.31496223958318	108.96116805138566
9.32496223958318	109.0786060506202
9.334962239583179	109.19604404985593
9.344962239583179	109.31348204909104
9.354962239583179	109.43092004832589
9.364962239583178	109.54835804756108
9.374962239583178	109.66579604679634
9.384962239583178	109.78323404603145
9.394962239583178	109.90067204526656
9.404962239583178	110.01811004450161
9.414962239583177	110.13554804373695
9.424962239583177	110.25298604297205
9.434962239583177	110.37042404220739
9.444962239583177	110.4878620414422
9.454962239583176	110.60530004067755
9.464962239583176	110.72273803991244
9.474962239583176	110.84017603914764
9.484962239583176	110.95761403838252
9.494962239583176	111.07505203761797
9.504962239583175	111.19249003685317
9.514962239583175	111.30992803608815
9.524962239583175	111.42736603532329
9.534962239583175	111.5448040345586
9.544962239583175	111.66224203379349
9.554962239583174	111.77968003302877
9.564962239583174	111.89711803226402
9.574962239583174	112.01455603149913
9.584962239583174	112.13199403073439
9.594962239583174	112.2494320299692
9.604962239583173	112.36687002920489
9.614962239583173	112.48430802843906
9.624962239583173	112.60174602767466
9.634962239583173	112.71918402691003
9.644962239583172	112.83662202614514
9.654962239583172	112.95405982345159
9.664962239583172	113.0714978227227
9.674962239583172	113.18893582199381
9.684962239583172	113.30637382126443
9.694962239583171	113.42381182053576
9.704962239583171	113.54124981980728
9.714962239583171	113.65868781907852
9.72496223958317	113.77612581834921
9.73496223958317	113.89356381762049
9.74496223958317	114.01100181689162
9.75496223958317	114.12843981616241
9.76496223958317	114.24587781543401
9.77496223958317	114.36331581470486
9.78496223958317	114.48075381397598
9.79496223958317	114.59819181324698
9.804962239583169	114.71562981251836
9.814962239583169	114.83306781178919
9.824962239583169	114.95050581106052
9.834962239583168	115.06794381033154
9.844962239583168	115.18538180960259
9.854962239583168	115.30281980887389
9.864962239583168	115.42025780814447
9.874962239583168	115.5376958074155
9.884962239583167	115.65513380668692
9.894962239583167	115.77257180595826
9.904962239583167	115.89000980522938
9.914962239583167	116.00744780450063
9.924962239583166	116.12488580377112
9.934962239583166	116.24232380304252
9.944962239583166	116.35976180231326
9.954962239583166	116.47719980158469
9.964962239583166	116.59463780085603
9.974962239583165	116.71207580012664
9.984962239583165	116.82951379939831
9.994962239583165	116.94695179866896
10.004962239583165	117.06438979794041
10.014962239583165	117.18182779721099
10.024962239583164	117.29926579648271
10.034962239583164	117.4167037957539
10.044962239583164	117.53414179502506
10.054962239583164	117.65157979429642
10.064962239583163	117.76901779356663
10.074962239583163	117.88645579283815
10.084962239583163	118.0038937921092
10.094962239583163	118.1213317913803
10.104962239583163	118.23876979065152
10.114962239583162	118.35620778992278
10.124962239583162	118.47364578919326
10.134962239583162	118.59108378846484
10.144962239583162	118.70852178773566
10.154962239583162	118.82595978700733
10.164962239583161	118.94339778627766
10.174962239583161	119.06083578554913
10.184962239583161	119.1782737848199
10.19496223958316	119.29571178409141
10.20496223958316	119.41314978336283
10.21496223958316	119.53058778263342
10.22496223958316	119.64802578190499
10.23496223958316	119.76546378117554
10.24496223958316	119.8829017804463
10.25496223958316	120.00033977971832
10.26496223958316	120.1177777562017
10.274962239583159	120.23521572574803
10.284962239583159	120.35265372240059
10.294962239583159	120.4700916973614
10.304962239583158	120.58752969659463
10.314962239583158	120.70496769582867
10.324962239583158	120.82240569506189
10.334962239583158	120.93984369429579
10.344962239583158	121.05728169352949
10.354962239583157	121.17471969276325
10.364962239583157	121.29215769199656
10.374962239583157	121.40959569122988
10.384962239583157	121.52703369046398
10.394962239583156	121.64447168969772
10.404962239583156	121.76190968893154
10.414962239583156	121.87934768816469
10.424962239583156	121.99678568739887
10.434962239583156	122.11422368663246
10.444962239583155	122.23166168586579
10.454962239583155	122.34909968509989
10.464962239583155	122.46653768433322
10.474962239583155	122.5839756835674
10.484962239583155	122.70141368280028
10.494962239583154	122.81885168203429
10.504962239583154	122.93628968126818
10.514962239583154	123.053727680502
10.524962239583154	123.17116567973558
10.534962239583153	123.28860367896897
10.544962239583153	123.40604167820248
10.554962239583153	123.5234796774363
10.564962239583153	123.64091767667043
10.574962239583153	123.75835567590339
10.584962239583152	123.87579367513734
10.594962239583152	123.99323167437105
10.604962239583152	124.11066967360473
10.614962239583152	124.22810767283843
10.624962239583152	124.34554567207205
10.634962239583151	124.46298367130578
10.644962239583151	124.58042167053924
10.654962239583151	124.69785966977294
10.66496223958315	124.81529766900678
10.67496223958315	124.93273566824023
10.68496223958315	125.05017366747403
10.69496223958315	125.16761166670734
10.70496223958315	125.2850496659414
10.71496223958315	125.40248766517506
10.72496223958315	125.51992566440896
10.73496223958315	125.6373636636421
10.744962239583149	125.75480166287632
10.754962239583149	125.87223966210964
10.764962239583149	125.98967766134334
10.774962239583148	126.1071156605773
10.784962239583148	126.22455365981071
10.794962239583148	126.3419916590439
10.804962239583148	126.45942965827761
10.814962239583148	126.57686765751161
10.824962239583147	126.69430565674548
10.834962239583147	126.81174365597899
10.844962239583147	126.92918165521247
10.854962239583147	127.0466196544461
10.864962239583146	127.16405765368009
10.874962239583146	127.28149565291339
10.884962239583146	127.3989336521474
10.894962239583146	127.51637165138057
10.904962239583146	127.63380965061425
10.914962239583145	127.75124764984781
10.924962239583145	127.86868564908225
10.934962239583145	127.98612364831574
10.944962239583145	128.10356164754916
10.954962239583145	128.22099964678287
10.964962239583144	128.3384376460167
10.974962239583144	128.45587564525056
10.984962239583144	128.57331364448402
10.994962239583144	128.69075164371785
11.004962239583143	128.80818964295136
11.014962239583143	128.925627642185
11.024962239583143	129.04306564141845
11.034962239583143	129.1605036406519
11.044962239583143	129.2779416398856
11.054962239583142	129.3953796391197
11.064962239583142	129.51281763835345
11.074962239583142	129.63025563758708
11.084962239583142	129.74769363682069
11.094962239583142	129.86513163605423
11.104962239583141	129.98256963528772
11.114962239583141	130.10000763452152
11.124962239583141	130.2174456337551
11.13496223958314	130.33488363298872
11.14496223958314	130.45232163222255
11.15496223958314	130.56975963145612
11.16496223958314	130.68529644171207
11.17496223958314	130.78297644105442
11.18496223958314	130.88065644039654
11.19496223958314	130.97833643973885
11.20496223958314	131.07601643908043
11.214962239583139	131.17369643842255
11.224962239583139	131.27137643776456
11.234962239583139	131.3690564371072
11.244962239583138	131.46673643644849
11.254962239583138	131.56441643579092
11.264962239583138	131.66209643513324
11.274962239583138	131.75977643447516
11.284962239583137	131.8574564338167
11.294962239583137	131.95513643315908
11.304962239583137	132.05281643250117
11.314962239583137	132.1504964318433
11.324962239583137	132.24817643118527
11.334962239583136	132.34585643052708
11.344962239583136	132.44353642986928
11.354962239583136	132.54121642921055
11.364962239583136	132.63889642855324
11.374962239583136	132.73657642789553
11.384962239583135	132.83425642723748
11.394962239583135	132.93193642657954
11.404962239583135	133.02961642592157
11.414962239583135	133.12729642526327
11.424962239583135	133.2249764246058
11.434962239583134	133.32265642394813
11.444962239583134	133.4203364232896
11.454962239583134	133.51801642263214
11.464962239583134	133.61569642197324
11.474962239583133	133.71337642131564
11.484962239583133	133.81105642065785
11.494962239583133	133.9087364200003
11.504962239583133	134.00641641934223
11.514962239583133	134.1040964186838
11.524962239583132	134.2017764180258
11.534962239583132	134.29945641736785
11.544962239583132	134.3971364167104
11.554962239583132	134.49481641605198
11.564962239583132	134.59249641539446
11.574962239583131	134.69017641473624
11.584962239583131	134.78785641407845
11.59496223958313	134.8855364134205
11.60496223958313	134.9832164127624
11.61496223958313	135.08089641210447
11.62496223958313	135.17857641144647
11.63496223958313	135.27625641078862
11.64496223958313	135.37393641013114
11.65496223958313	135.4716164094729
11.66496223958313	135.56929640881484
11.67496223958313	135.66697640815718
11.684962239583129	135.76465640749905
11.694962239583129	135.86233640684097
11.704962239583129	135.9600164061831
11.714962239583128	136.05769640552478
11.724962239583128	136.1553764048672
11.734962239583128	136.25305640420956
11.744962239583128	136.35073640355102
11.754962239583127	136.44841640289292
11.764962239583127	136.54609640223532
11.774962239583127	136.64377640157707
11.784962239583127	136.7414564009197
11.794962239583127	136.83913640026128
11.804962239583126	136.93681639960417
11.814962239583126	137.03449639894544
11.824962239583126	137.1321763982879
11.834962239583126	137.22985639762985
11.844962239583126	137.32753639697162
11.854962239583125	137.42521639631315
11.864962239583125	137.52289639565592
11.874962239583125	137.62057634162676
11.884962239583125	137.7182563473288
11.894962239583124	137.81593630858075
11.904962239583124	137.91361630674177
11.914962239583124	138.0112963049027
11.924962239583124	138.10897630306317
11.934962239583124	138.2066563012236
11.944962239583123	138.30433629938528
11.950000000000001	138.35354570452452
1000011.95	138.35354570452452
