-179769313486231570000000000000000000000000000000000000000000000000000000000000000000000000000000000000000000000000000000000000000000000000000000000000000000000000000000000000000000000000000000000000000000000000000000000000000000000000000000000000000000000000000000000000000000000000000000000000000000000000000	0
0.00000000000000010835776720341528	0
0.003333333333333442	0.019388000000000242
0.0066666666666667755	0.038776000000000484
0.011666666666666776	0.06785800000000085
0.019166666666666776	0.11148100000000138
0.030416666666666776	0.1769155000000022
0.04729166666666677	0.2750672500000034
0.07260416666666678	0.4222948750000053
0.11057291666666677	0.643136312500008
0.1675260416666668	0.9743984687500122
0.2529557291666668	1.4712917031250186
0.35295572916666684	2.052931703125026
0.4529557291666668	2.634571703125033
0.5529557291666668	3.2162117031250403
0.6529557291666668	3.7978517031250476
0.7529557291666668	4.379491703125055
0.8529557291666667	4.961131703125062
0.9529557291666667	5.542771703125069
1.0529557291666667	6.124411703125077
1.1000000000000003	6.671668296875087
179769313486231570000000000000000000000000000000000000000000000000000000000000000000000000000000000000000000000000000000000000000000000000000000000000000000000000000000000000000000000000000000000000000000000000000000000000000000000000000000000000000000000000000000000000000000000000000000000000000000000000000	6.671668296875087
