-100000	0
0	0
0.0033333333333333335	0.0000000000000001242124697149994
0.008333333333333333	0.00000000000000031092244379586574
0.01583333333333333	0.00000000000000070182871859791535
0.02708333333333333	0.0000000000000010152665394698717
0.043958333333333335	0.000000000000001957282792631736
0.06927083333333334	0.000000000000003077314114195792
0.10723958333333333	0.000000000000004100784749365707
0.16419270833333333	0.000000000000007341602621460474
0.24962239583333334	0.00000000000001122636279269737
0.3496223958333333	0.00000000000001583012685879026
0.4496223958333333	0.000000000000018638918442695644
0.5496223958333333	0.00000000000002330050002219157
0.6496223958333333	0.0000000000000055345861674401974
0.7496223958333332	0.000000000000002164375340172774
0.8496223958333332	0.000000000000007640987640418596
0.9496223958333332	0.000000000000008765242650481794
1.0496223958333333	0.000000000000009936867176260984
1.1	0.00000000000004382153898992595
1000001.1	0.00000000000004382153898992595
