-100000	0
0	0
0.0033333333333333335	0.019387999999999888
0.008333333333333333	0.04846999999999965
0.01583333333333333	0.09209299999999943
0.02708333333333333	0.1575274999999989
0.043958333333333335	0.25567924999999825
0.06927083333333334	0.40290687499999733
0.10723958333333333	0.6237483124999955
0.16419270833333333	0.9550104687499935
0.24962239583333334	1.45190370312499
0.3496223958333333	2.0335437031249866
0.4496223958333333	2.615183703124982
0.5496223958333333	3.1968237031249775
0.6496223958333333	3.778463703124974
0.7496223958333332	4.360103703124969
0.8496223958333332	4.941743703124968
0.9496223958333332	5.523383703124961
1.0496223958333333	6.105023703124959
1.1000000000058208	6.398040000002167
1000001.1	6.398040000002167
