-179769313486231570000000000000000000000000000000000000000000000000000000000000000000000000000000000000000000000000000000000000000000000000000000000000000000000000000000000000000000000000000000000000000000000000000000000000000000000000000000000000000000000000000000000000000000000000000000000000000000000000000	0
0.0000000000000000035020101552456476	0
0.003333333333333337	0.006821215744746116
0.0066666666666666706	0.013820927688646938
0.01166666666666667	0.02452455284247254
0.019166666666666672	0.04091955462811352
0.03041666666666667	0.06609239400042631
0.047291666666666676	0.10485443294142935
0.07260416666666668	0.16473275107025778
0.11057291666666669	0.2575338059202775
0.16752604166666668	0.40179219669584654
0.2529557291666667	0.62653963824718
0.35295572916666673	0.898861980557728
0.4529557291666667	1.1784385986895156
0.5529557291666667	1.4633739472536076
0.6529557291666667	1.752297976083382
0.7529557291666666	2.044154966148111
0.8529557291666666	2.338095118318818
0.9529557291666666	2.6334122235009354
1.0529557291666667	2.9295058131425797
1.1000000000000008	3.20834388753919
179769313486231570000000000000000000000000000000000000000000000000000000000000000000000000000000000000000000000000000000000000000000000000000000000000000000000000000000000000000000000000000000000000000000000000000000000000000000000000000000000000000000000000000000000000000000000000000000000000000000000000000	3.20834388753919
