-179769313486231570000000000000000000000000000000000000000000000000000000000000000000000000000000000000000000000000000000000000000000000000000000000000000000000000000000000000000000000000000000000000000000000000000000000000000000000000000000000000000000000000000000000000000000000000000000000000000000000000000	0
0.0000000000000001594152893361842	0
0.003333333333333493	0.00682121574474659
0.006666666666666827	0.013820927688647587
0.011666666666666827	0.0245245528424734
0.019166666666666825	0.040919554628114654
0.030416666666666824	0.06609239400042788
0.04729166666666683	0.10485443294143162
0.07260416666666683	0.16473275107026122
0.11057291666666683	0.2575338059202825
0.16752604166666685	0.4017921966958544
0.25295572916666687	0.6265396382471917
0.35295572916666684	0.8988619805577455
0.4529557291666668	1.1784385986895387
0.5529557291666668	1.463373947253636
0.6529557291666668	1.752297976083416
0.7529557291666668	2.044154966148151
0.8529557291666667	2.3380951183188636
0.9529557291666667	2.6334122235009865
1.0529557291666667	2.929505813142636
1.1000000000000008	3.2083438875392516
179769313486231570000000000000000000000000000000000000000000000000000000000000000000000000000000000000000000000000000000000000000000000000000000000000000000000000000000000000000000000000000000000000000000000000000000000000000000000000000000000000000000000000000000000000000000000000000000000000000000000000000	3.2083438875392516
