-179769313486231570000000000000000000000000000000000000000000000000000000000000000000000000000000000000000000000000000000000000000000000000000000000000000000000000000000000000000000000000000000000000000000000000000000000000000000000000000000000000000000000000000000000000000000000000000000000000000000000000000	0
0.00000000000000017890448006837185	0
0.0033333333333335127	0.006821215744746636
0.006666666666666847	0.013820927688647618
0.011666666666666846	0.024524552842473436
0.019166666666666846	0.04091955462811471
0.030416666666666845	0.06609239400042796
0.04729166666666684	0.10485443294143171
0.07260416666666684	0.16473275107026134
0.11057291666666685	0.2575338059202828
0.16752604166666685	0.4017921966958546
0.25295572916666687	0.6265396382471918
0.35295572916666684	0.8988619805577454
0.4529557291666668	1.1784385986895383
0.5529557291666668	1.4633739472536353
0.6529557291666668	1.7522979760834152
0.7529557291666668	2.0441549661481497
0.8529557291666667	2.3380951183188623
0.9529557291666667	2.633412223500985
1.0529557291666667	2.929505813142635
1.1000000000000008	3.2083438875392503
179769313486231570000000000000000000000000000000000000000000000000000000000000000000000000000000000000000000000000000000000000000000000000000000000000000000000000000000000000000000000000000000000000000000000000000000000000000000000000000000000000000000000000000000000000000000000000000000000000000000000000000	3.2083438875392503
