-179769313486231570000000000000000000000000000000000000000000000000000000000000000000000000000000000000000000000000000000000000000000000000000000000000000000000000000000000000000000000000000000000000000000000000000000000000000000000000000000000000000000000000000000000000000000000000000000000000000000000000000	0
0.0000000016807245111851056	0
0.003333335014057845	0.004152712708481975
0.006666668347391179	0.0085232800622215
0.01166666834739118	0.015335339702009083
0.01916666834739118	0.02598259076654975
0.03041666834739118	0.04269150839545571
0.04729166834739118	0.0690406582069894
0.07260416834739118	0.11081549465583906
0.11057291834739119	0.1774191486206701
0.16752604334739118	0.2842032965912882
0.2529557308473912	0.4563211256846189
0.3529557308473912	0.6720359095481665
0.45295573084739116	0.900166181890377
0.5529557308473911	1.1387542483078499
0.6529557308473911	1.3864545382927376
0.7529557308473911	1.6422799385438784
0.8529557308473911	1.9054742125018413
0.952955730847391	2.175439111557412
1.0529557308473911	2.4516897686378654
1.1000000000000008	2.7163679158893084
179769313486231570000000000000000000000000000000000000000000000000000000000000000000000000000000000000000000000000000000000000000000000000000000000000000000000000000000000000000000000000000000000000000000000000000000000000000000000000000000000000000000000000000000000000000000000000000000000000000000000000000	2.7163679158893084
