-100001.1	0
0	0
0.0033333333333334103	0.000000000000000000000000000000000002727146893907707
0.008333333333333304	0.000000000000000000000000000000000009780112998841432
0.015833333333333366	0.0000000000000000000000000000000016024338990409423
0.027083333333333348	0.000000000000000000000000000000002738431639675601
0.04395833333333332	0.0000000000000000000000000000000002527783052008247
0.06927083333333339	0.00000000000000000000000000000000014444474582904269
0.1072395833333335	0.00000000000000000000000000000000028888949165808538
0.16419270833333344	0.000000000000000000000000000000017525962493923846
0.24962239583333345	0.00000000000000000000000000000002888894916580854
0.34962239583333354	0.00000000000000000000000000000001771855548836257
0.44962239583333363	0.00000000000000000000000000000003235562306570556
0.5496223958333337	0.00000000000000000000000000000018797076257219422
0.6496223958333338	0.0000000000000000000000000000000677927340424307
0.7496223958333339	0.0000000000000000000000000000002326523372819781
0.849622395833334	0.00000000000000000000000000000021878564168239
0.9496223958333339	0.00000000000000000000000000000001232595164407831
1.049622395833334	0.000000000000000000000000000000018488927466117464
1.149622395833334	0.00000000000000000000000000000014482993181792014
1.2496223958333341	0.00000000000000000000000000000005238529448733282
1.3496223958333342	0.00000000000000000000000000000011093356479670479
1.4496223958333343	0.00000000000000000000000000000025268200870360534
1.5496223958333344	0.00000000000000000000000000000019721522630525295
1.6496223958333345	0
1.7496223958333346	0
1.8496223958333347	0
1.9496223958333347	0.00000000000000000000000000000020954117794933126
2.049622395833335	0.00000000000000000000000000000004930380657631324
2.149622395833335	0.0000000000000000000000000000015777218104420236
2.249622395833335	0.0000000000000000000000000000015037661005775538
2.349622395833335	0.00000000000000000000000000000028041539990278154
2.449622395833335	0.0000000000000000000000000000008936314941956774
2.5496223958333353	0.0000000000000000000000000000004776306262080345
2.6496223958333354	0
2.7496223958333355	0
2.8496223958333355	0
2.9496223958333356	0.0000000000000000000000000000015199439121104065
3.0496223958333353	0.000000000000000000000000000001830403819145629
3.149622395833335	0.000000000000000000000000000004730083943415051
3.2496223958333346	0.000000000000000000000000000000488415833896603
3.349622395833334	0.00000000000000000000000000000022648936145993894
3.449622395833334	0.0000000000000000000000000000007796164414879532
3.5496223958333335	0.0000000000000000000000000000003566822257005161
3.649622395833333	0.0000000000000000000000000000007056607316234832
3.749622395833333	0.0000000000000000000000000000003821045009664276
3.8496223958333324	0.00000000000000000000000000000035745259767827097
3.949622395833332	0.0000000000000000000000000000022186712959340957
4.049622395833332	0.0000000000000000000000000000010970096963229695
4.149622395833331	0.000000000000000000000000000003180095524172204
4.249622395833331	0.0000000000000000000000000000009860761315262648
4.349622395833331	0.0000000000000000000000000000030568360077314207
4.44962239583333	0.00000000000000000000000000000068717180415736575
4.54962239583333	0.0000000000000000000000000000005885641910047393
4.64962239583333	0.0000000000000000000000000000013312027775604574
4.749622395833329	0.00000000000000000000000000000029582283945787943
4.849622395833329	0.00000000000000000000000000000350057026691824
4.9496223958333285	0.00000000000000000000000000000014791141972893971
5.049622395833328	0.000000000000000000000000000003747089299799806
5.149622395833328	0.0000000000000000000000000000014128622072024762
5.212999999999999	0
1000005.213	0
