-100001.1	0
0	0
0.0033333333333334103	0.0011038780994600407
0.008333333333333304	0.002766970080147472
0.015833333333333366	0.005278119823728092
0.027083333333333348	0.009084523574488421
0.04395833333333332	0.014896016356555075
0.06927083333333339	0.02384414519849732
0.1072395833333335	0.03778008953381672
0.16419270833333344	0.0598446281272875
0.24962239583333345	0.09567443241372431
0.34962239583333354	0.1418512431743642
0.44962239583333363	0.1927885096398676
0.5496223958333337	0.24863897661266363
0.6496223958333338	0.3095198277442996
0.7496223958333339	0.3755328645711782
0.849622395833334	0.4467327067589923
0.9496223958333339	0.5231775347577977
1.049622395833334	0.6049257158839786
1.149622395833334	0.6919801778719894
1.2496223958333341	0.7843514124172654
1.3496223958333342	0.8820868555396334
1.4496223958333343	0.9850957670807379
1.5496223958333344	1.0933209873360812
1.6496223958333345	1.2067416448637291
1.7496223958333346	1.3252672668164565
1.8496223958333347	1.4488152296214498
1.9496223958333347	1.5773489762658124
2.049622395833335	1.7107443266883575
2.149622395833335	1.8489142299662287
2.249622395833335	1.991741436366036
2.349622395833335	2.1390719445995194
2.449622395833335	2.2908927420285083
2.5496223958333353	2.44700109523375
2.6496223958333354	2.5492682445364685
2.7496223958333355	2.5670816555870917
2.8496223958333355	2.5889379691080197
2.9496223958333356	2.614640184618818
3.0496223958333353	2.6440898554791943
3.149622395833335	2.6771148384521752
3.2496223958333346	2.7135223901308794
3.349622395833334	2.7533077378960313
3.449622395833334	2.796314113555106
3.5496223958333335	2.8424944185716976
3.649622395833333	2.8916015731036198
3.749622395833333	2.943545593581105
3.8496223958333324	2.9981873612094523
3.949622395833332	3.0555544094262723
4.049622395833332	3.115398544638642
4.149622395833331	3.1777399474094956
4.249622395833331	3.242466573066919
4.349622395833331	3.309411980716333
4.44962239583333	3.3784631273835353
4.54962239583333	3.4495473305745135
4.64962239583333	3.5225724849108286
4.749622395833329	3.5974370229632417
4.849622395833329	3.6740532798179317
4.9496223958333285	3.752340664387116
5.049622395833328	3.8322082687667627
5.149622395833328	3.913572367328642
5.212999999999999	3.965881371415527
1000005.213	3.965881371415527
