-179769313486231570000000000000000000000000000000000000000000000000000000000000000000000000000000000000000000000000000000000000000000000000000000000000000000000000000000000000000000000000000000000000000000000000000000000000000000000000000000000000000000000000000000000000000000000000000000000000000000000000000	0
-0.0000000000000004440892098500626	0
0.0033333333333329662	0.0011748277566242741
0.0066666666666663765	0.002354982751497741
0.01166666666666627	0.0041352082614623965
0.019166666666666332	0.006825844088183382
0.030416666666666314	0.010887874607888275
0.04729166666666629	0.017027523602745273
0.07260416666666636	0.02634183765956452
0.11057291666666647	0.04055108189198378
0.1675260416666664	0.06241382109197344
0.2529557291666664	0.09647598023663076
0.3529557291666665	0.13834365546257543
0.4529557291666666	0.1824373347805725
0.5529557291666667	0.2288253109415646
0.6529557291666668	0.2775668090967858
0.7529557291666669	0.3287122568107223
0.852955729166667	0.382303068246294
0.9529557291666668	0.4383723484766352
1.052955729166667	0.49694415301933115
1.152955729166667	0.5580354100890836
1.252955729166667	0.6216537555930004
1.3529557291666672	0.6878013803783413
1.4529557291666673	0.756470959727786
1.5529557291666674	0.8276515496628222
1.6529557291666674	0.901322709372635
1.7529557291666675	0.9774619701154776
1.8529557291666676	1.0560377676120778
1.9529557291666677	1.137017768668694
2.052955729166668	1.2203613154559052
2.152955729166668	1.306027864810565
2.252955729166668	1.3939695136927672
2.352955729166668	1.4841391744358285
2.452955729166668	1.5764832809307308
2.5529557291666682	1.670949843959336
2.6529557291666683	1.751637075289505
2.7529557291666684	1.813293061108183
2.8529557291666685	1.8768973302509289
2.9529557291666686	1.9423922648048169
3.0529557291666682	2.0097150185304873
3.152955729166668	2.078806752676981
3.2529557291666675	2.149603802020945
3.352955729166667	2.2220466740105307
3.452955729166667	2.296072117371168
3.5529557291666665	2.3716201596958353
3.652955729166666	2.448629295231277
3.7529557291666658	2.527039074203198
3.8529557291666654	2.606790645068028
3.952955729166665	2.6878235730246836
4.052955729166665	2.7700815633224303
4.152955729166664	2.853505568941291
4.252955729166664	2.9380409777014718
4.352955729166664	3.0236318292610065
4.452955729166663	3.110224284067543
4.552955729166663	3.1977664829147843
4.652955729166663	3.286205597654711
4.752955729166662	3.3754930121402507
4.852955729166662	3.465578704512495
4.9529557291666615	3.556415880237498
5.052955729166661	3.6479588602963116
5.152955729166661	3.7401621474772195
5.212999999999999	3.851598318240458
179769313486231570000000000000000000000000000000000000000000000000000000000000000000000000000000000000000000000000000000000000000000000000000000000000000000000000000000000000000000000000000000000000000000000000000000000000000000000000000000000000000000000000000000000000000000000000000000000000000000000000000	3.851598318240458
