-179769313486231570000000000000000000000000000000000000000000000000000000000000000000000000000000000000000000000000000000000000000000000000000000000000000000000000000000000000000000000000000000000000000000000000000000000000000000000000000000000000000000000000000000000000000000000000000000000000000000000000000	0
-0.0000000000000004440892098500626	0
0.0033333333333329662	0.003032977586550811
0.0066666666666663765	0.006066657496569419
0.01166666666666627	0.010618486347880228
0.019166666666666332	0.017447971311318332
0.030416666666666314	0.027694352607970294
0.04729166666666629	0.04306872879207057
0.07260416666666636	0.06614108829456976
0.11057291666666647	0.10077375127330254
0.1675260416666664	0.15277769883043094
0.2529557291666664	0.23090692858976822
0.3529557291666665	0.32254841905914006
0.4529557291666666	0.4143898905802309
0.5529557291666667	0.5064289283309158
0.6529557291666668	0.5986631903693064
0.7529557291666669	0.6910893420127842
0.852955729166667	0.7837045501135242
0.9529557291666668	0.8765047873125568
1.052955729166667	0.9694867438976817
1.152955729166667	1.0626459381775746
1.252955729166667	1.1559786107916912
1.3529557291666672	1.2494800078898554
1.4529557291666673	1.3431459675135393
1.5529557291666674	1.436971650953757
1.6529557291666674	1.530952532474994
1.7529557291666675	1.6250838624111088
1.8529557291666676	1.7193607897912118
1.9529557291666677	1.813778741421907
2.052955729166668	1.9083326929893718
2.152955729166668	2.0030182620371613
2.252955729166668	2.0978304058232213
2.352955729166668	2.1927649265219795
2.452955729166668	2.287816902404373
2.5529557291666682	2.382982306592804
2.6529557291666683	2.478256485692256
2.7529557291666684	2.5736355582066714
2.8529557291666685	2.6691152743800153
2.9529557291666686	2.764691857678719
3.0529557291666682	2.860361566347804
3.152955729166668	2.9561207250646233
3.2529557291666675	3.0519661292067317
3.352955729166667	3.147894297553457
3.452955729166667	3.243902457163611
3.5529557291666665	3.3399874686584288
3.652955729166666	3.4361469067504498
3.7529557291666658	3.532378092712423
3.8529557291666654	3.6286788398861307
3.952955729166665	3.7250470142655883
4.052955729166665	3.8214806410166027
4.152955729166664	3.9179781116376122
4.252955729166664	4.014537710752584
4.352955729166664	4.111158245837124
4.452955729166663	4.207838362165686
4.552955729166663	4.304577164038557
4.652955729166663	4.401373728538695
4.752955729166662	4.498227377699306
4.852955729166662	4.595137619854847
4.9529557291666615	4.692103968873612
5.052955729166661	4.789126268452925
5.152955729166661	4.886204288054476
5.212999999999999	5.00284766439601
179769313486231570000000000000000000000000000000000000000000000000000000000000000000000000000000000000000000000000000000000000000000000000000000000000000000000000000000000000000000000000000000000000000000000000000000000000000000000000000000000000000000000000000000000000000000000000000000000000000000000000000	5.00284766439601
