-179769313486231570000000000000000000000000000000000000000000000000000000000000000000000000000000000000000000000000000000000000000000000000000000000000000000000000000000000000000000000000000000000000000000000000000000000000000000000000000000000000000000000000000000000000000000000000000000000000000000000000000	0
-0.0000000000000004440892098500626	0
0.0033333333333329662	0.003288532770037984
0.0066666666666663765	0.006577069899040427
0.01166666666666627	0.011509883439067878
0.019166666666666332	0.018909120563800223
0.030416666666666314	0.030008011248993542
0.04729166666666629	0.04665641645642198
0.07260416666666636	0.071629150007705
0.11057291666666647	0.10908861092310304
0.1675260416666664	0.16527886102999845
0.2529557291666664	0.24956634396753047
0.3529557291666665	0.3482321568064102
0.4529557291666666	0.4469004225472555
0.5529557291666667	0.5455705790193676
0.6529557291666668	0.6442420523891386
0.7529557291666669	0.7429142617910077
0.852955729166667	0.8415866821599053
0.9529557291666668	0.9402587408101898
1.052955729166667	1.0389299410219994
1.152955729166667	1.1375997560460798
1.252955729166667	1.2362677155681485
1.3529557291666672	1.3349333515353152
1.4529557291666673	1.4335962254335866
1.5529557291666674	1.532255932755639
1.6529557291666674	1.6309120727615587
1.7529557291666675	1.7295642931055617
1.8529557291666676	1.828212256387949
1.9529557291666677	1.9268556740201388
2.052955729166668	2.0254942726498197
2.152955729166668	2.1241278089937237
2.252955729166668	2.2227560883764483
2.352955729166668	2.321378938905353
2.452955729166668	2.419996213316117
2.5529557291666682	2.5186078143665602
2.6529557291666683	2.617213665714604
2.7529557291666684	2.7158137534236646
2.8529557291666685	2.8144080558112714
2.9529557291666686	2.912996629028924
3.0529557291666682	3.0115795269622434
3.152955729166668	3.1101568587390083
3.2529557291666675	3.2087287684844137
3.352955729166667	3.307295417472709
3.452955729166667	3.405857020415635
3.5529557291666665	3.5044137987017514
3.652955729166666	3.602966042546183
3.7529557291666658	3.7015140292716975
3.8529557291666654	3.8000581037439947
3.952955729166665	3.89859861572289
4.052955729166665	3.997135943039817
4.152955729166664	4.0956705008746415
4.252955729166664	4.19420271763133
4.352955729166664	4.292733058175973
4.452955729166663	4.39126198860769
4.552955729166663	4.48979001496764
4.652955729166663	4.588317646552009
4.752955729166662	4.686845415192287
4.852955729166662	4.785373864050229
4.9529557291666615	4.88390355103084
5.052955729166661	4.98243503968537
5.152955729166661	5.080968896458004
5.212999999999999	5.199300058509747
179769313486231570000000000000000000000000000000000000000000000000000000000000000000000000000000000000000000000000000000000000000000000000000000000000000000000000000000000000000000000000000000000000000000000000000000000000000000000000000000000000000000000000000000000000000000000000000000000000000000000000000	5.199300058509747
