-100000	0
1.0999999999999996	0
1.103333333333333	0.00000000000000020847466997862247
1.108333333333333	0.0000000000000005214366563681535
1.115833333333333	0.0000000000000009913657388466855
1.127083333333333	0.0000000000000016973892623784824
1.143958333333333	0.0000000000000027589668222576293
1.169270833333333	0.00000000000000435705327988485
1.2072395833333331	0.000000000000006767053231394454
1.264192708333333	0.000000000000010385009384777983
1.349622395833333	0.000000000000015942104007479155
1.4496223958333332	0.000000000000022397974286774236
1.5496223958333333	0.000000000000029001784590289775
1.6496223958333334	0.000000000000035984793534922917
1.7496223958333335	0.00000000000004247292963876245
1.8496223958333335	0.0000000000000498822427613383
1.9496223958333336	0.0000000000000569916642369821
2.0496223958333335	0.00000000000006333845831507453
2.1496223958333336	0.0000000000000715319009131416
2.2496223958333337	0.00000000000007896271611365735
2.3496223958333338	0.00000000000008650066255579716
2.449622395833334	0.00000000000009414574023956242
2.549622395833334	0.00000000000010189794916494859
2.649622395833334	0.00000000000010975728933196039
2.749622395833334	0.00000000000011772376074059608
2.849622395833334	0.00000000000012579736339085577
2.9496223958333343	0.00000000000013397809728273942
3.0496223958333344	0.0000000000001422659624162471
3.1496223958333345	0.00000000000015066095879137883
3.2496223958333346	0.00000000000015916308640813448
3.3496223958333347	0.00000000000016777234526651412
3.4496223958333347	0.00000000000017648873536651785
3.549622395833335	0.00000000000018531225670814548
3.649622395833335	0.00000000000019424290929139705
3.749622395833335	0.00000000000019650950582917762
3.849622395833335	0.0000000000002051336701837428
3.949622395833335	0.0000000000002378410456593879
4.049622395833335	0.0000000000002471859595671191
4.149622395833335	0.000000000000247628648912079
4.249622395833335	0.00000000000025651106134114737
4.349622395833334	0.00000000000026544188814799514
4.449622395833334	0.00000000000028524265658727353
4.5496223958333335	0.00000000000029492609118961963
4.649622395833333	0.0000000000002925248548352151
4.749622395833333	0.0000000000003144960728110807
4.849622395833332	0.0000000000003243826198301957
4.949622395833332	0.0000000000003200435509224496
5.049622395833332	0.00000000000032931327837375333
5.149622395833331	0.00000000000033863142020283637
5.249622395833331	0.00000000000036460584929588555
5.349622395833331	0.00000000000037483091700961543
5.44962239583333	0.00000000000036687633195676207
5.54962239583333	0.00000000000037638813129696275
5.64962239583333	0.000000000000405912344984343
5.749622395833329	0.0000000000004164082292537648
5.849622395833329	0.0000000000004052140155842413
5.9496223958333285	0.0000000000004149194724355596
6.049622395833328	0.00000000000042467334366465727
6.149622395833328	0.0000000000004590688077206819
6.2496223958333275	0.0000000000004699032126847186
6.349622395833327	0.00000000000045422544361862704
6.449622395833327	0.0000000000004917751350295611
6.549622395833326	0.00000000000026163197966993377
6.649622395833326	0.0000000000002744043864726399
6.749622395833326	0.0000000000002842797316289116
6.849622395833325	0.00000000000029430820312707195
6.949622395833325	0.00000000000030448980096712094
7.049622395833325	0.0000000000003148245251490585
7.149622395833324	0.0000000000003253123756728846
7.249622395833324	0.00000000000033595335253859944
7.3496223958333236	0.0000000000003467474557462028
7.449622395833323	0.0000000000003576946852956946
7.549622395833323	0.0000000000003687950411870753
7.6496223958333225	0.0000000000003800485234203445
7.749622395833322	0.0000000000003914551319955023
7.849622395833322	0.00000000000040301486691254863
7.949622395833321	0.0000000000004147277281714836
8.049622395833321	0.00000000000042659371577230734
8.14962239583332	0.0000000000004386128297150194
8.24962239583332	0.0000000000004507850699996202
8.34962239583332	0.00000000000043888108630839404
8.44962239583332	0.0000000000004495387320372481
8.54962239583332	0.0000000000004603023578227904
8.649622395833319	0.0000000000004711719636650211
8.749622395833319	0.00000000000048214754956394
8.849622395833318	0.0000000000004932291155195471
8.949622395833318	0.0000000000005044166615318425
9.049622395833318	0.0000000000005635273815273988
9.149622395833317	0.0000000000005768773299059192
9.249622395833317	0.0000000000005386151799088582
9.349622395833316	0.00000000000040086254067168554
9.449622395833316	0.00000000000040910899991533656
9.549622395833316	0.00000000000041737984088983143
9.649622395833315	0.00000000000042567506359517066
9.749622395833315	0.000000000000433994668031354
9.849622395833315	0.0000000000004423386541983814
9.949622395833314	0.0000000000004507070220962528
10.049622395833314	0.0000000000004590997717249684
10.149622395833314	0.0000000000004675169030845283
10.249622395833313	0.0000000000004759584161749321
10.349622395833313	0.0000000000004844243109961801
10.449622395833313	0.0000000000004929145875482723
10.549622395833312	0.0000000000005014292458312084
10.649622395833312	0.0000000000005099682858449888
10.749622395833311	0.0000000000005185317075896133
10.849622395833311	0.000000000000527119511065082
10.94962239583331	0.0000000000005357316962713947
11.04962239583331	0.0000000000005443682632085515
11.14962239583331	0.0000000000005530292118765525
11.24962239583331	0.0000000000005617145422753975
11.34962239583331	0.0000000000005704242544050867
11.449622395833309	0.00000000000057915834826562
11.549622395833309	0.0000000000005879168238569974
11.649622395833308	0.0000000000005966996811792189
11.749622395833308	0.0000000000006055069202322846
11.849622395833308	0.0000000000006143385410161945
11.905	0.0000000000007109949172621747
1000011.905	0.0000000000007109949172621747
