-179769313486231570000000000000000000000000000000000000000000000000000000000000000000000000000000000000000000000000000000000000000000000000000000000000000000000000000000000000000000000000000000000000000000000000000000000000000000000000000000000000000000000000000000000000000000000000000000000000000000000000000	0
0.00000000000000010835776720341528	0
0.003333333333333442	0.0018713493504367027
0.0066666666666667755	0.003955652771119011
0.011666666666666776	0.007337786672982434
0.019166666666666776	0.012841098414836508
0.030416666666666776	0.021838349493687313
0.04729166666666677	0.03663022177565666
0.07260416666666678	0.06108823274476993
0.11057291666666677	0.10174496283969595
0.1675260416666668	0.16963161730005677
0.2529557291666668	0.2833334247131658
0.35295572916666684	0.4303715235548229
0.4529557291666668	0.5893178728074883
0.5529557291666668	0.7580669135541078
0.6529557291666668	0.9351656484277864
0.7529557291666668	1.1195549698487786
0.8529557291666667	1.3104397396751544
0.9529557291666667	1.5072168074895198
1.0529557291666667	1.7094332885358265
1.1529557291666668	1.916763175985481
1.2529557291666669	2.128994611208843
1.352955729166667	2.346027951936672
1.452955729166667	2.567881761842706
1.5529557291666671	2.7943642514051255
1.6000000000000003	3.010675279800359
179769313486231570000000000000000000000000000000000000000000000000000000000000000000000000000000000000000000000000000000000000000000000000000000000000000000000000000000000000000000000000000000000000000000000000000000000000000000000000000000000000000000000000000000000000000000000000000000000000000000000000000	3.010675279800359
