-179769313486231570000000000000000000000000000000000000000000000000000000000000000000000000000000000000000000000000000000000000000000000000000000000000000000000000000000000000000000000000000000000000000000000000000000000000000000000000000000000000000000000000000000000000000000000000000000000000000000000000000	0
5.213	0
5.216333333333333	0.0030230611631608625
5.219666666666666	0.006047254483938945
5.224666666666666	0.010585661533123479
5.232166666666666	0.01739802909919496
5.243416666666667	0.027627266117163554
5.260291666666666	0.04299500663677651
5.285604166666666	0.06609961735228802
5.3235729166666665	0.10087342921047424
5.380526041666666	0.1532873904063079
5.465955729166666	0.23244698836530414
5.5659557291666655	0.32586678883141895
5.665955729166665	0.42002964608698146
5.765955729166665	0.5148592307288684
5.865955729166664	0.6102826860591026
5.965955729166664	0.7062307096447253
6.065955729166664	0.8026375369596915
6.165955729166663	0.8994411039117086
6.265955729166663	0.9965832640577578
6.365955729166663	1.0940094763454478
6.465955729166662	1.1916691529385661
6.565955729166662	1.2895159770892397
6.665955729166662	1.3875074335087496
6.765955729166661	1.4856051909528338
6.865955729166661	1.5837754732151514
6.9659557291666605	1.6819886420164734
7.06595572916666	1.7802194807541585
7.16595572916666	1.8784474864233114
7.265955729166659	1.9766566513703994
7.365955729166659	2.074835646289492
7.465955729166659	2.1729778747067434
7.565955729166658	2.2710814604997194
7.665955729166658	2.369149531827896
7.765955729166658	2.4671897864683174
7.865955729166657	2.565214598517411
7.965955729166657	2.663241666597466
8.065955729166657	2.761292986450554
8.165955729166656	2.859394857373854
8.265955729166656	2.957578885883037
8.365955729166656	3.055880912847561
8.465955729166655	3.1543403427083816
8.55	3.3202253467762444
179769313486231570000000000000000000000000000000000000000000000000000000000000000000000000000000000000000000000000000000000000000000000000000000000000000000000000000000000000000000000000000000000000000000000000000000000000000000000000000000000000000000000000000000000000000000000000000000000000000000000000000	3.3202253467762444
