-100001.1	0
5.213000000000001	0
5.216333333333334	0.002842104816371896
5.221333333333334	0.00710784145976098
5.228833333333334	0.013512213443972
5.2400833333333345	0.023131593801536253
5.256958333333334	0.037588952984662825
5.282270833333334	0.059337331111970384
5.3202395833333345	0.09209717370138275
5.377192708333334	0.14154481211429562
5.462622395833334	0.21638658059438318
5.562622395833333	0.3049694380634044
5.662622395833333	0.3945360722865909
5.762622395833333	0.48503091538211607
5.862622395833332	0.5763915716659131
5.962622395833332	0.6685549382122311
6.062622395833332	0.761465627934523
6.162622395833331	0.8550674773004482
6.262622395833331	0.9493088282492119
6.362622395833331	1.0441377889678614
6.46262239583333	1.1394967464275687
6.56262239583333	1.2353284914563138
6.6626223958333295	1.3316047444483814
6.762622395833329	1.4282895482720217
6.862622395833329	1.5253147685568742
6.962622395833328	1.6226553582076775
7.062622395833328	1.7202821979823157
7.162622395833328	1.8181262939061944
7.262622395833327	1.916158471603191
7.362622395833327	2.0143605159060898
7.462622395833327	2.1126611735603538
7.562622395833326	2.2110245249390506
7.662622395833326	2.309446562354492
7.762622395833326	2.407889577667887
7.862622395833325	2.5063282650561276
7.962622395833325	2.6047628445410087
8.062622395833325	2.7031934084888807
8.162622395833324	2.801620174575133
8.262622395833324	2.9000444908162493
8.362622395833323	2.9984674619950917
8.462622395833323	3.096889181506215
8.55	3.1828866973415533
1000008.55	3.1828866973415533
