-179769313486231570000000000000000000000000000000000000000000000000000000000000000000000000000000000000000000000000000000000000000000000000000000000000000000000000000000000000000000000000000000000000000000000000000000000000000000000000000000000000000000000000000000000000000000000000000000000000000000000000000	0
5.213	0
5.216333333333333	0.003140602716272111
5.219666666666666	0.0062820271546309946
5.224666666666666	0.010995693821359849
5.232166666666666	0.018069615248379776
5.243416666666667	0.028688195448596465
5.260291666666666	0.04463336911492976
5.285604166666666	0.06858994430141044
5.3235729166666665	0.10460972255992806
5.380526041666666	0.1588216667001497
5.465955729166666	0.2405249579806561
5.5659557291666655	0.3366991633396673
5.665955729166665	0.43338932035570593
5.765955729166665	0.5305335067828957
5.865955729166664	0.6280723097421258
5.965955729166664	0.7259493461503641
6.065955729166664	0.8241122038462071
6.165955729166663	0.9225119857169115
6.265955729166663	1.0211024831784223
6.365955729166663	1.119840948593902
6.465955729166662	1.2186887613711086
6.565955729166662	1.3176108046436132
6.665955729166662	1.4165749462211792
6.765955729166661	1.5155529345653913
6.865955729166661	1.614520605029099
6.9659557291666605	1.7134573582666308
7.06595572916666	1.81234596287079
7.16595572916666	1.9111733119917294
7.265955729166659	2.00993019890329
7.365955729166659	2.10861111642504
7.465955729166659	2.2072143404665927
7.565955729166658	2.305742133520932
7.665955729166658	2.404200491720395
7.765955729166658	2.502599205848072
7.865955729166657	2.600952135541471
7.965955729166657	2.6992766382634192
8.065955729166657	2.7975936202601033
8.165955729166656	2.8959278075018604
8.265955729166656	2.994307959237027
8.365955729166656	3.092765654620191
8.465955729166655	3.1913357156263595
8.55	3.357309676164033
179769313486231570000000000000000000000000000000000000000000000000000000000000000000000000000000000000000000000000000000000000000000000000000000000000000000000000000000000000000000000000000000000000000000000000000000000000000000000000000000000000000000000000000000000000000000000000000000000000000000000000000	3.357309676164033
