-179769313486231570000000000000000000000000000000000000000000000000000000000000000000000000000000000000000000000000000000000000000000000000000000000000000000000000000000000000000000000000000000000000000000000000000000000000000000000000000000000000000000000000000000000000000000000000000000000000000000000000000	0
5.213	0
5.216333333333333	0.003269760572629574
5.219666666666666	0.006539531411278669
5.224666666666666	0.011444207649765406
5.232166666666666	0.018801269198021088
5.243416666666667	0.029836975240090456
5.260291666666666	0.046390815623376186
5.285604166666666	0.07122229471161287
5.3235729166666665	0.10847120007166394
5.380526041666666	0.16434817492753936
5.465955729166666	0.24817208631676158
5.5659557291666655	0.34630636388512265
5.665955729166665	0.44445688885042933
5.765955729166665	0.5426249562221822
5.865955729166664	0.6408118238878223
5.965955729166664	0.7390195291506774
6.065955729166664	0.8372499692186743
6.165955729166663	0.9355026995025038
6.265955729166663	1.0337787513568684
6.365955729166663	1.1320791075043701
6.465955729166662	1.2304046623265255
6.565955729166662	1.328756227915407
6.665955729166662	1.4271338269033265
6.765955729166661	1.5255393060177922
6.865955729166661	1.6239718503986318
6.9659557291666605	1.722433128806947
7.06595572916666	1.8209219063998436
7.16595572916666	1.9194396227655788
7.265955729166659	2.0179853995220327
7.365955729166659	2.116558833464903
7.465955729166659	2.21515865020539
7.565955729166658	2.3137855120885
7.665955729166658	2.4124370018044576
7.765955729166658	2.5111132289170137
7.865955729166657	2.609811992248458
7.965955729166657	2.708530961457087
8.065955729166657	2.807269161395826
8.165955729166656	2.9060232228315535
8.265955729166656	3.004791315268983
8.365955729166656	3.103569688944487
8.465955729166655	3.202355538379219
8.55	3.3684095614399525
179769313486231570000000000000000000000000000000000000000000000000000000000000000000000000000000000000000000000000000000000000000000000000000000000000000000000000000000000000000000000000000000000000000000000000000000000000000000000000000000000000000000000000000000000000000000000000000000000000000000000000000	3.3684095614399525
