-100001.1	0
5.213000000000001	0
5.216333333333334	0.003280125514837563
5.221333333333334	0.008200319559552704
5.228833333333334	0.015580623956450853
5.2400833333333345	0.02665111169744807
5.256958333333334	0.043256917279865574
5.282270833333334	0.06816580531486933
5.3202395833333345	0.10552991975099182
5.377192708333334	0.16157848691541857
5.462622395833334	0.2456532918355058
5.562622395833333	0.3440674953154432
5.662622395833333	0.4424816987953821
5.762622395833333	0.540895902275344
5.862622395833332	0.6393101057553244
5.962622395833332	0.7377243092353217
6.062622395833332	0.8361385127153341
6.162622395833331	0.9345527161953604
6.262622395833331	1.0329669196753994
6.362622395833331	1.131381123155448
6.46262239583333	1.2297953266355066
6.56262239583333	1.3282095301155725
6.6626223958333295	1.4266237335956429
6.762622395833329	1.5250379370757188
6.862622395833329	1.6234521405558013
6.962622395833328	1.7218663440359026
7.062622395833328	1.8202805475160184
7.162622395833328	1.918694750996143
7.262622395833327	2.0171089544762717
7.362622395833327	2.115523157956398
7.462622395833327	2.213937403942074
7.562622395833326	2.312352525017398
7.662622395833326	2.410770051864972
7.762622395833326	2.5091914638076136
7.862622395833325	2.60761181970587
7.962622395833325	2.706031819705868
8.062622395833325	2.804451819705871
8.162622395833324	2.902871819705874
8.262622395833324	3.001291819705883
8.362622395833323	3.09971181970589
8.462622395833323	3.1981318197058983
8.55	3.284128857726728
1000008.55	3.284128857726728
