-100001.1	0
0	0
0.0033333333333334103	0
0.008333333333333304	0
0.015833333333333366	0
0.027083333333333348	0
0.04395833333333332	0
0.06927083333333339	0
0.1072395833333335	0
0.16419270833333344	0
0.24962239583333345	0
0.34962239583333354	0
0.44962239583333363	0
0.5496223958333337	0
0.6496223958333338	0
0.7496223958333339	0
0.849622395833334	0
0.9496223958333339	0
1.049622395833334	0
1.149622395833334	0
1.2496223958333341	0
1.3496223958333342	0
1.4496223958333343	0
1.5496223958333344	0
1.6496223958333345	0
1.7496223958333346	0
1.8496223958333347	0
1.9496223958333347	0
2.049622395833335	0
2.149622395833335	0
2.249622395833335	0
2.349622395833335	0
2.449622395833335	0
2.5496223958333353	0
2.6496223958333354	0
2.7496223958333355	0
2.8496223958333355	0
2.9496223958333356	0
3.0496223958333353	0
3.149622395833335	0
3.2496223958333346	0
3.349622395833334	0
3.449622395833334	0
3.5496223958333335	0
3.649622395833333	0
3.749622395833333	0
3.8496223958333324	0
3.949622395833332	0
4.049622395833332	0
4.149622395833331	0
4.249622395833331	0
4.349622395833331	0
4.44962239583333	0
4.54962239583333	0
4.64962239583333	0
4.749622395833329	0
4.849622395833329	0
4.9496223958333285	0
5.049622395833328	0
5.149622395833328	0
5.2496223958333275	1.0408748679120743
5.349622395833327	1.1984321017749426
5.449622395833327	1.2403820789353266
5.549622395833326	1.3692699657021479
5.649622395833326	1.4637389011957234
5.749622395833326	1.558207836689301
5.849622395833325	1.6526767721828632
5.949622395833325	1.7471457076764427
6.049622395833325	1.841614643170015
6.149622395833324	1.9360835786635997
6.249622395833324	2.03055251415714
6.3496223958333236	2.1250214496506854
6.449622395833323	2.2194903851442183
6.549622395833323	2.274740321223166
6.6496223958333225	2.3397770568363807
6.749622395833322	2.4048137924495046
6.849622395833322	2.4522908278192213
6.949622395833321	2.5500484707269364
7.049622395833321	2.647806113634733
7.149622395833321	2.7455637565425937
7.24962239583332	2.843321399450521
7.34962239583332	2.941079042358514
7.44962239583332	3.0388366852665722
7.549622395833319	3.1365943281746778
7.649622395833319	3.234351971082865
7.749622395833319	3.3321096139911153
7.849622395833318	3.470775372619769
7.949622395833318	3.3468700652830954
8.049622395833318	3.4432215917694626
8.149622395833317	3.539573118255829
8.249622395833317	3.635924644742223
8.349622395833316	3.7322761712286314
8.449622395833316	3.8286276977150413
8.549622395833316	3.9249792242014783
8.55	3.999418912424375
1000008.55	3.999418912424375
