-100001.1	0
0	0
0.0033333333333334103	0.0032802705853197823
0.008333333333333304	0.008200786365464494
0.015833333333333366	0.015581807864881819
0.027083333333333348	0.026653876151262114
0.04395833333333332	0.04326225115126188
0.06927083333333339	0.06817481365126178
0.1072395833333335	0.1055436574012616
0.16419270833333344	0.16159692302626105
0.24962239583333345	0.24567682146376066
0.34962239583333354	0.34409682146375997
0.44962239583333363	0.44251682146375954
0.5496223958333337	0.540936821463759
0.6496223958333338	0.6393568214637584
0.7496223958333339	0.7377768214637576
0.849622395833334	0.836196821463757
0.9496223958333339	0.9346168214637564
1.049622395833334	1.0330368214637558
1.149622395833334	1.1314568214637553
1.2496223958333341	1.2298768214637543
1.3496223958333342	1.3282968214637536
1.4496223958333343	1.4267168214637536
1.5496223958333344	1.5251368214637526
1.6496223958333345	1.6235568214637526
1.7496223958333346	1.7219768214637514
1.8496223958333347	1.8203968214637514
1.9496223958333347	1.9188168214637513
2.049622395833335	2.01723682146375
2.149622395833335	2.1156568214637494
2.249622395833335	2.2140768214637485
2.349622395833335	2.3124968214637485
2.449622395833335	2.410916821463747
2.5496223958333353	2.509336821463747
2.6496223958333354	2.6077568214637465
2.7496223958333355	2.7061768214637456
2.8496223958333355	2.8045968214637456
2.9496223958333356	2.9030168214637446
3.0496223958333353	3.0014368214637432
3.149622395833335	3.0998568214637423
3.2496223958333346	3.198276821463741
3.349622395833334	3.2966968214637404
3.449622395833334	3.3951168214637386
3.5496223958333335	3.4935368214637372
3.649622395833333	3.591956821463737
3.749622395833333	3.690376821463737
3.8496223958333324	3.7887968214637358
3.949622395833332	3.887216821463734
4.049622395833332	3.9856368214637334
4.149622395833331	4.084056821463732
4.249622395833331	4.18247682146373
4.349622395833331	4.280896821463731
4.44962239583333	4.379316821463729
4.54962239583333	4.477736821463727
4.64962239583333	4.576156821463727
4.749622395833329	4.674576821463726
4.849622395833329	4.7729968214637255
4.9496223958333285	4.871416821463717
5.049622395833328	4.969836821463686
5.149622395833328	5.068256821463617
5.2496223958333275	5.166676821463492
5.349622395833327	5.265096821463295
5.449622395833327	5.36351682146298
5.549622395833326	5.461936821462479
5.649622395833326	5.560356821461943
5.749622395833326	5.658776821461404
5.849622395833325	5.7571968214608615
5.949622395833325	5.855616821460317
6.049622395833325	5.954036821459771
6.149622395833324	6.05245682145922
6.249622395833324	6.150876821458661
6.3496223958333236	6.249296821458101
6.449622395833323	6.347716821457533
6.549622395833323	6.4461368214569585
6.6496223958333225	6.544556821456374
6.749622395833322	6.6429768214557825
6.849622395833322	6.741396821455183
6.949622395833321	6.839816821454723
7.049622395833321	6.938236821454447
7.149622395833321	7.036656821454314
7.24962239583332	7.135076821454282
7.34962239583332	7.233496821454276
7.44962239583332	7.331916821454273
7.549622395833319	7.430336821454272
7.649622395833319	7.528756821454275
7.749622395833319	7.62717682145427
7.849622395833318	7.725596821454269
7.949622395833318	7.824016821454268
8.049622395833318	7.9224368214542675
8.149622395833317	8.02085682145427
8.249622395833317	8.119276821454264
8.349622395833316	8.217696821454266
8.449622395833316	8.316116821454266
8.549622395833316	8.414536821454263
8.55	8.414908459475118
1000008.55	8.414908459475118
