-100001.1	0
0	0
0.0033333333333334103	0.003280270284213234
0.008333333333333304	0.008200785651650395
0.015833333333333366	0.015581807116227477
0.027083333333333348	0.026653875402607875
0.04395833333333332	0.04326225040260749
0.06927083333333339	0.06817481290260673
0.1072395833333335	0.10554365665260465
0.16419270833333344	0.16159692227759914
0.24962239583333345	0.2456768207150866
0.34962239583333354	0.3440968207150642
0.44962239583333363	0.44251682071503434
0.5496223958333337	0.5409368207149964
0.6496223958333338	0.6393568207149508
0.7496223958333339	0.7377768207148974
0.849622395833334	0.836196820714836
0.9496223958333339	0.9346168207147668
1.049622395833334	1.0330368207146896
1.149622395833334	1.1314568207146047
1.2496223958333341	1.2298768207145128
1.3496223958333342	1.3282968207144121
1.4496223958333343	1.4267168207143035
1.5496223958333344	1.5251368207141875
1.6496223958333345	1.6235568207140634
1.7496223958333346	1.7219768207139317
1.8496223958333347	1.8203968207137915
1.9496223958333347	1.9188168207136438
2.049622395833335	2.0172368207134896
2.149622395833335	2.1156568207133266
2.249622395833335	2.2140768207131556
2.349622395833335	2.3124968207129766
2.449622395833335	2.4109168207127896
2.5496223958333353	2.5093368207125955
2.6496223958333354	2.6077568207123933
2.7496223958333355	2.7061768207121832
2.8496223958333355	2.8045968207119647
2.9496223958333356	2.9030168207117395
3.0496223958333353	3.0014368207115054
3.149622395833335	3.0998568207112625
3.2496223958333346	3.1982768207110137
3.349622395833334	3.2966968207107565
3.449622395833334	3.3951168207104914
3.5496223958333335	3.4935368207102178
3.649622395833333	3.5919568207099366
3.749622395833333	3.6903768207096475
3.8496223958333324	3.7887968207093508
3.949622395833332	3.8872168207090465
4.049622395833332	3.9856368207087343
4.149622395833331	4.0840568207084145
4.249622395833331	4.182476820708086
4.349622395833331	4.280896820707751
4.44962239583333	4.379316820707405
4.54962239583333	4.477736820707055
4.64962239583333	4.576156820706696
4.749622395833329	4.674576820706327
4.849622395833329	4.772996820705954
4.9496223958333285	4.87141682070557
5.049622395833328	4.969836820705181
5.149622395833328	5.068256820704781
5.2496223958333275	5.166676820704375
5.349622395833327	5.2650968207039615
5.449622395833327	5.36351682070354
5.549622395833326	5.461936820703124
5.649622395833326	5.560356820702798
5.749622395833326	5.6587768207025615
5.849622395833325	5.757196820702392
5.949622395833325	5.855616820702276
6.049622395833325	5.954036820702192
6.149622395833324	6.052456820702129
6.249622395833324	6.150876820702056
6.3496223958333236	6.249296820701962
6.449622395833323	6.3477168207018275
6.549622395833323	6.446136820701629
6.6496223958333225	6.544556820701357
6.749622395833322	6.64297682070099
6.849622395833322	6.741396820700516
6.949622395833321	6.839816820700053
7.049622395833321	6.938236820699662
7.149622395833321	7.036656820699339
7.24962239583332	7.135076820699089
7.34962239583332	7.233496820698901
7.44962239583332	7.331916820698778
7.549622395833319	7.430336820698716
7.649622395833319	7.5287568206986935
7.749622395833319	7.6271768206986925
7.849622395833318	7.725596820698694
7.949622395833318	7.824016820698694
8.049622395833318	7.922436820698699
8.149622395833317	8.020856820698695
8.249622395833317	8.119276820698698
8.349622395833316	8.217696820698695
8.449622395833316	8.316116820698696
8.549622395833316	8.414536820698698
8.55	8.414908458719552
1000008.55	8.414908458719552
