-100001.1	0
0	0
0.0033333333333334103	0.003280269983214518
0.008333333333333304	0.008200785175234065
0.015833333333333366	0.015581806639811072
0.027083333333333348	0.026653874926191323
0.04395833333333332	0.04326224992619085
0.06927083333333339	0.06817481242618947
0.1072395833333335	0.10554365617618555
0.16419270833333344	0.16159692180117521
0.24962239583333345	0.2456768202386507
0.34962239583333354	0.34409682023860755
0.44962239583333363	0.44251682023854894
0.5496223958333337	0.5409368202384751
0.6496223958333338	0.6393568202383857
0.7496223958333339	0.737776820238281
0.849622395833334	0.8361968202381609
0.9496223958333339	0.934616820238025
1.049622395833334	1.0330368202378737
1.149622395833334	1.1314568202377076
1.2496223958333341	1.2298768202375256
1.3496223958333342	1.3282968202373282
1.4496223958333343	1.4267168202371154
1.5496223958333344	1.5251368202368871
1.6496223958333345	1.623556820236644
1.7496223958333346	1.7219768202363843
1.8496223958333347	1.8203968202361092
1.9496223958333347	1.9188168202358202
2.049622395833335	2.017236820235515
2.149622395833335	2.115656820235194
2.249622395833335	2.2140768202348577
2.349622395833335	2.3124968202345064
2.449622395833335	2.4109168202341387
2.5496223958333353	2.5093368202337554
2.6496223958333354	2.6077568202333588
2.7496223958333355	2.7061768202329457
2.8496223958333355	2.8045968202325176
2.9496223958333356	2.903016820232073
3.0496223958333353	3.0014368202316133
3.149622395833335	3.0998568202311376
3.2496223958333346	3.1982768202306464
3.349622395833334	3.2966968202301388
3.449622395833334	3.395116820229618
3.5496223958333335	3.493536820229081
3.649622395833333	3.5919568202285284
3.749622395833333	3.6903768202279603
3.8496223958333324	3.7887968202273763
3.949622395833332	3.887216820226778
4.049622395833332	3.985636820226164
4.149622395833331	4.084056820225533
4.249622395833331	4.182476820224888
4.349622395833331	4.2808968202242275
4.44962239583333	4.379316820223553
4.54962239583333	4.4777368202228605
4.64962239583333	4.576156820222154
4.749622395833329	4.674576820221431
4.849622395833329	4.772996820220696
4.9496223958333285	4.871416820219941
5.049622395833328	4.9698368202191725
5.149622395833328	5.068256820218387
5.2496223958333275	5.166676820217588
5.349622395833327	5.265096820216774
5.449622395833327	5.363516820215941
5.549622395833326	5.461936820215104
5.649622395833326	5.56035682021428
5.749622395833326	5.658776820213476
5.849622395833325	5.757196820212695
5.949622395833325	5.855616820211932
6.049622395833325	5.954036820211192
6.149622395833324	6.052456820210468
6.249622395833324	6.1508768202097635
6.3496223958333236	6.249296820209079
6.449622395833323	6.34771682020841
6.549622395833323	6.446136820207757
6.6496223958333225	6.544556820207121
6.749622395833322	6.642976820206502
6.849622395833322	6.741396820205906
6.949622395833321	6.839816820205537
7.049622395833321	6.938236820205314
7.149622395833321	7.036656820205176
7.24962239583332	7.135076820205098
7.34962239583332	7.233496820205066
7.44962239583332	7.331916820205064
7.549622395833319	7.4303368202050635
7.649622395833319	7.528756820205063
7.749622395833319	7.6271768202050625
7.849622395833318	7.725596820205065
7.949622395833318	7.824016820205065
8.049622395833318	7.922436820205067
8.149622395833317	8.020856820205067
8.249622395833317	8.119276820205064
8.349622395833316	8.217696820205067
8.449622395833316	8.316116820205071
8.549622395833316	8.414536820205068
8.55	8.41490845822592
1000008.55	8.41490845822592
