-179769313486231570000000000000000000000000000000000000000000000000000000000000000000000000000000000000000000000000000000000000000000000000000000000000000000000000000000000000000000000000000000000000000000000000000000000000000000000000000000000000000000000000000000000000000000000000000000000000000000000000000	0
0.003052734375000643	0
0.006386067708334053	0.0013314389162345187
0.009719401041667464	0.002666357070048517
0.014719401041667357	0.00467524495138368
0.02221940104166742	0.007703186374941778
0.0334694010416674	0.01227780615623644
0.050344401041667375	0.01921266018423664
0.07565690104166745	0.029773565910195927
0.11362565104166755	0.045965563990983005
0.1705787760416675	0.0710077379107555
0.2560084635416675	0.1101656487709271
0.3560084635416676	0.15825069208169745
0.4560084635416677	0.208559259370814
0.5560084635416678	0.26091101794380445
0.6560084635416679	0.31515097791124747
0.756008463541668	0.3711453064814689
0.856008463541668	0.42877748672783217
0.9560084635416679	0.487945572091079
1.056008463541668	0.5485593833148591
1.156008463541668	0.6105389744462203
1.2560084635416682	0.6738160068772595
1.3560084635416683	0.738330290958094
1.4560084635416684	0.8040277008973069
1.5560084635416684	0.8708601533204056
1.6560084635416685	0.938784984082346
1.7560084635416686	1.007764361984296
1.8560084635416687	1.077764776154535
1.9560084635416688	1.1487565979520706
2.056008463541669	1.2207136569085915
2.156008463541669	1.293612928158989
2.256008463541669	1.3674342440298157
2.356008463541669	1.442159959154031
2.4560084635416692	1.5177746769459564
2.5560084635416693	1.5942651623442934
2.6560084635416694	1.6716200722506047
2.7560084635416695	1.7498297814997894
2.8560084635416696	1.8288862084748467
2.9560084635416697	1.908782705666509
3.0560084635416693	1.989513884413258
3.156008463541669	2.0710754889931593
3.2560084635416686	2.153464307397949
3.3560084635416683	2.236678047873446
3.456008463541668	2.32071522032642
3.5560084635416676	2.4055750595033207
3.656008463541667	2.4912574436686246
3.756008463541667	2.57776278927537
3.8560084635416665	2.665091974835027
3.956008463541666	2.7532462834102005
4.056008463541666	2.8422273078570064
4.156008463541665	2.93203686609365
4.256008463541665	3.0226769519957424
4.356008463541665	3.1141496831828053
4.456008463541664	3.206457198246679
4.556008463541664	3.2996016125327987
4.656008463541664	3.3935849633281046
4.756008463541663	3.4884091428993536
4.856008463541663	3.5840758192861664
4.956008463541663	3.6805864237540407
5.056008463541662	3.77794204087702
5.156008463541662	3.876143358669462
5.2560084635416615	3.9661594877914212
5.356008463541661	4.043449573445004
5.456008463541661	4.121584518306426
5.5560084635416604	4.200562965861432
5.65600846354166	4.28038289281435
5.75600846354166	4.361041428347238
5.856008463541659	4.442534985454421
5.956008463541659	4.524859209625563
6.056008463541659	4.608008810770233
6.156008463541658	4.691977557755256
6.256008463541658	4.776758235508441
6.356008463541658	4.862342584458612
6.456008463541657	4.948721245957512
6.556008463541657	5.035883717382703
6.6560084635416565	5.12381830781878
6.756008463541656	5.212512094556514
6.856008463541656	5.301950896057344
6.9560084635416555	5.392119204379634
7.056008463541655	5.483000171607701
7.156008463541655	5.574575580571931
7.256008463541654	5.666825819393085
7.356008463541654	5.759729872637222
7.456008463541654	5.853265318465541
7.556008463541653	5.947408334859705
7.656008463541653	6.042133721249866
7.756008463541653	6.13741493748431
7.856008463541652	6.233224171409137
7.956008463541652	6.3295324277700376
8.056008463541652	6.426309655574455
8.156008463541651	6.523524904041541
8.25600846354165	6.621146287698001
8.35600846354165	6.719142343304473
8.45600846354165	6.817481173915506
8.553052734375001	7.009082083600695
179769313486231570000000000000000000000000000000000000000000000000000000000000000000000000000000000000000000000000000000000000000000000000000000000000000000000000000000000000000000000000000000000000000000000000000000000000000000000000000000000000000000000000000000000000000000000000000000000000000000000000000	7.009082083600695
