-179769313486231570000000000000000000000000000000000000000000000000000000000000000000000000000000000000000000000000000000000000000000000000000000000000000000000000000000000000000000000000000000000000000000000000000000000000000000000000000000000000000000000000000000000000000000000000000000000000000000000000000	0
0.0196696748939656	0
0.023003008227298935	0.000043037124260415124
0.02633634156063227	0.00023950675180304002
0.031336341560632267	0.000951971696836853
0.03883634156063227	0.0032395685886648286
0.05008634156063227	0.00920358636383731
0.06696134156063227	0.04145961585222059
0.09227384156063227	0.10011835904781478
0.13024259156063228	0.19235585283007647
0.18719571656063227	0.33789912102739994
0.2726254040606323	0.5683952882006509
0.37262540406063227	0.8524359310226084
0.47262540406063225	1.148659504295411
0.5726254040606322	1.4549923516077081
0.6726254040606322	1.7700419036123065
0.7726254040606322	2.092827364285131
0.8726254040606322	2.4226495096264093
0.9726254040606321	2.759024183911482
1.0726254040606322	3.1016540177738716
1.1534633712768556	3.6663770131237596
179769313486231570000000000000000000000000000000000000000000000000000000000000000000000000000000000000000000000000000000000000000000000000000000000000000000000000000000000000000000000000000000000000000000000000000000000000000000000000000000000000000000000000000000000000000000000000000000000000000000000000000	3.6663770131237596
