-179769313486231570000000000000000000000000000000000000000000000000000000000000000000000000000000000000000000000000000000000000000000000000000000000000000000000000000000000000000000000000000000000000000000000000000000000000000000000000000000000000000000000000000000000000000000000000000000000000000000000000000	0
0.0046205162996333995	0
0.007953849632966734	0.00013036484777407458
0.011287182966300068	0.000716353772361346
0.016287182966300065	0.0023436834342869892
0.023787182966300065	0.005810803547595676
0.03503718296630007	0.01269051734858287
0.05191218296630007	0.025912770115151265
0.07722468296630007	0.10663154701331086
0.11519343296630007	0.2372948761842203
0.17214655796630007	0.44022186214145775
0.2575762454663001	0.7566358924485355
0.35757624546630007	1.1413189243500437
0.45757624546630005	1.53840102214295
0.5575762454663	1.9458393246912196
0.6575762454663	2.362212029342705
0.7575762454663	2.7864691619110165
0.8575762454663	3.2178072993516507
0.9575762454662999	3.655599692657089
1.0575762454663	4.099357254433152
1.1534633712768556	4.963161950657323
179769313486231570000000000000000000000000000000000000000000000000000000000000000000000000000000000000000000000000000000000000000000000000000000000000000000000000000000000000000000000000000000000000000000000000000000000000000000000000000000000000000000000000000000000000000000000000000000000000000000000000000	4.963161950657323
