-179769313486231570000000000000000000000000000000000000000000000000000000000000000000000000000000000000000000000000000000000000000000000000000000000000000000000000000000000000000000000000000000000000000000000000000000000000000000000000000000000000000000000000000000000000000000000000000000000000000000000000000	0
0.02473815493981258	0
0.028071488273145914	0.00017595731108569602
0.03140482160647925	0.0008989574540519464
0.036404821606479246	0.002625038832214111
0.04390482160647925	0.0061791480141075205
0.05515482160647925	0.018627576325700224
0.07202982160647925	0.08573899750010924
0.09734232160647925	0.18863942423790825
0.13531107160647926	0.34688282596967657
0.19226419660647925	0.5910212245793407
0.27769388410647927	0.9689284977234003
0.3776938841064793	1.4251033207827355
0.4776938841064793	1.8931221053160325
0.5776938841064793	2.3708948482567704
0.6776938841064792	2.856940334101278
0.7776938841064792	3.350137717417908
0.8776938841064792	3.8495999883180843
0.9776938841064792	4.35460244185731
1.0776938841064791	4.864539147077211
1.1534633712768556	5.644428333770843
179769313486231570000000000000000000000000000000000000000000000000000000000000000000000000000000000000000000000000000000000000000000000000000000000000000000000000000000000000000000000000000000000000000000000000000000000000000000000000000000000000000000000000000000000000000000000000000000000000000000000000000	5.644428333770843
