-179769313486231570000000000000000000000000000000000000000000000000000000000000000000000000000000000000000000000000000000000000000000000000000000000000000000000000000000000000000000000000000000000000000000000000000000000000000000000000000000000000000000000000000000000000000000000000000000000000000000000000000	0
0.040740384045067086	0
0.04407371737840042	0.00024538100278444864
0.047407050711733754	0.000986895989245735
0.05240705071173376	0.00261409538326865
0.05990705071173376	0.01411660134480972
0.07115705071173375	0.034094716357202806
0.08803205071173376	0.06517555786283143
0.11334455071173376	0.1137259318419811
0.15131330071173377	0.1898945896247235
0.20826642571173376	0.30990325916501027
0.2936961132117338	0.499687694246774
0.3936961132117338	0.7330887332385502
0.4936961132117338	0.9758158499600533
0.5936961132117338	1.22592084471176
0.6936961132117337	1.4819989213300904
0.7936961132117337	1.742967297532461
0.8936961132117337	2.007949779301847
0.9936961132117337	2.2762137193500473
1.0936961132117338	2.547129289260052
1.1534633712768556	2.8733759824003027
179769313486231570000000000000000000000000000000000000000000000000000000000000000000000000000000000000000000000000000000000000000000000000000000000000000000000000000000000000000000000000000000000000000000000000000000000000000000000000000000000000000000000000000000000000000000000000000000000000000000000000000	2.8733759824003027
