-179769313486231570000000000000000000000000000000000000000000000000000000000000000000000000000000000000000000000000000000000000000000000000000000000000000000000000000000000000000000000000000000000000000000000000000000000000000000000000000000000000000000000000000000000000000000000000000000000000000000000000000	0
0.04741769049201806	0
0.05075102382535139	0.00027233330110215713
0.054084357158684725	0.002055423525048373
0.05908435715868472	0.01202653030477119
0.06658435715868473	0.027334629959304257
0.07783435715868472	0.05088805486853093
0.09470935715868473	0.08723318297045068
0.12002185715868473	0.14350428901138404
0.15799060715868474	0.2309332068552984
0.21494373215868473	0.36723425203757
0.30037341965868475	0.5803203379452027
0.4003734196586848	0.8394858535302205
0.5003734196586848	1.1065020394802847
0.6003734196586847	1.3795173993393066
0.7003734196586847	1.6571898032498389
0.8003734196586847	1.9384799880362
0.9003734196586847	2.2225442706691014
1.0003734196586846	2.508675493729304
1.1003734196586847	2.7962652077055896
1.1534633712768556	3.1025499349062633
179769313486231570000000000000000000000000000000000000000000000000000000000000000000000000000000000000000000000000000000000000000000000000000000000000000000000000000000000000000000000000000000000000000000000000000000000000000000000000000000000000000000000000000000000000000000000000000000000000000000000000000	3.1025499349062633
