-179769313486231570000000000000000000000000000000000000000000000000000000000000000000000000000000000000000000000000000000000000000000000000000000000000000000000000000000000000000000000000000000000000000000000000000000000000000000000000000000000000000000000000000000000000000000000000000000000000000000000000000	0
0.05309917818619975	0
0.05643251151953308	0.006112707296779787
0.059765844852866415	0.013137217069179741
0.06476584485286642	0.023878269840059488
0.07226584485286641	0.040328819848115885
0.08351584485286642	0.06558007966099609
0.10039084485286642	0.1044492044183219
0.1257033448528664	0.1644678471055326
0.1636720948528664	0.2574425343642564
0.22062521985286643	0.40189845567342497
0.30605490735286645	0.6268400653491317
0.4060549073528664	0.8992832299451067
0.5060549073528664	1.178901669121095
0.6060549073528664	1.463823511943906
0.7060549073528664	1.7526950639135555
0.8060549073528663	2.044471902684582
0.9060549073528663	2.3383117506421276
1.0060549073528664	2.633513723469189
1.1060549073528663	2.9294802001382294
1.1534633712768556	3.2103495805352678
179769313486231570000000000000000000000000000000000000000000000000000000000000000000000000000000000000000000000000000000000000000000000000000000000000000000000000000000000000000000000000000000000000000000000000000000000000000000000000000000000000000000000000000000000000000000000000000000000000000000000000000	3.2103495805352678
