-179769313486231570000000000000000000000000000000000000000000000000000000000000000000000000000000000000000000000000000000000000000000000000000000000000000000000000000000000000000000000000000000000000000000000000000000000000000000000000000000000000000000000000000000000000000000000000000000000000000000000000000	0
0.053463371276855576	0
0.05679670461018891	0
0.060130037943522244	0
0.06513003794352225	0
0.07263003794352224	0
0.08388003794352224	0
0.10075503794352224	0
0.12606753794352224	0
0.16403628794352224	0
0.22098941294352226	0
0.3064191004435223	0
0.40641910044352225	0
0.5064191004435222	0
0.6064191004435222	0
0.7064191004435222	0
0.8064191004435222	0
0.9064191004435221	0
1.0064191004435221	0
1.1064191004435222	0
1.1534633712768556	0
179769313486231570000000000000000000000000000000000000000000000000000000000000000000000000000000000000000000000000000000000000000000000000000000000000000000000000000000000000000000000000000000000000000000000000000000000000000000000000000000000000000000000000000000000000000000000000000000000000000000000000000	0
