-100000	0
1.0999999999999996	0
1.103333333333333	0
1.108333333333333	0.00000000000000000000000000000003697785493223493
1.115833333333333	0
1.127083333333333	0.00000000000000000000000000000009860761315262648
1.143958333333333	0.00000000000000000000000000000019721522630525295
1.169270833333333	0.00000000000000000000000000000019721522630525295
1.2072395833333331	0
1.264192708333333	0
1.349622395833333	0.0000000000000000000000000000003944304526105059
1.4496223958333332	0.0000000000000000000000000000007888609052210118
1.5496223958333333	0
1.6496223958333334	0
1.7496223958333335	0.0000000000000000000000000000015777218104420236
1.8496223958333335	0.0000000000000000000000000000015777218104420236
1.9496223958333336	0.0000000000000000000000000000015777218104420236
2.0496223958333335	0.0000000000000000000000000000015777218104420236
2.1496223958333336	0.0000000000000000000000000000015777218104420236
2.2496223958333337	0
2.3496223958333338	0.0000000000000000000000000000015777218104420236
2.449622395833334	0
2.549622395833334	0
2.649622395833334	0.0000000000000000000000000000031554436208840472
2.749622395833334	0.000000000000000000000000000004733165431326071
2.849622395833334	0.0000000000000000000000000000015777218104420236
2.9496223958333343	0.0000000000000000000000000000015777218104420236
3.0496223958333344	0.0000000000000000000000000000031554436208840472
3.1496223958333345	0.0000000000000000000000000000031554436208840472
3.2496223958333346	0.0000000000000000000000000000031554436208840472
3.3496223958333347	0.000000000000000000000000000006310887241768095
3.4496223958333347	0.0000000000000000000000000000031554436208840472
3.549622395833335	0
3.649622395833335	0.000000000000000000000000000006310887241768095
3.749622395833335	0.0000000000000000000000000000031554436208840472
3.849622395833335	0.000000000000000000000000000009466330862652142
3.949622395833335	0.000000000000000000000000000009466330862652142
4.049622395833335	0.000000000000000000000000000009466330862652142
4.149622395833335	0.0000000000000000000000000000031554436208840472
4.249622395833335	0.000000000000000000000000000006310887241768095
4.349622395833334	0
4.449622395833334	0.000000000000000000000000000009466330862652142
4.5496223958333335	0.000000000000000000000000000009466330862652142
4.649622395833333	0.000000000000000000000000000009466330862652142
4.749622395833333	0.000000000000000000000000000009466330862652142
4.849622395833332	0.0000000000000000000000000000031554436208840472
4.949622395833332	0.0000000000000000000000000000031554436208840472
5.049622395833332	0.000000000000000000000000000009466330862652142
5.149622395833331	0.0000000000000000000000000000031554436208840472
5.249622395833331	0.0000000000000000000000000000031554436208840472
5.349622395833331	0
5.44962239583333	0.000000000000000000000000000009466330862652142
5.54962239583333	0.0000000000000000000000000000031554436208840472
5.64962239583333	0.000000000000000000000000000006310887241768095
5.749622395833329	0.0000000000000000000000000000031554436208840472
5.849622395833329	0.000000000000000000000000000006310887241768095
5.9496223958333285	0.0000000000000000000000000000031554436208840472
6.049622395833328	0.000000000000000000000000000009466330862652142
6.149622395833328	0.0000000000000000000000000000031554436208840472
6.2496223958333275	0.0000000000000000000000000000031554436208840472
6.349622395833327	0.0000000000000000000000000000031554436208840472
6.449622395833327	0
6.549622395833326	0.0000000000000000000000000000031554436208840472
6.649622395833326	0
6.749622395833326	0
6.849622395833325	0
6.949622395833325	0
7.049622395833325	0
7.149622395833324	0
7.249622395833324	0
7.3496223958333236	0
7.449622395833323	0
7.549622395833323	0
7.6496223958333225	0
7.749622395833322	0
7.849622395833322	0
7.949622395833321	0
8.049622395833321	0
8.14962239583332	0
8.24962239583332	0
8.34962239583332	0
8.44962239583332	0
8.54962239583332	0
8.649622395833319	0
8.749622395833319	0
8.849622395833318	0
8.949622395833318	0
9.049622395833318	0
9.149622395833317	0
9.249622395833317	0
9.349622395833316	0
9.449622395833316	0
9.549622395833316	0
9.649622395833315	0
9.749622395833315	0
9.849622395833315	0
9.949622395833314	0
10.049622395833314	0
10.149622395833314	0
10.249622395833313	0
10.349622395833313	0
10.449622395833313	0
10.549622395833312	0
10.649622395833312	0
10.749622395833311	0
10.849622395833311	0
10.94962239583331	0
11.04962239583331	0
11.14962239583331	0
11.24962239583331	0
11.34962239583331	0
11.449622395833309	0
11.549622395833309	0
11.649622395833308	0
11.749622395833308	0
11.849622395833308	0
11.905	0
1000011.905	0
