-100001.1	0
0	0
0.0033333333333334103	0.003280269773241222
0.008333333333333304	0.008200784959712408
0.015833333333333366	0.015581806424289456
0.027083333333333348	0.026653874710669823
0.04395833333333332	0.04326224971066985
0.06927083333333339	0.06817481221066958
0.1072395833333335	0.10554365596066831
0.16419270833333344	0.1615969215856641
0.24962239583333345	0.24567682002315339
0.34962239583333354	0.34409682002313374
0.44962239583333363	0.4425168200231065
0.5496223958333337	0.5409368200230715
0.6496223958333338	0.6393568200230294
0.7496223958333339	0.7377768200229794
0.849622395833334	0.8361968200229216
0.9496223958333339	0.9346168200228561
1.049622395833334	1.0330368200227833
1.149622395833334	1.1314568200227029
1.2496223958333341	1.2298768200226136
1.3496223958333342	1.3282968200225107
1.4496223958333343	1.4267168200223916
1.5496223958333344	1.5251368200222557
1.6496223958333345	1.6235568200221027
1.7496223958333346	1.7219768200219316
1.8496223958333347	1.8203968200217429
1.9496223958333347	1.918816820021537
2.049622395833335	2.017236820021314
2.149622395833335	2.115656820021073
2.249622395833335	2.2140768200208143
2.349622395833335	2.3124968200205394
2.449622395833335	2.4109168200202453
2.5496223958333353	2.509336820019934
2.6496223958333354	2.6077568200196053
2.7496223958333355	2.7061768200192593
2.8496223958333355	2.8045968200188955
2.9496223958333356	2.9030168200185145
3.0496223958333353	3.0014368200181143
3.149622395833335	3.099856820017698
3.2496223958333346	3.1982768200172633
3.349622395833334	3.29669682001681
3.449622395833334	3.3951168200163404
3.5496223958333335	3.493536820015852
3.649622395833333	3.591956820015346
3.749622395833333	3.6903768200148233
3.8496223958333324	3.788796820014282
3.949622395833332	3.887216820013723
4.049622395833332	3.985636820013146
4.149622395833331	4.0840568200125515
4.249622395833331	4.1824768200119395
4.349622395833331	4.280896820011309
4.44962239583333	4.379316820010661
4.54962239583333	4.477736820009994
4.64962239583333	4.576156820009311
4.749622395833329	4.674576820008609
4.849622395833329	4.77299682000789
4.9496223958333285	4.871416820007152
5.049622395833328	4.969836820006394
5.149622395833328	5.068256820005623
5.2496223958333275	5.16667682000483
5.349622395833327	5.265096820004022
5.449622395833327	5.363516820003193
5.549622395833326	5.461936820002352
5.649622395833326	5.560356820001512
5.749622395833326	5.658776820000681
5.849622395833325	5.757196819999853
5.949622395833325	5.855616819999034
6.049622395833325	5.954036819998221
6.149622395833324	6.052456819997412
6.249622395833324	6.150876819996616
6.3496223958333236	6.249296819995819
6.449622395833323	6.347716819995034
6.549622395833323	6.446136819994255
6.6496223958333225	6.544556819993477
6.749622395833322	6.642976819992713
6.849622395833322	6.741396819991951
6.949622395833321	6.839816819991301
7.049622395833321	6.938236819990794
7.149622395833321	7.036656819990408
7.24962239583332	7.135076819990119
7.34962239583332	7.23349681998991
7.44962239583332	7.33191681998974
7.549622395833319	7.430336819989592
7.649622395833319	7.528756819989462
7.749622395833319	7.627176819989343
7.849622395833318	7.725596819989234
7.949622395833318	7.824016819989143
8.049622395833318	7.922436819989072
8.149622395833317	8.020856819989005
8.249622395833317	8.119276819988956
8.349622395833316	8.217696819988921
8.449622395833316	8.316116819988903
8.549622395833316	8.414536819988896
8.55	8.414908458009746
1000008.55	8.414908458009746
