-100001.1	0
0	0
0.0033333333333334103	0.003280269773241217
0.008333333333333304	0.008200784959712378
0.015833333333333366	0.015581806424289352
0.027083333333333348	0.02665387471066953
0.04395833333333332	0.043262249710669234
0.06927083333333339	0.06817481221066848
0.1072395833333335	0.10554365596066642
0.16419270833333344	0.16159692158566097
0.24962239583333345	0.24567682002314822
0.34962239583333354	0.34409682002312597
0.44962239583333363	0.44251682002309606
0.5496223958333337	0.5409368200230583
0.6496223958333338	0.6393568200230125
0.7496223958333339	0.7377768200229592
0.849622395833334	0.8361968200228976
0.9496223958333339	0.9346168200228285
1.049622395833334	1.0330368200227513
1.149622395833334	1.1314568200226665
1.2496223958333341	1.2298768200225743
1.3496223958333342	1.328296820022474
1.4496223958333343	1.426716820022365
1.5496223958333344	1.525136820022247
1.6496223958333345	1.623556820022116
1.7496223958333346	1.7219768200219685
1.8496223958333347	1.820396820021804
1.9496223958333347	1.918816820021622
2.049622395833335	2.017236820021423
2.149622395833335	2.1156568200212065
2.249622395833335	2.2140768200209724
2.349622395833335	2.31249682002072
2.449622395833335	2.4109168200204514
2.5496223958333353	2.5093368200201644
2.6496223958333354	2.6077568200198606
2.7496223958333355	2.7061768200195395
2.8496223958333355	2.804596820019201
2.9496223958333356	2.903016820018845
3.0496223958333353	3.0014368200184713
3.149622395833335	3.0998568200180783
3.2496223958333346	3.1982768200176706
3.349622395833334	3.296696820017242
3.449622395833334	3.395116820016799
3.5496223958333335	3.4935368200163377
3.649622395833333	3.591956820015859
3.749622395833333	3.690376820015361
3.8496223958333324	3.788796820014847
3.949622395833332	3.8872168200143156
4.049622395833332	3.9856368200137666
4.149622395833331	4.084056820013199
4.249622395833331	4.182476820012615
4.349622395833331	4.280896820012013
4.44962239583333	4.379316820011391
4.54962239583333	4.4777368200107555
4.64962239583333	4.576156820010099
4.749622395833329	4.6745768200094275
4.849622395833329	4.7729968200087365
4.9496223958333285	4.871416820008029
5.049622395833328	4.969836820007303
5.149622395833328	5.0682568200065585
5.2496223958333275	5.166676820005799
5.349622395833327	5.265096820005019
5.449622395833327	5.363516820004224
5.549622395833326	5.461936820003413
5.649622395833326	5.56035682000262
5.749622395833326	5.6587768200018465
5.849622395833325	5.757196820001094
5.949622395833325	5.85561682000036
6.049622395833325	5.954036819999648
6.149622395833324	6.052456819998951
6.249622395833324	6.150876819998274
6.3496223958333236	6.249296819997614
6.449622395833323	6.347716819996973
6.549622395833323	6.446136819996353
6.6496223958333225	6.544556819995745
6.749622395833322	6.6429768199951535
6.849622395833322	6.741396819994586
6.949622395833321	6.839816819994053
7.049622395833321	6.938236819993576
7.149622395833321	7.036656819993137
7.24962239583332	7.135076819992731
7.34962239583332	7.233496819992355
7.44962239583332	7.33191681999201
7.549622395833319	7.430336819991695
7.649622395833319	7.528756819991412
7.749622395833319	7.627176819991157
7.849622395833318	7.72559681999093
7.949622395833318	7.824016819990735
8.049622395833318	7.92243681999057
8.149622395833317	8.020856819990438
8.249622395833317	8.119276819990336
8.349622395833316	8.217696819990257
8.449622395833316	8.316116819990214
8.549622395833316	8.414536819990198
8.55	8.414908458011057
1000008.55	8.414908458011057
