-100001.1	0
0	0
0.0033333333333334103	0.003280269773241223
0.008333333333333304	0.008200784959712406
0.015833333333333366	0.01558180642428937
0.027083333333333348	0.026653874710669948
0.04395833333333332	0.043262249710669984
0.06927083333333339	0.06817481221067039
0.1072395833333335	0.10554365596067097
0.16419270833333344	0.16159692158567143
0.24962239583333345	0.2456768200231728
0.34962239583333354	0.3440968200231738
0.44962239583333363	0.44251682002317516
0.5496223958333337	0.5409368200231766
0.6496223958333338	0.639356820023178
0.7496223958333339	0.7377768200231789
0.849622395833334	0.8361968200231807
0.9496223958333339	0.9346168200231816
1.049622395833334	1.0330368200231825
1.149622395833334	1.1314568200231843
1.2496223958333341	1.2298768200231855
1.3496223958333342	1.3282968200231864
1.4496223958333343	1.4267168200231881
1.5496223958333344	1.525136820023189
1.6496223958333345	1.623556820023191
1.7496223958333346	1.721976820023192
1.8496223958333347	1.8203968200231937
1.9496223958333347	1.9188168200231948
2.049622395833335	2.0172368200231956
2.149622395833335	2.115656820023197
2.249622395833335	2.214076820023199
2.349622395833335	2.312496820023199
2.449622395833335	2.4109168200232007
2.5496223958333353	2.509336820023202
2.6496223958333354	2.607756820023204
2.7496223958333355	2.7061768200232046
2.8496223958333355	2.804596820023206
2.9496223958333356	2.9030168200232085
3.0496223958333353	3.0014368200232084
3.149622395833335	3.0998568200232093
3.2496223958333346	3.1982768200232106
3.349622395833334	3.2966968200232105
3.449622395833334	3.395116820023211
3.5496223958333335	3.4935368200232126
3.649622395833333	3.591956820023214
3.749622395833333	3.690376820023211
3.8496223958333324	3.7887968200231996
3.949622395833332	3.8872168200231747
4.049622395833332	3.9856368200231342
4.149622395833331	4.084056820023076
4.249622395833331	4.182476820023004
4.349622395833331	4.280896820022914
4.44962239583333	4.379316820022807
4.54962239583333	4.477736820022685
4.64962239583333	4.576156820022547
4.749622395833329	4.67457682002239
4.849622395833329	4.772996820022207
4.9496223958333285	4.871416820021975
5.049622395833328	4.969836820021679
5.149622395833328	5.068256820021308
5.2496223958333275	5.166676820020861
5.349622395833327	5.265096820020322
5.449622395833327	5.363516820019702
5.549622395833326	5.461936820018993
5.649622395833326	5.5603568200182725
5.749622395833326	5.658776820017549
5.849622395833325	5.75719682001682
5.949622395833325	5.855616820016091
6.049622395833325	5.95403682001536
6.149622395833324	6.052456820014626
6.249622395833324	6.150876820013884
6.3496223958333236	6.249296820013142
6.449622395833323	6.347716820012397
6.549622395833323	6.44613682001165
6.6496223958333225	6.544556820010898
6.749622395833322	6.642976820010144
6.849622395833322	6.741396820009388
6.949622395833321	6.839816820008662
7.049622395833321	6.938236820007975
7.149622395833321	7.0366568200073365
7.24962239583332	7.135076820006737
7.34962239583332	7.233496820006185
7.44962239583332	7.331916820005679
7.549622395833319	7.430336820005221
7.649622395833319	7.528756820004797
7.749622395833319	7.627176820004425
7.849622395833318	7.7255968200040925
7.949622395833318	7.824016820003807
8.049622395833318	7.922436820003566
8.149622395833317	8.020856820003363
8.249622395833317	8.119276820003213
8.349622395833316	8.217696820003104
8.449622395833316	8.316116820003034
8.549622395833316	8.414536820003018
8.55	8.414908458023866
1000008.55	8.414908458023866
