-100001.1	0
0	0
0.0033333333333334103	0.0032802697732412208
0.008333333333333304	0.008200784959712404
0.015833333333333366	0.01558180642428946
0.027083333333333348	0.026653874710669812
0.04395833333333332	0.04326224971066984
0.06927083333333339	0.0681748122106696
0.1072395833333335	0.10554365596066831
0.16419270833333344	0.16159692158566416
0.24962239583333345	0.24567682002315333
0.34962239583333354	0.34409682002313363
0.44962239583333363	0.4425168200231065
0.5496223958333337	0.5409368200230716
0.6496223958333338	0.6393568200230293
0.7496223958333339	0.7377768200229793
0.849622395833334	0.8361968200229216
0.9496223958333339	0.9346168200228558
1.049622395833334	1.0330368200227835
1.149622395833334	1.1314568200227033
1.2496223958333341	1.2298768200226151
1.3496223958333342	1.3282968200225194
1.4496223958333343	1.4267168200224158
1.5496223958333344	1.525136820022302
1.6496223958333345	1.6235568200221753
1.7496223958333346	1.7219768200220296
1.8496223958333347	1.820396820021866
1.9496223958333347	1.9188168200216857
2.049622395833335	2.017236820021486
2.149622395833335	2.115656820021269
2.249622395833335	2.214076820021033
2.349622395833335	2.3124968200207796
2.449622395833335	2.4109168200205082
2.5496223958333353	2.5093368200202164
2.6496223958333354	2.6077568200199086
2.7496223958333355	2.706176820019582
2.8496223958333355	2.804596820019237
2.9496223958333356	2.9030168200188737
3.0496223958333353	3.001436820018493
3.149622395833335	3.099856820018092
3.2496223958333346	3.1982768200176737
3.349622395833334	3.2966968200172375
3.449622395833334	3.395116820016781
3.5496223958333335	3.493536820016309
3.649622395833333	3.5919568200158154
3.749622395833333	3.6903768200153064
3.8496223958333324	3.788796820014777
3.949622395833332	3.887216820014228
4.049622395833332	3.9856368200136627
4.149622395833331	4.084056820013079
4.249622395833331	4.182476820012475
4.349622395833331	4.280896820011855
4.44962239583333	4.379316820011214
4.54962239583333	4.477736820010556
4.64962239583333	4.576156820009879
4.749622395833329	4.6745768200091815
4.849622395833329	4.77299682000847
4.9496223958333285	4.871416820007735
5.049622395833328	4.969836820006983
5.149622395833328	5.06825682000621
5.2496223958333275	5.166676820005422
5.349622395833327	5.265096820004612
5.449622395833327	5.363516820003786
5.549622395833326	5.461936820002947
5.649622395833326	5.560356820002106
5.749622395833326	5.6587768200012745
5.849622395833325	5.7571968200004475
5.949622395833325	5.855616819999626
6.049622395833325	5.954036819998812
6.149622395833324	6.052456819998006
6.249622395833324	6.150876819997207
6.3496223958333236	6.249296819996411
6.449622395833323	6.347716819995629
6.549622395833323	6.446136819994846
6.6496223958333225	6.54455681999407
6.749622395833322	6.642976819993304
6.849622395833322	6.741396819992558
6.949622395833321	6.839816819992101
7.049622395833321	6.938236819991793
7.149622395833321	7.036656819991574
7.24962239583332	7.135076819991384
7.34962239583332	7.233496819991208
7.44962239583332	7.331916819991044
7.549622395833319	7.430336819990899
7.649622395833319	7.528756819990767
7.749622395833319	7.627176819990647
7.849622395833318	7.725596819990538
7.949622395833318	7.824016819990447
8.049622395833318	7.922436819990373
8.149622395833317	8.020856819990312
8.249622395833317	8.119276819990262
8.349622395833316	8.217696819990227
8.449622395833316	8.316116819990206
8.549622395833316	8.4145368199902
8.55	8.414908458011055
1000008.55	8.414908458011055
