-179769313486231570000000000000000000000000000000000000000000000000000000000000000000000000000000000000000000000000000000000000000000000000000000000000000000000000000000000000000000000000000000000000000000000000000000000000000000000000000000000000000000000000000000000000000000000000000000000000000000000000000	0
0	0
0.0033333333333329662	0.0048902317349987815
0.0066666666666659324	0.00978937359749089
0.011666666666665826	0.017154813226332357
0.01916666666666611	0.028240631890214942
0.030416666666666536	0.04495391739394271
0.04729166666666629	0.07021297156556916
0.07260416666666636	0.10852335918791445
0.11057291666666647	0.16692613064026307
0.16752604166666618	0.2566003022702342
0.25295572916666664	0.39564223133177656
0.3529557291666663	0.5650559631061784
0.45295572916666593	0.741349707701253
0.5529557291666656	0.9242240895029037
0.6529557291666652	1.1133958512975757
0.7529557291666649	1.308596564233348
0.8529557291666645	1.509571454874811
0.9529557291666642	1.7160783646447002
1.0529557291666638	1.92788725086654
1.1529557291666634	2.1447788765701548
1.252955729166663	2.36654444520825
1.3529557291666627	2.592985038406725
1.4529557291666624	2.82391070357108
1.552955729166662	3.0591403228435285
1.6529557291666617	3.298501143195312
1.7529557291666613	3.5418278314517333
1.852955729166661	3.7889629927852093
1.9529557291666606	4.039756207512457
2.0529557291666602	4.294063621135815
2.15295572916666	4.551748226811279
2.2529557291666595	4.8126793043970215
2.352955729166659	5.076732160669352
2.399990234375	5.327543920965005
179769313486231570000000000000000000000000000000000000000000000000000000000000000000000000000000000000000000000000000000000000000000000000000000000000000000000000000000000000000000000000000000000000000000000000000000000000000000000000000000000000000000000000000000000000000000000000000000000000000000000000000	5.327543920965005
