-179769313486231570000000000000000000000000000000000000000000000000000000000000000000000000000000000000000000000000000000000000000000000000000000000000000000000000000000000000000000000000000000000000000000000000000000000000000000000000000000000000000000000000000000000000000000000000000000000000000000000000000	0
0	0
0.0033333333333329662	0.001933312378136578
0.0066666666666659324	0.0038774618727482695
0.011666666666665826	0.006813985180268654
0.01916666666666611	0.01126437073110748
0.030416666666666536	0.01804223707912316
0.04729166666666629	0.028437929913436272
0.07260416666666636	0.04454220483165641
0.11057291666666647	0.06983345262035931
0.16752604166666618	0.11027639476436264
0.25295572916666664	0.1764253793524629
0.3529557291666663	0.261916606450465
0.45295572916666593	0.3557408903817206
0.5529557291666656	0.4575422222953796
0.6529557291666652	0.5669860672905198
0.7529557291666649	0.6837575003413644
0.8529557291666645	0.8075594016611303
0.9529557291666642	0.9381110090354436
1.0529557291666638	1.0751465631667667
1.1529557291666634	1.2184141475873724
1.252955729166663	1.3676746573277028
1.3529557291666627	1.5227008733361174
1.4529557291666624	1.683276670741323
1.552955729166662	1.8491962100693802
1.6529557291666617	2.0202632578741806
1.7529557291666613	2.1962907064625
1.852955729166661	2.3770999332435356
1.9529557291666606	2.56252029132102
2.0529557291666602	2.752388819706778
2.15295572916666	2.9465494586256575
2.2529557291666595	3.144853338430751
2.352955729166659	3.3471575362520585
2.399990234375	3.540575428731059
179769313486231570000000000000000000000000000000000000000000000000000000000000000000000000000000000000000000000000000000000000000000000000000000000000000000000000000000000000000000000000000000000000000000000000000000000000000000000000000000000000000000000000000000000000000000000000000000000000000000000000000	3.540575428731059
