-179769313486231570000000000000000000000000000000000000000000000000000000000000000000000000000000000000000000000000000000000000000000000000000000000000000000000000000000000000000000000000000000000000000000000000000000000000000000000000000000000000000000000000000000000000000000000000000000000000000000000000000	0
0	0
0.0033333333333329662	0.004375203179528603
0.0066666666666659324	0.008759628022741927
0.011666666666665826	0.015353531102898579
0.01916666666666611	0.025283185439201307
0.030416666666666536	0.04026485616428267
0.04729166666666629	0.06293249119397379
0.07260416666666636	0.09736919574989114
0.11057291666666647	0.1499912872164745
0.16752604166666618	0.23106037141176522
0.25295572916666664	0.35733920629592053
0.3529557291666663	0.5120266171905551
0.45295572916666593	0.6738170592150391
0.5529557291666656	0.8424051230381377
0.6529557291666652	1.0175026542493533
0.7529557291666649	1.1988364484447704
0.8529557291666645	1.3861483185521795
0.9529557291666642	1.5791936362047072
1.0529557291666638	1.7777398990880673
1.1529557291666634	1.9815662056946746
1.252955729166663	2.190462749985514
1.3529557291666627	2.404229319018368
1.4529557291666624	2.6226743825210623
1.552955729166662	2.8456160628147176
1.6529557291666617	3.0728799382111993
1.7529557291666613	3.304299942610971
1.852955729166661	3.5397171923755515
1.9529557291666606	3.77897945176363
2.0529557291666602	4.021941912688218
2.15295572916666	4.268464953933572
2.2529557291666595	4.518415255383432
2.352955729166659	4.77166528650364
2.399990234375	5.012455616429253
179769313486231570000000000000000000000000000000000000000000000000000000000000000000000000000000000000000000000000000000000000000000000000000000000000000000000000000000000000000000000000000000000000000000000000000000000000000000000000000000000000000000000000000000000000000000000000000000000000000000000000000	5.012455616429253
