-100000	0
1.0999999999912689	0
1.1033333333246023	0.02157777078143631
1.1083333333246022	0.05395250811881621
1.1158333333246022	0.1025329427606965
1.1270833333246022	0.17544532757296966
1.1439583333246022	0.26164136841498725
1.1692708333246022	0.41246327204216227
1.2072395833246023	0.6389616576815209
1.2641927083246023	1.0684017240199175
1.3496223958246023	1.6292731621699417
1.4496223958246024	2.290450786655508
1.5496223958246025	2.9553862032379876
1.6496223958246026	3.6245324463713864
1.7496223958246027	4.29780509484723
1.8496223958246027	4.975119727457033
1.9496223958246028	5.656391922992329
2.0496223958246027	5.932285462743538
2.149622395824603	7.030471318005435
2.249622395824603	7.271566374550491
2.349622395824603	8.41936791021873
2.449622395824603	8.639441891310778
2.549622395824603	9.82240632996437
2.6496223958246032	10.034721011857709
2.7496223958246033	11.238911207574509
2.8496223958246034	11.952002515057583
2.9496223958246035	12.668207173381315
3.0496223958246036	13.387440761337286
3.1496223958246037	14.10961885771697
3.2496223958246038	14.83465704131191
3.349622395824604	15.562470890913614
3.449622395824604	15.866053508578073
3.549622395824604	16.981070686298505
3.649622395824604	17.71330633088613
3.749622395824604	18.686500632813434
3.8496223958246043	19.728653620523694
3.9496223958246044	20.728414577859375
4.0496223958246045	21.711418094962344
4.149622395824604	22.69703218687234
4.249622395824604	23.685249429184143
4.349622395824603	24.676062397492498
4.449622395824603	25.669463667392197
4.549622395824603	26.665445814477962
4.649622395824602	27.664001414344586
4.749622395824602	28.665123042586806
4.849622395824602	29.668633425878657
4.949622395824601	30.672234532363394
5.049622395824601	31.675204981347484
5.149622395824601	32.67754641816293
5.2496223958246	33.679260488141765
5.3496223958246	34.68034883661599
5.4496223958245995	35.68081310891766
5.549622395824599	36.68065495037873
5.649622395824599	37.67987600633129
5.749622395824598	38.6784779221073
5.849622395824598	39.67646234303874
5.949622395824598	40.673830914457746
6.049622395824597	41.67058528169623
6.149622395824597	42.66672709008628
6.249622395824597	43.66225798495993
6.349622395824596	44.65717961164906
6.449622395824596	45.65149361548583
6.549622395824596	46.64520164180218
6.649622395824595	47.6323942064788
6.749622395824595	48.6311796362876
6.8496223958245945	49.62969307018323
6.949622395824594	50.62793242484695
7.049622395824594	51.62589561695997
7.1496223958245935	52.62358056320349
7.249622395824593	53.62098518025873
7.349622395824593	54.61810738480699
7.449622395824592	55.61494509352936
7.549622395824592	56.611496223107125
7.649622395824592	57.6077586902215
7.749622395824591	58.60373041155369
7.849622395824591	59.599409303784945
7.949622395824591	60.594793283596445
8.04962239582459	61.58988026766945
8.14962239582459	62.58466817268509
8.24962239582459	63.57915491532472
8.34962239582459	64.57333841226946
8.449622395824589	65.56721658020054
8.549622395824588	66.56078733579923
8.649622395824588	67.55404859574668
8.749622395824588	68.54699827672415
8.849622395824587	69.53963429541282
8.949622395824587	70.53195456849396
9.049622395824587	71.5239570126488
9.149622395824586	72.51563954455847
9.249622395824586	73.50700008090429
9.349622395824586	74.4980365383674
9.449622395824585	75.48874683362907
9.549622395824585	76.47912888337045
9.649622395824585	77.46918060427286
9.749622395824584	78.45889991301745
9.849622395824584	79.4482847262855
9.949622395824584	80.43733296075814
10.049622395824583	81.42604253311663
10.149622395824583	82.4144113600422
10.249622395824582	83.40243735821606
10.349622395824582	84.3901184443194
10.449622395824582	85.37745253503347
10.549622395824581	86.3644375470395
10.649622395824581	87.35107139701874
10.74962239582458	88.33735200165229
10.84962239582458	89.32327727762151
10.94962239582458	90.34988245698617
11.04962239582458	91.30444221256705
11.14962239582458	92.25856649686997
11.249622395824579	93.21226593313612
11.349622395824579	94.1655511446067
11.449622395824578	95.11843275452289
11.549622395824578	96.07092138612586
11.649622395824577	97.02302766265684
11.749622395824577	97.97476220735696
11.849622395824577	98.92613564346748
11.905	99.84094649297552
1000011.905	99.84094649297552
