-100000	0
1.0999999999912689	0
1.1033333333246023	0.022793541606949047
1.1083333333246022	0.056983854106948076
1.1158333333246022	0.10826932285694806
1.1270833333246022	0.18519752598194758
1.1439583333246022	0.3005898306694466
1.1692708333246022	0.4736782877006958
1.2072395833246023	0.7333109732475697
1.2641927083246023	1.122760001567879
1.3496223958246023	1.7069335440483446
1.4496223958246024	2.390739794048338
1.5496223958246025	3.0745460440483354
1.6496223958246026	3.758352294048331
1.7496223958246027	4.442158544048327
1.8496223958246027	5.125964794048323
1.9496223958246028	5.809771044048321
2.0496223958246027	6.493577294048316
2.149622395824603	7.17738354404831
2.249622395824603	7.8611897940483075
2.349622395824603	8.544996044048302
2.449622395824603	9.228802294048299
2.549622395824603	9.912608544048293
2.6496223958246032	10.59641479404829
2.7496223958246033	11.280221044048282
2.8496223958246034	11.964027294048282
2.9496223958246035	12.647833544048272
3.0496223958246036	13.331639794048272
3.1496223958246037	14.01544604404827
3.2496223958246038	14.699252294048264
3.349622395824604	15.38305854404826
3.449622395824604	16.066864794048254
3.549622395824604	16.75067104404825
3.649622395824604	17.434477294048246
3.749622395824604	18.234374687414597
3.8496223958246043	19.211174687414612
3.9496223958246044	20.18797468741462
4.0496223958246045	21.164774687414674
4.149622395824604	22.14157468741471
4.249622395824604	23.118374687414782
4.349622395824603	24.095174687414843
4.449622395824603	25.071974687414933
4.549622395824603	26.048774687415037
4.649622395824602	27.025574687415176
4.749622395824602	28.002374687415305
4.849622395824602	28.979174687415465
4.949622395824601	29.955974687415637
5.049622395824601	30.93277468741582
5.149622395824601	31.909574687416004
5.2496223958246	32.886374687416215
5.3496223958246	33.863174687416446
5.4496223958245995	34.83997468741668
5.549622395824599	35.81677468741694
5.649622395824599	36.79357468741722
5.749622395824598	37.77037468741754
5.849622395824598	38.74717468741779
5.949622395824598	39.723974687418114
6.049622395824597	40.70077468741844
6.149622395824597	41.677574687418804
6.249622395824597	42.65437468741917
6.349622395824596	43.63117468741955
6.449622395824596	44.60797468741991
6.549622395824596	45.58477468742036
6.649622395824595	46.56157468742075
6.749622395824595	47.53837468742114
6.8496223958245945	48.51517468742155
6.949622395824594	49.49197468742194
7.049622395824594	50.4687746874223
7.1496223958245935	51.445574687422656
7.249622395824593	52.42237468742299
7.349622395824593	53.39917468742333
7.449622395824592	54.37597468742367
7.549622395824592	55.35277468742396
7.649622395824592	56.32957468742427
7.749622395824591	57.306374687424544
7.849622395824591	58.283174687424776
7.949622395824591	59.25997468742504
8.04962239582459	60.236774687425275
8.14962239582459	61.213574687425535
8.24962239582459	62.19037468742574
8.34962239582459	63.16717468742597
8.449622395824589	64.14397468742615
8.549622395824588	65.12077468742636
8.649622395824588	66.0975746874265
8.749622395824588	67.07437468742668
8.849622395824587	68.05117468742685
8.949622395824587	69.02797468742699
9.049622395824587	70.0047746874271
9.149622395824586	70.98157468742725
9.249622395824586	71.95837468742735
9.349622395824586	72.93517468742745
9.449622395824585	73.91197468742753
9.549622395824585	74.88877468742758
9.649622395824585	75.86557468742767
9.749622395824584	76.84237468742775
9.849622395824584	77.8191746874278
9.949622395824584	78.79597468742783
10.049622395824583	79.77277468742786
10.149622395824583	80.74957468742787
10.249622395824582	81.72637468742789
10.349622395824582	82.70317468742788
10.449622395824582	83.67997468742794
10.549622395824581	84.65677468742794
10.649622395824581	85.63357468742791
10.74962239582458	86.6103746874279
10.84962239582458	87.58717468742786
10.94962239582458	88.56397468742794
11.04962239582458	89.54077468742786
11.14962239582458	90.51757468742787
11.249622395824579	91.49437468742792
11.349622395824579	92.47117468742786
11.449622395824578	93.44797468742787
11.549622395824578	94.42477468742786
11.649622395824577	95.40157468742784
11.749622395824577	96.37837468742784
11.849622395824577	97.35517468742779
11.905	97.89610312501335
1000011.905	97.89610312501335
