-100000	0
1.0999999999912689	0
1.1033333333246023	0.026447291594041036
1.1083333333246022	0.06611822909403949
1.1158333333246022	0.12562463534404023
1.1270833333246022	0.21488424471904094
1.1439583333246022	0.34877365878154076
1.1692708333246022	0.5496077798752919
1.2072395833246023	0.8508589615159186
1.2641927083246023	1.3027357339768562
1.3496223958246023	1.980550892668265
1.4496223958246024	2.7739696426682667
1.5496223958246025	3.5673883926682706
1.6496223958246026	4.360807142668273
1.7496223958246027	5.1542258926682765
1.8496223958246027	5.94764464266828
1.9496223958246028	6.741063392668283
2.0496223958246027	7.53448214266828
2.149622395824603	8.327900892668287
2.249622395824603	9.121319642668288
2.349622395824603	9.914738392668294
2.449622395824603	10.708157142668295
2.549622395824603	11.501575892668296
2.6496223958246032	12.294994642668302
2.7496223958246033	13.088413392668304
2.8496223958246034	13.881832142668305
2.9496223958246035	14.675250892668307
3.0496223958246036	15.468669642668312
3.1496223958246037	16.262088392668314
3.2496223958246038	17.055507142668315
3.349622395824604	17.84892589266832
3.449622395824604	18.64234464266832
3.549622395824604	19.435763392668324
3.649622395824604	20.229182142668314
3.749622395824604	21.095260937411442
3.8496223958246043	22.07206093741146
3.9496223958246044	23.04886093741148
4.0496223958246045	24.02566093741153
4.149622395824604	25.0024609374116
4.249622395824604	25.97926093741167
4.349622395824603	26.956060937411753
4.449622395824603	27.932860937411842
4.549622395824603	28.909660937411974
4.649622395824602	29.8864609374121
4.749622395824602	30.863260937412246
4.849622395824602	31.84006093741241
4.949622395824601	32.816860937412585
5.049622395824601	33.793660937412774
5.149622395824601	34.770460937412984
5.2496223958246	35.747260937413195
5.3496223958246	36.72406093741344
5.4496223958245995	37.7008609374137
5.549622395824599	38.67766093741394
5.649622395824599	39.65446093741425
5.749622395824598	40.631260937414524
5.849622395824598	41.608060937414876
5.949622395824598	42.58486093741516
6.049622395824597	43.561660937415525
6.149622395824597	44.5384609374159
6.249622395824597	45.515260937416244
6.349622395824596	46.492060937416596
6.449622395824596	47.46886093741699
6.549622395824596	48.44566093741743
6.649622395824595	49.42246093741786
6.749622395824595	50.399260937418106
6.8496223958245945	51.376060937418266
6.949622395824594	52.352860937418406
7.049622395824594	53.32966093741853
7.1496223958245935	54.30646093741861
7.249622395824593	55.28326093741864
7.349622395824593	56.26006093741868
7.449622395824592	57.236860937418754
7.549622395824592	58.21366093741876
7.649622395824592	59.190460937418784
7.749622395824591	60.16726093741878
7.849622395824591	61.144060937418764
7.949622395824591	62.12086093741878
8.04962239582459	63.097660937418766
8.14962239582459	64.07446093741878
8.24962239582459	65.05126093741876
8.34962239582459	66.02806093741877
8.449622395824589	67.00486093741878
8.549622395824588	67.98166093741874
8.649622395824588	68.95846093741876
8.749622395824588	69.93526093741873
8.849622395824587	70.91206093741876
8.949622395824587	71.88886093741874
9.049622395824587	72.86566093741874
9.149622395824586	73.84246093741868
9.249622395824586	74.8192609374187
9.349622395824586	75.79606093741874
9.449622395824585	76.77286093741876
9.549622395824585	77.74966093741875
9.649622395824585	78.72646093741872
9.749622395824584	79.70326093741873
9.849622395824584	80.68006093741873
9.949622395824584	81.65686093741868
10.049622395824583	82.63366093741868
10.149622395824583	83.61046093741867
10.249622395824582	84.58726093741866
10.349622395824582	85.5640609374187
10.449622395824582	86.54086093741864
10.549622395824581	87.51766093741867
10.649622395824581	88.49446093741867
10.74962239582458	89.47126093741859
10.84962239582458	90.44806093741859
10.94962239582458	91.42486093741854
11.04962239582458	92.4016609374186
11.14962239582458	93.3784609374186
11.249622395824579	94.3552609374186
11.349622395824579	95.33206093741856
11.449622395824578	96.30886093741856
11.549622395824578	97.2856609374185
11.649622395824577	98.2624609374185
11.749622395824577	99.2392609374185
11.849622395824577	100.21606093741853
11.905	100.75698937500405
1000011.905	100.75698937500405
