-100000	0
1.0999999999912689	0
1.1033333333246023	0.027665208256958302
1.1083333333246022	0.06916302075695717
1.1158333333246022	0.13140973950695706
1.1270833333246022	0.22477981763195665
1.1439583333246022	0.36483493481945517
1.1692708333246022	0.5749176106007046
1.2072395833246023	0.8900416242725783
1.2641927083246023	1.3627276447803867
1.3496223958246023	2.0717566755421006
1.4496223958246024	2.901712925542096
1.5496223958246025	3.7316691755420934
1.6496223958246026	4.561625425542087
1.7496223958246027	5.391581675542081
1.8496223958246027	6.221537925542075
1.9496223958246028	7.051494175542073
2.0496223958246027	7.881450425542066
2.149622395824603	8.71140667554206
2.249622395824603	9.54136292554205
2.349622395824603	10.371319175542054
2.449622395824603	11.201275425542043
2.549622395824603	12.031231675542038
2.6496223958246032	12.86118792554204
2.7496223958246033	13.691144175542034
2.8496223958246034	14.521100425542024
2.9496223958246035	15.351056675542019
3.0496223958246036	16.181012925542014
3.1496223958246037	17.01096917554201
3.2496223958246038	17.840925425542004
3.349622395824604	18.67088167554201
3.449622395824604	19.500837925541997
3.549622395824604	20.330794175541996
3.649622395824604	21.160750425541988
3.749622395824604	22.048889687410682
3.8496223958246043	23.02568968741068
3.9496223958246044	24.002489687410673
4.0496223958246045	24.979289687410667
4.149622395824604	25.956089687410675
4.249622395824604	26.932889687410672
4.349622395824603	27.90968968741067
4.449622395824603	28.88648968741068
4.549622395824603	29.86328968741068
4.649622395824602	30.840089687410735
4.749622395824602	31.81688968741073
4.849622395824602	32.793689687410776
4.949622395824601	33.77048968741082
5.049622395824601	34.7472896874109
5.149622395824601	35.724089687410924
5.2496223958246	36.700889687411006
5.3496223958246	37.67768968741109
5.4496223958245995	38.654489687411186
5.549622395824599	39.63128968741129
5.649622395824599	40.60808968741143
5.749622395824598	41.584889687411554
5.849622395824598	42.56168968741167
5.949622395824598	43.53848968741184
6.049622395824597	44.515289687412036
6.149622395824597	45.49208968741223
6.249622395824597	46.4688896874124
6.349622395824596	47.44568968741257
6.449622395824596	48.42248968741282
6.549622395824596	49.399289687413
6.649622395824595	50.37608968741322
6.749622395824595	51.35288968741343
6.8496223958245945	52.32968968741362
6.949622395824594	53.30648968741382
7.049622395824594	54.28328968741399
7.1496223958245935	55.260089687414165
7.249622395824593	56.23688968741435
7.349622395824593	57.21368968741451
7.449622395824592	58.19048968741463
7.549622395824592	59.167289687414815
7.649622395824592	60.14408968741493
7.749622395824591	61.120889687415044
7.849622395824591	62.09768968741518
7.949622395824591	63.07448968741535
8.04962239582459	64.05128968741545
8.14962239582459	65.02808968741552
8.24962239582459	66.00488968741564
8.34962239582459	66.98168968741571
8.449622395824589	67.9584896874158
8.549622395824588	68.93528968741589
8.649622395824588	69.91208968741597
8.749622395824588	70.88888968741604
8.849622395824587	71.86568968741611
8.949622395824587	72.84248968741615
9.049622395824587	73.81928968741622
9.149622395824586	74.79608968741626
9.249622395824586	75.77288968741637
9.349622395824586	76.74968968741638
9.449622395824585	77.72648968741645
9.549622395824585	78.70328968741647
9.649622395824585	79.68008968741651
9.749622395824584	80.65688968741654
9.849622395824584	81.63368968741659
9.949622395824584	82.61048968741657
10.049622395824583	83.58728968741661
10.149622395824583	84.56408968741664
10.249622395824582	85.54088968741661
10.349622395824582	86.51768968741668
10.449622395824582	87.49448968741667
10.549622395824581	88.47128968741664
10.649622395824581	89.44808968741664
10.74962239582458	90.42488968741668
10.84962239582458	91.40168968741663
10.94962239582458	92.37848968741669
11.04962239582458	93.35528968741666
11.14962239582458	94.33208968741667
11.249622395824579	95.30888968741664
11.349622395824579	96.28568968741665
11.449622395824578	97.26248968741659
11.549622395824578	98.2392896874166
11.649622395824577	99.21608968741663
11.749622395824577	100.19288968741661
11.849622395824577	101.16968968741656
11.905	101.71061812500213
1000011.905	101.71061812500213
