-100000	0
1.0999999999912689	0
1.1033333333246023	0.028883124919876553
1.1083333333246022	0.07220781241987571
1.1158333333246022	0.13719484366987642
1.1270833333246022	0.23467539054487666
1.1439583333246022	0.38089621085737674
1.1692708333246022	0.6002274413261282
1.2072395833246023	0.9292242870292547
1.2641927083246023	1.4227195555839427
1.3496223958246023	2.1629624584159766
1.4496223958246024	3.02945620841598
1.5496223958246025	3.8959499584159847
1.6496223958246026	4.7624437084159865
1.7496223958246027	5.628937458415987
1.8496223958246027	6.495431208415993
1.9496223958246028	7.361924958415996
2.0496223958246027	8.228418708415996
2.149622395824603	9.094912458416003
2.249622395824603	9.961406208416008
2.349622395824603	10.827899958416006
2.449622395824603	11.694393708416012
2.549622395824603	12.56088745841602
2.6496223958246032	13.42738120841602
2.7496223958246033	14.293874958416028
2.8496223958246034	15.16036870841603
2.9496223958246035	16.02686245841603
3.0496223958246036	16.893356208416034
3.1496223958246037	17.75984995841604
3.2496223958246038	18.62634370841604
3.349622395824604	19.49283745841604
3.449622395824604	20.35933120841605
3.549622395824604	21.22582495841605
3.649622395824604	22.092318708416077
3.749622395824604	23.002518437410345
3.8496223958246043	23.97931843741034
3.9496223958246044	24.956118437410343
4.0496223958246045	25.932918437410333
4.149622395824604	26.909718437410334
4.249622395824604	27.886518437410345
4.349622395824603	28.863318437410346
4.449622395824603	29.840118437410343
4.549622395824603	30.81691843741033
4.649622395824602	31.79371843741034
4.749622395824602	32.770518437410345
4.849622395824602	33.74731843741036
4.949622395824601	34.72411843741035
5.049622395824601	35.70091843741035
5.149622395824601	36.67771843741037
5.2496223958246	37.654518437410424
5.3496223958246	38.63131843741046
5.4496223958245995	39.608118437410525
5.549622395824599	40.584918437410586
5.649622395824599	41.561718437410654
5.749622395824598	42.53851843741075
5.849622395824598	43.5153184374109
5.949622395824598	44.49211843741105
6.049622395824597	45.46891843741124
6.149622395824597	46.44571843741146
6.249622395824597	47.42251843741169
6.349622395824596	48.399318437412
6.449622395824596	49.37611843741234
6.549622395824596	50.35291843741276
6.649622395824595	51.32971843741316
6.749622395824595	52.30651843741356
6.8496223958245945	53.283318437413975
6.949622395824594	54.26011843741441
7.049622395824594	55.23691843741478
7.1496223958245935	56.21371843741519
7.249622395824593	57.190518437415555
7.349622395824593	58.16731843741594
7.449622395824592	59.144118437416324
7.549622395824592	60.12091843741667
7.649622395824592	61.097718437417036
7.749622395824591	62.074518437417375
7.849622395824591	63.051318437417706
7.949622395824591	64.02811843741807
8.04962239582459	65.0049184374184
8.14962239582459	65.9817184374187
8.24962239582459	66.95851843741897
8.34962239582459	67.93531843741931
8.449622395824589	68.91211843741955
8.549622395824588	69.88891843741986
8.649622395824588	70.86571843742016
8.749622395824588	71.84251843742045
8.849622395824587	72.81931843742069
8.949622395824587	73.79611843742094
9.049622395824587	74.77291843742117
9.149622395824586	75.74971843742141
9.249622395824586	76.72651843742156
9.349622395824586	77.70331843742179
9.449622395824585	78.680118437422
9.549622395824585	79.65691843742215
9.649622395824585	80.63371843742235
9.749622395824584	81.61051843742251
9.849622395824584	82.58731843742271
9.949622395824584	83.56411843742288
10.049622395824583	84.54091843742307
10.149622395824583	85.51771843742326
10.249622395824582	86.4945184374234
10.349622395824582	87.47131843742348
10.449622395824582	88.4481184374236
10.549622395824581	89.42491843742373
10.649622395824581	90.40171843742387
10.74962239582458	91.37851843742395
10.84962239582458	92.35531843742399
10.94962239582458	93.33211843742407
11.04962239582458	94.30891843742417
11.14962239582458	95.28571843742424
11.249622395824579	96.26251843742443
11.349622395824579	97.23931843742442
11.449622395824578	98.21611843742448
11.549622395824578	99.19291843742451
11.649622395824577	100.16971843742454
11.749622395824577	101.14651843742452
11.849622395824577	102.12331843742452
11.905	102.6642468750101
1000011.905	102.6642468750101
