-100000	0
1.0999999999912689	0
1.1033333333246023	0.03238715729599475
1.1083333333246022	0.08097679644299592
1.1158333333246022	0.1538808578406886
1.1270833333246022	0.26327900781670577
1.1439583333246022	0.4274432319997067
1.1692708333246022	0.6738173118308811
1.2072395833246023	1.043642590858385
1.2641927083246023	1.598898119645502
1.3496223958246023	2.432680915602142
1.4496223958246024	3.409379571576068
1.5496223958246025	4.386179571576073
1.6496223958246026	5.3629795715760755
1.7496223958246027	6.339779571576081
1.8496223958246027	7.316579571576083
1.9496223958246028	8.293379571576088
2.0496223958246027	9.270179571576087
2.149622395824603	10.246979571576093
2.249622395824603	11.223779571576095
2.349622395824603	12.200579571576096
2.449622395824603	13.177379571576113
2.549622395824603	14.154179571576126
2.6496223958246032	15.130979571576132
2.7496223958246033	16.10777957157613
2.8496223958246034	17.08457957157613
2.9496223958246035	18.061379571576143
3.0496223958246036	19.038179571576155
3.1496223958246037	20.01497957157615
3.2496223958246038	20.991779571576156
3.349622395824604	21.968579571576157
3.449622395824604	22.94537957157616
3.549622395824604	23.922179571576173
3.649622395824604	24.898979571576163
3.749622395824604	25.875779571576185
3.8496223958246043	26.85257957157618
3.9496223958246044	27.829379571576222
4.0496223958246045	28.80617957157626
4.149622395824604	29.78297957157631
4.249622395824604	30.75977957157637
4.349622395824603	31.736579571576456
4.449622395824603	32.71337957157655
4.549622395824603	33.69017957157666
4.649622395824602	34.66697957157679
4.749622395824602	35.64377957157691
4.849622395824602	36.62057957157708
4.949622395824601	37.59737957157726
5.049622395824601	38.57417957157742
5.149622395824601	39.550979571577614
5.2496223958246	40.5277795715778
5.3496223958246	41.504579571578056
5.4496223958245995	42.4813795715783
5.549622395824599	43.45817957157855
5.649622395824599	44.43497957157883
5.749622395824598	45.41177957157912
5.849622395824598	46.388579571579434
5.949622395824598	47.365379571579766
6.049622395824597	48.342179571580104
6.149622395824597	49.31897957158045
6.249622395824597	50.2957795715808
6.349622395824596	51.27257957158122
6.449622395824596	52.24937957158161
6.549622395824596	53.226179571582016
6.649622395824595	54.202979571582475
6.749622395824595	55.17977957158289
6.8496223958245945	56.15657957158331
6.949622395824594	57.133379571583696
7.049622395824594	58.11017957158408
7.1496223958245935	59.08697957158447
7.249622395824593	60.06377957158485
7.349622395824593	61.04057957158523
7.449622395824592	62.017379571585614
7.549622395824592	62.99417957158601
7.649622395824592	63.97097957158636
7.749622395824591	64.9477795715867
7.849622395824591	65.924579571587
7.949622395824591	66.90137957158727
8.04962239582459	67.87817957158762
8.14962239582459	68.85497957158792
8.24962239582459	69.83177957158823
8.34962239582459	70.80857957158854
8.449622395824589	71.7853795715888
8.549622395824588	72.76217957158912
8.649622395824588	73.73897957158935
8.749622395824588	74.71577957158958
8.849622395824587	75.69257957158986
8.949622395824587	76.66937957159011
9.049622395824587	77.64617957159037
9.149622395824586	78.62297957159053
9.249622395824586	79.59977957159076
9.349622395824586	80.57657957159103
9.449622395824585	81.55337957159125
9.549622395824585	82.53017957159142
9.649622395824585	83.50697957159163
9.749622395824584	84.48377957159178
9.849622395824584	85.46057957159198
9.949622395824584	86.43737957159212
10.049622395824583	87.41417957159227
10.149622395824583	88.39097957159241
10.249622395824582	89.36777957159256
10.349622395824582	90.3445795715927
10.449622395824582	91.32137957159283
10.549622395824581	92.29817957159287
10.649622395824581	93.27497957159295
10.74962239582458	94.25177957159306
10.84962239582458	95.22857957159313
10.94962239582458	96.2053795715932
11.04962239582458	97.1821795715934
11.14962239582458	98.15897957159342
11.249622395824579	99.13577957159347
11.349622395824579	100.11257957159351
11.449622395824578	101.08937957159355
11.549622395824578	102.06617957159361
11.649622395824577	103.04297957159363
11.749622395824577	104.01977957159362
11.849622395824577	104.99657957159367
11.905	105.53750800917919
1000011.905	105.53750800917919
