-100000	0
7.249999999999999	0
7.253333333333332	0
7.258333333333332	0
7.265833333333332	0
7.277083333333333	0
7.293958333333332	0
7.3192708333333325	0
7.357239583333333	0.00000000000000000000000000000001232595164407831
7.414192708333332	0.00000000000000000000000000000003697785493223493
7.499622395833333	0.000000000000000000000000000000043140830754274083
7.599622395833332	0.000000000000000000000000000000006162975822039155
7.699622395833332	0.000000000000000000000000000000029274135154685985
7.799622395833332	0.00000000000000000000000000000003158525108795067
7.899622395833331	0.00000000000000000000000000000018797076257219422
7.999622395833331	0.000000000000000000000000000000040059342843254506
8.09962239583333	0.00000000000000000000000000000014791141972893971
8.19962239583333	0
8.29962239583333	0.00000000000000000000000000000032047474274603605
8.39962239583333	0.0000000000000000000000000000000677927340424307
8.49962239583333	0.00000000000000000000000000000020954117794933126
8.599622395833329	0
8.699622395833329	0
8.799622395833328	0.0000000000000000000000000000001355854680848614
8.899622395833328	0.0000000000000000000000000000010846837446788912
8.999622395833327	0.00000000000000000000000000000028773393369145304
9.099622395833327	0.00000000000000000000000000000014637067577342992
9.199622395833327	0.00000000000000000000000000000024960052079258577
9.299622395833326	0.00000000000000000000000000000014791141972893971
9.399622395833326	0.000000000000000000000000000000030814879110195774
9.499622395833326	0.00000000000000000000000000000017872629883913549
9.599622395833325	0.0000000000000000000000000000008628166150854817
9.649999999999999	0.00000000000000000000000000000007395570986446986
1000009.65	0.00000000000000000000000000000007395570986446986
