-179769313486231570000000000000000000000000000000000000000000000000000000000000000000000000000000000000000000000000000000000000000000000000000000000000000000000000000000000000000000000000000000000000000000000000000000000000000000000000000000000000000000000000000000000000000000000000000000000000000000000000000	0
0.0000000000000004440892098500626	0
0.0033333333333338544	0.0024158932820162182
0.006666666666667265	0.004832106088385543
0.011666666666667158	0.008457021584854016
0.01916666666666722	0.01389572786023428
0.030416666666667203	0.02205675751710682
0.047291666666667176	0.03430488692209677
0.07260416666666725	0.05269156610247894
0.11057291666666735	0.08030236780224242
0.1675260416666673	0.12178695853777999
0.2529557291666673	0.1841550423527161
0.3529557291666674	0.2573634602159448
0.4529557291666675	0.3307686692258464
0.5529557291666676	0.40436050422877207
0.6529557291666677	0.47812676073447025
0.7529557291666678	0.552055890249809
0.8529557291666678	0.6261453361456497
0.9529557291666677	0.7003895150436297
1.0529557291666678	0.7747847736487709
1.1529557291666679	0.8493329716887733
1.252955729166668	0.9240342974196136
1.352955729166668	0.9988903835713885
1.4529557291666682	1.0739055510845144
1.5529557291666682	1.1490846991914423
1.6529557291666683	1.2244327374653017
1.7529557291666684	1.299956260345044
1.8529557291666685	1.3756626821299536
1.9529557291666686	1.4515593243536842
2.0529557291666687	1.5276545602555531
2.1529557291666688	1.6039571845931155
2.252955729166669	1.6804761603335234
2.352955729166669	1.7572210572662446
2.452955729166669	1.8342014157778608
2.552955729166669	1.9114272174716342
2.652955729166669	1.9889087341646567
2.7529557291666693	2.0666557311049245
2.8529557291666694	2.1446787190842174
2.9529557291666695	2.22298811972115
3.052955729166669	2.3015939241440324
3.1529557291666688	2.3805064801558427
3.2529557291666684	2.4597360869989715
3.352955729166668	2.539292474362757
3.4529557291666677	2.619185543874435
3.5529557291666674	2.699425118676378
3.652955729166667	2.7800204219655122
3.7529557291666666	2.860980595228865
3.8529557291666663	2.9423146452348092
3.952955729166666	3.0240310124732894
4.052955729166666	3.1061378611607586
4.152955729166665	3.1886430919436095
4.252955729166665	3.271554034956025
4.3529557291666645	3.3548777340220917
4.452955729166664	3.4386207067253887
4.552955729166664	3.5227888448780114
4.6529557291666634	3.607387912943035
4.752955729166663	3.692422849274698
4.852955729166663	3.777897823926531
4.952955729166662	3.8638171165240647
5.052955729166662	3.950183948185173
5.152955729166662	4.037000505454759
5.252955729166661	4.124269342581633
5.352955729166661	4.211991868278489
5.452955729166661	4.300168089259492
5.55295572916666	4.388798608734324
5.65295572916666	4.47788293500869
5.7529557291666595	4.567418704933858
5.852955729166659	4.6574044232920935
5.952955729166659	4.747837607115587
6.0529557291666585	4.838713377853717
6.152955729166658	4.930028082615694
6.252955729166658	5.0217771173955335
6.352955729166657	5.11395300662624
6.452955729166657	5.20655004762839
6.552955729166657	5.299561343650256
6.652955729166656	5.392976755335633
6.752955729166656	5.486788800280065
6.852955729166656	5.580988065786824
6.952955729166655	5.675561888977011
7.052955729166655	5.770501396692965
7.152955729166655	5.865794379766134
7.252955729166654	5.961426084893009
7.352955729166654	6.057386552613614
7.4529557291666535	6.1536606269213685
7.552955729166653	6.250232442580438
7.652955729166653	6.34709085365536
7.752955729166652	6.4442179305419796
7.852955729166652	6.541598120608558
7.952955729166652	6.63921869420932
8.052955729166651	6.737059654634945
8.152955729166651	6.835109427370585
8.25295572916665	6.933350067733197
8.35295572916665	7.03176501062545
8.45295572916665	7.130342809686986
8.55	7.322016044973841
179769313486231570000000000000000000000000000000000000000000000000000000000000000000000000000000000000000000000000000000000000000000000000000000000000000000000000000000000000000000000000000000000000000000000000000000000000000000000000000000000000000000000000000000000000000000000000000000000000000000000000000	7.322016044973841
