-179769313486231570000000000000000000000000000000000000000000000000000000000000000000000000000000000000000000000000000000000000000000000000000000000000000000000000000000000000000000000000000000000000000000000000000000000000000000000000000000000000000000000000000000000000000000000000000000000000000000000000000	0
0.0000000000000004440892098500626	0
0.0033333333333338544	0.0016126004920961135
0.006666666666667265	0.003226735704717208
0.011666666666667158	0.00565081162413751
0.01916666666666722	0.009293374437606165
0.030416666666667203	0.014771671198367173
0.047291666666667176	0.023021147773248683
0.07260416666666725	0.035466039573214356
0.11057291666666735	0.05428828656167289
0.1675260416666673	0.08285747201949706
0.2529557291666673	0.12642439909145636
0.3529557291666674	0.1784339489440351
0.4529557291666675	0.23145405662853114
0.5529557291666676	0.28540839747979824
0.6529557291666677	0.3402317378607557
0.7529557291666678	0.3958692549046457
0.8529557291666678	0.4522713727737955
0.9529557291666677	0.5093968494775416
1.0529557291666678	0.5672105459330167
1.1529557291666679	0.6256788874952567
1.252955729166668	0.6847764818754375
1.352955729166668	0.7444810023465245
1.4529557291666682	0.804772389740246
1.5529557291666682	0.8656390311636055
1.6529557291666683	0.9270648443015651
1.7529557291666684	0.9890372695939205
1.8529557291666685	1.0515514930744605
1.9529557291666686	1.1145979752851576
2.0529557291666687	1.1781705237557216
2.1529557291666688	1.2422679954173257
2.252955729166669	1.3068863359194818
2.352955729166669	1.3720244725330377
2.452955729166669	1.4376836383322507
2.552955729166669	1.5038634447535424
2.652955729166669	1.5705659997125456
2.7529557291666693	1.6377949725372103
2.8529557291666694	1.705552720804537
2.9529557291666695	1.7738434125498732
3.052955729166669	1.842671754816337
3.1529557291666688	1.9120421180727782
3.2529557291666684	1.9819600608254675
3.352955729166668	2.0524314791187144
3.4529557291666677	2.12346180528437
3.5529557291666674	2.1950570952255615
3.652955729166667	2.2672235391893887
3.7529557291666666	2.33996708531692
3.8529557291666663	2.4132940801083738
3.952955729166666	2.487210911565703
4.052955729166666	2.561723440630219
4.152955729166665	2.636837551322767
4.252955729166665	2.7125591024263125
4.3529557291666645	2.788893440502389
4.452955729166664	2.865845842419465
4.552955729166664	2.9434215982691883
4.6529557291666634	3.0216250301419603
4.752955729166663	3.100460131258585
4.852955729166663	3.179930981950129
4.952955729166662	3.2600405247274438
5.052955729166662	3.340791328438755
5.152955729166662	3.42218624809538
5.252955729166661	3.504226401549557
5.352955729166661	3.5869123295947967
5.452955729166661	3.670245068830814
5.55295572916666	3.754223602493703
5.65295572916666	3.838846320610687
5.7529557291666595	3.9241123758342185
5.852955729166659	4.010018139415558
5.952955729166659	4.096559677791553
6.0529557291666585	4.183733647204397
6.152955729166658	4.271533688186002
6.252955729166658	4.359952765788307
6.352955729166657	4.448985388329358
6.452955729166657	4.5386219781250565
6.552955729166657	4.628852721796317
6.652955729166656	4.719669235983246
6.752955729166656	4.81105870978735
6.852955729166656	4.903007906406171
6.952955729166655	4.995506002351347
7.052955729166655	5.088536611673141
7.152955729166655	5.182083655035148
7.252955729166654	5.2761332893146085
7.352955729166654	5.370665796701554
7.4529557291666535	5.465661966756027
7.552955729166653	5.561105568995451
7.652955729166653	5.656973567783877
7.752955729166652	5.753244724055425
7.852955729166652	5.849900109229029
7.952955729166652	5.946913775297376
8.052955729166651	6.044264338621038
8.152955729166651	6.141930511846887
8.25295572916665	6.239885242411644
8.35295572916665	6.338107724541603
8.45295572916665	6.436575713788632
8.55	6.6282148665145
179769313486231570000000000000000000000000000000000000000000000000000000000000000000000000000000000000000000000000000000000000000000000000000000000000000000000000000000000000000000000000000000000000000000000000000000000000000000000000000000000000000000000000000000000000000000000000000000000000000000000000000	6.6282148665145
