-100000	0
6.312999999999999	0
6.316333333333332	0
6.321333333333332	0
6.328833333333332	0
6.340083333333332	0
6.356958333333332	0
6.382270833333332	0
6.420239583333332	0
6.477192708333332	0
6.562622395833332	0
6.662622395833331	0.0000000000000004251237691082685
6.762622395833331	0
6.862622395833331	0
6.96262239583333	0
7.06262239583333	0.000000000000002007317574143397
7.1626223958333295	0.0000000000000011619570708180864
7.262622395833329	0.000000000000003975749320040127
7.362622395833329	0.0000000000000044799257820204536
7.462622395833328	0.00000000000000166592985807828
7.562622395833328	0
7.662622395833328	0.0000000000000040480936704452765
7.762622395833327	0
7.862622395833327	0
7.962622395833327	0
7.9815000000000005	0
1000007.9815	0
