-100006.313	0
0	0
0.0033333333333329662	0.004596523114528063
0.00833333333333286	0.011501473778567185
0.015833333333333144	0.02188044301186653
0.02708333333333357	0.0374928795676834
0.04395833333333332	0.06100387937054784
0.06927083333333339	0.09643866853666903
0.1072395833333335	0.15020051274091378
0.16419270833333321	0.2309260887271233
0.2496223958333328	0.3549036373289908
0.34962239583333243	0.5114246501153419
0.4496223958333321	0.6796488296873335
0.5496223958333317	0.859981663041365
0.6496223958333314	1.0467082375593473
0.749622395833331	1.2449278303424909
0.8496223958333307	1.4439550736514835
0.9496223958333303	1.6488243079424394
1.04962239583333	1.8616034116796498
1.1496223958333296	2.0831325117997106
1.2496223958333292	2.303375683168335
1.3496223958333289	2.5269468833672013
1.4496223958333285	2.7452230122790295
1.5496223958333282	2.9558152366318464
1.6496223958333278	3.1615721462087922
1.6685000000000016	3.1934645226308245
1000001.6685	3.1934645226308245
