-100000	0
6.312999999999999	0
6.316333333333332	0.0000000000000000000000000000000003851859888774472
6.321333333333332	0.0000000000000000000000000000000015407439555097887
6.328833333333332	0
6.340083333333332	0.0000000000000000000000000000000015407439555097887
6.356958333333332	0.0000000000000000000000000000000030814879110195774
6.382270833333332	0.0000000000000000000000000000000030814879110195774
6.420239583333332	0
6.477192708333332	0
6.562622395833332	0.00000000000000000000000000000007395570986446986
6.662622395833331	0
6.762622395833331	0.000000000000000000000000000000041600086798764294
6.862622395833331	0.00000000000000000000000000000021108192190484105
6.96262239583333	0.00000000000000000000000000000001232595164407831
7.06262239583333	0
7.1626223958333295	0.00000000000000000000000000000022186712959340957
7.262622395833329	0.000000000000000000000000000000030814879110195774
7.362622395833329	0.00000000000000000000000000000016023737137301802
7.462622395833328	0
7.562622395833328	0.00000000000000000000000000000007241496590896007
7.662622395833328	0.00000000000000000000000000000021262266586035084
7.762622395833327	0.0000000000000000000000000000003235562306570556
7.862622395833327	0.0000000000000000000000000000002465190328815662
7.962622395833327	0.00000000000000000000000000000116634317432091
7.9815000000000005	0
1000007.9815	0
