-100006.31299902344	0
0.000000976562500198952	0
0.003334309895833165	0.000000000000000000000000000000000004890056499420716
0.008334309895833059	0
0.015834309895833343	0
0.02708430989583377	0.00000000000000000000000000000000007222237291452134
0.04395930989583352	0
0.06927180989583359	0.0000000000000000000000000000000020222264416065976
0.1072405598958337	0.000000000000000000000000000000001925929944387236
0.1641936848958334	0.000000000000000000000000000000002311115933264683
0.249623372395833	0.000000000000000000000000000000020029671421627253
0.34962337239583263	0.000000000000000000000000000000015407439555097887
0.4496233723958323	0.00000000000000000000000000000008011868568650901
0.5496233723958319	0.0000000000000000000000000000000677927340424307
0.6496233723958316	0
0.7496233723958312	0.00000000000000000000000000000012537803937960905
0.8496233723958309	0.00000000000000000000000000000019721522630525295
0.9496233723958305	0.0000000000000000000000000000004930380657631324
1.0496233723958301	0.00000000000000000000000000000009860761315262648
1.1496233723958298	0
1.2496233723958294	0
1.349623372395829	0.00000000000000000000000000000005238529448733282
1.4496233723958287	0.00000000000000000000000000000071490519535654195
1.5496233723958284	0.0000000000000000000000000000004190823558986625
1.649623372395828	0.0000000000000000000000000000009429353007719907
1.7496233723958277	0
1.8496233723958273	0
1.949623372395827	0.0000000000000000000000000000006286235338479938
2.0496233723958266	0
2.1496233723958262	0.00000000000000000000000000000015407439555097887
2.249623372395826	0.00000000000000000000000000000030198581527991863
2.3496233723958255	0.00000000000000000000000000000034512664603419266
2.449623372395825	0.0000000000000000000000000000011709654061874394
2.549623372395825	0.0000000000000000000000000000009490982765940298
2.6496233723958245	0
2.749623372395824	0
2.8496233723958238	0.000000000000000000000000000000015407439555097887
2.9496233723958234	0
3.049623372395823	0.000000000000000000000000000004129193800766234
3.1496233723958227	0.0000000000000000000000000000003050673031909381
3.2496233723958223	0.000000000000000000000000000001742581413681571
3.3370009765625	0.0000000000000000000000000000005546678239835239
1000003.3370009765	0.0000000000000000000000000000005546678239835239
