-100006.313	0
0	0
0.0033333333333329662	0.0046130000000007285
0.00833333333333286	0.011532500000000591
0.015833333333333144	0.021911750000001
0.02708333333333357	0.037480625000001606
0.04395833333333332	0.060833937500001295
0.06927083333333339	0.09586390625000142
0.1072395833333335	0.14840885937500164
0.16419270833333321	0.22722628906250134
0.2496223958333328	0.3454524335937509
0.34962239583333243	0.48384243359375056
0.4496223958333321	0.6222324335937501
0.5496223958333317	0.7606224335937497
0.6496223958333314	0.8990124335937502
0.749622395833331	1.03740243359375
0.8496223958333307	1.1757924335937497
0.9496223958333303	1.314182433593749
1.04962239583333	1.4525724335937489
1.1496223958333296	1.5909624335937491
1.2496223958333292	1.7293524335937485
1.3496223958333289	1.867742433593749
1.4496223958333285	2.0061324335937485
1.5496223958333282	2.1445224335937483
1.6496223958333278	2.2829124335937494
1.7496223958333275	2.4213024335937465
1.849622395833327	2.559692433593746
1.9496223958333267	2.698082433593746
2.0496223958333264	2.8364724335937463
2.149622395833326	2.974862433593746
2.2496223958333257	3.1478048419270737
2.3496223958333253	3.3780348419270725
2.449622395833325	3.6082648419270713
2.5496223958333246	3.838494841927071
2.6496223958333243	4.068724841927072
2.749622395833324	4.2989548419270704
2.8496223958333236	4.529184841927072
2.949622395833323	4.7594148419270725
3.049622395833323	4.989644841927071
3.1496223958333225	5.219874841927071
3.249622395833322	5.450104841927073
3.3369999999999997	5.651274300000013
1000003.337	5.651274300000013
