-100000	0
1.0999999999912689	0
1.1033333333246023	0.030001184475890254
1.1083333333246022	0.07500296130245443
1.1158333333246022	0.14250562654121685
1.1270833333246022	0.24375962439692353
1.1439583333246022	0.39564062117499393
1.1692708333246022	0.6234621163297548
1.2072395833246023	0.9651943590341185
1.2641927083246023	1.4777927230281596
1.3496223958246023	2.2466902688785932
1.4496223958246024	3.1467258047305635
1.5496223958246025	4.046761340351566
1.6496223958246026	4.946796875774653
1.7496223958246027	5.846832411097415
1.8496223958246027	6.746867946404941
1.9496223958246028	7.646903481712478
2.0496223958246027	8.546939017019998
2.149622395824603	9.446974552327525
2.249622395824603	10.347010087635061
2.349622395824603	11.247045622942581
2.449622395824603	12.147081158250112
2.549622395824603	13.04711669355765
2.6496223958246032	13.947152228865173
2.7496223958246033	14.847187764172697
2.8496223958246034	15.747223299480225
2.9496223958246035	16.647258834787753
3.0496223958246036	17.547294370095276
3.1496223958246037	18.447329905402807
3.2496223958246038	19.34736544071036
3.349622395824604	20.247400976017868
3.449622395824604	21.147436511325388
3.549622395824604	22.047472046632933
3.649622395824604	22.947507581940457
3.749622395824604	23.847543117247998
3.8496223958246043	24.747578652555514
3.9496223958246044	25.647614187863045
4.0496223958246045	26.547649723170583
4.149622395824604	27.447685258478103
4.249622395824604	28.34772079378561
4.349622395824603	29.247756329093143
4.449622395824603	30.147791864400666
4.549622395824603	31.047827399708208
4.649622395824602	31.947862935015728
4.749622395824602	32.84789847032324
4.849622395824602	33.747934005630796
4.949622395824601	34.647969540938305
5.049622395824601	35.54800507624583
5.149622395824601	36.448040611553346
5.2496223958246	37.34807614686087
5.3496223958246	38.24811168216839
5.4496223958245995	39.14814721747591
5.549622395824599	40.048182752783454
5.649622395824599	40.94821828809097
5.749622395824598	41.84825382339849
5.849622395824598	42.74828935870609
5.949622395824598	43.64832489401385
6.049622395824597	44.54836042932174
6.149622395824597	45.44839596462959
6.249622395824597	46.348431499937384
6.349622395824596	47.27658002135694
6.449622395824596	48.25338002135712
6.549622395824596	49.230180021357434
6.649622395824595	50.20698002135781
6.749622395824595	51.18378002135824
6.8496223958245945	52.16058002135864
6.949622395824594	53.13738002135908
7.049622395824594	54.11418002135946
7.1496223958245935	55.09098002135983
7.249622395824593	56.06778002136019
7.349622395824593	57.04458002136051
7.449622395824592	58.02138002136085
7.549622395824592	58.998180021361165
7.649622395824592	59.97498002136148
7.749622395824591	60.95178002136175
7.849622395824591	61.928580021362045
7.949622395824591	62.90538002136229
8.04962239582459	63.88218002136255
8.14962239582459	64.85898002136278
8.24962239582459	65.83578002136301
8.34962239582459	66.81258002136323
8.449622395824589	67.78938002136339
8.549622395824588	68.76618002136357
8.649622395824588	69.74298002136376
8.749622395824588	70.71978002136395
8.849622395824587	71.6965800213641
8.949622395824587	72.67338002136424
9.049622395824587	73.65018002136432
9.149622395824586	74.62698002136445
9.249622395824586	75.60378002136454
9.349622395824586	76.58058002136464
9.449622395824585	77.55738002136471
9.549622395824585	78.5341800213647
9.649622395824585	79.5109800213648
9.749622395824584	80.48778002136484
9.849622395824584	81.46458002136481
9.949622395824584	82.44138002136489
10.049622395824583	83.41818002136495
10.149622395824583	84.39498002136496
10.249622395824582	85.37178002136491
10.349622395824582	86.34858002136488
10.449622395824582	87.32538002136495
10.549622395824581	88.30218002136496
10.649622395824581	89.27898002136496
10.74962239582458	90.255780021365
10.84962239582458	91.23258002136504
10.94962239582458	92.20938002136502
11.04962239582458	93.18618002136502
11.14962239582458	94.162980021365
11.249622395824579	95.13978002136508
11.349622395824579	96.11658002136501
11.449622395824578	97.09338002136494
11.549622395824578	98.07018002136508
11.649622395824577	99.04698002136502
11.749622395824577	100.0237800213651
11.849622395824577	101.00058002136505
11.905	101.54150845895062
1000011.905	101.54150845895062
