-100000	0
1.0999999999912689	0
1.1033333333246023	0.02263748225901902
1.1083333333246022	0.05659370573285756
1.1158333333246022	0.10752804094253286
1.1270833333246022	0.18392954375460654
1.1439583333246022	0.2985317979672297
1.1692708333246022	0.4704351792738193
1.2072395833246023	0.7282902512059252
1.2641927083246023	1.1150728590415795
1.3496223958246023	1.695246770654434
1.4496223958246024	2.374371239451899
1.5496223958246025	3.0534957080181395
1.6496223958246026	3.7326201763531475
1.7496223958246027	4.411744644456931
1.8496223958246027	5.090869112329485
1.9496223958246028	5.769993579970813
2.0496223958246027	6.449118047380912
2.149622395824603	7.128242514559786
2.249622395824603	7.807366981507437
2.349622395824603	8.486491448223857
2.449622395824603	9.16561591470904
2.549622395824603	9.844740380963017
2.6496223958246032	10.523864846985752
2.7496223958246033	11.202989312777254
2.8496223958246034	11.882113778337535
2.9496223958246035	12.5612382436666
3.0496223958246036	13.240362708764428
3.1496223958246037	13.919487173641665
3.2496223958246038	14.598611638376774
3.349622395824604	15.277736103070037
3.449622395824604	15.956860567762527
3.549622395824604	16.63598503245502
3.649622395824604	17.315109497147514
3.749622395824604	17.994233961840003
3.8496223958246043	18.673358426532502
3.9496223958246044	19.35248289122499
4.0496223958246045	20.031607355917483
4.149622395824604	20.710731820609983
4.249622395824604	21.38985628530244
4.349622395824603	22.068980749994854
4.449622395824603	22.748105214687232
4.549622395824603	23.42722967937986
4.649622395824602	24.10635414407277
4.749622395824602	24.785478608765793
4.849622395824602	25.464603073458825
4.949622395824601	26.143727538151886
5.049622395824601	26.822852002844947
5.149622395824601	27.50197646753801
5.2496223958246	28.181100932231057
5.3496223958246	28.86022539692409
5.4496223958245995	29.539349861617104
5.549622395824599	30.218474326310076
5.649622395824599	30.89759879100303
5.749622395824598	31.57672325569593
5.849622395824598	32.255847720388786
5.949622395824598	32.93497218508159
6.049622395824597	33.614096649774325
6.149622395824597	34.29322111446697
6.249622395824597	34.972345579159565
6.349622395824596	35.754523830623874
6.449622395824596	36.71504383062366
6.549622395824596	37.6755638306235
6.649622395824595	38.63608383062345
6.749622395824595	39.596603830623486
6.8496223958245945	40.55712383062358
6.949622395824594	41.517643830623626
7.049622395824594	42.4781638306237
7.1496223958245935	43.43868383062379
7.249622395824593	44.39920383062388
7.349622395824593	45.35972383062395
7.449622395824592	46.32024383062399
7.549622395824592	47.28076383062407
7.649622395824592	48.241283830624134
7.749622395824591	49.20180383062419
7.849622395824591	50.162323830624246
7.949622395824591	51.122843830624305
8.04962239582459	52.08336383062435
8.14962239582459	53.04388383062443
8.24962239582459	54.00440383062448
8.34962239582459	54.96492383062453
8.449622395824589	55.92544383062458
8.549622395824588	56.88596383062463
8.649622395824588	57.84648383062468
8.749622395824588	58.807003830624744
8.849622395824587	59.76752383062474
8.949622395824587	60.72804383062479
9.049622395824587	61.68856383062486
9.149622395824586	62.64908383062485
9.249622395824586	63.609603830624955
9.349622395824586	64.57012383062502
9.449622395824585	65.53064383062504
9.549622395824585	66.49116383062508
9.649622395824585	67.45168383062511
9.749622395824584	68.41220383062517
9.849622395824584	69.3727238306252
9.949622395824584	70.33324383062526
10.049622395824583	71.29376383062521
10.149622395824583	72.2542838306253
10.249622395824582	73.21480383062533
10.349622395824582	74.17532383062529
10.449622395824582	75.13584383062536
10.549622395824581	76.09636383062535
10.649622395824581	77.05688383062542
10.74962239582458	78.0174038306254
10.84962239582458	78.97792383062543
10.94962239582458	79.93844383062547
11.04962239582458	80.89896383062545
11.14962239582458	81.85948383062548
11.249622395824579	82.82000383062545
11.349622395824579	83.78052383062554
11.449622395824578	84.74104383062551
11.549622395824578	85.7015638306255
11.649622395824577	86.66208383062552
11.749622395824577	87.62260383062555
11.849622395824577	88.5831238306255
11.905	89.11503679425145
1000011.905	89.11503679425145
