-100000	0
1.0999999999912689	0
1.1033333333246023	0.017377694961253614
1.1083333333246022	0.04344423746885987
1.1158333333246022	0.08254405122918622
1.1270833333246022	0.1411937718672375
1.1439583333246022	0.22916835281882622
1.1692708333246022	0.36113022423386404
1.2072395833246023	0.5590730313286426
1.2641927083246023	0.8559872419083064
1.3496223958246023	1.3013585576371764
1.4496223958246024	1.8226894071099922
1.5496223958246025	2.3440202563515817
1.6496223958246026	2.86535110536194
1.7496223958246027	3.386681954141077
1.8496223958246027	3.908012802688985
1.9496223958246028	4.429343651005666
2.0496223958246027	4.950674499091115
2.149622395824603	5.472005346945343
2.249622395824603	5.993336194568341
2.349622395824603	6.514667041960111
2.449622395824603	7.035997889120658
2.549622395824603	7.557328736049976
2.6496223958246032	8.078659582752028
2.7496223958246033	8.599990429268402
2.8496223958246034	9.121321275661415
2.9496223958246035	9.642652121993658
3.0496223958246036	10.163982968316226
3.1496223958246037	10.685313814638654
3.2496223958246038	11.206644660961022
3.349622395824604	11.72797550728339
3.449622395824604	12.249306353605819
3.549622395824604	12.77063719992846
3.649622395824604	13.29196804625151
3.749622395824604	13.845404584577151
3.8496223958246043	14.447764584577298
3.9496223958246044	15.050124584577567
4.0496223958246045	15.652484584577996
4.149622395824604	16.25484458457849
4.249622395824604	16.85720458457891
4.349622395824603	17.45956458457927
4.449622395824603	18.061924584579568
4.549622395824603	18.664284584579804
4.649622395824602	19.266644584579993
4.749622395824602	19.86900458458011
4.849622395824602	20.47136458458021
4.949622395824601	21.07372458458027
5.049622395824601	21.676084584580313
5.149622395824601	22.27844458458032
5.2496223958246	22.880804584580325
5.3496223958246	23.483164584580333
5.4496223958245995	24.085524584580337
5.549622395824599	24.687884584580345
5.649622395824599	25.290244584580353
5.749622395824598	25.89260458458035
5.849622395824598	26.494964584580366
5.949622395824598	27.09732458458036
6.049622395824597	27.699684584580364
6.149622395824597	28.302044584580383
6.249622395824597	28.904404584580387
6.349622395824596	29.578310097063323
6.449622395824596	30.376030097063328
6.549622395824596	31.173750097063337
6.649622395824595	31.971470097063346
6.749622395824595	32.76919009706332
6.8496223958245945	33.56691009706336
6.949622395824594	34.364630097063376
7.049622395824594	35.16235009706336
7.1496223958245935	35.960070097063344
7.249622395824593	36.75779009706338
7.349622395824593	37.55551009706338
7.449622395824592	38.35323009706338
7.549622395824592	39.1509500970634
7.649622395824592	39.94867009706341
7.749622395824591	40.746390097063426
7.849622395824591	41.544110097063424
7.949622395824591	42.341830097063436
8.04962239582459	43.13955009706345
8.14962239582459	43.937270097063454
8.24962239582459	44.73499009706343
8.34962239582459	45.53271009706344
8.449622395824589	46.330430097063484
8.549622395824588	47.128150097063504
8.649622395824588	47.92587009706344
8.749622395824588	48.72359009706347
8.849622395824587	49.521310097063484
8.949622395824587	50.319030097063504
9.049622395824587	51.11675009706349
9.149622395824586	51.91447009706362
9.249622395824586	52.71219009706364
9.349622395824586	53.50991009706366
9.449622395824585	54.30763009706366
9.549622395824585	55.10535009706369
9.649622395824585	55.90307009706373
9.749622395824584	56.70079009706373
9.849622395824584	57.49851009706371
9.949622395824584	58.29623009706374
10.049622395824583	59.09395009706375
10.149622395824583	59.89167009706377
10.249622395824582	60.68939009706378
10.349622395824582	61.487110097063784
10.449622395824582	62.28483009706379
10.549622395824581	63.0825500970638
10.649622395824581	63.88027009706381
10.74962239582458	64.67799009706381
10.84962239582458	65.47571009706384
10.94962239582458	66.2734300970638
11.04962239582458	67.07115009706386
11.14962239582458	67.86887009706386
11.249622395824579	68.66659009706392
11.349622395824579	69.46431009706387
11.449622395824578	70.26203009706391
11.549622395824578	71.05975009706393
11.649622395824577	71.85747009706388
11.749622395824577	72.65519009706394
11.849622395824577	73.45291009706393
11.905	73.8946683210921
1000011.905	73.8946683210921
