-100000	0
1.0999999999912689	0
1.1033333333246023	0.016325737501700553
1.1083333333246022	0.040814343816060396
1.1158333333246022	0.07754725328651711
1.1270833333246022	0.132646617489764
1.1439583333246022	0.21529566378914583
1.1692708333246022	0.33926923322587377
1.2072395833246023	0.5252295873531868
1.2641927083246023	0.8041701184816531
1.3496223958246023	1.2225809150337257
1.4496223958246024	1.7123530406416119
1.5496223958246025	2.2021251660182735
1.6496223958246026	2.691897291163707
1.7496223958246027	3.1816694160779155
1.8496223958246027	3.671441540760887
1.9496223958246028	4.16121366521264
2.0496223958246027	4.650985789433162
2.149622395824603	5.14075791342246
2.249622395824603	5.630530037181288
2.349622395824603	6.120302160737086
2.449622395824603	6.610074284150427
2.549622395824603	7.099846407483891
2.6496223958246032	7.589618530796139
2.7496223958246033	8.079390654108174
2.8496223958246034	8.569162777420226
2.9496223958246035	9.058934900732302
3.0496223958246036	9.548707024044399
3.1496223958246037	10.038479147356533
3.2496223958246038	10.528251270668715
3.349622395824604	11.018023393980936
3.449622395824604	11.507795517293165
3.549622395824604	11.997567640605375
3.649622395824604	12.487339763917525
3.749622395824604	13.021721901380351
3.8496223958246043	13.62408190138049
3.9496223958246044	14.226441901380758
4.0496223958246045	14.828801901381203
4.149622395824604	15.43116190138161
4.249622395824604	16.033521901381846
4.349622395824603	16.635881901382007
4.449622395824603	17.238241901382086
4.549622395824603	17.840601901382144
4.649622395824602	18.44296190138215
4.749622395824602	19.045321901382177
4.849622395824602	19.647681901382164
4.949622395824601	20.250041901382186
5.049622395824601	20.852401901382184
5.149622395824601	21.45476190138218
5.2496223958246	22.057121901382203
5.3496223958246	22.65948190138219
5.4496223958245995	23.26184190138221
5.549622395824599	23.864201901382216
5.649622395824599	24.466561901382207
5.749622395824598	25.068921901382215
5.849622395824598	25.671281901382216
5.949622395824598	26.27364190138222
6.049622395824597	26.87600190138224
6.149622395824597	27.47836190138224
6.249622395824597	28.08072190138225
6.349622395824596	28.742703161784714
6.449622395824596	29.507863161784705
6.549622395824596	30.273023161784707
6.649622395824595	31.038183161784723
6.749622395824595	31.803343161784717
6.8496223958245945	32.568503161784754
6.949622395824594	33.33366316178473
7.049622395824594	34.098823161784765
7.1496223958245935	34.86398316178475
7.249622395824593	35.62914316178478
7.349622395824593	36.394303161784755
7.449622395824592	37.15946316178478
7.549622395824592	37.92462316178479
7.649622395824592	38.689783161784796
7.749622395824591	39.454943161784804
7.849622395824591	40.22010316178477
7.949622395824591	40.985263161784786
8.04962239582459	41.750423161784816
8.14962239582459	42.51558316178486
8.24962239582459	43.28074316178481
8.34962239582459	44.045903161784864
8.449622395824589	44.81106316178485
8.549622395824588	45.576223161784874
8.649622395824588	46.34138316178489
8.749622395824588	47.10654316178487
8.849622395824587	47.87170316178485
8.949622395824587	48.636863161784845
9.049622395824587	49.40202316178489
9.149622395824586	50.1671831617849
9.249622395824586	50.9323431617849
9.349622395824586	51.69750316178489
9.449622395824585	52.46266316178485
9.549622395824585	53.22782316178488
9.649622395824585	53.992983161784935
9.749622395824584	54.75814316178492
9.849622395824584	55.52330316178494
9.949622395824584	56.28846316178493
10.049622395824583	57.05362316178495
10.149622395824583	57.81878316178497
10.249622395824582	58.583943161784966
10.349622395824582	59.349103161784974
10.449622395824582	60.11426316178501
10.549622395824581	60.879423161784956
10.649622395824581	61.64458316178499
10.74962239582458	62.40974316178499
10.84962239582458	63.17490316178496
10.94962239582458	63.94006316178499
11.04962239582458	64.70522316178496
11.14962239582458	65.47038316178504
11.249622395824579	66.2355431617851
11.349622395824579	67.00070316178507
11.449622395824578	67.76586316178508
11.549622395824578	68.53102316178507
11.649622395824577	69.29618316178508
11.749622395824577	70.0613431617851
11.849622395824577	70.82650316178507
11.905	71.25023043789376
1000011.905	71.25023043789376
