-100000	0
1.0999999999912689	0
1.1033333333246023	0.01316986512924664
1.1083333333246022	0.032924662863872814
1.1158333333246022	0.0625568594647557
1.1270833333246022	0.10700515436375464
1.1439583333246022	0.17367759670719515
1.1692708333246022	0.2736862602115743
1.2072395833246023	0.4236992554458924
1.2641927083246023	0.6487187482540877
1.3496223958246023	0.9862479873918932
1.4496223958246024	1.3813439416886522
1.5496223958246025	1.7764398959676875
1.6496223958246026	2.171535850246643
1.7496223958246027	2.566631804525604
1.8496223958246027	2.9617277588045714
1.9496223958246028	3.3568237130835463
2.0496223958246027	3.7519196673625284
2.149622395824603	4.1470156216415255
2.249622395824603	4.542111575920536
2.349622395824603	4.937207530199564
2.449622395824603	5.332303484478611
2.549622395824603	5.7273994387576765
2.6496223958246032	6.122495393036763
2.7496223958246033	6.517591347315865
2.8496223958246034	6.912687301594966
2.9496223958246035	7.307783255874066
3.0496223958246036	7.702879210153165
3.1496223958246037	8.097975164432247
3.2496223958246038	8.493071118711324
3.349622395824604	8.888167072990383
3.449622395824604	9.283263027269415
3.549622395824604	9.678358981548433
3.649622395824604	10.073454935827419
3.749622395824604	10.527458104430147
3.8496223958246043	11.06814074216741
3.9496223958246044	11.604340486817307
4.0496223958246045	12.135986274289147
4.149622395824604	12.663005971703663
4.249622395824604	13.185327446181581
4.349622395824603	13.702878564843607
4.449622395824603	14.215587194810466
4.549622395824603	14.723381203202884
4.649622395824602	15.226188457141573
4.749622395824602	15.723936823747243
4.849622395824602	16.216554170140626
4.949622395824601	16.70396836344242
5.049622395824601	17.19669564745996
5.149622395824601	17.68023168969094
5.2496223958246	18.159933803642055
5.3496223958246	18.635877640869623
5.4496223958245995	19.10813885292999
5.549622395824599	19.57679309137943
5.649622395824599	20.041916007774276
5.749622395824598	20.503583253670868
5.849622395824598	20.961870480625493
5.949622395824598	21.416853340194493
6.049622395824597	21.86860748393419
6.149622395824597	22.317208563400865
6.249622395824597	22.76273223015087
6.349622395824596	23.15204904945581
6.449622395824596	23.818068078372345
6.549622395824596	24.4840871072889
6.649622395824595	25.150106136205455
6.749622395824595	25.81612516512198
6.8496223958245945	26.48214419403855
6.949622395824594	27.148163222955112
7.049622395824594	27.814182251871646
7.1496223958245935	28.48020128078819
7.249622395824593	29.146220309704756
7.349622395824593	29.812239338621307
7.449622395824592	30.478258367537865
7.549622395824592	31.1442773964544
7.649622395824592	31.810296425370943
7.749622395824591	32.47631545428753
7.849622395824591	33.14233448320406
7.949622395824591	33.80835351212062
8.04962239582459	34.47437254103717
8.14962239582459	35.140391569953714
8.24962239582459	35.806410598870286
8.34962239582459	36.47242962778682
8.449622395824589	37.13844865670336
8.549622395824588	37.804467685619926
8.649622395824588	38.47048671453648
8.749622395824588	39.13650574345302
8.849622395824587	39.80252477236957
8.949622395824587	40.46854380128613
9.049622395824587	41.13456283020268
9.149622395824586	41.800581859119106
9.249622395824586	42.466600888035664
9.349622395824586	43.13261991695218
9.449622395824585	43.79863894586876
9.549622395824585	44.46465797478526
9.649622395824585	45.13067700370184
9.749622395824584	45.7966960326184
9.849622395824584	46.462715061534915
9.949622395824584	47.12873409045145
10.049622395824583	47.79475311936801
10.149622395824583	48.4607721482846
10.249622395824582	49.1267911772011
10.349622395824582	49.79281020611764
10.449622395824582	50.4588292350342
10.549622395824581	51.12484826395073
10.649622395824581	51.790867292867304
10.74962239582458	52.456886321783855
10.84962239582458	53.1229053507004
10.94962239582458	53.788924379616965
11.04962239582458	54.454943408533516
11.14962239582458	55.120962437450046
11.249622395824579	55.78698146636658
11.349622395824579	56.45355893626004
11.449622395824578	57.13418767601114
11.549622395824578	57.81481641576221
11.649622395824577	58.49544515551335
11.749622395824577	59.17607389526449
11.849622395824577	59.85670263501564
11.905	60.12605014548685
1000011.905	60.12605014548685
