-179769313486231570000000000000000000000000000000000000000000000000000000000000000000000000000000000000000000000000000000000000000000000000000000000000000000000000000000000000000000000000000000000000000000000000000000000000000000000000000000000000000000000000000000000000000000000000000000000000000000000000000	0
0.00000000000000010094780452755426	0
0.0033333333333334346	0.006821215744746481
0.006666666666666769	0.013820927688647455
0.01166666666666677	0.02452455284247325
0.01916666666666677	0.04091955462811452
0.03041666666666677	0.06609239400042778
0.04729166666666677	0.10485443294143157
0.07260416666666678	0.1647327510702611
0.11057291666666677	0.2575338059202824
0.1675260416666668	0.40179219669585425
0.2529557291666668	0.6265396382471919
0.35295572916666684	0.8988619805577454
0.4529557291666668	1.1784385986895383
0.5529557291666668	1.4633739472536358
0.6529557291666668	1.7522979760834159
0.7529557291666668	2.0441549661481506
0.8529557291666667	2.338095118318863
0.9529557291666667	2.6334122235009865
1.0529557291666667	2.929505813142636
1.1000000000000008	3.2083438875392516
179769313486231570000000000000000000000000000000000000000000000000000000000000000000000000000000000000000000000000000000000000000000000000000000000000000000000000000000000000000000000000000000000000000000000000000000000000000000000000000000000000000000000000000000000000000000000000000000000000000000000000000	3.2083438875392516
