-100000	0
0	0
0.0033333333333333335	0
0.008333333333333333	0
0.01583333333333333	0.00000000000000042772396205682233
0.02708333333333333	0
0.043958333333333335	0.00000000000000061914350538525235
0.06927083333333334	0.0000000000000009997146636954546
0.10723958333333333	0.000000000000001590233174913901
0.16419270833333333	0.000000000000007527177039564955
0.24962239583333334	0
0.3496223958333333	0.000000000000005678351659411325
0.4496223958333333	0.00000000000000746206272991086
0.5496223958333333	0.000000000000027841560271024907
0.6496223958333333	0
0.7496223958333332	0.00000000000002597715575366757
0.8496223958333332	0.000000000000029732044447741036
0.9496223958333332	0.00000000000010051643376962262
1.0496223958333333	0
1.1	0.00000000000003919857038106335
1000001.1	0.00000000000003919857038106335
