-179769313486231570000000000000000000000000000000000000000000000000000000000000000000000000000000000000000000000000000000000000000000000000000000000000000000000000000000000000000000000000000000000000000000000000000000000000000000000000000000000000000000000000000000000000000000000000000000000000000000000000000	0
0.00000000000000010835776720341528	0
0.003333333333333442	0.0068212157447474515
0.0066666666666667755	0.013820927688648378
0.011666666666666776	0.02452455284247411
0.019166666666666776	0.040919554628115265
0.030416666666666776	0.06609239400042827
0.04729166666666677	0.10485443294143165
0.07260416666666678	0.1647327510702607
0.11057291666666677	0.2575338059202812
0.1675260416666668	0.40179219669585164
0.2529557291666668	0.6265396382471866
0.35295572916666684	0.8988619805577375
0.4529557291666668	1.1784385986895276
0.5529557291666668	1.463373947253622
0.6529557291666668	1.7522979760833992
0.7529557291666668	2.044154966148131
0.8529557291666667	2.3380951183188405
0.9529557291666667	2.6334122235009603
1.0529557291666667	2.929505813142607
1.1000000000000003	3.208343887539217
179769313486231570000000000000000000000000000000000000000000000000000000000000000000000000000000000000000000000000000000000000000000000000000000000000000000000000000000000000000000000000000000000000000000000000000000000000000000000000000000000000000000000000000000000000000000000000000000000000000000000000000	3.208343887539217
